time,sample_holder_temp,exhaust_temp,target_temp,cooling_active,heating_active,proportional,integral,derivative
2023-10-11 15:57:05,273.42,nan,-1.00,0,0,0,0,0
2023-10-11 15:57:07,273.43,nan,-1.00,0,0,0,0,0
2023-10-11 15:57:08,nan,nan,-1.00,0,0,0,0,0
2023-10-11 15:57:10,273.46,nan,-1.00,0,0,0,0,0
2023-10-11 15:57:11,273.47,nan,-1.00,0,0,0,0,0
2023-10-11 15:57:13,273.47,nan,-1.00,0,0,0,0,0
2023-10-11 15:57:14,273.48,nan,-1.00,0,0,0,0,0
2023-10-11 15:57:16,273.49,nan,-1.00,0,0,0,0,0
2023-10-11 15:57:17,273.50,nan,-1.00,0,0,0,0,0
2023-10-11 15:57:19,273.51,nan,-1.00,0,0,0,0,0
2023-10-11 15:57:20,273.51,nan,-1.00,0,0,0,0,0
2023-10-11 15:57:22,273.51,nan,-1.00,0,0,0,0,0
2023-10-11 15:57:23,273.51,nan,-1.00,0,0,0,0,0
2023-10-11 15:57:25,273.50,nan,-1.00,0,0,0,0,0
2023-10-11 15:57:27,273.49,nan,-1.00,0,0,0,0,0
2023-10-11 15:57:28,273.47,nan,-1.00,0,0,0,0,0
2023-10-11 15:57:30,273.45,nan,-1.00,0,0,0,0,0
2023-10-11 15:57:31,273.42,nan,-1.00,0,0,0,0,0
2023-10-11 15:57:33,273.32,nan,-1.00,0,0,0,0,0
2023-10-11 15:57:34,273.16,nan,-1.00,0,0,0,0,0
2023-10-11 15:57:36,273.19,nan,-1.00,0,0,0,0,0
2023-10-11 15:57:37,273.22,nan,-1.00,0,0,0,0,0
2023-10-11 15:57:39,273.23,nan,-1.00,0,0,0,0,0
2023-10-11 15:57:40,273.23,nan,-1.00,0,0,0,0,0
2023-10-11 15:57:42,273.23,nan,-1.00,0,0,0,0,0
2023-10-11 15:57:43,273.22,nan,-1.00,0,0,0,0,0
2023-10-11 15:57:45,273.22,nan,-1.00,0,0,0,0,0
2023-10-11 15:57:46,273.21,nan,-1.00,0,0,0,0,0
2023-10-11 15:57:48,273.20,nan,-1.00,0,0,0,0,0
2023-10-11 15:57:49,273.20,nan,-1.00,0,0,0,0,0
2023-10-11 15:57:51,273.19,nan,-1.00,0,0,0,0,0
2023-10-11 15:57:52,273.18,nan,-1.00,0,0,0,0,0
2023-10-11 15:57:54,273.17,nan,-1.00,0,0,0,0,0
2023-10-11 15:57:55,273.16,nan,-1.00,0,0,0,0,0
2023-10-11 15:57:57,273.16,nan,-1.00,0,0,0,0,0
2023-10-11 15:57:58,273.15,nan,-1.00,0,0,0,0,0
2023-10-11 15:58:00,273.15,nan,-1.00,0,0,0,0,0
2023-10-11 15:58:01,273.15,nan,-1.00,0,0,0,0,0
2023-10-11 15:58:03,273.15,nan,-1.00,0,0,0,0,0
2023-10-11 15:58:04,273.15,nan,-1.00,0,0,0,0,0
2023-10-11 15:58:06,273.15,nan,-1.00,0,0,0,0,0
2023-10-11 15:58:07,273.16,nan,-1.00,0,0,0,0,0
2023-10-11 15:58:09,273.16,nan,-1.00,0,0,0,0,0
2023-10-11 15:58:11,273.17,nan,-1.00,0,0,0,0,0
2023-10-11 15:58:12,273.17,nan,-1.00,0,0,0,0,0
2023-10-11 15:58:14,nan,nan,-1.00,0,0,0,0,0
2023-10-11 15:58:15,273.17,nan,-1.00,0,0,0,0,0
2023-10-11 15:58:17,273.18,nan,-1.00,0,0,0,0,0
2023-10-11 15:58:18,273.18,nan,-1.00,0,0,0,0,0
2023-10-11 15:58:20,273.19,nan,-1.00,0,0,0,0,0
2023-10-11 15:58:21,273.19,nan,-1.00,0,0,0,0,0
2023-10-11 15:58:23,273.19,nan,-1.00,0,0,0,0,0
2023-10-11 15:58:24,273.20,nan,-1.00,0,0,0,0,0
2023-10-11 15:58:26,273.20,nan,-1.00,0,0,0,0,0
2023-10-11 15:58:27,273.21,nan,-1.00,0,0,0,0,0
2023-10-11 15:58:29,273.21,nan,-1.00,0,0,0,0,0
2023-10-11 15:58:30,273.21,nan,-1.00,0,0,0,0,0
2023-10-11 15:58:32,273.21,nan,-1.00,0,0,0,0,0
2023-10-11 15:58:33,273.22,nan,-1.00,0,0,0,0,0
2023-10-11 15:58:35,nan,nan,-1.00,0,0,0,0,0
2023-10-11 15:58:36,273.22,nan,-1.00,0,0,0,0,0
2023-10-11 15:58:38,273.23,nan,-1.00,0,0,0,0,0
2023-10-11 15:58:39,273.23,nan,-1.00,0,0,0,0,0
2023-10-11 15:58:41,nan,nan,-1.00,0,0,0,0,0
2023-10-11 15:58:43,273.24,nan,-1.00,0,0,0,0,0
2023-10-11 15:58:44,273.24,nan,-1.00,0,0,0,0,0
2023-10-11 15:58:46,273.24,nan,-1.00,0,0,0,0,0
2023-10-11 15:58:47,273.24,nan,-1.00,0,0,0,0,0
2023-10-11 15:58:49,273.25,nan,-1.00,0,0,0,0,0
2023-10-11 15:58:50,273.25,nan,-1.00,0,0,0,0,0
2023-10-11 15:58:52,273.25,nan,-1.00,0,0,0,0,0
2023-10-11 15:58:53,273.25,nan,-1.00,0,0,0,0,0
2023-10-11 15:58:55,273.25,nan,-1.00,0,0,0,0,0
2023-10-11 15:58:56,273.26,nan,-1.00,0,0,0,0,0
2023-10-11 15:58:58,273.26,nan,-1.00,0,0,0,0,0
2023-10-11 15:58:59,273.26,nan,-1.00,0,0,0,0,0
2023-10-11 15:59:01,273.25,nan,-1.00,0,0,0,0,0
2023-10-11 15:59:02,273.25,nan,-1.00,0,0,0,0,0
2023-10-11 15:59:04,273.26,nan,-1.00,0,0,0,0,0
2023-10-11 15:59:05,273.26,nan,-1.00,0,0,0,0,0
2023-10-11 15:59:07,273.26,nan,-1.00,0,0,0,0,0
2023-10-11 15:59:08,273.26,nan,-1.00,0,0,0,0,0
2023-10-11 15:59:10,273.26,nan,-1.00,0,0,0,0,0
2023-10-11 15:59:11,273.27,nan,-1.00,0,0,0,0,0
2023-10-11 15:59:13,273.27,nan,-1.00,0,0,0,0,0
2023-10-11 15:59:14,273.27,nan,-1.00,0,0,0,0,0
2023-10-11 15:59:16,273.27,nan,-1.00,0,0,0,0,0
2023-10-11 15:59:17,273.27,nan,-1.00,0,0,0,0,0
2023-10-11 15:59:19,273.27,nan,-1.00,0,0,0,0,0
2023-10-11 15:59:21,273.27,nan,-1.00,0,0,0,0,0
2023-10-11 15:59:22,273.27,nan,-1.00,0,0,0,0,0
2023-10-11 15:59:24,273.27,nan,-1.00,0,0,0,0,0
2023-10-11 15:59:25,273.27,nan,-1.00,0,0,0,0,0
2023-10-11 15:59:27,273.27,nan,-1.00,0,0,0,0,0
2023-10-11 15:59:28,273.28,nan,-1.00,0,0,0,0,0
2023-10-11 15:59:30,273.27,nan,-1.00,0,0,0,0,0
2023-10-11 15:59:31,273.27,nan,-1.00,0,0,0,0,0
2023-10-11 15:59:33,273.27,nan,-1.00,0,0,0,0,0
2023-10-11 15:59:34,273.27,nan,-1.00,0,0,0,0,0
2023-10-11 15:59:36,273.27,nan,-1.00,0,0,0,0,0
2023-10-11 15:59:37,273.27,nan,-1.00,0,0,0,0,0
2023-10-11 15:59:39,273.28,nan,-1.00,0,0,0,0,0
2023-10-11 15:59:40,273.27,nan,-1.00,0,0,0,0,0
2023-10-11 15:59:42,273.27,nan,-1.00,0,0,0,0,0
2023-10-11 15:59:43,273.27,nan,-1.00,0,0,0,0,0
2023-10-11 15:59:45,273.27,nan,-1.00,0,0,0,0,0
2023-10-11 15:59:46,273.27,nan,-1.00,0,0,0,0,0
2023-10-11 15:59:48,nan,nan,-1.00,0,0,0,0,0
2023-10-11 15:59:49,273.27,nan,-1.00,0,0,0,0,0
2023-10-11 15:59:51,273.27,nan,-1.00,0,0,0,0,0
2023-10-11 15:59:52,273.27,nan,-1.00,0,0,0,0,0
2023-10-11 15:59:54,273.27,nan,-1.00,0,0,0,0,0
2023-10-11 15:59:55,273.27,nan,-1.00,0,0,0,0,0
2023-10-11 15:59:57,273.27,nan,-1.00,0,0,0,0,0
2023-10-11 15:59:59,273.27,nan,-1.00,0,0,0,0,0
2023-10-11 16:00:00,273.27,nan,-1.00,0,0,0,0,0
2023-10-11 16:00:02,273.27,nan,-1.00,0,0,0,0,0
2023-10-11 16:00:03,273.27,nan,-1.00,0,0,0,0,0
2023-10-11 16:00:05,273.26,nan,-1.00,0,0,0,0,0
2023-10-11 16:00:06,273.26,nan,-1.00,0,0,0,0,0
2023-10-11 16:00:08,273.26,nan,-1.00,0,0,0,0,0
2023-10-11 16:00:09,273.26,nan,-1.00,0,0,0,0,0
2023-10-11 16:00:11,273.26,nan,-1.00,0,0,0,0,0
2023-10-11 16:00:12,273.26,nan,-1.00,0,0,0,0,0
2023-10-11 16:00:14,273.26,nan,-1.00,0,0,0,0,0
2023-10-11 16:00:15,273.26,nan,-1.00,0,0,0,0,0
2023-10-11 16:00:17,273.26,nan,-1.00,0,0,0,0,0
2023-10-11 16:00:18,273.26,nan,-1.00,0,0,0,0,0
2023-10-11 16:00:20,273.25,nan,-1.00,0,0,0,0,0
2023-10-11 16:00:21,273.25,nan,-1.00,0,0,0,0,0
2023-10-11 16:00:23,273.25,nan,-1.00,0,0,0,0,0
2023-10-11 16:00:24,273.25,nan,-1.00,0,0,0,0,0
2023-10-11 16:00:26,273.24,nan,-1.00,0,0,0,0,0
2023-10-11 16:00:27,273.24,nan,-1.00,0,0,0,0,0
2023-10-11 16:00:29,273.25,nan,-1.00,0,0,0,0,0
2023-10-11 16:00:30,273.24,nan,-1.00,0,0,0,0,0
2023-10-11 16:00:32,273.27,nan,-1.00,0,0,0,0,0
2023-10-11 16:00:34,273.24,nan,-1.00,0,0,0,0,0
2023-10-11 16:00:35,273.24,nan,-1.00,0,0,0,0,0
2023-10-11 16:00:37,273.24,nan,-1.00,0,0,0,0,0
2023-10-11 16:00:38,273.24,nan,-1.00,0,0,0,0,0
2023-10-11 16:00:40,273.24,nan,-1.00,0,0,0,0,0
2023-10-11 16:00:41,273.24,nan,-1.00,0,0,0,0,0
2023-10-11 16:00:43,273.24,nan,-1.00,0,0,0,0,0
2023-10-11 16:00:44,273.24,nan,-1.00,0,0,0,0,0
2023-10-11 16:00:46,273.24,nan,-1.00,0,0,0,0,0
2023-10-11 16:00:47,273.23,nan,-1.00,0,0,0,0,0
2023-10-11 16:00:49,273.23,nan,-1.00,0,0,0,0,0
2023-10-11 16:00:50,273.23,nan,-1.00,0,0,0,0,0
2023-10-11 16:00:52,273.23,nan,-1.00,0,0,0,0,0
2023-10-11 16:00:53,273.23,nan,-1.00,0,0,0,0,0
2023-10-11 16:00:55,273.23,nan,-1.00,0,0,0,0,0
2023-10-11 16:00:56,273.23,nan,-1.00,0,0,0,0,0
2023-10-11 16:00:58,273.23,nan,-1.00,0,0,0,0,0
2023-10-11 16:00:59,273.23,nan,-1.00,0,0,0,0,0
2023-10-11 16:01:01,273.23,nan,-1.00,0,0,0,0,0
2023-10-11 16:01:02,273.23,nan,-1.00,0,0,0,0,0
2023-10-11 16:01:04,273.23,nan,-1.00,0,0,0,0,0
2023-10-11 16:01:05,273.23,nan,-1.00,0,0,0,0,0
2023-10-11 16:01:07,273.23,nan,-1.00,0,0,0,0,0
2023-10-11 16:01:09,273.23,nan,-1.00,0,0,0,0,0
2023-10-11 16:01:10,273.23,nan,-1.00,0,0,0,0,0
2023-10-11 16:01:12,273.23,nan,-1.00,0,0,0,0,0
2023-10-11 16:01:13,273.23,nan,-1.00,0,0,0,0,0
2023-10-11 16:01:15,273.22,nan,-1.00,0,0,0,0,0
2023-10-11 16:01:16,273.22,nan,-1.00,0,0,0,0,0
2023-10-11 16:01:18,273.22,nan,-1.00,0,0,0,0,0
2023-10-11 16:01:19,273.22,nan,-1.00,0,0,0,0,0
2023-10-11 16:01:21,273.22,nan,-1.00,0,0,0,0,0
2023-10-11 16:01:22,273.22,nan,-1.00,0,0,0,0,0
2023-10-11 16:01:24,273.22,nan,-1.00,0,0,0,0,0
2023-10-11 16:01:25,273.22,nan,-1.00,0,0,0,0,0
2023-10-11 16:01:27,273.22,nan,-1.00,0,0,0,0,0
2023-10-11 16:01:28,273.23,nan,-1.00,0,0,0,0,0
2023-10-11 16:01:30,273.23,nan,-1.00,0,0,0,0,0
2023-10-11 16:01:31,273.23,nan,-1.00,0,0,0,0,0
2023-10-11 16:01:33,273.23,nan,-1.00,0,0,0,0,0
2023-10-11 16:01:34,273.23,nan,-1.00,0,0,0,0,0
2023-10-11 16:01:36,273.23,nan,-1.00,0,0,0,0,0
2023-10-11 16:01:37,273.23,nan,-1.00,0,0,0,0,0
2023-10-11 16:01:39,273.23,nan,-1.00,0,0,0,0,0
2023-10-11 16:01:40,273.23,nan,-1.00,0,0,0,0,0
2023-10-11 16:01:42,273.23,nan,-1.00,0,0,0,0,0
2023-10-11 16:01:43,273.23,nan,-1.00,0,0,0,0,0
2023-10-11 16:01:45,273.23,nan,-1.00,0,0,0,0,0
2023-10-11 16:01:47,273.23,nan,-1.00,0,0,0,0,0
2023-10-11 16:01:48,273.22,nan,-1.00,0,0,0,0,0
2023-10-11 16:01:50,273.22,nan,-1.00,0,0,0,0,0
2023-10-11 16:01:51,273.22,nan,-1.00,0,0,0,0,0
2023-10-11 16:01:53,273.22,nan,-1.00,0,0,0,0,0
2023-10-11 16:01:54,273.22,nan,-1.00,0,0,0,0,0
2023-10-11 16:01:56,273.22,nan,-1.00,0,0,0,0,0
2023-10-11 16:01:57,273.22,nan,-1.00,0,0,0,0,0
2023-10-11 16:01:59,273.22,nan,-1.00,0,0,0,0,0
2023-10-11 16:02:00,273.22,nan,-1.00,0,0,0,0,0
2023-10-11 16:02:02,273.22,nan,-1.00,0,0,0,0,0
2023-10-11 16:02:03,273.22,nan,-1.00,0,0,0,0,0
2023-10-11 16:02:05,273.21,nan,-1.00,0,0,0,0,0
2023-10-11 16:02:06,273.21,nan,-1.00,0,0,0,0,0
2023-10-11 16:02:08,273.21,nan,-1.00,0,0,0,0,0
2023-10-11 16:02:09,273.21,nan,-1.00,0,0,0,0,0
2023-10-11 16:02:11,273.21,nan,-1.00,0,0,0,0,0
2023-10-11 16:02:12,273.21,nan,-1.00,0,0,0,0,0
2023-10-11 16:02:14,273.21,nan,-1.00,0,0,0,0,0
2023-10-11 16:02:15,273.21,nan,-1.00,0,0,0,0,0
2023-10-11 16:02:17,273.21,nan,-1.00,0,0,0,0,0
2023-10-11 16:02:18,273.21,nan,-1.00,0,0,0,0,0
2023-10-11 16:02:20,273.21,nan,-1.00,0,0,0,0,0
2023-10-11 16:02:21,273.21,nan,-1.00,0,0,0,0,0
2023-10-11 16:02:23,273.21,nan,-1.00,0,0,0,0,0
2023-10-11 16:02:25,273.21,nan,-1.00,0,0,0,0,0
2023-10-11 16:02:26,273.21,nan,-1.00,0,0,0,0,0
2023-10-11 16:02:28,273.21,nan,-1.00,0,0,0,0,0
2023-10-11 16:02:29,273.21,nan,-1.00,0,0,0,0,0
2023-10-11 16:02:31,273.21,nan,-1.00,0,0,0,0,0
2023-10-11 16:02:32,273.21,nan,-1.00,0,0,0,0,0
2023-10-11 16:02:34,273.21,nan,-1.00,0,0,0,0,0
2023-10-11 16:02:35,273.21,nan,-1.00,0,0,0,0,0
2023-10-11 16:02:37,273.21,nan,-1.00,0,0,0,0,0
2023-10-11 16:02:38,273.22,nan,-1.00,0,0,0,0,0
2023-10-11 16:02:40,273.22,nan,-1.00,0,0,0,0,0
2023-10-11 16:02:41,273.22,nan,-1.00,0,0,0,0,0
2023-10-11 16:02:43,273.22,nan,-1.00,0,0,0,0,0
2023-10-11 16:02:44,273.22,nan,-1.00,0,0,0,0,0
2023-10-11 16:02:46,273.22,nan,-1.00,0,0,0,0,0
2023-10-11 16:02:47,273.22,nan,-1.00,0,0,0,0,0
2023-10-11 16:02:49,273.22,nan,-1.00,0,0,0,0,0
2023-10-11 16:02:50,273.22,nan,-1.00,0,0,0,0,0
2023-10-11 16:02:52,273.22,nan,-1.00,0,0,0,0,0
2023-10-11 16:02:53,273.22,nan,-1.00,0,0,0,0,0
2023-10-11 16:02:55,273.22,nan,-1.00,0,0,0,0,0
2023-10-11 16:02:56,273.22,nan,-1.00,0,0,0,0,0
2023-10-11 16:02:58,273.22,nan,-1.00,0,0,0,0,0
2023-10-11 16:03:00,273.22,nan,-1.00,0,0,0,0,0
2023-10-11 16:03:01,273.19,nan,-1.00,0,0,0,0,0
2023-10-11 16:03:03,273.18,nan,-1.00,0,0,0,0,0
2023-10-11 16:03:04,273.19,nan,-1.00,0,0,0,0,0
2023-10-11 16:03:06,273.20,nan,-1.00,0,0,0,0,0
2023-10-11 16:03:07,273.21,nan,-1.00,0,0,0,0,0
2023-10-11 16:03:09,273.21,nan,-1.00,0,0,0,0,0
2023-10-11 16:03:10,273.22,nan,-1.00,0,0,0,0,0
2023-10-11 16:03:12,273.22,nan,-1.00,0,0,0,0,0
2023-10-11 16:03:13,273.22,nan,-1.00,0,0,0,0,0
2023-10-11 16:03:15,273.22,nan,-1.00,0,0,0,0,0
2023-10-11 16:03:16,273.22,nan,-1.00,0,0,0,0,0
2023-10-11 16:03:18,273.22,nan,-1.00,0,0,0,0,0
2023-10-11 16:03:19,273.23,nan,-1.00,0,0,0,0,0
2023-10-11 16:03:21,273.23,nan,-1.00,0,0,0,0,0
2023-10-11 16:03:22,273.23,nan,-1.00,0,0,0,0,0
2023-10-11 16:03:24,273.23,nan,-1.00,0,0,0,0,0
2023-10-11 16:03:25,273.23,nan,-1.00,0,0,0,0,0
2023-10-11 16:03:27,273.23,nan,-1.00,0,0,0,0,0
2023-10-11 16:03:28,273.23,nan,-1.00,0,0,0,0,0
2023-10-11 16:03:30,273.23,nan,-1.00,0,0,0,0,0
2023-10-11 16:03:31,273.23,nan,-1.00,0,0,0,0,0
2023-10-11 16:03:33,273.23,nan,-1.00,0,0,0,0,0
2023-10-11 16:03:34,273.23,nan,-1.00,0,0,0,0,0
2023-10-11 16:03:36,273.22,nan,-1.00,0,0,0,0,0
2023-10-11 16:03:38,273.22,nan,-1.00,0,0,0,0,0
2023-10-11 16:03:39,273.22,nan,-1.00,0,0,0,0,0
2023-10-11 16:03:41,273.23,nan,-1.00,0,0,0,0,0
2023-10-11 16:03:42,273.22,nan,-1.00,0,0,0,0,0
2023-10-11 16:03:44,273.22,nan,-1.00,0,0,0,0,0
2023-10-11 16:03:45,273.22,nan,-1.00,0,0,0,0,0
2023-10-11 16:03:47,273.22,nan,-1.00,0,0,0,0,0
2023-10-11 16:03:48,273.22,nan,-1.00,0,0,0,0,0
2023-10-11 16:03:50,273.23,nan,-1.00,0,0,0,0,0
2023-10-11 16:03:51,273.22,nan,-1.00,0,0,0,0,0
2023-10-11 16:03:53,273.22,nan,-1.00,0,0,0,0,0
2023-10-11 16:03:54,273.22,nan,-1.00,0,0,0,0,0
2023-10-11 16:03:56,273.22,nan,-1.00,0,0,0,0,0
2023-10-11 16:03:57,273.22,nan,-1.00,0,0,0,0,0
2023-10-11 16:03:59,273.22,nan,-1.00,0,0,0,0,0
2023-10-11 16:04:00,273.22,nan,-1.00,0,0,0,0,0
2023-10-11 16:04:02,273.22,nan,-1.00,0,0,0,0,0
2023-10-11 16:04:03,273.22,nan,-1.00,0,0,0,0,0
2023-10-11 16:04:05,273.22,nan,-1.00,0,0,0,0,0
2023-10-11 16:04:06,273.22,nan,-1.00,0,0,0,0,0
2023-10-11 16:04:08,273.22,nan,-1.00,0,0,0,0,0
2023-10-11 16:04:09,273.22,nan,-1.00,0,0,0,0,0
2023-10-11 16:04:11,273.22,nan,-1.00,0,0,0,0,0
2023-10-11 16:04:12,273.22,nan,-1.00,0,0,0,0,0
2023-10-11 16:04:14,273.22,nan,-1.00,0,0,0,0,0
2023-10-11 16:04:16,273.22,nan,-1.00,0,0,0,0,0
2023-10-11 16:04:17,273.22,nan,-1.00,0,0,0,0,0
2023-10-11 16:04:19,273.22,nan,-1.00,0,0,0,0,0
2023-10-11 16:04:20,273.22,nan,-1.00,0,0,0,0,0
2023-10-11 16:04:22,273.22,nan,-1.00,0,0,0,0,0
2023-10-11 16:04:23,273.22,nan,-1.00,0,0,0,0,0
2023-10-11 16:04:25,273.22,nan,-1.00,0,0,0,0,0
2023-10-11 16:04:26,273.22,nan,-1.00,0,0,0,0,0
2023-10-11 16:04:28,273.22,nan,-1.00,0,0,0,0,0
2023-10-11 16:04:29,273.22,nan,-1.00,0,0,0,0,0
2023-10-11 16:04:31,273.22,nan,-1.00,0,0,0,0,0
2023-10-11 16:04:32,273.22,nan,-1.00,0,0,0,0,0
2023-10-11 16:04:34,273.22,nan,-1.00,0,0,0,0,0
2023-10-11 16:04:35,273.22,nan,-1.00,0,0,0,0,0
2023-10-11 16:04:37,273.22,nan,-1.00,0,0,0,0,0
2023-10-11 16:04:38,273.22,nan,-1.00,0,0,0,0,0
2023-10-11 16:04:40,273.22,nan,-1.00,0,0,0,0,0
2023-10-11 16:04:41,273.22,nan,-1.00,0,0,0,0,0
2023-10-11 16:04:43,273.22,nan,-1.00,0,0,0,0,0
2023-10-11 16:04:44,273.22,nan,-1.00,0,0,0,0,0
2023-10-11 16:04:46,273.22,nan,-1.00,0,0,0,0,0
2023-10-11 16:04:48,273.21,nan,-1.00,0,0,0,0,0
2023-10-11 16:04:49,273.21,nan,-1.00,0,0,0,0,0
2023-10-11 16:04:51,273.22,nan,-1.00,0,0,0,0,0
2023-10-11 16:04:52,273.22,nan,-1.00,0,0,0,0,0
2023-10-11 16:04:54,273.22,nan,-1.00,0,0,0,0,0
2023-10-11 16:04:55,273.22,nan,-1.00,0,0,0,0,0
2023-10-11 16:04:57,273.22,nan,-1.00,0,0,0,0,0
2023-10-11 16:04:58,273.21,nan,-1.00,0,0,0,0,0
2023-10-11 16:05:00,273.21,nan,-1.00,0,0,0,0,0
2023-10-11 16:05:01,273.22,nan,-1.00,0,0,0,0,0
2023-10-11 16:05:03,273.22,nan,-1.00,0,0,0,0,0
2023-10-11 16:05:04,273.22,nan,-1.00,0,0,0,0,0
2023-10-11 16:05:06,273.22,nan,-1.00,0,0,0,0,0
2023-10-11 16:05:07,273.22,nan,-1.00,0,0,0,0,0
2023-10-11 16:05:09,273.22,nan,-1.00,0,0,0,0,0
2023-10-11 16:05:10,273.22,nan,-1.00,0,0,0,0,0
2023-10-11 16:05:12,273.22,nan,-1.00,0,0,0,0,0
2023-10-11 16:05:13,273.22,nan,-1.00,0,0,0,0,0
2023-10-11 16:05:15,273.22,nan,-1.00,0,0,0,0,0
2023-10-11 16:05:16,273.22,nan,-1.00,0,0,0,0,0
2023-10-11 16:05:18,273.22,nan,-1.00,0,0,0,0,0
2023-10-11 16:05:19,273.22,nan,-1.00,0,0,0,0,0
2023-10-11 16:05:21,273.22,nan,-1.00,0,0,0,0,0
2023-10-11 16:05:22,273.23,nan,-1.00,0,0,0,0,0
2023-10-11 16:05:24,273.23,nan,-1.00,0,0,0,0,0
2023-10-11 16:05:25,273.23,nan,-1.00,0,0,0,0,0
2023-10-11 16:05:27,273.23,nan,-1.00,0,0,0,0,0
2023-10-11 16:05:29,273.23,nan,-1.00,0,0,0,0,0
2023-10-11 16:05:30,273.23,nan,-1.00,0,0,0,0,0
2023-10-11 16:05:32,273.23,nan,-1.00,0,0,0,0,0
2023-10-11 16:05:33,273.23,nan,-1.00,0,0,0,0,0
2023-10-11 16:05:35,273.23,nan,-1.00,0,0,0,0,0
2023-10-11 16:05:36,273.23,nan,-1.00,0,0,0,0,0
2023-10-11 16:05:38,nan,nan,-1.00,0,0,0,0,0
2023-10-11 16:05:39,273.23,nan,-1.00,0,0,0,0,0
2023-10-11 16:05:41,273.23,nan,-1.00,0,0,0,0,0
2023-10-11 16:05:42,273.23,nan,-1.00,0,0,0,0,0
2023-10-11 16:05:44,273.23,nan,-1.00,0,0,0,0,0
2023-10-11 16:05:45,273.23,nan,-1.00,0,0,0,0,0
2023-10-11 16:05:47,273.23,nan,-1.00,0,0,0,0,0
2023-10-11 16:05:48,273.23,nan,-1.00,0,0,0,0,0
2023-10-11 16:05:50,273.23,nan,-1.00,0,0,0,0,0
2023-10-11 16:05:51,273.23,nan,-1.00,0,0,0,0,0
2023-10-11 16:05:53,273.23,nan,-1.00,0,0,0,0,0
2023-10-11 16:05:54,273.23,nan,-1.00,0,0,0,0,0
2023-10-11 16:05:56,273.23,nan,-1.00,0,0,0,0,0
2023-10-11 16:05:57,273.23,nan,-1.00,0,0,0,0,0
2023-10-11 16:05:59,273.23,nan,-1.00,0,0,0,0,0
2023-10-11 16:06:01,273.23,nan,-1.00,0,0,0,0,0
2023-10-11 16:06:02,273.23,nan,-1.00,0,0,0,0,0
2023-10-11 16:06:04,273.23,nan,-1.00,0,0,0,0,0
2023-10-11 16:06:05,273.23,nan,-1.00,0,0,0,0,0
2023-10-11 16:06:07,273.23,nan,-1.00,0,0,0,0,0
2023-10-11 16:06:08,273.23,nan,-1.00,0,0,0,0,0
2023-10-11 16:06:10,273.23,nan,-1.00,0,0,0,0,0
2023-10-11 16:06:11,273.23,nan,-1.00,0,0,0,0,0
2023-10-11 16:06:13,273.23,nan,-1.00,0,0,0,0,0
2023-10-11 16:06:14,273.23,nan,-1.00,0,0,0,0,0
2023-10-11 16:06:16,273.23,nan,-1.00,0,0,0,0,0
2023-10-11 16:06:17,273.23,nan,-1.00,0,0,0,0,0
2023-10-11 16:06:19,273.23,nan,-1.00,0,0,0,0,0
2023-10-11 16:06:20,273.23,nan,-1.00,0,0,0,0,0
2023-10-11 16:06:22,273.23,nan,-1.00,0,0,0,0,0
2023-10-11 16:06:23,273.23,nan,-1.00,0,0,0,0,0
2023-10-11 16:06:25,273.23,nan,-1.00,0,0,0,0,0
2023-10-11 16:06:26,273.23,nan,-1.00,0,0,0,0,0
2023-10-11 16:06:28,273.23,nan,-1.00,0,0,0,0,0
2023-10-11 16:06:29,273.23,nan,-1.00,0,0,0,0,0
2023-10-11 16:06:31,273.23,nan,-1.00,0,0,0,0,0
2023-10-11 16:06:32,273.23,nan,-1.00,0,0,0,0,0
2023-10-11 16:06:34,273.23,nan,-1.00,0,0,0,0,0
2023-10-11 16:06:35,273.23,nan,-1.00,0,0,0,0,0
2023-10-11 16:06:37,273.23,nan,-1.00,0,0,0,0,0
2023-10-11 16:06:38,273.23,nan,-1.00,0,0,0,0,0
2023-10-11 16:06:40,273.23,nan,-1.00,0,0,0,0,0
2023-10-11 16:06:42,273.22,nan,-1.00,0,0,0,0,0
2023-10-11 16:06:43,273.23,nan,-1.00,0,0,0,0,0
2023-10-11 16:06:45,273.23,nan,-1.00,0,0,0,0,0
2023-10-11 16:06:46,nan,nan,-1.00,0,0,0,0,0
2023-10-11 16:06:48,273.25,nan,-1.00,0,0,0,0,0
2023-10-11 16:06:49,273.23,nan,-1.00,0,0,0,0,0
2023-10-11 16:06:51,273.23,nan,-1.00,0,0,0,0,0
2023-10-11 16:06:52,273.23,nan,-1.00,0,0,0,0,0
2023-10-11 16:06:54,273.23,nan,-1.00,0,0,0,0,0
2023-10-11 16:06:55,273.22,nan,-1.00,0,0,0,0,0
2023-10-11 16:06:57,273.22,nan,-1.00,0,0,0,0,0
2023-10-11 16:06:58,273.22,nan,-1.00,0,0,0,0,0
2023-10-11 16:07:00,273.22,nan,-1.00,0,0,0,0,0
2023-10-11 16:07:01,273.22,nan,-1.00,0,0,0,0,0
2023-10-11 16:07:03,273.22,nan,-1.00,0,0,0,0,0
2023-10-11 16:07:04,273.22,nan,-1.00,0,0,0,0,0
2023-10-11 16:07:06,273.22,nan,-1.00,0,0,0,0,0
2023-10-11 16:07:07,273.22,nan,-1.00,0,0,0,0,0
2023-10-11 16:07:09,273.22,nan,-1.00,0,0,0,0,0
2023-10-11 16:07:10,273.23,nan,-1.00,0,0,0,0,0
2023-10-11 16:07:12,273.23,nan,-1.00,0,0,0,0,0
2023-10-11 16:07:14,273.23,nan,-1.00,0,0,0,0,0
2023-10-11 16:07:15,273.23,nan,-1.00,0,0,0,0,0
2023-10-11 16:07:17,273.23,nan,-1.00,0,0,0,0,0
2023-10-11 16:07:18,273.23,nan,-1.00,0,0,0,0,0
2023-10-11 16:07:20,273.23,nan,-1.00,0,0,0,0,0
2023-10-11 16:07:21,273.23,nan,-1.00,0,0,0,0,0
2023-10-11 16:07:23,273.23,nan,-1.00,0,0,0,0,0
2023-10-11 16:07:24,273.23,nan,-1.00,0,0,0,0,0
2023-10-11 16:07:26,273.23,nan,-1.00,0,0,0,0,0
2023-10-11 16:07:27,273.24,nan,-1.00,0,0,0,0,0
2023-10-11 16:07:29,273.24,nan,-1.00,0,0,0,0,0
2023-10-11 16:07:30,273.24,nan,-1.00,0,0,0,0,0
2023-10-11 16:07:32,273.24,nan,-1.00,0,0,0,0,0
2023-10-11 16:07:33,273.24,nan,-1.00,0,0,0,0,0
2023-10-11 16:07:35,273.24,nan,-1.00,0,0,0,0,0
2023-10-11 16:07:36,273.24,nan,-1.00,0,0,0,0,0
2023-10-11 16:07:38,273.24,nan,-1.00,0,0,0,0,0
2023-10-11 16:07:39,273.24,nan,-1.00,0,0,0,0,0
2023-10-11 16:07:41,273.24,nan,-1.00,0,0,0,0,0
2023-10-11 16:07:42,273.24,nan,-1.00,0,0,0,0,0
2023-10-11 16:07:44,273.24,nan,-1.00,0,0,0,0,0
2023-10-11 16:07:45,273.24,nan,-1.00,0,0,0,0,0
2023-10-11 16:07:47,273.24,nan,-1.00,0,0,0,0,0
2023-10-11 16:07:49,273.24,nan,-1.00,0,0,0,0,0
2023-10-11 16:07:50,273.24,nan,-1.00,0,0,0,0,0
2023-10-11 16:07:52,273.24,nan,-1.00,0,0,0,0,0
2023-10-11 16:07:53,273.24,nan,-1.00,0,0,0,0,0
2023-10-11 16:07:55,273.24,nan,-1.00,0,0,0,0,0
2023-10-11 16:07:56,273.24,nan,-1.00,0,0,0,0,0
2023-10-11 16:07:58,273.24,nan,-1.00,0,0,0,0,0
2023-10-11 16:07:59,273.24,nan,-1.00,0,0,0,0,0
2023-10-11 16:08:01,273.24,nan,-1.00,0,0,0,0,0
2023-10-11 16:08:02,273.24,nan,-1.00,0,0,0,0,0
2023-10-11 16:08:04,273.24,nan,-1.00,0,0,0,0,0
2023-10-11 16:08:05,273.24,nan,-1.00,0,0,0,0,0
2023-10-11 16:08:07,273.24,nan,-1.00,0,0,0,0,0
2023-10-11 16:08:08,273.24,nan,-1.00,0,0,0,0,0
2023-10-11 16:08:10,273.24,nan,-1.00,0,0,0,0,0
2023-10-11 16:08:11,273.24,nan,-1.00,0,0,0,0,0
2023-10-11 16:08:13,273.24,nan,-1.00,0,0,0,0,0
2023-10-11 16:08:14,273.24,nan,-1.00,0,0,0,0,0
2023-10-11 16:08:16,273.24,nan,-1.00,0,0,0,0,0
2023-10-11 16:08:17,273.24,nan,-1.00,0,0,0,0,0
2023-10-11 16:08:19,273.24,nan,-1.00,0,0,0,0,0
2023-10-11 16:08:21,273.24,nan,-1.00,0,0,0,0,0
2023-10-11 16:08:22,273.25,nan,-1.00,0,0,0,0,0
2023-10-11 16:08:24,273.25,nan,-1.00,0,0,0,0,0
2023-10-11 16:08:25,273.25,nan,-1.00,0,0,0,0,0
2023-10-11 16:08:27,273.25,nan,-1.00,0,0,0,0,0
2023-10-11 16:08:28,273.25,nan,-1.00,0,0,0,0,0
2023-10-11 16:08:30,273.25,nan,-1.00,0,0,0,0,0
2023-10-11 16:08:31,273.25,nan,-1.00,0,0,0,0,0
2023-10-11 16:08:33,273.25,nan,-1.00,0,0,0,0,0
2023-10-11 16:08:34,273.26,nan,-1.00,0,0,0,0,0
2023-10-11 16:08:36,273.26,nan,-1.00,0,0,0,0,0
2023-10-11 16:08:37,273.26,nan,-1.00,0,0,0,0,0
2023-10-11 16:08:39,273.26,nan,-1.00,0,0,0,0,0
2023-10-11 16:08:40,273.26,nan,-1.00,0,0,0,0,0
2023-10-11 16:08:42,273.26,nan,-1.00,0,0,0,0,0
2023-10-11 16:08:43,273.26,nan,-1.00,0,0,0,0,0
2023-10-11 16:08:45,273.27,nan,-1.00,0,0,0,0,0
2023-10-11 16:08:46,273.27,nan,-1.00,0,0,0,0,0
2023-10-11 16:08:48,273.27,nan,-1.00,0,0,0,0,0
2023-10-11 16:08:49,273.27,nan,-1.00,0,0,0,0,0
2023-10-11 16:08:51,273.26,nan,-1.00,0,0,0,0,0
2023-10-11 16:08:52,273.26,nan,-1.00,0,0,0,0,0
2023-10-11 16:08:54,273.26,nan,-1.00,0,0,0,0,0
2023-10-11 16:08:55,273.26,nan,-1.00,0,0,0,0,0
2023-10-11 16:08:57,273.27,nan,-1.00,0,0,0,0,0
2023-10-11 16:08:58,273.26,nan,-1.00,0,0,0,0,0
2023-10-11 16:09:00,273.26,nan,-1.00,0,0,0,0,0
2023-10-11 16:09:02,273.27,nan,-1.00,0,0,0,0,0
2023-10-11 16:09:03,273.27,nan,-1.00,0,0,0,0,0
2023-10-11 16:09:05,273.27,nan,-1.00,0,0,0,0,0
2023-10-11 16:09:06,273.27,nan,-1.00,0,0,0,0,0
2023-10-11 16:09:08,273.27,nan,-1.00,0,0,0,0,0
2023-10-11 16:09:09,273.28,nan,-1.00,0,0,0,0,0
2023-10-11 16:09:11,273.28,nan,-1.00,0,0,0,0,0
2023-10-11 16:09:12,273.28,nan,-1.00,0,0,0,0,0
2023-10-11 16:09:14,273.28,nan,-1.00,0,0,0,0,0
2023-10-11 16:09:15,273.29,nan,-1.00,0,0,0,0,0
2023-10-11 16:09:17,273.29,nan,-1.00,0,0,0,0,0
2023-10-11 16:09:18,273.29,nan,-1.00,0,0,0,0,0
2023-10-11 16:09:20,273.29,nan,-1.00,0,0,0,0,0
2023-10-11 16:09:21,273.29,nan,-1.00,0,0,0,0,0
2023-10-11 16:09:23,273.29,nan,-1.00,0,0,0,0,0
2023-10-11 16:09:24,273.29,nan,-1.00,0,0,0,0,0
2023-10-11 16:09:26,273.29,nan,-1.00,0,0,0,0,0
2023-10-11 16:09:27,273.29,nan,-1.00,0,0,0,0,0
2023-10-11 16:09:29,273.29,nan,-1.00,0,0,0,0,0
2023-10-11 16:09:30,273.29,nan,-1.00,0,0,0,0,0
2023-10-11 16:09:32,273.29,nan,-1.00,0,0,0,0,0
2023-10-11 16:09:33,273.29,nan,-1.00,0,0,0,0,0
2023-10-11 16:09:35,273.29,nan,-1.00,0,0,0,0,0
2023-10-11 16:09:37,273.29,nan,-1.00,0,0,0,0,0
2023-10-11 16:09:38,273.29,nan,-1.00,0,0,0,0,0
2023-10-11 16:09:40,273.29,nan,-1.00,0,0,0,0,0
2023-10-11 16:09:41,273.28,nan,-1.00,0,0,0,0,0
2023-10-11 16:09:43,273.28,nan,-1.00,0,0,0,0,0
2023-10-11 16:09:44,273.28,nan,-1.00,0,0,0,0,0
2023-10-11 16:09:46,273.28,nan,-1.00,0,0,0,0,0
2023-10-11 16:09:47,273.29,nan,-1.00,0,0,0,0,0
2023-10-11 16:09:49,273.29,nan,-1.00,0,0,0,0,0
2023-10-11 16:09:50,273.29,nan,-1.00,0,0,0,0,0
2023-10-11 16:09:52,273.29,nan,-1.00,0,0,0,0,0
2023-10-11 16:09:53,273.29,nan,-1.00,0,0,0,0,0
2023-10-11 16:09:55,273.29,nan,-1.00,0,0,0,0,0
2023-10-11 16:09:56,273.28,nan,-1.00,0,0,0,0,0
2023-10-11 16:09:58,273.28,nan,-1.00,0,0,0,0,0
2023-10-11 16:09:59,273.28,nan,-1.00,0,0,0,0,0
2023-10-11 16:10:01,273.28,nan,-1.00,0,0,0,0,0
2023-10-11 16:10:02,273.28,nan,-1.00,0,0,0,0,0
2023-10-11 16:10:04,273.28,nan,-1.00,0,0,0,0,0
2023-10-11 16:10:05,273.28,nan,-1.00,0,0,0,0,0
2023-10-11 16:10:07,273.28,nan,-1.00,0,0,0,0,0
2023-10-11 16:10:08,273.28,nan,-1.00,0,0,0,0,0
2023-10-11 16:10:10,273.28,nan,-1.00,0,0,0,0,0
2023-10-11 16:10:12,273.28,nan,-1.00,0,0,0,0,0
2023-10-11 16:10:13,273.28,nan,-1.00,0,0,0,0,0
2023-10-11 16:10:15,273.28,nan,-1.00,0,0,0,0,0
2023-10-11 16:10:16,273.28,nan,-1.00,0,0,0,0,0
2023-10-11 16:10:18,273.28,nan,-1.00,0,0,0,0,0
2023-10-11 16:10:19,273.28,nan,-1.00,0,0,0,0,0
2023-10-11 16:10:21,273.28,nan,-1.00,0,0,0,0,0
2023-10-11 16:10:22,273.28,nan,-1.00,0,0,0,0,0
2023-10-11 16:10:24,273.28,nan,-1.00,0,0,0,0,0
2023-10-11 16:10:25,273.28,nan,-1.00,0,0,0,0,0
2023-10-11 16:10:27,273.28,nan,-1.00,0,0,0,0,0
2023-10-11 16:10:28,273.28,nan,-1.00,0,0,0,0,0
2023-10-11 16:10:30,273.28,nan,-1.00,0,0,0,0,0
2023-10-11 16:10:31,273.28,nan,-1.00,0,0,0,0,0
2023-10-11 16:10:33,273.28,nan,-1.00,0,0,0,0,0
2023-10-11 16:10:34,273.28,nan,-1.00,0,0,0,0,0
2023-10-11 16:10:36,273.28,nan,-1.00,0,0,0,0,0
2023-10-11 16:10:37,273.28,nan,-1.00,0,0,0,0,0
2023-10-11 16:10:39,273.28,nan,-1.00,0,0,0,0,0
2023-10-11 16:10:40,273.28,nan,-1.00,0,0,0,0,0
2023-10-11 16:10:42,273.29,nan,-1.00,0,0,0,0,0
2023-10-11 16:10:43,273.29,nan,-1.00,0,0,0,0,0
2023-10-11 16:10:45,273.29,nan,-1.00,0,0,0,0,0
2023-10-11 16:10:47,273.29,nan,-1.00,0,0,0,0,0
2023-10-11 16:10:48,273.29,nan,-1.00,0,0,0,0,0
2023-10-11 16:10:50,273.29,nan,-1.00,0,0,0,0,0
2023-10-11 16:10:51,273.29,nan,-1.00,0,0,0,0,0
2023-10-11 16:10:53,273.29,nan,-1.00,0,0,0,0,0
2023-10-11 16:10:54,273.28,nan,-1.00,0,0,0,0,0
2023-10-11 16:10:56,273.29,nan,-1.00,0,0,0,0,0
2023-10-11 16:10:57,273.29,nan,-1.00,0,0,0,0,0
2023-10-11 16:10:59,273.30,nan,-1.00,0,0,0,0,0
2023-10-11 16:11:00,273.30,nan,-1.00,0,0,0,0,0
2023-10-11 16:11:02,273.30,nan,-1.00,0,0,0,0,0
2023-10-11 16:11:03,273.30,nan,-1.00,0,0,0,0,0
2023-10-11 16:11:05,273.30,nan,-1.00,0,0,0,0,0
2023-10-11 16:11:06,273.30,nan,-1.00,0,0,0,0,0
2023-10-11 16:11:08,273.31,nan,-1.00,0,0,0,0,0
2023-10-11 16:11:09,273.31,nan,-1.00,0,0,0,0,0
2023-10-11 16:11:11,273.31,nan,-1.00,0,0,0,0,0
2023-10-11 16:11:12,273.32,nan,-1.00,0,0,0,0,0
2023-10-11 16:11:14,273.31,nan,-1.00,0,0,0,0,0
2023-10-11 16:11:15,273.31,nan,-1.00,0,0,0,0,0
2023-10-11 16:11:17,273.31,nan,-1.00,0,0,0,0,0
2023-10-11 16:11:18,273.31,nan,-1.00,0,0,0,0,0
2023-10-11 16:11:20,273.31,nan,-1.00,0,0,0,0,0
2023-10-11 16:11:21,273.31,nan,-1.00,0,0,0,0,0
2023-10-11 16:11:23,273.31,nan,-1.00,0,0,0,0,0
2023-10-11 16:11:24,273.31,nan,-1.00,0,0,0,0,0
2023-10-11 16:11:26,273.31,nan,-1.00,0,0,0,0,0
2023-10-11 16:11:28,273.31,nan,-1.00,0,0,0,0,0
2023-10-11 16:11:29,273.30,nan,-1.00,0,0,0,0,0
2023-10-11 16:11:31,273.30,nan,-1.00,0,0,0,0,0
2023-10-11 16:11:32,273.30,nan,-1.00,0,0,0,0,0
2023-10-11 16:11:34,273.30,nan,-1.00,0,0,0,0,0
2023-10-11 16:11:35,273.30,nan,-1.00,0,0,0,0,0
2023-10-11 16:11:37,273.30,nan,-1.00,0,0,0,0,0
2023-10-11 16:11:38,273.30,nan,-1.00,0,0,0,0,0
2023-10-11 16:11:40,273.30,nan,-1.00,0,0,0,0,0
2023-10-11 16:11:41,273.30,nan,-1.00,0,0,0,0,0
2023-10-11 16:11:43,273.30,nan,-1.00,0,0,0,0,0
2023-10-11 16:11:44,273.30,nan,-1.00,0,0,0,0,0
2023-10-11 16:11:46,273.30,nan,-1.00,0,0,0,0,0
2023-10-11 16:11:47,273.30,nan,-1.00,0,0,0,0,0
2023-10-11 16:11:49,nan,nan,-1.00,0,0,0,0,0
2023-10-11 16:11:50,273.31,nan,-1.00,0,0,0,0,0
2023-10-11 16:11:52,273.30,nan,-1.00,0,0,0,0,0
2023-10-11 16:11:53,273.30,nan,-1.00,0,0,0,0,0
2023-10-11 16:11:55,273.30,nan,-1.00,0,0,0,0,0
2023-10-11 16:11:57,273.30,nan,-1.00,0,0,0,0,0
2023-10-11 16:11:58,273.30,nan,-1.00,0,0,0,0,0
2023-10-11 16:12:00,273.30,nan,-1.00,0,0,0,0,0
2023-10-11 16:12:01,273.30,nan,-1.00,0,0,0,0,0
2023-10-11 16:12:03,273.30,nan,-1.00,0,0,0,0,0
2023-10-11 16:12:04,273.30,nan,-1.00,0,0,0,0,0
2023-10-11 16:12:06,273.30,nan,-1.00,0,0,0,0,0
2023-10-11 16:12:07,273.30,nan,-1.00,0,0,0,0,0
2023-10-11 16:12:09,273.30,nan,-1.00,0,0,0,0,0
2023-10-11 16:12:10,273.32,nan,-1.00,0,0,0,0,0
2023-10-11 16:12:12,273.31,nan,-1.00,0,0,0,0,0
2023-10-11 16:12:13,273.31,nan,-1.00,0,0,0,0,0
2023-10-11 16:12:15,273.31,nan,-1.00,0,0,0,0,0
2023-10-11 16:12:16,273.31,nan,-1.00,0,0,0,0,0
2023-10-11 16:12:18,273.31,nan,-1.00,0,0,0,0,0
2023-10-11 16:12:19,273.31,nan,-1.00,0,0,0,0,0
2023-10-11 16:12:21,273.31,nan,-1.00,0,0,0,0,0
2023-10-11 16:12:22,273.31,nan,-1.00,0,0,0,0,0
2023-10-11 16:12:24,273.31,nan,-1.00,0,0,0,0,0
2023-10-11 16:12:25,273.31,nan,-1.00,0,0,0,0,0
2023-10-11 16:12:27,273.31,nan,-1.00,0,0,0,0,0
2023-10-11 16:12:28,273.31,nan,-1.00,0,0,0,0,0
2023-10-11 16:12:30,273.31,nan,-1.00,0,0,0,0,0
2023-10-11 16:12:32,273.31,nan,-1.00,0,0,0,0,0
2023-10-11 16:12:33,273.31,nan,-1.00,0,0,0,0,0
2023-10-11 16:12:35,273.31,nan,-1.00,0,0,0,0,0
2023-10-11 16:12:36,273.32,nan,-1.00,0,0,0,0,0
2023-10-11 16:12:38,273.32,nan,-1.00,0,0,0,0,0
2023-10-11 16:12:39,273.32,nan,-1.00,0,0,0,0,0
2023-10-11 16:12:41,273.32,nan,-1.00,0,0,0,0,0
2023-10-11 16:12:42,273.32,nan,-1.00,0,0,0,0,0
2023-10-11 16:12:44,273.32,nan,-1.00,0,0,0,0,0
2023-10-11 16:12:45,273.32,nan,-1.00,0,0,0,0,0
2023-10-11 16:12:47,273.32,nan,-1.00,0,0,0,0,0
2023-10-11 16:12:48,273.32,nan,-1.00,0,0,0,0,0
2023-10-11 16:12:50,273.32,nan,-1.00,0,0,0,0,0
2023-10-11 16:12:51,273.32,nan,-1.00,0,0,0,0,0
2023-10-11 16:12:53,273.32,nan,-1.00,0,0,0,0,0
2023-10-11 16:12:54,273.32,nan,-1.00,0,0,0,0,0
2023-10-11 16:12:56,273.32,nan,-1.00,0,0,0,0,0
2023-10-11 16:12:57,273.32,nan,-1.00,0,0,0,0,0
2023-10-11 16:12:59,273.32,nan,-1.00,0,0,0,0,0
2023-10-11 16:13:00,273.32,nan,-1.00,0,0,0,0,0
2023-10-11 16:13:02,273.32,nan,-1.00,0,0,0,0,0
2023-10-11 16:13:03,273.32,nan,-1.00,0,0,0,0,0
2023-10-11 16:13:05,273.32,nan,-1.00,0,0,0,0,0
2023-10-11 16:13:07,273.32,nan,-1.00,0,0,0,0,0
2023-10-11 16:13:08,273.32,nan,-1.00,0,0,0,0,0
2023-10-11 16:13:10,273.32,nan,-1.00,0,0,0,0,0
2023-10-11 16:13:11,273.32,nan,-1.00,0,0,0,0,0
2023-10-11 16:13:13,273.32,nan,-1.00,0,0,0,0,0
2023-10-11 16:13:14,273.32,nan,-1.00,0,0,0,0,0
2023-10-11 16:13:16,273.32,nan,-1.00,0,0,0,0,0
2023-10-11 16:13:17,273.32,nan,-1.00,0,0,0,0,0
2023-10-11 16:13:19,273.33,nan,-1.00,0,0,0,0,0
2023-10-11 16:13:20,273.33,nan,-1.00,0,0,0,0,0
2023-10-11 16:13:22,273.34,nan,-1.00,0,0,0,0,0
2023-10-11 16:13:23,273.33,nan,-1.00,0,0,0,0,0
2023-10-11 16:13:25,273.33,nan,-1.00,0,0,0,0,0
2023-10-11 16:13:26,273.33,nan,-1.00,0,0,0,0,0
2023-10-11 16:13:28,273.33,nan,-1.00,0,0,0,0,0
2023-10-11 16:13:29,273.32,nan,-1.00,0,0,0,0,0
2023-10-11 16:13:31,273.32,nan,-1.00,0,0,0,0,0
2023-10-11 16:13:32,273.33,nan,-1.00,0,0,0,0,0
2023-10-11 16:13:34,273.32,nan,-1.00,0,0,0,0,0
2023-10-11 16:13:35,273.32,nan,-1.00,0,0,0,0,0
2023-10-11 16:13:37,273.32,nan,-1.00,0,0,0,0,0
2023-10-11 16:13:38,273.32,nan,-1.00,0,0,0,0,0
2023-10-11 16:13:40,273.32,nan,-1.00,0,0,0,0,0
2023-10-11 16:13:41,273.32,nan,-1.00,0,0,0,0,0
2023-10-11 16:13:43,273.32,nan,-1.00,0,0,0,0,0
2023-10-11 16:13:44,273.32,nan,-1.00,0,0,0,0,0
2023-10-11 16:13:46,273.32,nan,-1.00,0,0,0,0,0
2023-10-11 16:13:48,273.32,nan,-1.00,0,0,0,0,0
2023-10-11 16:13:49,273.32,nan,-1.00,0,0,0,0,0
2023-10-11 16:13:51,273.32,nan,-1.00,0,0,0,0,0
2023-10-11 16:13:52,273.32,nan,-1.00,0,0,0,0,0
2023-10-11 16:13:54,273.35,nan,-1.00,0,0,0,0,0
2023-10-11 16:13:55,273.31,nan,-1.00,0,0,0,0,0
2023-10-11 16:13:57,273.31,nan,-1.00,0,0,0,0,0
2023-10-11 16:13:58,273.31,nan,-1.00,0,0,0,0,0
2023-10-11 16:14:00,273.31,nan,-1.00,0,0,0,0,0
2023-10-11 16:14:01,273.31,nan,-1.00,0,0,0,0,0
2023-10-11 16:14:03,273.32,nan,-1.00,0,0,0,0,0
2023-10-11 16:14:04,273.31,nan,-1.00,0,0,0,0,0
2023-10-11 16:14:06,273.30,nan,-1.00,0,0,0,0,0
2023-10-11 16:14:07,273.31,nan,-1.00,0,0,0,0,0
2023-10-11 16:14:09,273.31,nan,-1.00,0,0,0,0,0
2023-10-11 16:14:10,273.31,nan,-1.00,0,0,0,0,0
2023-10-11 16:14:12,273.30,nan,-1.00,0,0,0,0,0
2023-10-11 16:14:13,273.30,nan,-1.00,0,0,0,0,0
2023-10-11 16:14:15,273.30,nan,-1.00,0,0,0,0,0
2023-10-11 16:14:16,273.30,nan,-1.00,0,0,0,0,0
2023-10-11 16:14:18,273.30,nan,-1.00,0,0,0,0,0
2023-10-11 16:14:19,273.29,nan,-1.00,0,0,0,0,0
2023-10-11 16:14:21,273.29,nan,-1.00,0,0,0,0,0
2023-10-11 16:14:23,273.29,nan,-1.00,0,0,0,0,0
2023-10-11 16:14:24,273.30,nan,-1.00,0,0,0,0,0
2023-10-11 16:14:26,273.29,nan,-1.00,0,0,0,0,0
2023-10-11 16:14:27,273.29,nan,-1.00,0,0,0,0,0
2023-10-11 16:14:29,273.29,nan,-1.00,0,0,0,0,0
2023-10-11 16:14:30,273.29,nan,-1.00,0,0,0,0,0
2023-10-11 16:14:32,273.29,nan,-1.00,0,0,0,0,0
2023-10-11 16:14:33,273.29,nan,-1.00,0,0,0,0,0
2023-10-11 16:14:35,273.29,nan,-1.00,0,0,0,0,0
2023-10-11 16:14:36,273.29,nan,-1.00,0,0,0,0,0
2023-10-11 16:14:38,273.29,nan,-1.00,0,0,0,0,0
2023-10-11 16:14:39,273.29,nan,-1.00,0,0,0,0,0
2023-10-11 16:14:41,273.30,nan,-1.00,0,0,0,0,0
2023-10-11 16:14:42,273.30,nan,-1.00,0,0,0,0,0
2023-10-11 16:14:44,273.29,nan,-1.00,0,0,0,0,0
2023-10-11 16:14:45,273.29,nan,-1.00,0,0,0,0,0
2023-10-11 16:14:47,273.30,nan,-1.00,0,0,0,0,0
2023-10-11 16:14:48,273.30,nan,-1.00,0,0,0,0,0
2023-10-11 16:14:50,273.30,nan,-1.00,0,0,0,0,0
2023-10-11 16:14:51,273.31,nan,-1.00,0,0,0,0,0
2023-10-11 16:14:53,273.31,nan,-1.00,0,0,0,0,0
2023-10-11 16:14:54,273.31,nan,-1.00,0,0,0,0,0
2023-10-11 16:14:56,273.32,nan,-1.00,0,0,0,0,0
2023-10-11 16:14:57,273.32,nan,-1.00,0,0,0,0,0
2023-10-11 16:14:59,273.32,nan,-1.00,0,0,0,0,0
2023-10-11 16:15:01,273.32,nan,-1.00,0,0,0,0,0
2023-10-11 16:15:02,273.33,nan,-1.00,0,0,0,0,0
2023-10-11 16:15:04,273.33,nan,-1.00,0,0,0,0,0
2023-10-11 16:15:05,273.33,nan,-1.00,0,0,0,0,0
2023-10-11 16:15:07,273.37,nan,-1.00,0,0,0,0,0
2023-10-11 16:15:08,273.34,nan,-1.00,0,0,0,0,0
2023-10-11 16:15:10,273.34,nan,-1.00,0,0,0,0,0
2023-10-11 16:15:11,273.34,nan,-1.00,0,0,0,0,0
2023-10-11 16:15:13,273.35,nan,-1.00,0,0,0,0,0
2023-10-11 16:15:14,273.35,nan,-1.00,0,0,0,0,0
2023-10-11 16:15:16,273.35,nan,-1.00,0,0,0,0,0
2023-10-11 16:15:17,273.35,nan,-1.00,0,0,0,0,0
2023-10-11 16:15:19,273.35,nan,-1.00,0,0,0,0,0
2023-10-11 16:15:20,273.35,nan,-1.00,0,0,0,0,0
2023-10-11 16:15:22,273.35,nan,-1.00,0,0,0,0,0
2023-10-11 16:15:23,273.35,nan,-1.00,0,0,0,0,0
2023-10-11 16:15:25,273.35,nan,-1.00,0,0,0,0,0
2023-10-11 16:15:26,273.35,nan,-1.00,0,0,0,0,0
2023-10-11 16:15:28,273.35,nan,-1.00,0,0,0,0,0
2023-10-11 16:15:29,273.35,nan,-1.00,0,0,0,0,0
2023-10-11 16:15:31,273.36,nan,-1.00,0,0,0,0,0
2023-10-11 16:15:32,273.36,nan,-1.00,0,0,0,0,0
2023-10-11 16:15:34,273.36,nan,-1.00,0,0,0,0,0
2023-10-11 16:15:36,273.35,nan,-1.00,0,0,0,0,0
2023-10-11 16:15:37,273.36,nan,-1.00,0,0,0,0,0
2023-10-11 16:15:39,273.35,nan,-1.00,0,0,0,0,0
2023-10-11 16:15:40,273.35,nan,-1.00,0,0,0,0,0
2023-10-11 16:15:42,273.35,nan,-1.00,0,0,0,0,0
2023-10-11 16:15:43,273.35,nan,-1.00,0,0,0,0,0
2023-10-11 16:15:45,273.35,nan,-1.00,0,0,0,0,0
2023-10-11 16:15:46,273.36,nan,-1.00,0,0,0,0,0
2023-10-11 16:15:48,273.35,nan,-1.00,0,0,0,0,0
2023-10-11 16:15:49,273.35,nan,-1.00,0,0,0,0,0
2023-10-11 16:15:51,273.35,nan,-1.00,0,0,0,0,0
2023-10-11 16:15:52,273.35,nan,-1.00,0,0,0,0,0
2023-10-11 16:15:54,273.35,nan,-1.00,0,0,0,0,0
2023-10-11 16:15:55,273.35,nan,-1.00,0,0,0,0,0
2023-10-11 16:15:57,273.35,nan,-1.00,0,0,0,0,0
2023-10-11 16:15:58,273.35,nan,-1.00,0,0,0,0,0
2023-10-11 16:16:00,273.35,nan,-1.00,0,0,0,0,0
2023-10-11 16:16:01,273.34,nan,-1.00,0,0,0,0,0
2023-10-11 16:16:03,273.34,nan,-1.00,0,0,0,0,0
2023-10-11 16:16:04,273.35,nan,-1.00,0,0,0,0,0
2023-10-11 16:16:06,273.35,nan,-1.00,0,0,0,0,0
2023-10-11 16:16:07,273.34,nan,-1.00,0,0,0,0,0
2023-10-11 16:16:09,273.34,nan,-1.00,0,0,0,0,0
2023-10-11 16:16:10,273.34,nan,-1.00,0,0,0,0,0
2023-10-11 16:16:12,273.34,nan,-1.00,0,0,0,0,0
2023-10-11 16:16:13,273.34,nan,-1.00,0,0,0,0,0
2023-10-11 16:16:15,273.34,nan,-1.00,0,0,0,0,0
2023-10-11 16:16:17,273.34,nan,-1.00,0,0,0,0,0
2023-10-11 16:16:18,273.34,nan,-1.00,0,0,0,0,0
2023-10-11 16:16:20,273.34,nan,-1.00,0,0,0,0,0
2023-10-11 16:16:21,273.34,nan,-1.00,0,0,0,0,0
2023-10-11 16:16:23,273.34,nan,-1.00,0,0,0,0,0
2023-10-11 16:16:24,273.34,nan,-1.00,0,0,0,0,0
2023-10-11 16:16:26,273.34,nan,-1.00,0,0,0,0,0
2023-10-11 16:16:27,273.34,nan,-1.00,0,0,0,0,0
2023-10-11 16:16:29,273.34,nan,-1.00,0,0,0,0,0
2023-10-11 16:16:30,273.34,nan,-1.00,0,0,0,0,0
2023-10-11 16:16:32,273.34,nan,-1.00,0,0,0,0,0
2023-10-11 16:16:33,273.34,nan,-1.00,0,0,0,0,0
2023-10-11 16:16:35,273.34,nan,-1.00,0,0,0,0,0
2023-10-11 16:16:36,273.34,nan,-1.00,0,0,0,0,0
2023-10-11 16:16:38,273.35,nan,-1.00,0,0,0,0,0
2023-10-11 16:16:39,273.35,nan,-1.00,0,0,0,0,0
2023-10-11 16:16:41,273.35,nan,-1.00,0,0,0,0,0
2023-10-11 16:16:42,273.35,nan,-1.00,0,0,0,0,0
2023-10-11 16:16:44,273.35,nan,-1.00,0,0,0,0,0
2023-10-11 16:16:45,273.35,nan,-1.00,0,0,0,0,0
2023-10-11 16:16:47,273.35,nan,-1.00,0,0,0,0,0
2023-10-11 16:16:48,273.35,nan,-1.00,0,0,0,0,0
2023-10-11 16:16:50,273.35,nan,-1.00,0,0,0,0,0
2023-10-11 16:16:51,273.35,nan,-1.00,0,0,0,0,0
2023-10-11 16:16:53,273.35,nan,-1.00,0,0,0,0,0
2023-10-11 16:16:55,273.35,nan,-1.00,0,0,0,0,0
2023-10-11 16:16:56,273.35,nan,-1.00,0,0,0,0,0
2023-10-11 16:16:58,273.35,nan,-1.00,0,0,0,0,0
2023-10-11 16:16:59,273.35,nan,-1.00,0,0,0,0,0
2023-10-11 16:17:01,273.34,nan,-1.00,0,0,0,0,0
2023-10-11 16:17:02,273.34,nan,-1.00,0,0,0,0,0
2023-10-11 16:17:04,273.34,nan,-1.00,0,0,0,0,0
2023-10-11 16:17:05,273.34,nan,-1.00,0,0,0,0,0
2023-10-11 16:17:07,273.35,nan,-1.00,0,0,0,0,0
2023-10-11 16:17:08,273.34,nan,-1.00,0,0,0,0,0
2023-10-11 16:17:10,273.34,nan,-1.00,0,0,0,0,0
2023-10-11 16:17:11,273.33,nan,-1.00,0,0,0,0,0
2023-10-11 16:17:13,273.33,nan,-1.00,0,0,0,0,0
2023-10-11 16:17:14,273.33,nan,-1.00,0,0,0,0,0
2023-10-11 16:17:16,273.33,nan,-1.00,0,0,0,0,0
2023-10-11 16:17:17,273.32,nan,-1.00,0,0,0,0,0
2023-10-11 16:17:19,273.32,nan,-1.00,0,0,0,0,0
2023-10-11 16:17:20,273.32,nan,-1.00,0,0,0,0,0
2023-10-11 16:17:22,273.32,nan,-1.00,0,0,0,0,0
2023-10-11 16:17:23,273.32,nan,-1.00,0,0,0,0,0
2023-10-11 16:17:25,273.32,nan,-1.00,0,0,0,0,0
2023-10-11 16:17:26,273.32,nan,-1.00,0,0,0,0,0
2023-10-11 16:17:28,273.32,nan,-1.00,0,0,0,0,0
2023-10-11 16:17:29,273.32,nan,-1.00,0,0,0,0,0
2023-10-11 16:17:31,273.31,nan,-1.00,0,0,0,0,0
2023-10-11 16:17:33,273.31,nan,-1.00,0,0,0,0,0
2023-10-11 16:17:34,273.34,nan,-1.00,0,0,0,0,0
2023-10-11 16:17:36,273.31,nan,-1.00,0,0,0,0,0
2023-10-11 16:17:37,273.31,nan,-1.00,0,0,0,0,0
2023-10-11 16:17:39,273.31,nan,-1.00,0,0,0,0,0
2023-10-11 16:17:40,273.31,nan,-1.00,0,0,0,0,0
2023-10-11 16:17:42,273.30,nan,-1.00,0,0,0,0,0
2023-10-11 16:17:43,273.30,nan,-1.00,0,0,0,0,0
2023-10-11 16:17:45,273.30,nan,-1.00,0,0,0,0,0
2023-10-11 16:17:46,273.30,nan,-1.00,0,0,0,0,0
2023-10-11 16:17:48,273.31,nan,-1.00,0,0,0,0,0
2023-10-11 16:17:49,273.30,nan,-1.00,0,0,0,0,0
2023-10-11 16:17:51,273.30,nan,-1.00,0,0,0,0,0
2023-10-11 16:17:52,273.30,nan,-1.00,0,0,0,0,0
2023-10-11 16:17:54,273.32,nan,-1.00,0,0,0,0,0
2023-10-11 16:17:55,273.30,nan,-1.00,0,0,0,0,0
2023-10-11 16:17:57,273.29,nan,-1.00,0,0,0,0,0
2023-10-11 16:17:58,273.29,nan,-1.00,0,0,0,0,0
2023-10-11 16:18:00,273.29,nan,-1.00,0,0,0,0,0
2023-10-11 16:18:01,273.29,nan,-1.00,0,0,0,0,0
2023-10-11 16:18:03,273.29,nan,-1.00,0,0,0,0,0
2023-10-11 16:18:04,273.29,nan,-1.00,0,0,0,0,0
2023-10-11 16:18:06,273.29,nan,-1.00,0,0,0,0,0
2023-10-11 16:18:08,273.29,nan,-1.00,0,0,0,0,0
2023-10-11 16:18:09,273.29,nan,-1.00,0,0,0,0,0
2023-10-11 16:18:11,273.29,nan,-1.00,0,0,0,0,0
2023-10-11 16:18:12,273.30,nan,-1.00,0,0,0,0,0
2023-10-11 16:18:14,273.29,nan,-1.00,0,0,0,0,0
2023-10-11 16:18:15,273.29,nan,-1.00,0,0,0,0,0
2023-10-11 16:18:17,273.29,nan,-1.00,0,0,0,0,0
2023-10-11 16:18:18,273.29,nan,-1.00,0,0,0,0,0
2023-10-11 16:18:20,273.29,nan,-1.00,0,0,0,0,0
2023-10-11 16:18:21,273.29,nan,-1.00,0,0,0,0,0
2023-10-11 16:18:23,273.29,nan,-1.00,0,0,0,0,0
2023-10-11 16:18:24,273.29,nan,-1.00,0,0,0,0,0
2023-10-11 16:18:26,273.29,nan,-1.00,0,0,0,0,0
2023-10-11 16:18:27,273.28,nan,-1.00,0,0,0,0,0
2023-10-11 16:18:29,273.28,nan,-1.00,0,0,0,0,0
2023-10-11 16:18:30,273.28,nan,-1.00,0,0,0,0,0
2023-10-11 16:18:32,273.28,nan,-1.00,0,0,0,0,0
2023-10-11 16:18:33,273.28,nan,-1.00,0,0,0,0,0
2023-10-11 16:18:35,273.28,nan,-1.00,0,0,0,0,0
2023-10-11 16:18:36,273.28,nan,-1.00,0,0,0,0,0
2023-10-11 16:18:38,273.28,nan,-1.00,0,0,0,0,0
2023-10-11 16:18:39,273.27,nan,-1.00,0,0,0,0,0
2023-10-11 16:18:41,273.27,nan,-1.00,0,0,0,0,0
2023-10-11 16:18:42,273.27,nan,-1.00,0,0,0,0,0
2023-10-11 16:18:44,273.27,nan,-1.00,0,0,0,0,0
2023-10-11 16:18:46,273.27,nan,-1.00,0,0,0,0,0
2023-10-11 16:18:47,273.27,nan,-1.00,0,0,0,0,0
2023-10-11 16:18:49,273.27,nan,-1.00,0,0,0,0,0
2023-10-11 16:18:50,273.27,nan,-1.00,0,0,0,0,0
2023-10-11 16:18:52,273.27,nan,-1.00,0,0,0,0,0
2023-10-11 16:18:53,273.27,nan,-1.00,0,0,0,0,0
2023-10-11 16:18:55,273.29,nan,-1.00,0,0,0,0,0
2023-10-11 16:18:56,273.27,nan,-1.00,0,0,0,0,0
2023-10-11 16:18:58,273.27,nan,-1.00,0,0,0,0,0
2023-10-11 16:18:59,273.27,nan,-1.00,0,0,0,0,0
2023-10-11 16:19:01,273.27,nan,-1.00,0,0,0,0,0
2023-10-11 16:19:02,273.27,nan,-1.00,0,0,0,0,0
2023-10-11 16:19:04,273.27,nan,-1.00,0,0,0,0,0
2023-10-11 16:19:05,273.28,nan,-1.00,0,0,0,0,0
2023-10-11 16:19:07,273.27,nan,-1.00,0,0,0,0,0
2023-10-11 16:19:08,273.27,nan,-1.00,0,0,0,0,0
2023-10-11 16:19:10,273.27,nan,-1.00,0,0,0,0,0
2023-10-11 16:19:11,273.27,nan,-1.00,0,0,0,0,0
2023-10-11 16:19:13,273.26,nan,-1.00,0,0,0,0,0
2023-10-11 16:19:14,273.26,nan,-1.00,0,0,0,0,0
2023-10-11 16:19:16,273.26,nan,-1.00,0,0,0,0,0
2023-10-11 16:19:18,273.26,nan,-1.00,0,0,0,0,0
2023-10-11 16:19:19,273.26,nan,-1.00,0,0,0,0,0
2023-10-11 16:19:21,273.26,nan,-1.00,0,0,0,0,0
2023-10-11 16:19:22,273.26,nan,-1.00,0,0,0,0,0
2023-10-11 16:19:24,273.26,nan,-1.00,0,0,0,0,0
2023-10-11 16:19:25,273.26,nan,-1.00,0,0,0,0,0
2023-10-11 16:19:27,273.26,nan,-1.00,0,0,0,0,0
2023-10-11 16:19:28,273.26,nan,-1.00,0,0,0,0,0
2023-10-11 16:19:30,273.26,nan,-1.00,0,0,0,0,0
2023-10-11 16:19:31,273.26,nan,-1.00,0,0,0,0,0
2023-10-11 16:19:33,273.26,nan,-1.00,0,0,0,0,0
2023-10-11 16:19:34,273.26,nan,-1.00,0,0,0,0,0
2023-10-11 16:19:36,273.26,nan,-1.00,0,0,0,0,0
2023-10-11 16:19:37,273.26,nan,-1.00,0,0,0,0,0
2023-10-11 16:19:39,273.26,nan,-1.00,0,0,0,0,0
2023-10-11 16:19:40,273.26,nan,-1.00,0,0,0,0,0
2023-10-11 16:19:42,273.26,nan,-1.00,0,0,0,0,0
2023-10-11 16:19:43,273.26,nan,-1.00,0,0,0,0,0
2023-10-11 16:19:45,273.26,nan,-1.00,0,0,0,0,0
2023-10-11 16:19:46,273.26,nan,-1.00,0,0,0,0,0
2023-10-11 16:19:48,273.26,nan,-1.00,0,0,0,0,0
2023-10-11 16:19:49,273.27,nan,-1.00,0,0,0,0,0
2023-10-11 16:19:51,273.27,nan,-1.00,0,0,0,0,0
2023-10-11 16:19:52,273.27,nan,-1.00,0,0,0,0,0
2023-10-11 16:19:54,273.27,nan,-1.00,0,0,0,0,0
2023-10-11 16:19:56,273.27,nan,-1.00,0,0,0,0,0
2023-10-11 16:19:57,273.27,nan,-1.00,0,0,0,0,0
2023-10-11 16:19:59,273.27,nan,-1.00,0,0,0,0,0
2023-10-11 16:20:00,273.27,nan,-1.00,0,0,0,0,0
2023-10-11 16:20:02,273.27,nan,-1.00,0,0,0,0,0
2023-10-11 16:20:03,273.27,nan,-1.00,0,0,0,0,0
2023-10-11 16:20:05,273.27,nan,-1.00,0,0,0,0,0
2023-10-11 16:20:06,273.28,nan,-1.00,0,0,0,0,0
2023-10-11 16:20:08,273.28,nan,-1.00,0,0,0,0,0
2023-10-11 16:20:09,273.28,nan,-1.00,0,0,0,0,0
2023-10-11 16:20:11,273.27,nan,-1.00,0,0,0,0,0
2023-10-11 16:20:12,273.27,nan,-1.00,0,0,0,0,0
2023-10-11 16:20:14,273.28,nan,-1.00,0,0,0,0,0
2023-10-11 16:20:15,273.27,nan,-1.00,0,0,0,0,0
2023-10-11 16:20:17,273.27,nan,-1.00,0,0,0,0,0
2023-10-11 16:20:18,273.27,nan,-1.00,0,0,0,0,0
2023-10-11 16:20:20,273.27,nan,-1.00,0,0,0,0,0
2023-10-11 16:20:21,273.27,nan,-1.00,0,0,0,0,0
2023-10-11 16:20:23,273.27,nan,-1.00,0,0,0,0,0
2023-10-11 16:20:24,273.27,nan,-1.00,0,0,0,0,0
2023-10-11 16:20:26,273.27,nan,-1.00,0,0,0,0,0
2023-10-11 16:20:28,273.27,nan,-1.00,0,0,0,0,0
2023-10-11 16:20:29,273.26,nan,-1.00,0,0,0,0,0
2023-10-11 16:20:30,273.27,nan,-1.00,0,0,0,0,0
2023-10-11 16:20:32,273.26,nan,-1.00,0,0,0,0,0
2023-10-11 16:20:34,273.26,nan,-1.00,0,0,0,0,0
2023-10-11 16:20:35,273.26,nan,-1.00,0,0,0,0,0
2023-10-11 16:20:37,273.26,nan,-1.00,0,0,0,0,0
2023-10-11 16:20:38,273.26,nan,-1.00,0,0,0,0,0
2023-10-11 16:20:40,273.26,nan,-1.00,0,0,0,0,0
2023-10-11 16:20:41,273.26,nan,-1.00,0,0,0,0,0
2023-10-11 16:20:43,273.26,nan,-1.00,0,0,0,0,0
2023-10-11 16:20:44,273.26,nan,-1.00,0,0,0,0,0
2023-10-11 16:20:46,273.28,nan,-1.00,0,0,0,0,0
2023-10-11 16:20:47,273.26,nan,-1.00,0,0,0,0,0
2023-10-11 16:20:49,273.26,nan,-1.00,0,0,0,0,0
2023-10-11 16:20:50,273.26,nan,-1.00,0,0,0,0,0
2023-10-11 16:20:52,273.25,nan,-1.00,0,0,0,0,0
2023-10-11 16:20:53,273.25,nan,-1.00,0,0,0,0,0
2023-10-11 16:20:55,273.26,nan,-1.00,0,0,0,0,0
2023-10-11 16:20:56,nan,nan,-1.00,0,0,0,0,0
2023-10-11 16:20:58,273.25,nan,-1.00,0,0,0,0,0
2023-10-11 16:20:59,273.25,nan,-1.00,0,0,0,0,0
2023-10-11 16:21:01,273.25,nan,-1.00,0,0,0,0,0
2023-10-11 16:21:02,273.26,nan,-1.00,0,0,0,0,0
2023-10-11 16:21:04,273.26,nan,-1.00,0,0,0,0,0
2023-10-11 16:21:06,273.26,nan,-1.00,0,0,0,0,0
2023-10-11 16:21:07,273.26,nan,-1.00,0,0,0,0,0
2023-10-11 16:21:09,273.26,nan,-1.00,0,0,0,0,0
2023-10-11 16:21:10,273.26,nan,-1.00,0,0,0,0,0
2023-10-11 16:21:12,273.26,nan,-1.00,0,0,0,0,0
2023-10-11 16:21:13,273.26,nan,-1.00,0,0,0,0,0
2023-10-11 16:21:15,273.26,nan,-1.00,0,0,0,0,0
2023-10-11 16:21:16,273.26,nan,-1.00,0,0,0,0,0
2023-10-11 16:21:18,273.26,nan,-1.00,0,0,0,0,0
2023-10-11 16:21:19,273.26,nan,-1.00,0,0,0,0,0
2023-10-11 16:21:21,273.26,nan,-1.00,0,0,0,0,0
2023-10-11 16:21:22,273.26,nan,-1.00,0,0,0,0,0
2023-10-11 16:21:24,273.26,nan,-1.00,0,0,0,0,0
2023-10-11 16:21:25,273.26,nan,-1.00,0,0,0,0,0
2023-10-11 16:21:27,273.27,nan,-1.00,0,0,0,0,0
2023-10-11 16:21:28,273.27,nan,-1.00,0,0,0,0,0
2023-10-11 16:21:30,273.27,nan,-1.00,0,0,0,0,0
2023-10-11 16:21:31,273.27,nan,-1.00,0,0,0,0,0
2023-10-11 16:21:33,273.27,nan,-1.00,0,0,0,0,0
2023-10-11 16:21:34,273.27,nan,-1.00,0,0,0,0,0
2023-10-11 16:21:36,273.27,nan,-1.00,0,0,0,0,0
2023-10-11 16:21:37,273.27,nan,-1.00,0,0,0,0,0
2023-10-11 16:21:39,273.27,nan,-1.00,0,0,0,0,0
2023-10-11 16:21:40,273.26,nan,-1.00,0,0,0,0,0
2023-10-11 16:21:42,273.26,nan,-1.00,0,0,0,0,0
2023-10-11 16:21:44,273.26,nan,-1.00,0,0,0,0,0
2023-10-11 16:21:45,273.25,nan,-1.00,0,0,0,0,0
2023-10-11 16:21:47,273.26,nan,-1.00,0,0,0,0,0
2023-10-11 16:21:48,273.26,nan,-1.00,0,0,0,0,0
2023-10-11 16:21:50,273.26,nan,-1.00,0,0,0,0,0
2023-10-11 16:21:51,273.26,nan,-1.00,0,0,0,0,0
2023-10-11 16:21:53,273.26,nan,-1.00,0,0,0,0,0
2023-10-11 16:21:54,273.26,nan,-1.00,0,0,0,0,0
2023-10-11 16:21:56,273.26,nan,-1.00,0,0,0,0,0
2023-10-11 16:21:57,273.26,nan,-1.00,0,0,0,0,0
2023-10-11 16:21:59,273.26,nan,-1.00,0,0,0,0,0
2023-10-11 16:22:00,273.27,nan,-1.00,0,0,0,0,0
2023-10-11 16:22:02,273.26,nan,-1.00,0,0,0,0,0
2023-10-11 16:22:03,273.26,nan,-1.00,0,0,0,0,0
2023-10-11 16:22:05,273.26,nan,-1.00,0,0,0,0,0
2023-10-11 16:22:06,273.26,nan,-1.00,0,0,0,0,0
2023-10-11 16:22:08,273.27,nan,-1.00,0,0,0,0,0
2023-10-11 16:22:09,273.26,nan,-1.00,0,0,0,0,0
2023-10-11 16:22:11,273.26,nan,-1.00,0,0,0,0,0
2023-10-11 16:22:12,273.26,nan,-1.00,0,0,0,0,0
2023-10-11 16:22:14,273.26,nan,-1.00,0,0,0,0,0
2023-10-11 16:22:15,273.26,nan,-1.00,0,0,0,0,0
2023-10-11 16:22:17,273.26,nan,-1.00,0,0,0,0,0
2023-10-11 16:22:18,273.26,nan,-1.00,0,0,0,0,0
2023-10-11 16:22:20,273.26,nan,-1.00,0,0,0,0,0
2023-10-11 16:22:22,273.26,nan,-1.00,0,0,0,0,0
2023-10-11 16:22:23,273.27,nan,-1.00,0,0,0,0,0
2023-10-11 16:22:25,273.26,nan,-1.00,0,0,0,0,0
2023-10-11 16:22:26,273.26,nan,-1.00,0,0,0,0,0
2023-10-11 16:22:28,273.26,nan,-1.00,0,0,0,0,0
2023-10-11 16:22:29,273.26,nan,-1.00,0,0,0,0,0
2023-10-11 16:22:31,273.26,nan,-1.00,0,0,0,0,0
2023-10-11 16:22:32,273.26,nan,-1.00,0,0,0,0,0
2023-10-11 16:22:34,273.26,nan,-1.00,0,0,0,0,0
2023-10-11 16:22:35,273.26,nan,-1.00,0,0,0,0,0
2023-10-11 16:22:37,273.26,nan,-1.00,0,0,0,0,0
2023-10-11 16:22:38,273.25,nan,-1.00,0,0,0,0,0
2023-10-11 16:22:40,273.25,nan,-1.00,0,0,0,0,0
2023-10-11 16:22:41,273.25,nan,-1.00,0,0,0,0,0
2023-10-11 16:22:43,273.25,nan,-1.00,0,0,0,0,0
2023-10-11 16:22:44,273.25,nan,-1.00,0,0,0,0,0
2023-10-11 16:22:46,273.25,nan,-1.00,0,0,0,0,0
2023-10-11 16:22:47,273.25,nan,-1.00,0,0,0,0,0
2023-10-11 16:22:49,273.25,nan,-1.00,0,0,0,0,0
2023-10-11 16:22:50,273.25,nan,-1.00,0,0,0,0,0
2023-10-11 16:22:52,273.25,nan,-1.00,0,0,0,0,0
2023-10-11 16:22:54,273.25,nan,-1.00,0,0,0,0,0
2023-10-11 16:22:55,273.25,nan,-1.00,0,0,0,0,0
2023-10-11 16:22:56,273.25,nan,-1.00,0,0,0,0,0
2023-10-11 16:22:58,273.25,nan,-1.00,0,0,0,0,0
2023-10-11 16:23:00,273.25,nan,-1.00,0,0,0,0,0
2023-10-11 16:23:01,273.25,nan,-1.00,0,0,0,0,0
2023-10-11 16:23:03,273.27,nan,-1.00,0,0,0,0,0
2023-10-11 16:23:04,273.25,nan,-1.00,0,0,0,0,0
2023-10-11 16:23:06,273.25,nan,-1.00,0,0,0,0,0
2023-10-11 16:23:07,273.25,nan,-1.00,0,0,0,0,0
2023-10-11 16:23:09,273.25,nan,-1.00,0,0,0,0,0
2023-10-11 16:23:10,273.25,nan,-1.00,0,0,0,0,0
2023-10-11 16:23:12,273.25,nan,-1.00,0,0,0,0,0
2023-10-11 16:23:13,273.25,nan,-1.00,0,0,0,0,0
2023-10-11 16:23:15,273.24,nan,-1.00,0,0,0,0,0
2023-10-11 16:23:16,273.24,nan,-1.00,0,0,0,0,0
2023-10-11 16:23:18,273.25,nan,-1.00,0,0,0,0,0
2023-10-11 16:23:19,273.25,nan,-1.00,0,0,0,0,0
2023-10-11 16:23:21,273.25,nan,-1.00,0,0,0,0,0
2023-10-11 16:23:22,273.25,nan,-1.00,0,0,0,0,0
2023-10-11 16:23:24,273.26,nan,-1.00,0,0,0,0,0
2023-10-11 16:23:25,273.25,nan,-1.00,0,0,0,0,0
2023-10-11 16:23:27,273.26,nan,-1.00,0,0,0,0,0
2023-10-11 16:23:28,273.26,nan,-1.00,0,0,0,0,0
2023-10-11 16:23:30,273.26,nan,-1.00,0,0,0,0,0
2023-10-11 16:23:32,273.26,nan,-1.00,0,0,0,0,0
2023-10-11 16:23:33,273.26,nan,-1.00,0,0,0,0,0
2023-10-11 16:23:35,273.27,nan,-1.00,0,0,0,0,0
2023-10-11 16:23:36,273.27,nan,-1.00,0,0,0,0,0
2023-10-11 16:23:38,273.27,nan,-1.00,0,0,0,0,0
2023-10-11 16:23:39,273.27,nan,-1.00,0,0,0,0,0
2023-10-11 16:23:41,273.27,nan,-1.00,0,0,0,0,0
2023-10-11 16:23:42,273.27,nan,-1.00,0,0,0,0,0
2023-10-11 16:23:44,273.27,nan,-1.00,0,0,0,0,0
2023-10-11 16:23:45,273.27,nan,-1.00,0,0,0,0,0
2023-10-11 16:23:47,273.27,nan,-1.00,0,0,0,0,0
2023-10-11 16:23:48,273.27,nan,-1.00,0,0,0,0,0
2023-10-11 16:23:50,273.27,nan,-1.00,0,0,0,0,0
2023-10-11 16:23:51,273.27,nan,-1.00,0,0,0,0,0
2023-10-11 16:23:53,273.27,nan,-1.00,0,0,0,0,0
2023-10-11 16:23:54,273.27,nan,-1.00,0,0,0,0,0
2023-10-11 16:23:56,273.28,nan,-1.00,0,0,0,0,0
2023-10-11 16:23:57,273.27,nan,-1.00,0,0,0,0,0
2023-10-11 16:23:59,273.27,nan,-1.00,0,0,0,0,0
2023-10-11 16:24:00,273.27,nan,-1.00,0,0,0,0,0
2023-10-11 16:24:02,273.28,nan,-1.00,0,0,0,0,0
2023-10-11 16:24:03,273.27,nan,-1.00,0,0,0,0,0
2023-10-11 16:24:05,273.28,nan,-1.00,0,0,0,0,0
2023-10-11 16:24:06,273.30,nan,-1.00,0,0,0,0,0
2023-10-11 16:24:08,273.27,nan,-1.00,0,0,0,0,0
2023-10-11 16:24:09,273.27,nan,-1.00,0,0,0,0,0
2023-10-11 16:24:11,273.27,nan,-1.00,0,0,0,0,0
2023-10-11 16:24:13,273.27,nan,-1.00,0,0,0,0,0
2023-10-11 16:24:14,273.28,nan,-1.00,0,0,0,0,0
2023-10-11 16:24:16,273.27,nan,-1.00,0,0,0,0,0
2023-10-11 16:24:17,273.27,nan,-1.00,0,0,0,0,0
2023-10-11 16:24:19,273.27,nan,-1.00,0,0,0,0,0
2023-10-11 16:24:20,273.29,nan,-1.00,0,0,0,0,0
2023-10-11 16:24:22,273.27,nan,-1.00,0,0,0,0,0
2023-10-11 16:24:23,273.27,nan,-1.00,0,0,0,0,0
2023-10-11 16:24:25,273.27,nan,-1.00,0,0,0,0,0
2023-10-11 16:24:26,273.27,nan,-1.00,0,0,0,0,0
2023-10-11 16:24:28,273.27,nan,-1.00,0,0,0,0,0
2023-10-11 16:24:29,273.27,nan,-1.00,0,0,0,0,0
2023-10-11 16:24:31,273.27,nan,-1.00,0,0,0,0,0
2023-10-11 16:24:32,273.27,nan,-1.00,0,0,0,0,0
2023-10-11 16:24:34,273.27,nan,-1.00,0,0,0,0,0
2023-10-11 16:24:35,273.27,nan,-1.00,0,0,0,0,0
2023-10-11 16:24:37,273.27,nan,-1.00,0,0,0,0,0
2023-10-11 16:24:38,273.27,nan,-1.00,0,0,0,0,0
2023-10-11 16:24:40,273.27,nan,-1.00,0,0,0,0,0
2023-10-11 16:24:41,273.27,nan,-1.00,0,0,0,0,0
2023-10-11 16:24:43,273.27,nan,-1.00,0,0,0,0,0
2023-10-11 16:24:44,273.27,nan,-1.00,0,0,0,0,0
2023-10-11 16:24:46,273.27,nan,-1.00,0,0,0,0,0
2023-10-11 16:24:47,273.27,nan,-1.00,0,0,0,0,0
2023-10-11 16:24:49,273.27,nan,-1.00,0,0,0,0,0
2023-10-11 16:24:50,273.27,nan,-1.00,0,0,0,0,0
2023-10-11 16:24:52,273.27,nan,-1.00,0,0,0,0,0
2023-10-11 16:24:54,273.27,nan,-1.00,0,0,0,0,0
2023-10-11 16:24:55,273.27,nan,-1.00,0,0,0,0,0
2023-10-11 16:24:57,273.27,nan,-1.00,0,0,0,0,0
2023-10-11 16:24:58,273.27,nan,-1.00,0,0,0,0,0
2023-10-11 16:25:00,273.27,nan,-1.00,0,0,0,0,0
2023-10-11 16:25:01,273.26,nan,-1.00,0,0,0,0,0
2023-10-11 16:25:03,273.27,nan,-1.00,0,0,0,0,0
2023-10-11 16:25:04,273.27,nan,-1.00,0,0,0,0,0
2023-10-11 16:25:06,273.27,nan,-1.00,0,0,0,0,0
2023-10-11 16:25:07,273.27,nan,-1.00,0,0,0,0,0
2023-10-11 16:25:09,273.27,nan,-1.00,0,0,0,0,0
2023-10-11 16:25:10,273.29,nan,-1.00,0,0,0,0,0
2023-10-11 16:25:12,273.27,nan,-1.00,0,0,0,0,0
2023-10-11 16:25:13,273.31,nan,-1.00,0,0,0,0,0
2023-10-11 16:25:15,273.27,nan,-1.00,0,0,0,0,0
2023-10-11 16:25:16,273.27,nan,-1.00,0,0,0,0,0
2023-10-11 16:25:18,273.27,nan,-1.00,0,0,0,0,0
2023-10-11 16:25:19,273.27,nan,-1.00,0,0,0,0,0
2023-10-11 16:25:21,273.26,nan,-1.00,0,0,0,0,0
2023-10-11 16:25:22,273.26,nan,-1.00,0,0,0,0,0
2023-10-11 16:25:24,273.26,nan,-1.00,0,0,0,0,0
2023-10-11 16:25:26,273.27,nan,-1.00,0,0,0,0,0
2023-10-11 16:25:27,273.27,nan,-1.00,0,0,0,0,0
2023-10-11 16:25:29,273.27,nan,-1.00,0,0,0,0,0
2023-10-11 16:25:30,273.27,nan,-1.00,0,0,0,0,0
2023-10-11 16:25:32,273.27,nan,-1.00,0,0,0,0,0
2023-10-11 16:25:33,273.27,nan,-1.00,0,0,0,0,0
2023-10-11 16:25:35,273.27,nan,-1.00,0,0,0,0,0
2023-10-11 16:25:36,273.27,nan,-1.00,0,0,0,0,0
2023-10-11 16:25:38,273.27,nan,-1.00,0,0,0,0,0
2023-10-11 16:25:39,273.28,nan,-1.00,0,0,0,0,0
2023-10-11 16:25:41,273.28,nan,-1.00,0,0,0,0,0
2023-10-11 16:25:42,273.27,nan,-1.00,0,0,0,0,0
2023-10-11 16:25:44,273.28,nan,-1.00,0,0,0,0,0
2023-10-11 16:25:45,273.28,nan,-1.00,0,0,0,0,0
2023-10-11 16:25:47,273.28,nan,-1.00,0,0,0,0,0
2023-10-11 16:25:48,273.28,nan,-1.00,0,0,0,0,0
2023-10-11 16:25:50,273.28,nan,-1.00,0,0,0,0,0
2023-10-11 16:25:51,273.28,nan,-1.00,0,0,0,0,0
2023-10-11 16:25:53,273.28,nan,-1.00,0,0,0,0,0
2023-10-11 16:25:54,273.28,nan,-1.00,0,0,0,0,0
2023-10-11 16:25:56,273.28,nan,-1.00,0,0,0,0,0
2023-10-11 16:25:57,273.28,nan,-1.00,0,0,0,0,0
2023-10-11 16:25:59,273.28,nan,-1.00,0,0,0,0,0
2023-10-11 16:26:00,273.28,nan,-1.00,0,0,0,0,0
2023-10-11 16:26:02,273.28,nan,-1.00,0,0,0,0,0
2023-10-11 16:26:04,273.28,nan,-1.00,0,0,0,0,0
2023-10-11 16:26:05,273.28,nan,-1.00,0,0,0,0,0
2023-10-11 16:26:07,273.28,nan,-1.00,0,0,0,0,0
2023-10-11 16:26:08,273.28,nan,-1.00,0,0,0,0,0
2023-10-11 16:26:10,273.29,nan,-1.00,0,0,0,0,0
2023-10-11 16:26:11,273.28,nan,-1.00,0,0,0,0,0
2023-10-11 16:26:13,273.28,nan,-1.00,0,0,0,0,0
2023-10-11 16:26:14,273.28,nan,-1.00,0,0,0,0,0
2023-10-11 16:26:16,273.28,nan,-1.00,0,0,0,0,0
2023-10-11 16:26:17,273.28,nan,-1.00,0,0,0,0,0
2023-10-11 16:26:19,273.28,nan,-1.00,0,0,0,0,0
2023-10-11 16:26:20,273.28,nan,-1.00,0,0,0,0,0
2023-10-11 16:26:22,273.28,nan,-1.00,0,0,0,0,0
2023-10-11 16:26:23,273.28,nan,-1.00,0,0,0,0,0
2023-10-11 16:26:25,273.28,nan,-1.00,0,0,0,0,0
2023-10-11 16:26:26,273.28,nan,-1.00,0,0,0,0,0
2023-10-11 16:26:28,273.28,nan,-1.00,0,0,0,0,0
2023-10-11 16:26:29,273.27,nan,-1.00,0,0,0,0,0
2023-10-11 16:26:31,273.27,nan,-1.00,0,0,0,0,0
2023-10-11 16:26:32,273.29,nan,-1.00,0,0,0,0,0
2023-10-11 16:26:34,273.27,nan,-1.00,0,0,0,0,0
2023-10-11 16:26:35,273.27,nan,-1.00,0,0,0,0,0
2023-10-11 16:26:37,273.27,nan,-1.00,0,0,0,0,0
2023-10-11 16:26:39,273.27,nan,-1.00,0,0,0,0,0
2023-10-11 16:26:40,273.27,nan,-1.00,0,0,0,0,0
2023-10-11 16:26:41,273.27,nan,-1.00,0,0,0,0,0
2023-10-11 16:26:43,273.27,nan,-1.00,0,0,0,0,0
2023-10-11 16:26:45,273.27,nan,-1.00,0,0,0,0,0
2023-10-11 16:26:46,273.27,nan,-1.00,0,0,0,0,0
2023-10-11 16:26:48,273.27,nan,-1.00,0,0,0,0,0
2023-10-11 16:26:49,273.27,nan,-1.00,0,0,0,0,0
2023-10-11 16:26:51,273.27,nan,-1.00,0,0,0,0,0
2023-10-11 16:26:52,273.27,nan,-1.00,0,0,0,0,0
2023-10-11 16:26:54,273.30,nan,-1.00,0,0,0,0,0
2023-10-11 16:26:55,273.27,nan,-1.00,0,0,0,0,0
2023-10-11 16:26:57,273.27,nan,-1.00,0,0,0,0,0
2023-10-11 16:26:58,273.27,nan,-1.00,0,0,0,0,0
2023-10-11 16:27:00,273.29,nan,-1.00,0,0,0,0,0
2023-10-11 16:27:01,273.27,nan,-1.00,0,0,0,0,0
2023-10-11 16:27:03,273.27,nan,-1.00,0,0,0,0,0
2023-10-11 16:27:04,273.27,nan,-1.00,0,0,0,0,0
2023-10-11 16:27:06,273.27,nan,-1.00,0,0,0,0,0
2023-10-11 16:27:07,273.27,nan,-1.00,0,0,0,0,0
2023-10-11 16:27:09,273.27,nan,-1.00,0,0,0,0,0
2023-10-11 16:27:10,273.27,nan,-1.00,0,0,0,0,0
2023-10-11 16:27:12,273.27,nan,-1.00,0,0,0,0,0
2023-10-11 16:27:13,273.27,nan,-1.00,0,0,0,0,0
2023-10-11 16:27:15,273.27,nan,-1.00,0,0,0,0,0
2023-10-11 16:27:16,273.27,nan,-1.00,0,0,0,0,0
2023-10-11 16:27:18,273.27,nan,-1.00,0,0,0,0,0
2023-10-11 16:27:20,273.27,nan,-1.00,0,0,0,0,0
2023-10-11 16:27:21,273.27,nan,-1.00,0,0,0,0,0
2023-10-11 16:27:23,273.27,nan,-1.00,0,0,0,0,0
2023-10-11 16:27:24,273.26,nan,-1.00,0,0,0,0,0
2023-10-11 16:27:26,273.26,nan,-1.00,0,0,0,0,0
2023-10-11 16:27:27,273.25,nan,-1.00,0,0,0,0,0
2023-10-11 16:27:29,273.25,nan,-1.00,0,0,0,0,0
2023-10-11 16:27:30,273.26,nan,-1.00,0,0,0,0,0
2023-10-11 16:27:32,273.25,nan,-1.00,0,0,0,0,0
2023-10-11 16:27:33,273.25,nan,-1.00,0,0,0,0,0
2023-10-11 16:27:35,273.26,nan,-1.00,0,0,0,0,0
2023-10-11 16:27:36,273.27,nan,-1.00,0,0,0,0,0
2023-10-11 16:27:38,273.27,nan,-1.00,0,0,0,0,0
2023-10-11 16:27:39,273.26,nan,-1.00,0,0,0,0,0
2023-10-11 16:27:41,273.25,nan,-1.00,0,0,0,0,0
2023-10-11 16:27:42,273.26,nan,-1.00,0,0,0,0,0
2023-10-11 16:27:44,273.25,nan,-1.00,0,0,0,0,0
2023-10-11 16:27:45,273.26,nan,-1.00,0,0,0,0,0
2023-10-11 16:27:47,273.25,nan,-1.00,0,0,0,0,0
2023-10-11 16:27:48,273.25,nan,-1.00,0,0,0,0,0
2023-10-11 16:27:50,273.26,nan,-1.00,0,0,0,0,0
2023-10-11 16:27:51,273.26,nan,-1.00,0,0,0,0,0
2023-10-11 16:27:53,273.26,nan,-1.00,0,0,0,0,0
2023-10-11 16:27:54,273.26,nan,-1.00,0,0,0,0,0
2023-10-11 16:27:56,273.26,nan,-1.00,0,0,0,0,0
2023-10-11 16:27:58,273.26,nan,-1.00,0,0,0,0,0
2023-10-11 16:27:59,273.26,nan,-1.00,0,0,0,0,0
2023-10-11 16:28:01,273.26,nan,-1.00,0,0,0,0,0
2023-10-11 16:28:02,273.26,nan,-1.00,0,0,0,0,0
2023-10-11 16:28:04,273.25,nan,-1.00,0,0,0,0,0
2023-10-11 16:28:05,273.26,nan,-1.00,0,0,0,0,0
2023-10-11 16:28:07,273.26,nan,-1.00,0,0,0,0,0
2023-10-11 16:28:08,273.26,nan,-1.00,0,0,0,0,0
2023-10-11 16:28:10,273.26,nan,-1.00,0,0,0,0,0
2023-10-11 16:28:11,273.26,nan,-1.00,0,0,0,0,0
2023-10-11 16:28:13,273.26,nan,-1.00,0,0,0,0,0
2023-10-11 16:28:14,273.26,nan,-1.00,0,0,0,0,0
2023-10-11 16:28:16,273.26,nan,-1.00,0,0,0,0,0
2023-10-11 16:28:17,273.26,nan,-1.00,0,0,0,0,0
2023-10-11 16:28:19,273.27,nan,-1.00,0,0,0,0,0
2023-10-11 16:28:20,273.27,nan,-1.00,0,0,0,0,0
2023-10-11 16:28:22,273.27,nan,-1.00,0,0,0,0,0
2023-10-11 16:28:23,273.27,nan,-1.00,0,0,0,0,0
2023-10-11 16:28:25,273.27,nan,-1.00,0,0,0,0,0
2023-10-11 16:28:26,273.27,nan,-1.00,0,0,0,0,0
2023-10-11 16:28:28,273.27,nan,-1.00,0,0,0,0,0
2023-10-11 16:28:29,273.27,nan,-1.00,0,0,0,0,0
2023-10-11 16:28:31,273.27,nan,-1.00,0,0,0,0,0
2023-10-11 16:28:33,273.27,nan,-1.00,0,0,0,0,0
2023-10-11 16:28:34,273.27,nan,-1.00,0,0,0,0,0
2023-10-11 16:28:36,273.27,nan,-1.00,0,0,0,0,0
2023-10-11 16:28:37,273.28,nan,-1.00,0,0,0,0,0
2023-10-11 16:28:39,273.27,nan,-1.00,0,0,0,0,0
2023-10-11 16:28:40,273.27,nan,-1.00,0,0,0,0,0
2023-10-11 16:28:42,273.26,nan,-1.00,0,0,0,0,0
2023-10-11 16:28:43,273.29,nan,-1.00,0,0,0,0,0
2023-10-11 16:28:45,273.27,nan,-1.00,0,0,0,0,0
2023-10-11 16:28:46,273.27,nan,-1.00,0,0,0,0,0
2023-10-11 16:28:48,273.26,nan,-1.00,0,0,0,0,0
2023-10-11 16:28:49,273.30,nan,-1.00,0,0,0,0,0
2023-10-11 16:28:51,273.26,nan,-1.00,0,0,0,0,0
2023-10-11 16:28:52,273.27,nan,-1.00,0,0,0,0,0
2023-10-11 16:28:54,273.26,nan,-1.00,0,0,0,0,0
2023-10-11 16:28:55,273.26,nan,-1.00,0,0,0,0,0
2023-10-11 16:28:57,273.27,nan,-1.00,0,0,0,0,0
2023-10-11 16:28:58,273.27,nan,-1.00,0,0,0,0,0
2023-10-11 16:29:00,273.28,nan,-1.00,0,0,0,0,0
2023-10-11 16:29:01,273.27,nan,-1.00,0,0,0,0,0
2023-10-11 16:29:03,273.27,nan,-1.00,0,0,0,0,0
2023-10-11 16:29:04,273.27,nan,-1.00,0,0,0,0,0
2023-10-11 16:29:06,273.27,nan,-1.00,0,0,0,0,0
2023-10-11 16:29:08,273.27,nan,-1.00,0,0,0,0,0
2023-10-11 16:29:09,273.27,nan,-1.00,0,0,0,0,0
2023-10-11 16:29:11,273.28,nan,-1.00,0,0,0,0,0
2023-10-11 16:29:12,273.27,nan,-1.00,0,0,0,0,0
2023-10-11 16:29:14,273.27,nan,-1.00,0,0,0,0,0
2023-10-11 16:29:15,273.28,nan,-1.00,0,0,0,0,0
2023-10-11 16:29:17,273.28,nan,-1.00,0,0,0,0,0
2023-10-11 16:29:18,273.30,nan,-1.00,0,0,0,0,0
2023-10-11 16:29:20,273.31,nan,-1.00,0,0,0,0,0
2023-10-11 16:29:21,273.28,nan,-1.00,0,0,0,0,0
2023-10-11 16:29:23,273.28,nan,-1.00,0,0,0,0,0
2023-10-11 16:29:24,273.28,nan,-1.00,0,0,0,0,0
2023-10-11 16:29:26,273.28,nan,-1.00,0,0,0,0,0
2023-10-11 16:29:27,273.27,nan,-1.00,0,0,0,0,0
2023-10-11 16:29:29,273.27,nan,-1.00,0,0,0,0,0
2023-10-11 16:29:30,273.27,nan,-1.00,0,0,0,0,0
2023-10-11 16:29:32,273.28,nan,-1.00,0,0,0,0,0
2023-10-11 16:29:33,273.27,nan,-1.00,0,0,0,0,0
2023-10-11 16:29:35,273.27,nan,-1.00,0,0,0,0,0
2023-10-11 16:29:36,273.27,nan,-1.00,0,0,0,0,0
2023-10-11 16:29:38,273.27,nan,-1.00,0,0,0,0,0
2023-10-11 16:29:39,273.27,nan,-1.00,0,0,0,0,0
2023-10-11 16:29:41,273.27,nan,-1.00,0,0,0,0,0
2023-10-11 16:29:42,273.27,nan,-1.00,0,0,0,0,0
2023-10-11 16:29:44,273.27,nan,-1.00,0,0,0,0,0
2023-10-11 16:29:45,273.27,nan,-1.00,0,0,0,0,0
2023-10-11 16:29:47,273.27,nan,-1.00,0,0,0,0,0
2023-10-11 16:29:49,273.27,nan,-1.00,0,0,0,0,0
2023-10-11 16:29:50,273.27,nan,-1.00,0,0,0,0,0
2023-10-11 16:29:52,nan,nan,-1.00,0,0,0,0,0
2023-10-11 16:29:53,273.27,nan,-1.00,0,0,0,0,0
2023-10-11 16:29:55,273.27,nan,-1.00,0,0,0,0,0
2023-10-11 16:29:56,273.27,nan,-1.00,0,0,0,0,0
2023-10-11 16:29:58,273.27,nan,-1.00,0,0,0,0,0
2023-10-11 16:29:59,273.27,nan,-1.00,0,0,0,0,0
2023-10-11 16:30:01,273.27,nan,-1.00,0,0,0,0,0
2023-10-11 16:30:02,273.27,nan,-1.00,0,0,0,0,0
2023-10-11 16:30:04,273.27,nan,-1.00,0,0,0,0,0
2023-10-11 16:30:05,273.27,nan,-1.00,0,0,0,0,0
2023-10-11 16:30:07,273.27,nan,-1.00,0,0,0,0,0
2023-10-11 16:30:08,273.27,nan,-1.00,0,0,0,0,0
2023-10-11 16:30:10,273.30,nan,-1.00,0,0,0,0,0
2023-10-11 16:30:11,273.27,nan,-1.00,0,0,0,0,0
2023-10-11 16:30:13,273.28,nan,-1.00,0,0,0,0,0
2023-10-11 16:30:14,273.28,nan,-1.00,0,0,0,0,0
2023-10-11 16:30:16,273.28,nan,-1.00,0,0,0,0,0
2023-10-11 16:30:17,273.28,nan,-1.00,0,0,0,0,0
2023-10-11 16:30:19,273.28,nan,-1.00,0,0,0,0,0
2023-10-11 16:30:20,273.28,nan,-1.00,0,0,0,0,0
2023-10-11 16:30:22,273.28,nan,-1.00,0,0,0,0,0
2023-10-11 16:30:23,273.28,nan,-1.00,0,0,0,0,0
2023-10-11 16:30:25,273.28,nan,-1.00,0,0,0,0,0
2023-10-11 16:30:27,273.28,nan,-1.00,0,0,0,0,0
2023-10-11 16:30:28,273.28,nan,-1.00,0,0,0,0,0
2023-10-11 16:30:30,273.28,nan,-1.00,0,0,0,0,0
2023-10-11 16:30:31,273.28,nan,-1.00,0,0,0,0,0
2023-10-11 16:30:33,273.28,nan,-1.00,0,0,0,0,0
2023-10-11 16:30:34,273.28,nan,-1.00,0,0,0,0,0
2023-10-11 16:30:36,273.28,nan,-1.00,0,0,0,0,0
2023-10-11 16:30:37,273.29,nan,-1.00,0,0,0,0,0
2023-10-11 16:30:39,273.28,nan,-1.00,0,0,0,0,0
2023-10-11 16:30:40,273.27,nan,-1.00,0,0,0,0,0
2023-10-11 16:30:42,273.28,nan,-1.00,0,0,0,0,0
2023-10-11 16:30:43,nan,nan,-1.00,0,0,0,0,0
2023-10-11 16:30:45,273.27,nan,-1.00,0,0,0,0,0
2023-10-11 16:30:47,273.26,nan,-1.00,0,0,0,0,0
2023-10-11 16:30:48,273.27,nan,-1.00,0,0,0,0,0
2023-10-11 16:30:50,273.27,nan,-1.00,0,0,0,0,0
2023-10-11 16:30:51,273.27,nan,-1.00,0,0,0,0,0
2023-10-11 16:30:53,273.27,nan,-1.00,0,0,0,0,0
2023-10-11 16:30:54,273.27,nan,-1.00,0,0,0,0,0
2023-10-11 16:30:56,nan,nan,-1.00,0,0,0,0,0
2023-10-11 16:30:57,273.27,nan,-1.00,0,0,0,0,0
2023-10-11 16:30:59,273.27,nan,-1.00,0,0,0,0,0
2023-10-11 16:31:00,273.27,nan,-1.00,0,0,0,0,0
2023-10-11 16:31:02,273.27,nan,-1.00,0,0,0,0,0
2023-10-11 16:31:03,273.27,nan,-1.00,0,0,0,0,0
2023-10-11 16:31:05,273.27,nan,-1.00,0,0,0,0,0
2023-10-11 16:31:06,273.27,nan,-1.00,0,0,0,0,0
2023-10-11 16:31:08,273.27,nan,-1.00,0,0,0,0,0
2023-10-11 16:31:09,273.27,nan,-1.00,0,0,0,0,0
2023-10-11 16:31:11,273.27,nan,-1.00,0,0,0,0,0
2023-10-11 16:31:12,273.27,nan,-1.00,0,0,0,0,0
2023-10-11 16:31:14,273.30,nan,-1.00,0,0,0,0,0
2023-10-11 16:31:15,273.27,nan,-1.00,0,0,0,0,0
2023-10-11 16:31:17,273.27,nan,-1.00,0,0,0,0,0
2023-10-11 16:31:19,273.27,nan,-1.00,0,0,0,0,0
2023-10-11 16:31:20,273.27,nan,-1.00,0,0,0,0,0
2023-10-11 16:31:22,nan,nan,-1.00,0,0,0,0,0
2023-10-11 16:31:23,273.27,nan,-1.00,0,0,0,0,0
2023-10-11 16:31:25,273.26,nan,-1.00,0,0,0,0,0
2023-10-11 16:31:26,273.26,nan,-1.00,0,0,0,0,0
2023-10-11 16:31:28,273.27,nan,-1.00,0,0,0,0,0
2023-10-11 16:31:29,273.26,nan,-1.00,0,0,0,0,0
2023-10-11 16:31:31,273.26,nan,-1.00,0,0,0,0,0
2023-10-11 16:31:32,273.26,nan,-1.00,0,0,0,0,0
2023-10-11 16:31:34,273.26,nan,-1.00,0,0,0,0,0
2023-10-11 16:31:35,273.27,nan,-1.00,0,0,0,0,0
2023-10-11 16:31:37,273.27,nan,-1.00,0,0,0,0,0
2023-10-11 16:31:38,273.27,nan,-1.00,0,0,0,0,0
2023-10-11 16:31:40,273.27,nan,-1.00,0,0,0,0,0
2023-10-11 16:31:41,273.27,nan,-1.00,0,0,0,0,0
2023-10-11 16:31:43,273.27,nan,-1.00,0,0,0,0,0
2023-10-11 16:31:44,273.27,nan,-1.00,0,0,0,0,0
2023-10-11 16:31:46,273.26,nan,-1.00,0,0,0,0,0
2023-10-11 16:31:47,273.27,nan,-1.00,0,0,0,0,0
2023-10-11 16:31:49,273.27,nan,-1.00,0,0,0,0,0
2023-10-11 16:31:50,273.26,nan,-1.00,0,0,0,0,0
2023-10-11 16:31:52,273.27,nan,-1.00,0,0,0,0,0
2023-10-11 16:31:53,273.27,nan,-1.00,0,0,0,0,0
2023-10-11 16:31:55,273.27,nan,-1.00,0,0,0,0,0
2023-10-11 16:31:57,273.27,nan,-1.00,0,0,0,0,0
2023-10-11 16:31:58,273.27,nan,-1.00,0,0,0,0,0
2023-10-11 16:32:00,273.27,nan,-1.00,0,0,0,0,0
2023-10-11 16:32:01,273.27,nan,-1.00,0,0,0,0,0
2023-10-11 16:32:03,273.27,nan,-1.00,0,0,0,0,0
2023-10-11 16:32:04,273.27,nan,-1.00,0,0,0,0,0
2023-10-11 16:32:06,273.29,nan,-1.00,0,0,0,0,0
2023-10-11 16:32:07,273.27,nan,-1.00,0,0,0,0,0
2023-10-11 16:32:09,273.27,nan,-1.00,0,0,0,0,0
2023-10-11 16:32:10,273.27,nan,-1.00,0,0,0,0,0
2023-10-11 16:32:12,273.28,nan,-1.00,0,0,0,0,0
2023-10-11 16:32:13,273.28,nan,-1.00,0,0,0,0,0
2023-10-11 16:32:15,273.28,nan,-1.00,0,0,0,0,0
2023-10-11 16:32:16,273.28,nan,-1.00,0,0,0,0,0
2023-10-11 16:32:18,273.29,nan,-1.00,0,0,0,0,0
2023-10-11 16:32:19,273.30,nan,-1.00,0,0,0,0,0
2023-10-11 16:32:21,273.29,nan,-1.00,0,0,0,0,0
2023-10-11 16:32:22,273.29,nan,-1.00,0,0,0,0,0
2023-10-11 16:32:24,273.28,nan,-1.00,0,0,0,0,0
2023-10-11 16:32:25,273.29,nan,-1.00,0,0,0,0,0
2023-10-11 16:32:27,273.28,nan,-1.00,0,0,0,0,0
2023-10-11 16:32:28,273.29,nan,-1.00,0,0,0,0,0
2023-10-11 16:32:30,273.29,nan,-1.00,0,0,0,0,0
2023-10-11 16:32:31,273.30,nan,-1.00,0,0,0,0,0
2023-10-11 16:32:33,273.29,nan,-1.00,0,0,0,0,0
2023-10-11 16:32:35,273.29,nan,-1.00,0,0,0,0,0
2023-10-11 16:32:36,273.31,nan,-1.00,0,0,0,0,0
2023-10-11 16:32:38,273.29,nan,-1.00,0,0,0,0,0
2023-10-11 16:32:39,273.29,nan,-1.00,0,0,0,0,0
2023-10-11 16:32:41,273.28,nan,-1.00,0,0,0,0,0
2023-10-11 16:32:42,273.29,nan,-1.00,0,0,0,0,0
2023-10-11 16:32:44,273.29,nan,-1.00,0,0,0,0,0
2023-10-11 16:32:45,273.28,nan,-1.00,0,0,0,0,0
2023-10-11 16:32:47,273.28,nan,-1.00,0,0,0,0,0
2023-10-11 16:32:48,273.28,nan,-1.00,0,0,0,0,0
2023-10-11 16:32:50,273.28,nan,-1.00,0,0,0,0,0
2023-10-11 16:32:51,273.28,nan,-1.00,0,0,0,0,0
2023-10-11 16:32:53,273.28,nan,-1.00,0,0,0,0,0
2023-10-11 16:32:54,273.28,nan,-1.00,0,0,0,0,0
2023-10-11 16:32:56,273.27,nan,-1.00,0,0,0,0,0
2023-10-11 16:32:57,273.28,nan,-1.00,0,0,0,0,0
2023-10-11 16:32:59,273.28,nan,-1.00,0,0,0,0,0
2023-10-11 16:33:00,273.28,nan,-1.00,0,0,0,0,0
2023-10-11 16:33:02,273.28,nan,-1.00,0,0,0,0,0
2023-10-11 16:33:03,273.27,nan,-1.00,0,0,0,0,0
2023-10-11 16:33:05,273.27,nan,-1.00,0,0,0,0,0
2023-10-11 16:33:06,273.27,nan,-1.00,0,0,0,0,0
2023-10-11 16:33:08,273.27,nan,-1.00,0,0,0,0,0
2023-10-11 16:33:09,273.27,nan,-1.00,0,0,0,0,0
2023-10-11 16:33:11,273.27,nan,-1.00,0,0,0,0,0
2023-10-11 16:33:13,273.27,nan,-1.00,0,0,0,0,0
2023-10-11 16:33:14,273.26,nan,-1.00,0,0,0,0,0
2023-10-11 16:33:16,273.27,nan,-1.00,0,0,0,0,0
2023-10-11 16:33:17,273.27,nan,-1.00,0,0,0,0,0
2023-10-11 16:33:19,273.27,nan,-1.00,0,0,0,0,0
2023-10-11 16:33:20,273.27,nan,-1.00,0,0,0,0,0
2023-10-11 16:33:22,273.27,nan,-1.00,0,0,0,0,0
2023-10-11 16:33:23,273.28,nan,-1.00,0,0,0,0,0
2023-10-11 16:33:25,273.28,nan,-1.00,0,0,0,0,0
2023-10-11 16:33:26,273.28,nan,-1.00,0,0,0,0,0
2023-10-11 16:33:28,273.27,nan,-1.00,0,0,0,0,0
2023-10-11 16:33:29,273.28,nan,-1.00,0,0,0,0,0
2023-10-11 16:33:31,273.29,nan,-1.00,0,0,0,0,0
2023-10-11 16:33:32,273.30,nan,-1.00,0,0,0,0,0
2023-10-11 16:33:34,273.32,nan,-1.00,0,0,0,0,0
2023-10-11 16:33:35,273.28,nan,-1.00,0,0,0,0,0
2023-10-11 16:33:37,273.28,nan,-1.00,0,0,0,0,0
2023-10-11 16:33:38,273.30,nan,-1.00,0,0,0,0,0
2023-10-11 16:33:40,273.29,nan,-1.00,0,0,0,0,0
2023-10-11 16:33:41,273.28,nan,-1.00,0,0,0,0,0
2023-10-11 16:33:43,273.28,nan,-1.00,0,0,0,0,0
2023-10-11 16:33:44,273.28,nan,-1.00,0,0,0,0,0
2023-10-11 16:33:46,273.31,nan,-1.00,0,0,0,0,0
2023-10-11 16:33:47,273.28,nan,-1.00,0,0,0,0,0
2023-10-11 16:33:49,273.28,nan,-1.00,0,0,0,0,0
2023-10-11 16:33:51,273.28,nan,-1.00,0,0,0,0,0
2023-10-11 16:33:52,273.29,nan,-1.00,0,0,0,0,0
2023-10-11 16:33:54,273.28,nan,-1.00,0,0,0,0,0
2023-10-11 16:33:55,273.28,nan,-1.00,0,0,0,0,0
2023-10-11 16:33:57,273.28,nan,-1.00,0,0,0,0,0
2023-10-11 16:33:58,273.28,nan,-1.00,0,0,0,0,0
2023-10-11 16:34:00,273.28,nan,-1.00,0,0,0,0,0
2023-10-11 16:34:01,273.28,nan,-1.00,0,0,0,0,0
2023-10-11 16:34:03,273.28,nan,-1.00,0,0,0,0,0
2023-10-11 16:34:04,273.28,nan,-1.00,0,0,0,0,0
2023-10-11 16:34:06,273.27,nan,-1.00,0,0,0,0,0
2023-10-11 16:34:07,273.27,nan,-1.00,0,0,0,0,0
2023-10-11 16:34:09,273.29,nan,-1.00,0,0,0,0,0
2023-10-11 16:34:10,273.27,nan,-1.00,0,0,0,0,0
2023-10-11 16:34:12,273.27,nan,-1.00,0,0,0,0,0
2023-10-11 16:34:13,273.27,nan,-1.00,0,0,0,0,0
2023-10-11 16:34:15,273.27,nan,-1.00,0,0,0,0,0
2023-10-11 16:34:16,273.27,nan,-1.00,0,0,0,0,0
2023-10-11 16:34:18,273.27,nan,-1.00,0,0,0,0,0
2023-10-11 16:34:19,273.26,nan,-1.00,0,0,0,0,0
2023-10-11 16:34:21,273.27,nan,-1.00,0,0,0,0,0
2023-10-11 16:34:22,273.26,nan,-1.00,0,0,0,0,0
2023-10-11 16:34:24,273.27,nan,-1.00,0,0,0,0,0
2023-10-11 16:34:25,273.26,nan,-1.00,0,0,0,0,0
2023-10-11 16:34:27,273.26,nan,-1.00,0,0,0,0,0
2023-10-11 16:34:29,273.27,nan,-1.00,0,0,0,0,0
2023-10-11 16:34:30,273.26,nan,-1.00,0,0,0,0,0
2023-10-11 16:34:32,273.26,nan,-1.00,0,0,0,0,0
2023-10-11 16:34:33,273.26,nan,-1.00,0,0,0,0,0
2023-10-11 16:34:35,273.26,nan,-1.00,0,0,0,0,0
2023-10-11 16:34:36,273.27,nan,-1.00,0,0,0,0,0
2023-10-11 16:34:38,273.26,nan,-1.00,0,0,0,0,0
2023-10-11 16:34:39,273.26,nan,-1.00,0,0,0,0,0
2023-10-11 16:34:41,273.26,nan,-1.00,0,0,0,0,0
2023-10-11 16:34:42,273.26,nan,-1.00,0,0,0,0,0
2023-10-11 16:34:44,273.26,nan,-1.00,0,0,0,0,0
2023-10-11 16:34:45,273.26,nan,-1.00,0,0,0,0,0
2023-10-11 16:34:47,273.26,nan,-1.00,0,0,0,0,0
2023-10-11 16:34:48,273.26,nan,-1.00,0,0,0,0,0
2023-10-11 16:34:50,273.27,nan,-1.00,0,0,0,0,0
2023-10-11 16:34:51,273.26,nan,-1.00,0,0,0,0,0
2023-10-11 16:34:53,273.26,nan,-1.00,0,0,0,0,0
2023-10-11 16:34:54,273.26,nan,-1.00,0,0,0,0,0
2023-10-11 16:34:56,273.26,nan,-1.00,0,0,0,0,0
2023-10-11 16:34:57,273.27,nan,-1.00,0,0,0,0,0
2023-10-11 16:34:59,273.26,nan,-1.00,0,0,0,0,0
2023-10-11 16:35:00,273.26,nan,-1.00,0,0,0,0,0
2023-10-11 16:35:02,273.26,nan,-1.00,0,0,0,0,0
2023-10-11 16:35:03,273.26,nan,-1.00,0,0,0,0,0
2023-10-11 16:35:05,273.26,nan,-1.00,0,0,0,0,0
2023-10-11 16:35:07,273.30,nan,-1.00,0,0,0,0,0
2023-10-11 16:35:08,273.26,nan,-1.00,0,0,0,0,0
2023-10-11 16:35:10,273.27,nan,-1.00,0,0,0,0,0
2023-10-11 16:35:11,273.26,nan,-1.00,0,0,0,0,0
2023-10-11 16:35:13,273.26,nan,-1.00,0,0,0,0,0
2023-10-11 16:35:14,273.26,nan,-1.00,0,0,0,0,0
2023-10-11 16:35:16,273.26,nan,-1.00,0,0,0,0,0
2023-10-11 16:35:17,273.26,nan,-1.00,0,0,0,0,0
2023-10-11 16:35:19,273.26,nan,-1.00,0,0,0,0,0
2023-10-11 16:35:20,273.26,nan,-1.00,0,0,0,0,0
2023-10-11 16:35:22,273.26,nan,-1.00,0,0,0,0,0
2023-10-11 16:35:23,273.26,nan,-1.00,0,0,0,0,0
2023-10-11 16:35:25,273.26,nan,-1.00,0,0,0,0,0
2023-10-11 16:35:26,273.26,nan,-1.00,0,0,0,0,0
2023-10-11 16:35:28,273.26,nan,-1.00,0,0,0,0,0
2023-10-11 16:35:29,273.26,nan,-1.00,0,0,0,0,0
2023-10-11 16:35:31,273.26,nan,-1.00,0,0,0,0,0
2023-10-11 16:35:32,273.26,nan,-1.00,0,0,0,0,0
2023-10-11 16:35:34,273.26,nan,-1.00,0,0,0,0,0
2023-10-11 16:35:35,273.26,nan,-1.00,0,0,0,0,0
2023-10-11 16:35:37,273.26,nan,-1.00,0,0,0,0,0
2023-10-11 16:35:38,273.26,nan,-1.00,0,0,0,0,0
2023-10-11 16:35:40,273.28,nan,-1.00,0,0,0,0,0
2023-10-11 16:35:42,273.25,nan,-1.00,0,0,0,0,0
2023-10-11 16:35:43,273.28,nan,-1.00,0,0,0,0,0
2023-10-11 16:35:45,273.25,nan,-1.00,0,0,0,0,0
2023-10-11 16:35:46,273.25,nan,-1.00,0,0,0,0,0
2023-10-11 16:35:48,273.25,nan,-1.00,0,0,0,0,0
2023-10-11 16:35:49,273.25,nan,-1.00,0,0,0,0,0
2023-10-11 16:35:51,273.25,nan,-1.00,0,0,0,0,0
2023-10-11 16:35:52,273.25,nan,-1.00,0,0,0,0,0
2023-10-11 16:35:54,273.25,nan,-1.00,0,0,0,0,0
2023-10-11 16:35:55,273.25,nan,-1.00,0,0,0,0,0
2023-10-11 16:35:57,273.25,nan,-1.00,0,0,0,0,0
2023-10-11 16:35:58,273.25,nan,-1.00,0,0,0,0,0
2023-10-11 16:36:00,273.25,nan,-1.00,0,0,0,0,0
2023-10-11 16:36:01,273.25,nan,-1.00,0,0,0,0,0
2023-10-11 16:36:03,273.25,nan,-1.00,0,0,0,0,0
2023-10-11 16:36:04,273.26,nan,-1.00,0,0,0,0,0
2023-10-11 16:36:06,273.25,nan,-1.00,0,0,0,0,0
2023-10-11 16:36:07,273.24,nan,-1.00,0,0,0,0,0
2023-10-11 16:36:09,273.25,nan,-1.00,0,0,0,0,0
2023-10-11 16:36:10,273.25,nan,-1.00,0,0,0,0,0
2023-10-11 16:36:12,273.27,nan,-1.00,0,0,0,0,0
2023-10-11 16:36:13,273.25,nan,-1.00,0,0,0,0,0
2023-10-11 16:36:15,273.26,nan,-1.00,0,0,0,0,0
2023-10-11 16:36:17,273.26,nan,-1.00,0,0,0,0,0
2023-10-11 16:36:18,273.26,nan,-1.00,0,0,0,0,0
2023-10-11 16:36:20,273.26,nan,-1.00,0,0,0,0,0
2023-10-11 16:36:21,273.25,nan,-1.00,0,0,0,0,0
2023-10-11 16:36:23,273.26,nan,-1.00,0,0,0,0,0
2023-10-11 16:36:24,273.26,nan,-1.00,0,0,0,0,0
2023-10-11 16:36:26,273.26,nan,-1.00,0,0,0,0,0
2023-10-11 16:36:27,273.27,nan,-1.00,0,0,0,0,0
2023-10-11 16:36:29,273.26,nan,-1.00,0,0,0,0,0
2023-10-11 16:36:30,273.27,nan,-1.00,0,0,0,0,0
2023-10-11 16:36:32,273.26,nan,-1.00,0,0,0,0,0
2023-10-11 16:36:33,273.26,nan,-1.00,0,0,0,0,0
2023-10-11 16:36:35,273.27,nan,-1.00,0,0,0,0,0
2023-10-11 16:36:36,273.28,nan,-1.00,0,0,0,0,0
2023-10-11 16:36:38,273.27,nan,-1.00,0,0,0,0,0
2023-10-11 16:36:39,273.27,nan,-1.00,0,0,0,0,0
2023-10-11 16:36:41,273.27,nan,-1.00,0,0,0,0,0
2023-10-11 16:36:42,273.27,nan,-1.00,0,0,0,0,0
2023-10-11 16:36:44,273.27,nan,-1.00,0,0,0,0,0
2023-10-11 16:36:45,273.27,nan,-1.00,0,0,0,0,0
2023-10-11 16:36:47,273.27,nan,-1.00,0,0,0,0,0
2023-10-11 16:36:48,273.27,nan,-1.00,0,0,0,0,0
2023-10-11 16:36:50,273.29,nan,-1.00,0,0,0,0,0
2023-10-11 16:36:52,273.27,nan,-1.00,0,0,0,0,0
2023-10-11 16:36:53,273.28,nan,-1.00,0,0,0,0,0
2023-10-11 16:36:55,273.27,nan,-1.00,0,0,0,0,0
2023-10-11 16:36:56,273.28,nan,-1.00,0,0,0,0,0
2023-10-11 16:36:58,273.27,nan,-1.00,0,0,0,0,0
2023-10-11 16:36:59,273.26,nan,-1.00,0,0,0,0,0
2023-10-11 16:37:01,273.26,nan,-1.00,0,0,0,0,0
2023-10-11 16:37:02,273.26,nan,-1.00,0,0,0,0,0
2023-10-11 16:37:04,273.26,nan,-1.00,0,0,0,0,0
2023-10-11 16:37:05,273.28,nan,-1.00,0,0,0,0,0
2023-10-11 16:37:07,273.26,nan,-1.00,0,0,0,0,0
2023-10-11 16:37:08,273.26,nan,-1.00,0,0,0,0,0
2023-10-11 16:37:10,273.27,nan,-1.00,0,0,0,0,0
2023-10-11 16:37:11,273.26,nan,-1.00,0,0,0,0,0
2023-10-11 16:37:13,273.27,nan,-1.00,0,0,0,0,0
2023-10-11 16:37:14,273.28,nan,-1.00,0,0,0,0,0
2023-10-11 16:37:16,273.25,nan,-1.00,0,0,0,0,0
2023-10-11 16:37:17,273.27,nan,-1.00,0,0,0,0,0
2023-10-11 16:37:19,273.26,nan,-1.00,0,0,0,0,0
2023-10-11 16:37:20,273.28,nan,-1.00,0,0,0,0,0
2023-10-11 16:37:22,273.26,nan,-1.00,0,0,0,0,0
2023-10-11 16:37:23,273.27,nan,-1.00,0,0,0,0,0
2023-10-11 16:37:25,273.26,nan,-1.00,0,0,0,0,0
2023-10-11 16:37:27,273.26,nan,-1.00,0,0,0,0,0
2023-10-11 16:37:28,273.26,nan,-1.00,0,0,0,0,0
2023-10-11 16:37:30,273.27,nan,-1.00,0,0,0,0,0
2023-10-11 16:37:31,273.26,nan,-1.00,0,0,0,0,0
2023-10-11 16:37:33,273.26,nan,-1.00,0,0,0,0,0
2023-10-11 16:37:34,273.26,nan,-1.00,0,0,0,0,0
2023-10-11 16:37:36,273.26,nan,-1.00,0,0,0,0,0
2023-10-11 16:37:37,273.25,nan,-1.00,0,0,0,0,0
2023-10-11 16:37:39,273.26,nan,-1.00,0,0,0,0,0
2023-10-11 16:37:40,273.26,nan,-1.00,0,0,0,0,0
2023-10-11 16:37:42,273.26,nan,-1.00,0,0,0,0,0
2023-10-11 16:37:43,273.27,nan,-1.00,0,0,0,0,0
2023-10-11 16:37:45,273.26,nan,-1.00,0,0,0,0,0
2023-10-11 16:37:46,273.26,nan,-1.00,0,0,0,0,0
2023-10-11 16:37:48,273.26,nan,-1.00,0,0,0,0,0
2023-10-11 16:37:49,273.26,nan,-1.00,0,0,0,0,0
2023-10-11 16:37:51,273.26,nan,-1.00,0,0,0,0,0
2023-10-11 16:37:52,273.26,nan,-1.00,0,0,0,0,0
2023-10-11 16:37:54,273.26,nan,-1.00,0,0,0,0,0
2023-10-11 16:37:55,273.28,nan,-1.00,0,0,0,0,0
2023-10-11 16:37:57,273.26,nan,-1.00,0,0,0,0,0
2023-10-11 16:37:58,273.25,nan,-1.00,0,0,0,0,0
2023-10-11 16:38:00,273.26,nan,-1.00,0,0,0,0,0
2023-10-11 16:38:01,273.26,nan,-1.00,0,0,0,0,0
2023-10-11 16:38:03,273.26,nan,-1.00,0,0,0,0,0
2023-10-11 16:38:04,273.27,nan,-1.00,0,0,0,0,0
2023-10-11 16:38:07,273.25,nan,-1.00,0,0,0,0,0
2023-10-11 16:38:09,273.25,nan,-1.00,0,0,0,0,0
2023-10-11 16:38:10,273.25,nan,-1.00,0,0,0,0,0
2023-10-11 16:38:12,273.25,nan,-1.00,0,0,0,0,0
2023-10-11 16:38:14,273.25,nan,-1.00,0,0,0,0,0
2023-10-11 16:38:15,273.25,nan,-1.00,0,0,0,0,0
2023-10-11 16:38:17,273.25,nan,-1.00,0,0,0,0,0
2023-10-11 16:38:18,273.25,nan,-1.00,0,0,0,0,0
2023-10-11 16:38:20,273.25,nan,-1.00,0,0,0,0,0
2023-10-11 16:38:21,273.25,nan,-1.00,0,0,0,0,0
2023-10-11 16:38:23,273.25,nan,-1.00,0,0,0,0,0
2023-10-11 16:38:25,nan,nan,-1.00,0,0,0,0,0
2023-10-11 16:38:27,nan,nan,-1.00,0,0,0,0,0
