time,voltage,current,shunt_voltage,temperature,temperature old
2024-02-07 15:12:34,0.182378619,0.0230777284098359,1.08763257,346.5386351986641,346.5386351986641
2024-02-07 15:12:38,0.182541213,0.0230741503656976,1.08746394,346.86331602808514,346.8632243128213
2024-02-07 15:12:43,0.182660369,0.0230720444481222,1.08736469,347.0944311339811,347.0942247746374
2024-02-07 15:12:47,0.182751168,0.0230692538155831,1.08723317,347.28656625241246,347.28626817780486
2024-02-07 15:12:51,0.182882993,0.0230668983706457,1.08712216,347.5426891379492,347.54229934807773
2024-02-07 15:12:55,0.182943627,0.0230649717478161,1.08703136,347.67194724326407,347.67146573812875
2024-02-07 15:13:00,0.182997021,0.0230640756984538,1.08698913,347.77501705427784,347.77442090506264
2024-02-07 15:13:04,0.183039253,0.023062430642639,1.0869116,347.86919523681973,347.8685073723407
2024-02-07 15:13:08,0.18307515,0.0230616818483696,1.08687631,347.940496485638,347.93971690589507
2024-02-07 15:13:12,0.18314785,0.023060292897594,1.08681085,348.08309812086003,348.0822268258532
2024-02-07 15:13:17,0.183177413,0.0230587503262315,1.08673815,348.1543910924715,348.1534051533848
2024-02-07 15:13:21,0.183209087,0.0230580910732434,1.08670708,348.21731743915035,348.2162397847998
2024-02-07 15:13:25,0.183241063,0.0230579949542851,1.08670255,348.2731437334941,348.2719743638797
2024-02-07 15:13:29,0.183260671,0.0230564651139105,1.08663045,348.3273159608963,348.326054876018
2024-02-07 15:13:34,0.183319193,0.0230570859617518,1.08665971,348.41866131305136,348.4172855840932
2024-02-07 15:13:38,0.183340007,0.0230559083453747,1.08660421,348.4701316111268,348.4686641669048
2024-02-07 15:13:42,0.183363235,0.023053988088039,1.08651371,348.53577542474335,348.53421626525744
2024-02-07 15:13:46,0.183389178,0.0230544553152935,1.08653573,348.5737135203019,348.57206264555214
2024-02-07 15:13:51,0.183402753,0.0230543080602005,1.08652879,348.598937554196,348.5971720353664
2024-02-07 15:13:55,0.183428997,0.0230538856035867,1.08650888,348.64944027255746,348.64758303846395
2024-02-07 15:13:59,0.183475151,0.0230534120108383,1.08648656,348.73454259286547,348.7325936435081
2024-02-07 15:14:03,0.183495362,0.0230528807042782,1.08646152,348.7762529806773,348.77421231605604
2024-02-07 15:14:07,0.183506825,0.0230522855305957,1.08643347,348.80393370473274,348.8018013248476
2024-02-07 15:14:11,0.18352583,0.0230522023548083,1.08642955,348.83751858228555,348.83529448713654
2024-02-07 15:14:16,0.183538801,0.0230507109195804,1.08635926,348.8799470188161,348.8776082795872
2024-02-07 15:14:20,0.183577112,0.0230517671672066,1.08640904,348.9309616424866,348.9285311879938
2024-02-07 15:14:24,0.183598831,0.0230509222539789,1.08636922,348.97950383263003,348.9769816628734
2024-02-07 15:14:28,0.183601245,0.023049840544377,1.08631824,348.9983817756902,348.9957678906697
2024-02-07 15:14:32,0.183613311,0.0230487458916041,1.08626665,349.03387785333683,349.03117225305243
2024-02-07 15:14:36,0.183634729,0.0230496739806191,1.08631039,349.057857186863,349.0550598713147
2024-02-07 15:14:41,0.183647398,0.0230485922710172,1.08625941,349.09423117260724,349.0913192129791
2024-02-07 15:14:45,0.183662783,0.0230478755164006,1.08622563,349.1302584759535,349.1272548010615
2024-02-07 15:14:49,0.183688123,0.0230473378443467,1.08620029,349.1808152859451,349.1777198957892
2024-02-07 15:14:53,0.183695362,0.0230475105614153,1.08620843,349.1908935681635,349.1877064627438
2024-02-07 15:14:58,0.18371678,0.0230478562077357,1.08622472,349.22280023205576,349.21949848255616
2024-02-07 15:15:02,0.183735483,0.0230475105614153,1.08620843,349.2594460807551,349.2560526159916
2024-02-07 15:15:06,0.183744834,0.0230476705474961,1.08621597,349.2732946352734,349.26980945524605
2024-02-07 15:15:10,0.183767157,0.0230484195539486,1.08625127,349.30124061386806,349.2976637185768
2024-02-07 15:15:15,0.18378043,0.0230472480908822,1.08619606,349.3398781454602,349.33618660608914
2024-02-07 15:15:19,0.183792798,0.0230468322119454,1.08617646,349.3666895471192,349.3629062924843
2024-02-07 15:15:23,0.183801546,0.0230476003148797,1.08621266,349.37124894739793,349.3673739774991
2024-02-07 15:15:27,0.183806071,0.0230463713501849,1.08615474,349.3957467759347,349.391780090772
2024-02-07 15:15:32,0.183826886,0.0230460063951995,1.08613754,349.43628255594393,349.4322012267014
2024-02-07 15:15:36,0.183850114,0.0230463009053854,1.08615142,349.47194507653177,349.4677720320253
2024-02-07 15:15:40,0.18385132,0.0230456096127445,1.08611884,349.4834871652804,349.4792224055101
2024-02-07 15:15:44,0.183864593,0.0230455648421039,1.08611673,349.50680119276063,349.50244471772646
2024-02-07 15:15:49,0.183874548,0.0230444254186903,1.08606303,349.5393667068745,349.53489558776045
2024-02-07 15:15:53,0.183889329,0.0230455968817567,1.08611824,349.548716201996,349.5441533676181
2024-02-07 15:15:57,0.183899887,0.0230449376287686,1.08608717,349.57575969609474,349.57110514645296
2024-02-07 15:16:01,0.183908937,0.0230439134207952,1.0860389,349.60519812335514,349.6004518584495
2024-02-07 15:16:05,0.183917685,0.0230427355922349,1.08598339,349.6362142088114,349.63137622864184
2024-02-07 15:16:09,0.183929752,0.023043945460448,1.08604041,349.6404129253891,349.6354832299557
2024-02-07 15:16:14,0.183945438,0.023043535734822,1.0860211,349.6728283451357,349.6677840056224
2024-02-07 15:16:18,0.183955091,0.023043011005939,1.08599637,349.69650633995997,349.6913702851828
2024-02-07 15:16:22,0.183971381,0.0230435102728462,1.0860199,349.7175643386348,349.7123365685938
2024-02-07 15:16:26,0.183971381,0.0230423388097799,1.08596469,349.73359351355214,349.72827402824726
2024-02-07 15:16:30,0.183981335,0.0230428764818339,1.08599003,349.74333210793395,349.73792090736515
2024-02-07 15:16:35,0.183996418,0.023042191554687,1.08595775,349.7784688269919,349.7729429823433
2024-02-07 15:16:39,0.183999133,0.0230426333199657,1.08597857,349.7771758426258,349.77155828271333
2024-02-07 15:16:43,0.184015423,0.0230433053039417,1.08601024,349.7958824778525,349.7901732026761
2024-02-07 15:16:47,0.184021155,0.0230424412942322,1.08596952,349.8174997835967,349.81169879315644
2024-02-07 15:16:51,0.184032316,0.023041525936205,1.08592638,349.8490696643365,349.8431769586324
2024-02-07 15:16:55,0.184042271,0.0230415579758578,1.08592789,349.8656904178877,349.85970599691973
2024-02-07 15:17:00,0.184050114,0.0230415516103638,1.08592759,349.8792576800275,349.8731586149796
2024-02-07 15:17:04,0.184063689,0.0230418459083665,1.08594146,349.8984773692316,349.8922865889199
2024-02-07 15:17:08,0.184067912,0.0230423965235915,1.08596741,349.8982701053134,349.8919876097378
2024-02-07 15:17:12,0.184088425,0.0230409178193515,1.08589772,349.9534522245803,349.9470780137408
2024-02-07 15:17:17,0.184092949,0.023040591481696,1.08588234,349.96572074173,349.9592318868107
2024-02-07 15:17:21,0.184099888,0.0230417436360974,1.08593664,349.96194960689814,349.9553690367149
2024-02-07 15:17:25,0.184101396,0.0230408155470823,1.0858929,349.977249129976,349.97057684452886
2024-02-07 15:17:29,0.184110144,0.0230406235213488,1.08588385,349.9948649975205,349.9881009968095
2024-02-07 15:17:34,0.18412764,0.0230414363949237,1.08592216,350.01372734060726,350.0068486958164
2024-02-07 15:17:38,0.184135182,0.0230408282780702,1.0858935,350.0349550475963,350.0279846875416
2024-02-07 15:17:42,0.1841385,0.0230401306199354,1.08586062,350.0502043756242,350.04314230030565
2024-02-07 15:17:46,0.184147852,0.023040194699241,1.08586364,350.06536240867945,350.058208618097
2024-02-07 15:17:51,0.184152376,0.0230396504495099,1.08583799,350.0806017894626,350.0733333548003
2024-02-07 15:17:55,0.184160823,0.0230393688824951,1.08582472,350.09892666889783,350.09156651897166
2024-02-07 15:17:59,0.184181034,0.023040450592097,1.0858757,350.1187285532879,350.11127668809786
2024-02-07 15:18:03,0.184177414,0.0230391768567615,1.08581567,350.13000495037903,350.1224613699251
2024-02-07 15:18:07,0.184187671,0.0230399706338546,1.08585308,350.13676338640494,350.1291280906871
2024-02-07 15:18:11,0.184199737,0.0230394904634291,1.08583045,350.16396360772006,350.1562365967384
2024-02-07 15:18:16,0.184206373,0.0230400729061238,1.0858579,350.1674519631598,350.15961030809825
2024-02-07 15:18:20,0.184219948,0.0230394136531357,1.08582683,350.1996655838213,350.19173221349587
2024-02-07 15:18:25,0.184228395,0.0230403801472975,1.08587238,350.201005766062,350.1929577516567
2024-02-07 15:18:29,0.184235031,0.0230400217699892,1.08585549,350.2172921962354,350.20915246656625
2024-02-07 15:18:33,0.184242874,0.0230404185524442,1.08587419,350.2253438506632,350.2171124057302
2024-02-07 15:18:37,0.184241366,0.023038581683079,1.08578762,350.24790237800744,350.23957921781056
2024-02-07 15:18:41,0.184248304,0.0230390936809741,1.08581175,350.252840877885,350.24442600242423
2024-02-07 15:18:45,0.184264292,0.0230401306199354,1.08586062,350.26604892636334,350.2575423356387
2024-02-07 15:18:50,0.184270929,0.0230397786081211,1.08584403,350.2822746533701,350.27365341856563
2024-02-07 15:18:54,0.184272739,0.0230388952897466,1.0858024,350.29749370783,350.2887807577616
2024-02-07 15:18:58,0.184276057,0.0230383639831866,1.08577736,350.3104849596847,350.3016802943524
2024-02-07 15:19:02,0.184275755,0.0230375895147583,1.08574086,350.320621717379,350.3117253367829
2024-02-07 15:19:06,0.184290838,0.023037903121426,1.08575564,350.34214831172955,350.33316021586955
2024-02-07 15:19:10,0.184299888,0.0230383703486805,1.08577766,350.3512955899385,350.3422157788146
2024-02-07 15:19:15,0.184303809,0.0230375767837705,1.08574026,350.3689159322704,350.35972147706667
2024-02-07 15:19:19,0.184310446,0.0230369109531054,1.08570888,350.3894025307142,350.38011636024663
2024-02-07 15:19:23,0.184308636,0.0230369366272642,1.08571009,350.3860585296292,350.3766806438977
2024-02-07 15:19:27,0.184318591,0.0230367382360367,1.08570074,350.4058267431122,350.3963571421168
2024-02-07 15:19:31,0.184324624,0.0230365909809438,1.0856938,350.41821183657044,350.4086505203112
2024-02-07 15:19:36,0.184336087,0.0230370902478511,1.08571733,350.4310577062319,350.4213817458928
2024-02-07 15:19:40,0.184338199,0.023036571884462,1.0856929,350.44182092355,350.432053247947
2024-02-07 15:19:44,0.184342724,0.0230366486947554,1.08569652,350.4485788872795,350.43871949641266
2024-02-07 15:19:48,0.184344835,0.0230355349455007,1.08564403,350.46746386622857,350.45751276009787
2024-02-07 15:19:52,0.184348153,0.0230356053903002,1.08564735,350.47225120248686,350.46220838109224
2024-02-07 15:19:57,0.184355393,0.0230366293860905,1.08569561,350.4707381518446,350.4605806863702
2024-02-07 15:20:01,0.184364443,0.0230364182638751,1.08568566,350.48913864653866,350.4788894658003
2024-02-07 15:20:05,0.184370778,0.0230353236111022,1.08563407,350.5149667726581,350.5046258766559
2024-02-07 15:20:09,0.184371984,0.0230352724749676,1.08563166,350.517812392677,350.5073797814109
2024-02-07 15:20:14,0.184374699,0.0230351124888869,1.08562412,350.5247390469885,350.51419179164253
2024-02-07 15:20:18,0.184383448,0.0230352915714494,1.08563256,350.53730316131464,350.5266641907048
2024-02-07 15:20:22,0.184390687,0.0230342612101652,1.085584,350.5637989096475,350.55306822377383
2024-02-07 15:20:26,0.184388877,0.0230333842572847,1.08554267,350.57277410538126,350.5619517042437
2024-02-07 15:20:30,0.184399435,0.0230339923741382,1.08557133,350.5825671122023,350.57165299580083
2024-02-07 15:20:35,0.184406072,0.0230338707932041,1.0855656,350.5956575526694,350.58462879218814
2024-02-07 15:20:39,0.18440577,0.0230341843998718,1.08558038,350.59095361805635,350.5798331423112
2024-02-07 15:20:43,0.184412105,0.0230338707932041,1.0855656,350.60612740677686,350.5949152157678
2024-02-07 15:20:47,0.184424172,0.0230343187117937,1.08558671,350.62067911446786,350.60937520819493
2024-02-07 15:20:51,0.184430205,0.0230340371447789,1.08557344,350.6349010609023,350.6235054393655
2024-02-07 15:20:56,0.184433523,0.0230332242712039,1.08553513,350.6517709076522,350.6402606420355
2024-02-07 15:21:00,0.184432316,0.0230332499453628,1.08553634,350.64945404465203,350.6378520637715
2024-02-07 15:21:05,0.184436238,0.0230326288853383,1.08550707,350.66473585835365,350.65301923339325
2024-02-07 15:21:09,0.184441668,0.0230316560256826,1.08546122,350.687371166074,350.67556282584974
2024-02-07 15:21:13,0.184442874,0.02303147694312,1.08545278,350.69196493332083,350.6800648778327
2024-02-07 15:21:17,0.184446796,0.023031214472587,1.08544041,350.70232904157905,350.69033727082706
2024-02-07 15:21:21,0.184447399,0.0230315024050957,1.08545398,350.69951686328363,350.6874333772678
2024-02-07 15:21:25,0.184451019,0.0230303502506943,1.08539968,350.7215170093208,350.709341808041
2024-02-07 15:21:30,0.184457354,0.0230315344447485,1.08545549,350.7162613597687,350.7039715144091
2024-02-07 15:21:34,0.184464896,0.0230305999902395,1.08541145,350.741977223761,350.7295956631375
2024-02-07 15:21:38,0.184480884,0.023031336053521,1.08544614,350.7592793184916,350.74680604260425
2024-02-07 15:21:43,0.184480884,0.0230310095036824,1.08543075,350.7638544537196,350.7512665337524
2024-02-07 15:21:47,0.184487218,0.0230316369292008,1.08546032,350.7661770917466,350.7534974565155
2024-02-07 15:21:51,0.184482693,0.0230300686836795,1.08538641,350.7799748176162,350.76720346712125
2024-02-07 15:21:55,0.184496268,0.0230299086975987,1.08537887,350.8054028670894,350.7925398013306
2024-02-07 15:22:00,0.184498681,0.0230305552195989,1.08540934,350.800799852283,350.78782214244427
2024-02-07 15:22:04,0.184501396,0.0230302223042663,1.08539365,350.81006987927043,350.79700045416786
2024-02-07 15:22:08,0.184505318,0.0230304527351466,1.08540451,350.8137018425602,350.80054070219376
2024-02-07 15:22:12,0.184503206,0.0230293773910386,1.08535383,350.8248840791724,350.8116312235421
2024-02-07 15:22:17,0.184511351,0.0230289933395715,1.08533573,350.8441374525372,350.83076995282704
2024-02-07 15:22:21,0.184515574,0.0230292814842634,1.08534931,350.84749401175714,350.8340347967831
2024-02-07 15:22:25,0.184516178,0.0230293453513858,1.08535232,350.8477431113845,350.8341921811466
2024-02-07 15:22:30,0.184519194,0.0230292301359457,1.08534689,350.8545758068886,350.8409102325708
2024-02-07 15:22:34,0.184524323,0.0230288653931435,1.0853297,350.8683992792707,350.85464198968907
2024-02-07 15:22:38,0.184530356,0.0230281613695148,1.08529652,350.88840201189254,350.874553007047
2024-02-07 15:22:42,0.184532467,0.0230277068732481,1.0852751,350.8983060116256,350.8843652915162
2024-02-07 15:22:47,0.184543629,0.0230277323352238,1.0852763,350.9171105340989,350.9030551699097
2024-02-07 15:22:51,0.184539405,0.0230281741005026,1.08529712,350.9039597252745,350.88981264582134
2024-02-07 15:22:55,0.184542422,0.0230274700768739,1.08526394,350.9188200485504,350.9045812538334
2024-02-07 15:22:59,0.184545439,0.023027578714637,1.08526906,350.92257267703843,350.90824216705755
2024-02-07 15:23:03,0.184556298,0.0230275021165267,1.08526545,350.9422328699148,350.92781064467005
2024-02-07 15:23:07,0.184559013,0.0230270796599128,1.08524554,350.952730529142,350.93821658863334
2024-02-07 15:23:12,0.184566856,0.0230268299203676,1.08523377,350.9696370272096,350.95500844262114
2024-02-07 15:23:16,0.184562935,0.0230265290446878,1.08521959,350.9671541380908,350.95243383823845
2024-02-07 15:23:20,0.184568063,0.0230261258967389,1.08520059,350.98150478850573,350.96669277338947
2024-02-07 15:23:24,0.18456384,0.0230260554519394,1.08519727,350.97535625766903,350.9604525272889
2024-02-07 15:23:28,0.184568666,0.0230257482107657,1.08518279,350.9878808446671,350.9728853990231
2024-02-07 15:23:33,0.1845747,0.0230255945901788,1.08517555,351.0003887204408,350.98527863071695
2024-02-07 15:23:37,0.184576811,0.023025044187137,1.08514961,351.01160769538296,350.99640589039524
2024-02-07 15:23:41,0.18457651,0.023025300079993,1.08516167,351.0076867802285,350.9923932599769
2024-02-07 15:23:45,0.184575303,0.0230243465290022,1.08511673,351.01875914002915,351.00337390451364
2024-02-07 15:23:49,0.184580733,0.0230249417026847,1.08514478,351.01997463072064,351.00449767994127
2024-02-07 15:23:53,0.184598229,0.0230253321196458,1.08516318,351.04457264343193,351.0290039773887
2024-02-07 15:23:58,0.184590386,0.0230242504100439,1.0851122,351.04610193138876,351.03041862126565
2024-02-07 15:24:02,0.184598832,0.0230247560424451,1.08513603,351.0536862423043,351.03791121691734
2024-02-07 15:24:06,0.184605771,0.0230246601356698,1.08513151,351.0669267612893,351.0510600206385
2024-02-07 15:24:10,0.184606072,0.023023559117403,1.08507962,351.0825918263784,351.0666333704637
2024-02-07 15:24:15,0.184613312,0.0230244617444423,1.08512216,351.0827109261757,351.06663782618114
2024-02-07 15:24:19,0.184619345,0.0230238663585767,1.0850941,351.10123873248534,351.0850739172269
2024-02-07 15:24:23,0.184626283,0.0230242504100439,1.0851122,351.10791267711653,351.09165614659423
2024-02-07 15:24:28,0.184625378,0.0230242249480681,1.085111,351.1068317600183,351.0904605854161
2024-02-07 15:24:32,0.184622663,0.0230231687004419,1.08506122,351.11674118724477,351.10027829737874
2024-02-07 15:24:36,0.184628998,0.0230236295622025,1.08508294,351.1213356222507,351.1047810171208
2024-02-07 15:24:40,0.18463292,0.0230236231967086,1.08508264,351.12820533272617,351.11155901233235
2024-02-07 15:24:44,0.18463654,0.0230226887421996,1.0850386,351.14725765362755,351.13051961796987
2024-02-07 15:24:49,0.184637445,0.0230227335128402,1.08504071,351.14830372158934,351.1314510418518
2024-02-07 15:24:53,0.184644986,0.0230223621923609,1.08502321,351.16634162846054,351.1493972334591
2024-02-07 15:24:57,0.184644081,0.0230233350520166,1.08506906,351.15157808364955,351.1345419733843
2024-02-07 15:25:01,0.184656449,0.0230231302952952,1.08505941,351.1755715998951,351.15844377436594
2024-02-07 15:25:06,0.184651623,0.0230227398783341,1.08504101,351.1727950018565,351.1555525322475
2024-02-07 15:25:10,0.184663991,0.0230229446350556,1.08505066,351.191185566876,351.17385138200314
2024-02-07 15:25:14,0.184666706,0.0230226310283879,1.08503588,351.20020079749725,351.1827748973605
2024-02-07 15:25:18,0.184665801,0.0230226823767056,1.0850383,351.19804582293426,351.1805282075336
2024-02-07 15:25:23,0.184669722,0.0230224453681483,1.08502713,351.20809348100016,351.1904612215197
2024-02-07 15:25:27,0.184679677,0.0230217540755074,1.08499455,351.2346308478057,351.21690687306136
2024-02-07 15:25:31,0.184674851,0.0230223494613731,1.08502261,351.2183400490923,351.20052435908406
2024-02-07 15:25:36,0.184684504,0.0230225798922534,1.08503347,351.2317701805301,351.213839846442
2024-02-07 15:25:40,0.18468933,0.023022624662894,1.08503558,351.2394828280741,351.22146077872213
2024-02-07 15:25:44,0.184688727,0.0230225735267594,1.08503317,351.2392456361549,351.22113187153906
2024-02-07 15:25:48,0.184692045,0.0230214918171575,1.08498219,351.2598040520311,351.24159857215136
2024-02-07 15:25:52,0.184686917,0.023020883700304,1.08495353,351.25947035769735,351.24117316255376
2024-02-07 15:25:56,0.184694458,0.0230214661429987,1.08498098,351.26445595589917,351.2460670454917
2024-02-07 15:26:00,0.184698983,0.0230210948225194,1.08496348,351.2773512389199,351.2588706132485
2024-02-07 15:26:05,0.184696872,0.023021011646732,1.08495956,351.2750026139174,351.25640734416623
2024-02-07 15:26:09,0.184705921,0.0230214470465169,1.08498008,351.28457371014576,351.2658867251307
2024-02-07 15:26:13,0.18471467,0.0230217670186784,1.08499516,351.2952127408548,351.27643404057585
2024-02-07 15:26:17,0.184713765,0.0230207364452111,1.08494659,351.30786903112096,351.2889986155781
2024-02-07 15:26:21,0.184708938,0.0230206212297709,1.08494116,351.301301951574,351.2823398207673
2024-02-07 15:26:25,0.184706826,0.0230190529842496,1.08486725,351.3192613222459,351.3002074761753
2024-02-07 15:26:30,0.184714971,0.0230198340303549,1.08490406,351.3225801880515,351.3034116979011
2024-02-07 15:26:34,0.184725831,0.023020486917849,1.08493483,351.3322632437366,351.3130030383223
2024-02-07 15:26:38,0.184732468,0.0230204485127023,1.08493302,351.3442055610696,351.3248536403914
2024-02-07 15:26:42,0.184726434,0.0230189507119804,1.08486243,351.3545108995711,351.335067263629
2024-02-07 15:26:47,0.184720401,0.0230188161878754,1.08485609,351.34617284506766,351.32661456504576
2024-02-07 15:26:51,0.184728244,0.0230189059413398,1.08486032,351.3584189684364,351.3387689731506
2024-02-07 15:26:55,0.184730658,0.0230185473518484,1.08484342,351.3675406980022,351.3477989874525
2024-02-07 15:26:59,0.184734579,0.023018860958516,1.0848582,351.37002859926383,351.3501951734503
2024-02-07 15:27:03,0.184742422,0.0230197124494208,1.08489833,351.3718428733548,351.3519177322774
2024-02-07 15:27:08,0.184730054,0.0230167104824832,1.08475685,351.391965704702,351.3719259195447
2024-02-07 15:27:12,0.184738501,0.0230183234986452,1.08483287,351.38438008485275,351.3642485844316
2024-02-07 15:27:16,0.184741517,0.0230180610281121,1.0848205,351.3932133816024,351.3729901659174
2024-02-07 15:27:20,0.184736087,0.0230178176540608,1.08480903,351.38737204585385,351.3670571149049
2024-02-07 15:27:24,0.184747249,0.0230177665179262,1.08480662,351.4072123544687,351.3868057082559
2024-02-07 15:27:28,0.184751472,0.0230178944643542,1.08481265,351.41275820152515,351.3922598400485
2024-02-07 15:27:33,0.18475479,0.0230178112885669,1.08480873,351.41967436270215,351.3990613571456
2024-02-07 15:27:37,0.184756902,0.0230175424525399,1.08479606,351.4270528041318,351.4063480833114
2024-02-07 15:27:41,0.184759617,0.0230171136304321,1.08477585,351.4376521124621,351.41685567637785
2024-02-07 15:27:45,0.184765047,0.0230175808576866,1.08479787,351.44061006105466,351.41972190970654
2024-02-07 15:27:50,0.184766253,0.0230177728834202,1.08480692,351.44015230515413,351.41914950972614
2024-02-07 15:27:54,0.184764745,0.0230170624942975,1.08477344,351.4474021188496,351.42630760815774
2024-02-07 15:27:58,0.184768063,0.0230161535017643,1.0847306,351.46560963486536,351.4444234089096
2024-02-07 15:28:02,0.18476203,0.0230158335296027,1.08471552,351.45978880500013,351.4385108637805
2024-02-07 15:28:07,0.184771382,0.0230167041169892,1.08475655,351.4639366541581,351.44254406885864
2024-02-07 15:28:11,0.184775002,0.023016998414992,1.08477042,351.46617435348963,351.44469005292626
2024-02-07 15:28:15,0.184778018,0.0230160382863241,1.08472517,351.4845680199738,351.46299200414654
2024-02-07 15:28:19,0.184780733,0.0230160382863241,1.08472517,351.4892933996772,351.4676256685861
2024-02-07 15:28:24,0.184784353,0.0230161791759231,1.08473181,351.49365578151554,351.47187340634457
2024-02-07 15:28:28,0.184790084,0.0230170368201387,1.08477223,351.49177710959054,351.4699030191557
2024-02-07 15:28:32,0.184797626,0.0230164864170968,1.08474629,351.5122819094671,351.4903161037684
2024-02-07 15:28:36,0.184801246,0.0230166911738183,1.08475594,351.5157459899094,351.49368846894686
2024-02-07 15:28:41,0.184810296,0.0230180033143005,1.08481778,351.5133260922452,351.4911539272028
2024-02-07 15:28:45,0.184812106,0.0230162623517105,1.08473573,351.540363135488,351.5180992551817
2024-02-07 15:28:50,0.184814519,0.023016595267043,1.08475142,351.5400337259297,351.5176552015435
2024-02-07 15:28:54,0.184819949,0.0230169216046985,1.0847668,351.5449204836032,351.5224502439532
2024-02-07 15:28:58,0.184820854,0.0230173761009652,1.08478822,351.5403284276879,351.517766472774
2024-02-07 15:29:02,0.184819044,0.0230159423795489,1.08472065,351.5569791209849,351.5343254508071
2024-02-07 15:29:07,0.184822362,0.0230160766914708,1.08472698,351.5609158820591,351.53814756780145
2024-02-07 15:29:11,0.184817234,0.023015116562803,1.08468173,351.56541444546485,351.54255441594336
2024-02-07 15:29:15,0.184816027,0.0230150142905338,1.08467691,351.5648478063418,351.5418960615564
2024-02-07 15:29:20,0.184817837,0.0230146686442134,1.08466062,351.5727892405514,351.54972285168617
2024-02-07 15:29:24,0.184829904,0.0230150847353333,1.08468023,351.5877738112287,351.5646157070996
2024-02-07 15:29:28,0.184833825,0.0230155774245635,1.08470345,351.58780460119453,351.5645547818015
2024-02-07 15:29:32,0.184835032,0.0230148286302942,1.08466816,351.6002202737268,351.5768787390699
2024-02-07 15:29:36,0.18483111,0.0230150206560278,1.08467721,351.590985699433,351.5675524495123
2024-02-07 15:29:40,0.18483111,0.0230147070493601,1.08466243,351.59537612867587,351.57185116349126
2024-02-07 15:29:44,0.184836842,0.0230144829839738,1.08465187,351.6083228855238,351.5847062050753
2024-02-07 15:29:49,0.184840763,0.0230142589185874,1.08464131,351.6182016972219,351.59447037269354
2024-02-07 15:29:53,0.184835333,0.0230139900825604,1.08462864,351.6127105086865,351.5888874688943
2024-02-07 15:29:57,0.184841668,0.0230141757428,1.08463739,351.6210700846447,351.5971553295886
2024-02-07 15:30:01,0.18484921,0.0230142141479468,1.0846392,351.6335085793316,351.6095021090116
2024-02-07 15:30:05,0.184857958,0.0230147518200008,1.08466454,351.64116065375265,351.6170624681688
2024-02-07 15:30:09,0.184850416,0.0230139453119198,1.08462653,351.63943621518865,351.6152463143409
2024-02-07 15:30:14,0.184857656,0.0230141500686412,1.08463618,351.6491015312036,351.624796986276
2024-02-07 15:30:18,0.184861276,0.0230140221222132,1.08463015,351.65712640934254,351.6327301491511
2024-02-07 15:30:22,0.184860069,0.02301285087133,1.08457495,351.6712173232954,351.64672934784005
2024-02-07 15:30:26,0.184849813,0.0230127292903959,1.08456922,351.6554692504783,351.63088955975905
2024-02-07 15:30:30,0.184858863,0.023013106764186,1.08458701,351.6658333796291,351.641161973646
2024-02-07 15:30:35,0.184860069,0.0230123900095694,1.08455323,351.67783491409216,351.6530488640292
2024-02-07 15:30:39,0.184862784,0.0230123516044227,1.08455142,351.68308788380745,351.6582101184806
2024-02-07 15:30:43,0.184865198,0.0230129083729585,1.08457766,351.6796655167928,351.6546960362021
2024-02-07 15:30:47,0.184878169,0.0230132603847728,1.08459425,351.6970714832407,351.6720102873861
2024-02-07 15:30:51,0.184876661,0.0230135869346115,1.08460964,351.6901111899166,351.6649582787981
2024-02-07 15:30:55,0.184876661,0.0230121850406648,1.08454357,351.70942761442126,351.6841829880389
2024-02-07 15:31:00,0.184885711,0.0230122618509583,1.08454719,351.72393764121523,351.69857837075307
2024-02-07 15:31:04,0.184878169,0.0230126204404497,1.08456409,351.7062371050662,351.6807861193401
2024-02-07 15:31:08,0.184876661,0.0230117818927159,1.08452457,351.7152546450949,351.68971194410494
2024-02-07 15:31:12,0.184879979,0.0230121275390363,1.08454086,351.71627001009415,351.69063559384034
2024-02-07 15:31:17,0.184890839,0.0230122107148237,1.08454478,351.7337825988402,351.7080335385065
2024-02-07 15:31:21,0.184883297,0.023012044363249,1.08453694,351.7232811250704,351.69744034947286
2024-02-07 15:31:25,0.184901095,0.0230122747941293,1.0845478,351.75059481508936,351.72466232422795
2024-02-07 15:31:29,0.184899587,0.0230125243214913,1.08455956,351.7446898051107,351.7186655989854
2024-02-07 15:31:34,0.184895665,0.0230130235883986,1.08458309,351.73126192843057,351.7051230782254
2024-02-07 15:31:38,0.184899285,0.0230121018648775,1.08453965,351.75017500809923,351.7239444426302
2024-02-07 15:31:42,0.184896269,0.0230114873825301,1.08451069,351.75354659656534,351.7272243158324
2024-02-07 15:31:46,0.184899285,0.0230108090330602,1.08447872,351.7680921091269,351.7416781131301
2024-02-07 15:31:50,0.184897475,0.0230100600266077,1.08444342,351.7753687129953,351.74886300173466
2024-02-07 15:31:55,0.184895967,0.0230114426118894,1.08450858,351.75394322373796,351.72732286839744
2024-02-07 15:31:59,0.18490381,0.0230105081573804,1.08446454,351.78024265763213,351.75353058702774
2024-02-07 15:32:03,0.184908938,0.0230112505861559,1.08449953,351.77890397943094,351.7521001935627
2024-02-07 15:32:07,0.18491286,0.0230105272538622,1.08446544,351.7956143942306,351.7687188930985
2024-02-07 15:32:11,0.18490743,0.023009624839006,1.08442291,351.7988164604096,351.7718292440136
2024-02-07 15:32:15,0.184914067,0.0230118393943444,1.08452728,351.7798578400264,351.7527789083665
2024-02-07 15:32:20,0.184915876,0.0230097400544461,1.08442834,351.8118617060095,351.7846681302698
2024-02-07 15:32:24,0.18491648,0.0230099577543386,1.0844386,351.80999771341817,351.78271242241453
2024-02-07 15:32:28,0.184926133,0.0230111162742339,1.0844932,351.8106744897475,351.78329748348
2024-02-07 15:32:32,0.184923116,0.0230106554124733,1.08447148,351.81193847606414,351.7844697545328
2024-02-07 15:32:36,0.184933373,0.0230095607597004,1.08441989,351.8445611307301,351.81700069393486
2024-02-07 15:32:41,0.184935183,0.0230110906000751,1.08449199,351.8267747039974,351.7990996231223
2024-02-07 15:32:45,0.184936993,0.0230113403396203,1.08450376,351.82652993429537,351.7987631381564
2024-02-07 15:32:49,0.184946042,0.0230113019344736,1.08450195,351.84259678811475,351.81473827671186
2024-02-07 15:32:53,0.184937294,0.0230095416632186,1.08441899,351.8519073083321,351.82395708166536
2024-02-07 15:32:57,0.184938199,0.0230110394639405,1.08448958,351.83299205948003,351.8049501175494
2024-02-07 15:33:02,0.184946042,0.0230104954263926,1.08446394,351.8539612493957,351.8258046633852
2024-02-07 15:33:06,0.184950266,0.0230110778690872,1.08449139,351.8532721591752,351.8250238579009
2024-02-07 15:33:10,0.184951171,0.0230110137897816,1.08448837,351.8557881511446,351.8274481346064
2024-02-07 15:33:14,0.184953886,0.0230110265207695,1.08448897,351.8603402125919,351.8319084807898
2024-02-07 15:33:18,0.184948456,0.0230100281991381,1.08444192,351.864860806697,351.836337359631
2024-02-07 15:33:22,0.184949964,0.023010034564632,1.08444222,351.8674397327263,351.83882457039647
2024-02-07 15:33:26,0.184952377,0.0230094200822846,1.08441326,351.88008378355585,351.8513769059621
2024-02-07 15:33:31,0.184955997,0.0230101881852189,1.08444946,351.875837905311,351.8470163836374
2024-02-07 15:33:35,0.184960522,0.0230103802109524,1.08445851,351.88101978391114,351.8521065469737
2024-02-07 15:33:39,0.18496565,0.0230095991648471,1.0844217,351.90058545734877,351.87158050514745
2024-02-07 15:33:43,0.184962935,0.0230099257146858,1.08443709,351.89156018845637,351.8624635209912
2024-02-07 15:33:47,0.184968667,0.0230102520523413,1.08445247,351.8969594163326,351.8677710336035
2024-02-07 15:33:51,0.184965349,0.0230101816075418,1.08444915,351.89235317061747,351.8630730726245
2024-02-07 15:33:56,0.184975002,0.0230097336889522,1.08442804,351.9150957466456,351.8857010045728
2024-02-07 15:34:00,0.18496927,0.0230095991648471,1.0844217,351.90724746229836,351.87776100496166
2024-02-07 15:34:04,0.184970477,0.0230085942655387,1.08437434,351.92319263280996,351.8936144602094
2024-02-07 15:34:08,0.184982845,0.0230093944081257,1.08441205,351.933418282211,351.90374839434656
2024-02-07 15:34:13,0.184988576,0.0230107322227668,1.0844751,351.9249552304877,351.8951706985434
2024-02-07 15:34:17,0.184984353,0.0230106490469794,1.08447118,351.91897884136654,351.8891025941584
2024-02-07 15:34:21,0.184987973,0.0230109369794882,1.08448475,351.9212989731188,351.89133101064675
2024-02-07 15:34:25,0.184995515,0.0230100409301259,1.08444252,351.9465656130031,351.91650593526714
2024-02-07 15:34:29,0.184990386,0.0230104440780749,1.08446152,351.9323670494948,351.902215656495
2024-02-07 15:34:33,0.184994308,0.0230101241059133,1.08444644,351.9435466352913,351.9133035270276
2024-02-07 15:34:38,0.185001246,0.0230108153985541,1.08447902,351.94601765913353,351.91565990679
2024-02-07 15:34:42,0.185003961,0.0230110649259162,1.08449078,351.94731956522287,351.91687009761546
2024-02-07 15:34:46,0.185004866,0.0230107642624196,1.08447661,351.9530832344428,351.9225420515715
2024-02-07 15:34:50,0.185011503,0.0230107897243953,1.08447781,351.9641564797122,351.93352358157705
2024-02-07 15:34:54,0.185010598,0.0230113978412488,1.08450647,351.954355986044,351.92363137264493
2024-02-07 15:34:58,0.185020854,0.0230116473686109,1.08451823,351.9685316757472,351.9377153470843
2024-02-07 15:35:03,0.185020251,0.0230115387308478,1.08451311,351.96910808488883,351.9381771121461
2024-02-07 15:35:07,0.185024474,0.0230105338315393,1.08446575,351.9902039633121,351.95918127530547
2024-02-07 15:35:11,0.185022966,0.0230111546793806,1.08449501,351.97919836333057,351.94808396006005
2024-02-07 15:35:15,0.185028697,0.0230120186890901,1.08453573,351.9772139386213,351.9460078200869
2024-02-07 15:35:20,0.185028697,0.0230112698948208,1.08450044,351.98760728254723,351.956286519933
2024-02-07 15:35:24,0.185035334,0.0230121339045303,1.08454116,351.98716923349866,351.95575675562054
2024-02-07 15:35:28,0.185037144,0.0230114489773834,1.08450888,351.9997532726825,351.9682490795405
2024-02-07 15:35:32,0.185044082,0.0230118777994911,1.08452909,352.00580274201695,351.9742068336111
2024-02-07 15:35:36,0.185046797,0.0230127227127188,1.08456891,351.9989308280886,351.9672432044188
2024-02-07 15:35:41,0.185038049,0.0230110265207695,1.08448897,352.0073959680904,351.9755937003408
2024-02-07 15:35:45,0.185038049,0.0230103672677814,1.0844579,352.01653849175244,351.984644508739
2024-02-07 15:35:49,0.18504921,0.0230104761177276,1.08446303,352.03419090914315,352.0022052108658
2024-02-07 15:35:54,0.185057053,0.0230112762603147,1.08450074,352.0367098597016,352.0046095173444
2024-02-07 15:35:58,0.18505645,0.0230119418787967,1.08453211,352.0266336776976,351.9944416200765
2024-02-07 15:36:02,0.185059165,0.0230124091060512,1.08455413,352.02494598246255,351.9926622095776
2024-02-07 15:36:06,0.185063991,0.0230130556280514,1.0845846,352.0244007033805,351.99202521523165
2024-02-07 15:36:11,0.185071533,0.0230131899399733,1.08459093,352.0355464472888,352.0030563150601
2024-02-07 15:36:15,0.185070326,0.0230138237309857,1.0846208,352.0248770317621,351.99229518426955
2024-02-07 15:36:19,0.185071834,0.0230126972507431,1.08456771,352.043007781533,352.01033421877656
2024-02-07 15:36:23,0.185071834,0.0230133051554135,1.08459636,352.03475369823616,352.00198842021587
2024-02-07 15:36:27,0.185072739,0.0230125243214913,1.08455956,352.0471103830896,352.0142533898054
2024-02-07 15:36:32,0.185079074,0.0230131388038388,1.08458852,352.0496033322884,352.0166316949244
2024-02-07 15:36:36,0.185079074,0.0230132603847728,1.08459425,352.04802585132285,352.01496249869496
2024-02-07 15:36:40,0.185089029,0.0230134844501592,1.08460481,352.0620354713286,352.0288804034368
2024-02-07 15:36:45,0.185095062,0.0230136123965872,1.08461084,352.0706922977228,352.0374225857512
2024-02-07 15:36:49,0.185095967,0.0230136508017339,1.08461265,352.0718016239297,352.0384401966942
2024-02-07 15:36:53,0.185094157,0.023013778960345,1.08461869,352.06704396359055,352.03359082109114
2024-02-07 15:36:57,0.185093252,0.0230125243214913,1.08455956,352.0828172305536,352.0492723727903
2024-02-07 15:37:01,0.185091442,0.023012044363249,1.08453694,352.0864093732408,352.0527728002137
2024-02-07 15:37:06,0.185095062,0.0230129979142398,1.08458188,352.07961074092793,352.0458595238209
2024-02-07 15:37:10,0.185100794,0.0230118202978626,1.08452638,352.10565855764276,352.0718156252719
2024-02-07 15:37:14,0.18510019,0.0230120764029018,1.08453845,352.1012021916555,352.06726754402075
2024-02-07 15:37:18,0.185095062,0.0230122747941293,1.0845478,352.08981507979536,352.0557887168967
2024-02-07 15:37:22,0.185098984,0.0230128061006893,1.08457284,352.0893067833808,352.05518870521826
2024-02-07 15:37:26,0.185120402,0.0230144061736803,1.08464825,352.1039904932235,352.0697806997971
2024-02-07 15:37:30,0.185108637,0.0230139325809319,1.08462593,352.0905014467862,352.056199938096
2024-02-07 15:37:35,0.185110748,0.0230134908156531,1.08460511,352.1002855995369,352.0658694467668
2024-02-07 15:37:39,0.185113463,0.0230127036162371,1.08456801,352.1158218731546,352.0813140051206
2024-02-07 15:37:43,0.1851201,0.0230132603847728,1.08459425,352.11959819807157,352.0849986147737
2024-02-07 15:37:48,0.18511467,0.0230133051554135,1.08459636,352.10982837284666,352.07511414546894
2024-02-07 15:37:52,0.185128245,0.0230138748671203,1.08462321,352.12527073763357,352.090464794992
2024-02-07 15:37:56,0.18513277,0.0230144382133331,1.08464976,352.12535106626024,352.0904534083548
2024-02-07 15:38:00,0.185128848,0.0230140030257314,1.08462925,352.12472365548416,352.0897342823148
2024-02-07 15:38:04,0.185133976,0.0230136701103988,1.08461356,352.13814103898744,352.1030599505542
2024-02-07 15:38:09,0.185133675,0.0230131515348266,1.08458912,352.14486354378255,352.10966781126945
2024-02-07 15:38:13,0.185138199,0.023014195051465,1.0846383,352.13834756909574,352.1030601213188
2024-02-07 15:38:17,0.185140613,0.0230135933001054,1.08460994,352.1508240966322,352.1154449335914
2024-02-07 15:38:21,0.185136691,0.0230131324383448,1.08458822,352.15054972626933,352.11507884796464
2024-02-07 15:38:25,0.185140914,0.0230136764758928,1.08461386,352.1503790779355,352.11481648436694
2024-02-07 15:38:30,0.185138803,0.023012978817758,1.08458098,352.15647141943555,352.1207941817871
2024-02-07 15:38:34,0.185142423,0.023012837928159,1.08457434,352.16467811231934,352.12890915940704
2024-02-07 15:38:38,0.185147853,0.0230131772089855,1.08459033,352.1693798579037,352.1335191897275
2024-02-07 15:38:42,0.185146948,0.0230142525530935,1.08464101,352.15315801840075,352.11720563496067
2024-02-07 15:38:47,0.185149361,0.0230132092486383,1.08459184,352.17172054707163,352.13565351955174
2024-02-07 15:38:51,0.185147853,0.0230132412882911,1.08459335,352.16879783580004,352.1326390930162
2024-02-07 15:38:55,0.185148456,0.0230131835744794,1.08459063,352.1707116319661,352.13446117391845
2024-02-07 15:38:59,0.185157204,0.0230127931575183,1.08457223,352.19110009776267,352.15475792445113
2024-02-07 15:39:04,0.185162332,0.0230131451693327,1.08458882,352.1951340150032,352.1586771976118
2024-02-07 15:39:08,0.185160221,0.0230132540192789,1.08459395,352.1901267746708,352.1535782420155
2024-02-07 15:39:12,0.185162936,0.0230141500686412,1.08463618,352.18254608884195,352.1459058409228
2024-02-07 15:39:17,0.185167762,0.0230142718617584,1.08464192,352.18922631782976,352.15247142583075
2024-02-07 15:39:21,0.185165952,0.0230135996655993,1.08461024,352.19546089916787,352.158614291905
2024-02-07 15:39:25,0.185175002,0.0230142718617584,1.08464192,352.20176906510386,352.1648307425771
2024-02-07 15:39:29,0.185175304,0.0230138748671203,1.08462321,352.20782930032055,352.17079926252995
2024-02-07 15:39:33,0.185178622,0.023014054161866,1.08463166,352.21112243381054,352.174000680756
2024-02-07 15:39:38,0.18517832,0.0230141116634945,1.08463437,352.20993169800244,352.1726953008681
2024-02-07 15:39:42,0.18518918,0.0230142268789346,1.0846398,352.2269798530786,352.18965174068035
2024-02-07 15:39:46,0.185185258,0.0230134908156531,1.08460511,352.23048739588626,352.19306756822414
2024-02-07 15:39:50,0.18518013,0.0230131835744794,1.08459063,352.2260454042663,352.1885338613403
2024-02-07 15:39:55,0.185193403,0.0230142652840813,1.08464161,352.23395941088916,352.1963332238833
2024-02-07 15:39:59,0.185191593,0.0230134269485307,1.0846021,352.2424776731883,352.2047597709186
2024-02-07 15:40:03,0.185192197,0.0230151486024558,1.08468324,352.2199507019709,352.1821410844373
2024-02-07 15:40:07,0.18520366,0.0230142461875995,1.08464071,352.2520066586006,352.21410532580313
2024-02-07 15:40:11,0.185199436,0.0230145470632793,1.08465489,352.2407543543875,352.2027613063261
2024-02-07 15:40:15,0.18520366,0.0230146238735728,1.08465851,352.2470016376315,352.2089168743063
2024-02-07 15:40:19,0.185201246,0.0230146045649078,1.0846576,352.2432377043907,352.2050612258016
2024-02-07 15:40:24,0.185202453,0.0230147518200008,1.08466454,352.24338993962317,352.2050988169542
2024-02-07 15:40:28,0.185200643,0.0230139709860786,1.08462774,352.2511184358314,352.2127355978986
2024-02-07 15:40:32,0.185201548,0.0230141630118122,1.08463679,352.25011710016594,352.21164254696924
2024-02-07 15:40:36,0.185215424,0.0230136637449049,1.08461326,352.2807561569934,352.24218988853283
2024-02-07 15:40:40,0.185208788,0.0230135548949587,1.08460813,352.2710146831045,352.23235669938003
2024-02-07 15:40:45,0.185228396,0.0230159294363779,1.08472004,352.271979634853,352.2332070070487
2024-02-07 15:40:49,0.185226284,0.0230154942487762,1.08469953,352.27444464543214,352.2355803023639
2024-02-07 15:40:53,0.185231111,0.0230161087311236,1.08472849,352.27433444399946,352.2353783856674
2024-02-07 15:40:57,0.185232921,0.0230154238039767,1.08469621,352.2869253436332,352.24787757003725
2024-02-07 15:41:02,0.185236239,0.0230151422369618,1.08468294,352.2965723828398,352.257409965164
2024-02-07 15:41:06,0.185231714,0.0230155135574411,1.08470044,352.28383826603397,352.2445841330943
2024-02-07 15:41:10,0.185232016,0.0230156224073873,1.08470557,352.28295009470054,352.243604246497
2024-02-07 15:41:14,0.185235635,0.0230151486024558,1.08468324,352.2957290070336,352.25629144356617
2024-02-07 15:41:19,0.185241669,0.0230150974663212,1.08468083,352.3068466483738,352.2672944408265
2024-02-07 15:41:23,0.185241367,0.0230148349957881,1.08466846,352.3100291202106,352.27038519739943
2024-02-07 15:41:27,0.185242272,0.0230147454545068,1.08466424,352.3128960499789,352.2731604119039
2024-02-07 15:41:31,0.185242574,0.0230157055831747,1.08470949,352.30031155123174,352.2604841978928
2024-02-07 15:41:36,0.185248305,0.0230147581854947,1.08466484,352.32322635766,352.2832843602413
2024-02-07 15:41:40,0.185235334,0.0230137148810395,1.08461567,352.3155106361862,352.2754769235036
2024-02-07 15:41:44,0.185242574,0.023014303689228,1.08464342,352.31987141618464,352.2797459882381
2024-02-07 15:41:48,0.185244685,0.0230149118060815,1.08467208,352.31521106134346,352.2749939181331
2024-02-07 15:41:52,0.185243177,0.023014578890749,1.08465639,352.31730282158867,352.2769939631144
2024-02-07 15:41:57,0.185248305,0.0230141884737879,1.08463799,352.33153621077054,352.2911127082164
2024-02-07 15:42:01,0.185249512,0.0230137532861862,1.08461748,352.3396686012177,352.2991533833997
2024-02-07 15:42:05,0.185255847,0.0230144125391743,1.08464855,352.34151581216986,352.300908879088
2024-02-07 15:42:10,0.185253735,0.0230145981994139,1.0846573,352.33547381275326,352.29475223559155
2024-02-07 15:42:14,0.185252227,0.0230139005412791,1.08462442,352.3425780739526,352.301764781527
2024-02-07 15:42:18,0.18525826,0.0230149695198932,1.0846748,352.3382794672058,352.29737445951633
2024-02-07 15:42:22,0.185263086,0.0230157055831747,1.08470949,352.3364953081624,352.29549858520903
2024-02-07 15:42:26,0.185260673,0.0230149502112283,1.08467389,352.3428474123243,352.3017589741071
2024-02-07 15:42:31,0.185263388,0.0230138044223208,1.08461989,352.36334257084354,352.3221394885465
2024-02-07 15:42:35,0.18525645,0.0230130299538926,1.08458339,352.36223332497684,352.3209385274159
2024-02-07 15:42:39,0.185259467,0.0230134333140246,1.0846024,352.36193225216977,352.32054573934494
2024-02-07 15:42:43,0.185247099,0.0230124284147161,1.08455504,352.35471935797835,352.31324112988966
2024-02-07 15:42:48,0.185249512,0.0230117241789043,1.08452185,352.3686326893985,352.32703981722995
2024-02-07 15:42:52,0.185260372,0.0230127356558898,1.08456952,352.37336368407813,352.3316790966457
2024-02-07 15:42:56,0.185253735,0.0230127292903959,1.08456922,352.36221180576985,352.32043550307355
2024-02-07 15:43:01,0.185259768,0.023012569092132,1.08456167,352.37482812325754,352.3329371764814
2024-02-07 15:43:05,0.185263991,0.0230126011317848,1.08456318,352.3816892775184,352.33970661547835
2024-02-07 15:43:09,0.185260975,0.0230119930149313,1.08453452,352.38499018388006,352.3429158065762
2024-02-07 15:43:13,0.185264595,0.0230128572368239,1.08457525,352.37938390421397,352.3372178116462
2024-02-07 15:43:17,0.185266706,0.0230127867920244,1.08457193,352.384047844541,352.3417900367093
2024-02-07 15:43:21,0.185280884,0.02301364443624,1.08461235,352.3965567805954,352.35420725749987
2024-02-07 15:43:26,0.18527636,0.0230132349227971,1.08459305,352.3945765678148,352.3521124006394
2024-02-07 15:43:30,0.185279376,0.0230127995230123,1.08457253,352.405801998117,352.3632461156777
2024-02-07 15:43:34,0.185278169,0.0230131708434916,1.08459003,352.39872916300743,352.3560815653043
2024-02-07 15:43:38,0.185286616,0.0230133244640784,1.08459727,352.41113039029966,352.36839107733266
2024-02-07 15:43:42,0.185283599,0.0230125627266381,1.08456137,352.4165419521498,352.3737109239189
2024-02-07 15:43:47,0.185293856,0.0230134971811471,1.08460541,352.42132298366397,352.37837731135323
2024-02-07 15:43:51,0.185288728,0.0230127356558898,1.08456952,352.42312785548495,352.38009046791035
2024-02-07 15:43:55,0.185286314,0.0230125243214913,1.08455956,352.42200325101476,352.37887414817624
2024-02-07 15:43:59,0.185285108,0.0230124284147161,1.08455504,352.4213543348533,352.3781335167509
2024-02-07 15:44:03,0.185288124,0.0230126715765843,1.0845665,352.4232526566342,352.37994012326794
2024-02-07 15:44:07,0.185287521,0.0230127036162371,1.08456801,352.42187445556795,352.37847020693783
2024-02-07 15:44:12,0.185287219,0.0230116794082636,1.08451974,352.43555309567427,352.3920342029643
2024-02-07 15:44:16,0.185289029,0.0230116730427697,1.08451944,352.43882263601205,352.3952120280382
2024-02-07 15:44:20,0.185282091,0.0230113403396203,1.08450376,352.4316424627882,352.3879401395505
2024-02-07 15:44:24,0.185293252,0.0230113594361021,1.08450466,352.4505277949429,352.40673375644127
2024-02-07 15:44:28,0.185282091,0.0230106745089551,1.08447238,352.44097963111477,352.3970938773493
2024-02-07 15:44:32,0.185286616,0.0230113337619432,1.08450345,352.4397339385564,352.39575646952704
2024-02-07 15:44:37,0.185292046,0.0230110521949283,1.08449018,352.45299085185997,352.40889873875074
2024-02-07 15:44:41,0.185285711,0.0230103224971408,1.08445579,352.4522984091809,352.4081145808078
2024-02-07 15:44:45,0.185293554,0.0230106938176201,1.08447329,352.4606764082014,352.4164008645644
2024-02-07 15:44:49,0.185289633,0.0230108601691948,1.08448113,352.4517860774499,352.4074188185491
2024-02-07 15:44:53,0.185303811,0.023011762584051,1.08452366,352.463678297288,352.4192193231233
2024-02-07 15:44:57,0.185300492,0.0230121339045303,1.08454116,352.4529982506785,352.4084475612499
2024-02-07 15:45:02,0.185307732,0.0230115514618356,1.08451371,352.473481997346,352.42881666383755
2024-02-07 15:45:06,0.185302906,0.0230111162742339,1.0844932,352.4713173344803,352.426560285708
2024-02-07 15:45:10,0.185311352,0.0230114939602071,1.084511,352.480636783021,352.4357880189848
2024-02-07 15:45:14,0.18531105,0.0230110649259162,1.08449078,352.4861120124928,352.44117153319274
2024-02-07 15:45:18,0.185314067,0.0230112185465031,1.08449802,352.48924270130243,352.44421050673844
2024-02-07 15:45:23,0.185317989,0.0230118202978626,1.08452638,352.48777969366705,352.44263285502325
2024-02-07 15:45:27,0.185315575,0.0230097400544461,1.08442834,352.5123549400105,352.4671163861028
2024-02-07 15:45:31,0.18531286,0.0230113403396203,1.08450376,352.4858052823105,352.4404750131389
2024-02-07 15:45:35,0.185320402,0.0230107576847425,1.0844763,352.50678630570036,352.4613643212649
2024-02-07 15:45:39,0.185311654,0.0230104056729281,1.08445971,352.49678159973195,352.45126790003263
2024-02-07 15:45:44,0.18531829,0.023010559293515,1.08446695,352.5061146321116,352.4604862883324
2024-02-07 15:45:48,0.185312257,0.0230111226397278,1.0844935,352.48815887669065,352.4424388176476
2024-02-07 15:45:52,0.185320402,0.0230110521949283,1.08449018,352.5031262512207,352.4573144769138
2024-02-07 15:45:56,0.1853201,0.0230109562881531,1.08448566,352.504021131174,352.4581176416032
2024-02-07 15:46:01,0.185319497,0.0230107129141019,1.08447419,352.50645285349975,352.4604347198491
2024-02-07 15:46:05,0.185321608,0.023010700183114,1.08447359,352.5103240992703,352.4642142503558
2024-02-07 15:46:09,0.185319195,0.0230106170073266,1.08446967,352.5074394735642,352.4612379093858
2024-02-07 15:46:13,0.185321608,0.0230103865764464,1.08445881,352.5148201357128,352.4685268562705
2024-02-07 15:46:17,0.185321608,0.023010021621461,1.08444161,352.51993072845937,352.4735457337532
2024-02-07 15:46:22,0.185335183,0.0230108538037008,1.08448083,352.53178010806135,352.4852804692753
2024-02-07 15:46:26,0.18533458,0.0230112698948208,1.08450044,352.52512014970296,352.47852879565306
2024-02-07 15:46:30,0.185339105,0.0230111930845273,1.08449682,352.5339942662921,352.48731119697834
2024-02-07 15:46:34,0.185344233,0.0230107385882607,1.0844754,352.54909231350615,352.50231752892853
2024-02-07 15:46:38,0.18534182,0.0230109753846349,1.08448656,352.54180728692717,352.4949407870856
2024-02-07 15:46:42,0.185342121,0.0230108665346887,1.08448143,352.54390992544234,352.49695171033693
2024-02-07 15:46:47,0.185340915,0.0230110649259162,1.08449078,352.53923699034124,352.492164131156
2024-02-07 15:46:51,0.185340613,0.0230109433449821,1.08448505,352.5404851004208,352.4933205259717
2024-02-07 15:46:55,0.185345741,0.023009765728605,1.08442955,352.5655293488414,352.5182730591284
2024-02-07 15:46:59,0.185345741,0.0230109562881531,1.08448566,352.5492463440914,352.5018983391145
2024-02-07 15:47:03,0.185348456,0.0230099320801797,1.08443739,352.56806069049173,352.520620970251
2024-02-07 15:47:08,0.185345138,0.0230102456868474,1.08445217,352.5581963346061,352.5106419702855
2024-02-07 15:47:12,0.185348758,0.0230109242485003,1.08448415,352.5551364989852,352.5074904194007
2024-02-07 15:47:16,0.185352981,0.0230105656590089,1.08446725,352.567370854729,352.5196330598807
2024-02-07 15:47:20,0.185346345,0.0230103352281286,1.08445639,352.5593009122459,352.5114714021336
2024-02-07 15:47:24,0.185353584,0.0230105913331678,1.08446846,352.5682307798438,352.5203095544677
2024-02-07 15:47:28,0.185354188,0.0230097400544461,1.08442834,352.5810628727512,352.5330499321112
2024-02-07 15:47:33,0.185354188,0.0230100793352726,1.08444433,352.5765107198733,352.52838313515343
2024-02-07 15:47:37,0.185352076,0.0230097848250868,1.08443045,352.5770470513483,352.5288277513646
2024-02-07 15:47:41,0.185355394,0.0230098680008741,1.08443437,352.5816603348809,352.5333493196333
2024-02-07 15:47:45,0.185355696,0.0230093880426318,1.08441175,352.5888697552769,352.5404670247654
2024-02-07 15:47:49,0.185346345,0.0230095480287126,1.08441929,352.57079326257633,352.52229881680097
2024-02-07 15:47:54,0.185358109,0.0230087478861255,1.08438158,352.6020027142577,352.55339362440253
2024-02-07 15:47:58,0.185359919,0.0230096759751406,1.08442532,352.5924181999753,352.54371739485623
2024-02-07 15:48:02,0.185365952,0.0230089912601768,1.08439305,352.61223108909604,352.5634385687131
2024-02-07 15:48:06,0.185355093,0.0230093687339669,1.08441084,352.5885871912044,352.5397029555576
2024-02-07 15:48:10,0.185346646,0.0230074293801494,1.08431944,352.60093312587577,352.5519571749651
2024-02-07 15:48:14,0.185353584,0.0230073718785209,1.08431673,352.61366430774075,352.56459664156614
2024-02-07 15:48:19,0.185359014,0.0230085431294041,1.08437193,352.60693819431845,352.557755884064
2024-02-07 15:48:23,0.185359014,0.0230089912601768,1.08439305,352.60086504373436,352.5515910182161
2024-02-07 15:48:27,0.185368667,0.0230095800683654,1.0844208,352.60934033013586,352.55997458935366
2024-02-07 15:48:31,0.185370779,0.023009624839006,1.08442291,352.6124225746313,352.5629651185852
2024-02-07 15:48:35,0.185365047,0.0230095096235659,1.08441748,352.60431135544167,352.55476218413173
2024-02-07 15:48:40,0.185381337,0.0230098552698863,1.08443377,352.6274874999815,352.5778236845917
2024-02-07 15:48:44,0.1853747,0.0230087799257783,1.08438309,352.63103997449696,352.5812844438433
2024-02-07 15:48:48,0.185374399,0.0230093687339669,1.08441084,352.622517088428,352.5726698425105
2024-02-07 15:48:52,0.185376209,0.0230087224241498,1.08438038,352.63459136081946,352.58465239963806
2024-02-07 15:48:56,0.185373494,0.0230084983587634,1.08436982,352.6331295168944,352.5830988404491
2024-02-07 15:49:01,0.185376209,0.0230092664616977,1.08440602,352.6273129331828,352.57716761265766
2024-02-07 15:49:05,0.18538375,0.0230084535881228,1.08436771,352.65146573900483,352.60122870321584
2024-02-07 15:49:09,0.185371382,0.023007742986817,1.08433422,352.64021380820884,352.5898850571559
2024-02-07 15:49:13,0.185378924,0.0230071157734817,1.08430466,352.66181571674707,352.6113952504303
2024-02-07 15:49:18,0.185370477,0.0230079029728978,1.08434176,352.63667345620905,352.5861383458124
2024-02-07 15:49:22,0.185374097,0.0230072309889219,1.08431009,352.65219320561306,352.60156637995254
2024-02-07 15:49:26,0.185368064,0.0230077750264698,1.08433573,352.6344965431478,352.5837780022234
2024-02-07 15:49:30,0.185375605,0.0230066228720684,1.08428143,352.66331992099066,352.6125096648024
2024-02-07 15:49:34,0.185373192,0.0230069110167603,1.08429501,352.65532565150835,352.6044236800562
2024-02-07 15:49:39,0.185368366,0.0230065717359338,1.08427902,352.65186697031055,352.6008503547786
2024-02-07 15:49:43,0.185372287,0.0230069557874009,1.08429712,352.65337039503515,352.6022620642393
2024-02-07 15:49:47,0.185370779,0.0230060661035326,1.08425519,352.66312930250194,352.6119292564422
2024-02-07 15:49:51,0.185379225,0.0230058227294813,1.08424372,352.68099495508443,352.6297031937608
2024-02-07 15:49:55,0.18538013,0.0230073077992153,1.08431371,352.6621959660017,352.61081248941423
2024-02-07 15:49:59,0.18538194,0.023007218257934,1.08430949,352.6666108884435,352.6151356965921
2024-02-07 15:50:04,0.185382242,0.0230063797102002,1.08426997,352.678780602772,352.6271907668408
2024-02-07 15:50:08,0.185390688,0.0230069301132421,1.08429591,352.68572219680414,352.63404064560905
2024-02-07 15:50:12,0.185388577,0.0230072500854037,1.08431099,352.6778055373266,352.62603227086765
2024-02-07 15:50:16,0.185394007,0.0230070132890294,1.08429983,352.69042918481347,352.6385642030906
2024-02-07 15:50:20,0.185377717,0.0230068469374547,1.08429199,352.66498996898156,352.6130332719948
2024-02-07 15:50:25,0.185382845,0.0230058868087869,1.08424674,352.6870752072402,352.6350038661736
2024-02-07 15:50:29,0.185388878,0.0230057715933467,1.08424131,352.6990562500157,352.64689319368523
2024-02-07 15:50:34,0.18539099,0.0230060597380387,1.08425489,352.69881228479005,352.64653458437976
2024-02-07 15:50:38,0.18539642,0.023006411749853,1.08427148,352.7033330677787,352.6509636521045
2024-02-07 15:50:42,0.185403056,0.023007205314763,1.08430888,352.703836505225,352.65137537428694
2024-02-07 15:50:46,0.185400342,0.0230069941925477,1.08429893,352.7021987574082,352.6496459112063
2024-02-07 15:50:50,0.185394308,0.0230065524272689,1.08427811,352.69806518752154,352.64542062605574
2024-02-07 15:50:54,0.185403056,0.0230075382300956,1.08432457,352.69953007594575,352.646793799216
2024-02-07 15:50:59,0.185406978,0.0230066742203861,1.08428385,352.71823369445787,352.66538277364833
2024-02-07 15:51:03,0.185396722,0.0230064821946525,1.0842748,352.7034525498474,352.650509913774
2024-02-07 15:51:07,0.185387974,0.0230048498698256,1.08419787,352.71106964369636,352.65803529235905
2024-02-07 15:51:11,0.185397023,0.0230056179727599,1.08423407,352.71604452414147,352.6629184575403
2024-02-07 15:51:15,0.185406676,0.0230067573961734,1.08428777,352.71694002693573,352.6637222450707
2024-02-07 15:51:19,0.185398532,0.0230047155579037,1.08419154,352.73122639876857,352.67791690163966
2024-02-07 15:51:24,0.18539642,0.0230062324551073,1.08426303,352.70685540058616,352.6534312593774
2024-02-07 15:51:28,0.1854109,0.0230065844669217,1.08427962,352.72683211360254,352.6733162571299
2024-02-07 15:51:32,0.185409391,0.023006142913826,1.08425881,352.73042411892175,352.67681654718524
2024-02-07 15:51:37,0.185410296,0.0230062197241194,1.08426243,352.7310271748303,352.6773049590139
2024-02-07 15:51:41,0.185415726,0.0230076407145479,1.0843294,352.72083476990855,352.6670208388283
2024-02-07 15:51:45,0.185419648,0.0230071669096163,1.08430707,352.7341454715404,352.6802398251963
2024-02-07 15:51:49,0.185416933,0.0230064821946525,1.0842748,352.73902475771024,352.6850273961022
2024-02-07 15:51:53,0.185411805,0.0230055157004907,1.08422925,352.7436617810818,352.6895727042099
2024-02-07 15:51:58,0.185413916,0.0230055732021192,1.08423196,352.7465903464666,352.6923866255148
2024-02-07 15:52:02,0.185407581,0.0230048562353195,1.08419817,352.7457314179328,352.6914359817172
2024-02-07 15:52:06,0.185412106,0.0230050996093708,1.08420964,352.75020153264535,352.69581438116586
2024-02-07 15:52:10,0.185416631,0.0230053170970801,1.08421989,352.75502790032976,352.7005490335864
2024-02-07 15:52:14,0.185418743,0.0230047860027032,1.08419486,352.76603797380506,352.7114673917978
2024-02-07 15:52:19,0.185415425,0.0230049714507597,1.0842036,352.75793256520103,352.70324733911394
2024-02-07 15:52:23,0.185416631,0.023004798733691,1.08419546,352.7624617755815,352.7076848342306
2024-02-07 15:52:27,0.185417234,0.0230045171666762,1.08418219,352.7674596194572,352.71259096284234
2024-02-07 15:52:31,0.185421458,0.0230052852696104,1.08421839,352.76419187654295,352.7092315046642
2024-02-07 15:52:35,0.185417536,0.0230045042235052,1.08418158,352.768337057663,352.7132849705204
2024-02-07 15:52:39,0.185419949,0.0230044467218767,1.08417887,352.7733418530574,352.7181980506509
2024-02-07 15:52:44,0.185425983,0.0230046962492387,1.08419063,352.7803274111346,352.72506896464824
2024-02-07 15:52:48,0.185422363,0.0230045683028107,1.0841846,352.77599757068754,352.72064740893734
2024-02-07 15:52:52,0.185417838,0.0230045939769696,1.08418581,352.7680070595467,352.7125651825326
2024-02-07 15:52:56,0.185430809,0.0230050803007059,1.08420873,352.783558060461,352.72802446818304
2024-02-07 15:53:00,0.185427793,0.0230047794250261,1.08419455,352.78264066606357,352.7270153585217
2024-02-07 15:53:04,0.185432016,0.0230051123403587,1.08421024,352.78536192842273,352.729644905617
2024-02-07 15:53:09,0.185426888,0.023005073935212,1.08420843,352.7772467803341,352.72141511344853
2024-02-07 15:53:13,0.185424776,0.0230045555718229,1.084184,352.78086750722116,352.7249441250717
2024-02-07 15:53:17,0.185429301,0.0230042931012898,1.08417163,352.7923016257157,352.7362865283024
2024-02-07 15:53:21,0.185427491,0.023003742698248,1.08414569,352.79687978068256,352.7407729680054
2024-02-07 15:53:25,0.185428698,0.0230034288793972,1.0841309,352.8033540174917,352.7471554895506
2024-02-07 15:53:29,0.185425078,0.0230041267497151,1.08416379,352.78765400020546,352.7313637570005
2024-02-07 15:53:34,0.185430206,0.023004657844092,1.08418882,352.7892155112771,352.7328106239923
2024-02-07 15:53:38,0.185429301,0.0230033713777687,1.08412819,352.8054738143191,352.7489772117704
2024-02-07 15:53:42,0.185427491,0.0230036658879545,1.08414207,352.7984188442143,352.74183052640177
2024-02-07 15:53:46,0.185436842,0.0230039410894755,1.08415504,352.8106936451524,352.754013612076
2024-02-07 15:53:50,0.185429904,0.0230037554292358,1.08414629,352.80149102259196,352.7447192742516
2024-02-07 15:53:55,0.185433826,0.0230044530873706,1.08417917,352.7986990847322,352.74181269231207
2024-02-07 15:53:59,0.185428396,0.0230035186328616,1.08413513,352.8023819538957,352.7454038462117
2024-02-07 15:54:03,0.185436541,0.0230033009329692,1.08412487,352.8193838546699,352.762314031722
2024-02-07 15:54:07,0.185438954,0.0230037106585952,1.08414418,352.8179554945626,352.7607939563508
2024-02-07 15:54:11,0.185441971,0.023002654410969,1.0840944,352.83774539374554,352.78049214026987
2024-02-07 15:54:15,0.185436239,0.0230021424130738,1.08407027,352.8350964570377,352.7777514882982
2024-02-07 15:54:20,0.185453132,0.0230035570380083,1.08413694,352.84458645738783,352.78712684456843
2024-02-07 15:54:24,0.185451925,0.0230044721838524,1.08418007,352.83001488507796,352.7724635569947
2024-02-07 15:54:28,0.18544921,0.0230039731291282,1.08415655,352.8323410420333,352.7746979986862
2024-02-07 15:54:32,0.18544559,0.0230041842513436,1.0841665,352.8233424593395,352.7656077007284
2024-02-07 15:54:36,0.185448305,0.0230042931012898,1.08417163,352.82657276083535,352.76874628696044
2024-02-07 15:54:41,0.185450417,0.0230042035600085,1.08416741,352.8315277730287,352.7735866550739
2024-02-07 15:54:45,0.185454037,0.02300399222561,1.08415745,352.8407127736578,352.78267994043915
2024-02-07 15:54:49,0.185457054,0.0230032241226757,1.08412125,352.85653523991584,352.79841069143333
2024-02-07 15:54:53,0.185451322,0.023002257628514,1.0840757,352.86014603634214,352.80192977259577
2024-02-07 15:54:57,0.185448305,0.0230037617947297,1.08414659,352.8343702288399,352.77606224982964
2024-02-07 15:55:02,0.18545102,0.0230040817668913,1.08416167,352.83471630995086,352.77629368686075
2024-02-07 15:55:06,0.185461578,0.0230038001998765,1.0841484,352.8567192709105,352.79820493255653
2024-02-07 15:55:10,0.185469422,0.0230045489941458,1.08418369,352.8598975269508,352.8012914733329
2024-02-07 15:55:14,0.185467612,0.0230042801581188,1.08417102,352.8605997684814,352.80190199959964
2024-02-07 15:55:18,0.185473041,0.0230045171666762,1.08418219,352.8667007157319,352.8079112315863
2024-02-07 15:55:22,0.185474851,0.0230052339212927,1.08421597,352.8600136854485,352.801132486039
2024-02-07 15:55:27,0.185468215,0.0230038833756638,1.08415232,352.8673920334755,352.8083961899861
2024-02-07 15:55:31,0.185465198,0.0230032113916879,1.08412065,352.87158478126855,352.81249722251533
2024-02-07 15:55:35,0.185470628,0.0230028400712086,1.08410315,352.8860658953731,352.82688662135604
2024-02-07 15:55:39,0.185480885,0.0230040626704095,1.08416077,352.88683956711867,352.82756857783767
2024-02-07 15:55:43,0.185467008,0.0230039347239815,1.08415474,352.8649900699181,352.80562736537325
2024-02-07 15:55:47,0.18547274,0.0230036145396368,1.08413965,352.87928221624884,352.8198277964401
2024-02-07 15:55:52,0.185472136,0.0230038770101699,1.08415202,352.87475040311654,352.81518133922793
2024-02-07 15:55:56,0.185464595,0.0230025841783526,1.08409109,352.8797662627018,352.82010548354936
2024-02-07 15:56:00,0.185469422,0.0230030257314482,1.0841119,352.88202198669967,352.82226949228334
2024-02-07 15:56:04,0.185473946,0.0230031345813945,1.08411703,352.88834227786623,352.82849806818604
2024-02-07 15:56:08,0.185470025,0.0230022064923794,1.08407329,352.89451899892623,352.8345830739821
2024-02-07 15:56:12,0.185477868,0.0230033713777687,1.08412819,352.8919637146197,352.8319360744117
2024-02-07 15:56:17,0.185474851,0.0230025712351816,1.08409048,352.89794536918123,352.8378030848934
2024-02-07 15:56:21,0.185468517,0.0230022833026728,1.08407691,352.89118311137014,352.8309491118184
2024-02-07 15:56:25,0.185473946,0.0230024432887536,1.08408445,352.8983451628833,352.8380194480677
2024-02-07 15:56:29,0.185474248,0.0230022769371789,1.08407661,352.9012440575775,352.8408266274981
2024-02-07 15:56:33,0.185476963,0.0230023344388074,1.08407932,352.90518157190525,352.84467242656194
2024-02-07 15:56:37,0.18547998,0.0230030320969422,1.0841122,352.90081753608865,352.84021667548143
2024-02-07 15:56:42,0.185479376,0.023002257628514,1.0840757,352.9105678765631,352.84985237187607
2024-02-07 15:56:46,0.18547636,0.0230035186328616,1.08413513,352.8881393137659,352.82733209381496
2024-02-07 15:56:50,0.185486918,0.0230021808182205,1.08407208,352.92469296594794,352.8637940307331
2024-02-07 15:56:54,0.185483298,0.0230022833026728,1.08407691,352.9171891059024,352.85619845542374
2024-02-07 15:56:58,0.185486013,0.0230034802277149,1.08413332,352.90543203781795,352.8443496720754
2024-02-07 15:57:03,0.185490839,0.0230030064227833,1.08411099,352.92031644190496,352.85911943208254
2024-02-07 15:57:07,0.185488728,0.0230021808182205,1.08407208,352.92817469137765,352.86688596629136
2024-02-07 15:57:11,0.185489029,0.0230019503873403,1.08406122,352.93195487676246,352.8705744364123
2024-02-07 15:57:15,0.185486013,0.0230028977850202,1.08410587,352.91384425404937,352.8523720984353
2024-02-07 15:57:19,0.185495063,0.0230032368536636,1.08412185,352.92472460095195,352.863160730074
2024-02-07 15:57:24,0.185492348,0.023001860846059,1.084057,352.9391562051469,352.87747769018915
2024-02-07 15:57:28,0.185487823,0.0230017392651249,1.08405127,352.93319283241874,352.8714226021971
2024-02-07 15:57:32,0.185488728,0.0230013615791517,1.08403347,352.94003355956096,352.8781716140754
2024-02-07 15:57:36,0.185496571,0.0230021871837145,1.08407238,352.94214975491127,352.8801960941619
2024-02-07 15:57:41,0.185492649,0.0230025648696877,1.08409018,352.93036188680696,352.8682935819777
2024-02-07 15:57:45,0.185497778,0.0230024176145948,1.08408324,352.9412436027472,352.87908358265406
2024-02-07 15:57:49,0.185502604,0.0230019951579809,1.08406333,352.95539913545605,352.89314740009905
2024-02-07 15:57:53,0.185487823,0.0230019951579809,1.08406333,352.9302409786934,352.8678975280725
2024-02-07 15:57:58,0.185499588,0.0230022192233673,1.08407389,352.9473666026817,352.884908507981
2024-02-07 15:58:02,0.185503811,0.0230019631183281,1.08406182,352.9582004852451,352.8956506752805
2024-02-07 15:58:06,0.185500794,0.0230026353144872,1.0840935,352.9438781604782,352.8812366352497
2024-02-07 15:58:10,0.185506827,0.0230029425556609,1.08410798,352.95004303283577,352.8873097923434
2024-02-07 15:58:14,0.185506526,0.0230031089072356,1.08411582,352.9473289906721,352.88450403491584
2024-02-07 15:58:19,0.185503509,0.0230022833026728,1.08407691,352.95366337633396,352.89072377649785
2024-02-07 15:58:23,0.185504414,0.0230022448975261,1.0840751,352.95583013496525,352.8927988198653
2024-02-07 15:58:27,0.185507732,0.0230024753284064,1.08408596,352.958415288409,352.8952922580452
2024-02-07 15:58:31,0.185518592,0.0230026096403283,1.08409229,352.9752080892816,352.9119933436539
2024-02-07 15:58:35,0.185515274,0.0230019183476875,1.08405971,352.97915601623333,352.9158495553417
2024-02-07 15:58:39,0.185507732,0.0230016558771544,1.08404734,352.96997994581,352.9065817696545
2024-02-07 15:58:44,0.185504112,0.0230017904012595,1.08405368,352.96205716999333,352.898544349758
2024-02-07 15:58:48,0.185502001,0.0230012847688583,1.08402985,352.96550884078096,352.90190430528173
2024-02-07 15:58:52,0.185516179,0.0230022319543551,1.08407449,352.9767710626066,352.9130748118435
2024-02-07 15:58:56,0.185517687,0.0230022769371789,1.08407661,352.9788190937997,352.91503112777275
2024-02-07 15:59:00,0.1855201,0.0230021680872327,1.08407148,352.98453255217885,352.92065287088803
2024-02-07 15:59:04,0.185518592,0.0230025585041938,1.08408988,352.9766692512267,352.912697854672
2024-02-07 15:59:09,0.18551467,0.0230018160754183,1.08405489,352.9803128687681,352.9162268281336
2024-02-07 15:59:13,0.185526435,0.0230028528021965,1.08410375,352.9862186367444,352.922040880846
2024-02-07 15:59:17,0.185524324,0.0230017392651249,1.08405127,352.99804654129275,352.9337770701304
2024-02-07 15:59:21,0.185518592,0.0230019567528342,1.08406152,352.98534970482694,352.92098851840075
2024-02-07 15:59:26,0.185520402,0.0230018160754183,1.08405489,352.99049462161037,352.9260187911043
2024-02-07 15:59:30,0.185518592,0.0230015406617143,1.08404191,352.99128903702155,352.9267214912516
2024-02-07 15:59:34,0.185521307,0.023002654410969,1.0840944,352.98067365419246,352.91601439315866
2024-02-07 15:59:38,0.18553458,0.0230026225834993,1.0840929,353.0038773077949,352.9391263314972
2024-02-07 15:59:43,0.185527039,0.0230016111065138,1.08404523,353.00504661692213,352.9401809965446
2024-02-07 15:59:47,0.185537898,0.0230019760614991,1.08406243,353.0186600301659,352.9537026945245
2024-02-07 15:59:51,0.185537597,0.0230025073680592,1.08408747,353.0109166436498,352.94586759274455
2024-02-07 15:59:55,0.185535787,0.0230027377989395,1.08409833,353.0047414647027,352.9396006985335
2024-02-07 15:59:59,0.18553639,0.0230027312212624,1.08409802,353.0059538715192,352.94072139008614
2024-02-07 16:00:03,0.185539407,0.0230025841783526,1.08409109,353.0132253651045,352.9479011684076
2024-02-07 16:00:08,0.185543328,0.0230019567528342,1.08406152,353.028683702488,352.96324486171125
2024-02-07 16:00:12,0.185548456,0.0230030000572894,1.08411069,353.02315922809754,352.9576286720569
2024-02-07 16:00:16,0.185551171,0.0230041969823315,1.0841671,353.01139697193173,352.9457747006272
2024-02-07 16:00:20,0.185541518,0.0230038001998765,1.0841484,353.00046673626093,352.93475274969256
2024-02-07 16:00:24,0.18554544,0.0230029745953137,1.08410949,353.0186331918082,352.9528274899759
2024-02-07 16:00:29,0.185546646,0.0230035506725144,1.08413664,353.0128704646514,352.9469501187393
2024-02-07 16:00:33,0.185552076,0.023003473862221,1.08413302,353.0232959523254,352.95728389114936
2024-02-07 16:00:37,0.185547853,0.0230026993937927,1.08409652,353.02684528117726,352.96074150473737
2024-02-07 16:00:41,0.185544535,0.023002116738915,1.08406906,353.0292976867129,352.9631021950091
2024-02-07 16:00:45,0.185540312,0.0230009454880318,1.08401386,353.03831533879554,352.9720281318279
2024-02-07 16:00:49,0.1855382,0.0230020719682743,1.08406695,353.0192759825585,352.952897060327
2024-02-07 16:00:54,0.185539407,0.0230025648696877,1.08409018,353.01466078347005,352.9481672171587
2024-02-07 16:00:58,0.185541518,0.0230013615791517,1.08403347,353.0349396795765,352.9683543980013
2024-02-07 16:01:02,0.185543328,0.0230008045984328,1.08400722,353.0457992355226,352.9791222386835
2024-02-07 16:01:06,0.18553639,0.0230007470968043,1.08400451,353.0348305464005,352.9680618342975
2024-02-07 16:01:10,0.185537597,0.0230009838931785,1.08401567,353.0337210547975,352.96686062743066
2024-02-07 16:01:14,0.18554544,0.0230005293969118,1.08399425,353.05347522521805,352.9865230825873
2024-02-07 16:01:19,0.185548155,0.0230012015930709,1.08402593,353.04896428770684,352.98189750099624
2024-02-07 16:01:23,0.18555087,0.0230010350293131,1.08401808,353.05598970093234,352.9888311989579
2024-02-07 16:01:27,0.185554188,0.0230012911343522,1.08403015,353.0582202498486,352.9909700326103
2024-02-07 16:01:31,0.185548155,0.0230016047410198,1.08404493,353.0436836798996,352.9763417473973
2024-02-07 16:01:35,0.185552981,0.0230011886498999,1.08402532,353.0577540827552,352.9903204349891
2024-02-07 16:01:40,0.18555449,0.0230019312908585,1.08406032,353.0502121543992,352.9826638625533
2024-02-07 16:01:44,0.185551775,0.0230012527292055,1.08402834,353.05501705216744,352.9873770450576
2024-02-07 16:01:48,0.185544836,0.0230008302725916,1.08400843,353.0490763906278,352.9813446682541
2024-02-07 16:01:52,0.185560523,0.023002379209448,1.08408143,353.0546207814689,352.9867973438313
2024-02-07 16:01:56,0.185562634,0.0230019760614991,1.08406243,353.0638744782357,352.99595932533424
2024-02-07 16:02:01,0.185567461,0.0230027057592867,1.08409682,353.06217896987977,352.99414917289846
2024-02-07 16:02:05,0.185573494,0.0230024305577657,1.08408385,353.0763693202488,353.0082478080036
2024-02-07 16:02:09,0.185561428,0.023001860846059,1.084057,353.0637001554288,352.9954869279197
2024-02-07 16:02:13,0.185566254,0.0230019440218463,1.08406092,353.07088991863225,353.0025849758593
2024-02-07 16:02:17,0.185568668,0.0230016942823011,1.08404915,353.07854747110594,353.0101508130691
2024-02-07 16:02:21,0.185562031,0.0230007407313103,1.08400421,353.0804430619008,353.0119546886001
2024-02-07 16:02:26,0.185559919,0.0230007727709631,1.08400572,353.0765079380864,353.00790492070587
2024-02-07 16:02:30,0.185561428,0.0230005678020586,1.08399606,353.08200272467195,353.01330799202753
2024-02-07 16:02:34,0.185563841,0.0230008879864033,1.08401115,353.0818037587644,353.0130173108561
2024-02-07 16:02:38,0.185567461,0.0230011695534181,1.08402442,353.0841990707218,353.0153209075496
2024-02-07 16:02:42,0.185575606,0.0230011568224303,1.08402382,353.09838104885625,353.0294111704202
2024-02-07 16:02:46,0.185570176,0.0230015599703792,1.08404282,353.08363973824396,353.01457814454403
2024-02-07 16:02:51,0.185565953,0.0230011695534181,1.08402442,353.0819209024854,353.0127446647056
2024-02-07 16:02:55,0.185576209,0.02300092639155,1.08401296,353.102885446623,353.03361749357936
2024-02-07 16:03:00,0.185572287,0.0230019440218463,1.08406092,353.0822739057202,353.01289130859675
2024-02-07 16:03:04,0.185581036,0.0230016304151787,1.08404614,353.1016342291497,353.0321599167623
2024-02-07 16:03:08,0.185582846,0.0230021617217387,1.08407118,353.0974950221965,353.0279289945452
2024-02-07 16:03:12,0.185582242,0.0230012270550466,1.08402713,353.1094376777094,353.0397799347943
2024-02-07 16:03:16,0.185582544,0.0230010863776308,1.0840205,353.1119844116479,353.0422349534689
2024-02-07 16:03:20,0.185591594,0.023001572701367,1.08404342,353.1208333878547,353.0509922144118
2024-02-07 16:03:25,0.185576511,0.0230009454880318,1.08401386,353.1038260273616,353.0338702098389
2024-02-07 16:03:29,0.185578924,0.0230013743101395,1.08403407,353.1021293748413,353.0320818420547
2024-02-07 16:03:33,0.185582846,0.0230018160754183,1.08405489,353.10283227125956,353.03269302320905
2024-02-07 16:03:37,0.185585259,0.0230018863080347,1.0840582,353.10607816351484,353.03584720020046
2024-02-07 16:03:41,0.185580734,0.0230021744527266,1.08407178,353.0944682561274,353.0241455775492
2024-02-07 16:03:45,0.185583449,0.0230022448975261,1.0840751,353.0982271086902,353.02781271484804
2024-02-07 16:03:50,0.185588275,0.0230018735770468,1.0840576,353.1117040407202,353.04117500279824
2024-02-07 16:03:54,0.18559823,0.0230024369232597,1.08408415,353.1210370928593,353.05041633967346
2024-02-07 16:03:58,0.185596722,0.0230023344388074,1.08407932,353.1199652983548,353.0492528299051
2024-02-07 16:04:02,0.185594912,0.0230012784033643,1.08402955,353.13152158403153,353.0607174003179
2024-02-07 16:04:06,0.185598532,0.0230018799425408,1.0840579,353.12950561081055,353.05860971183307
2024-02-07 16:04:11,0.185584655,0.0230017392651249,1.08405127,353.107852648584,353.03684210552666
2024-02-07 16:04:15,0.185595817,0.0230009198138729,1.08401265,353.1383089626472,353.067206704326
2024-02-07 16:04:19,0.185599738,0.0230027825695801,1.08410044,353.1194222044179,353.0482282308328
2024-02-07 16:04:23,0.18559461,0.0230013295394989,1.08403196,353.1307822522546,353.0594965634057
2024-02-07 16:04:27,0.185586767,0.0230008045984328,1.08400722,353.1247111110126,353.0533337068997
2024-02-07 16:04:32,0.185590085,0.0230003694108311,1.08398671,353.136493530083,353.0650014818903
2024-02-07 16:04:36,0.1855928,0.0230010222983252,1.08401748,353.1322234049786,353.0606396415221
2024-02-07 16:04:40,0.185615425,0.0230031345813945,1.08411703,353.1418492656738,353.0701737869533
2024-02-07 16:04:44,0.185606375,0.023002116738915,1.08406906,353.1405112937778,353.0687440997935
2024-02-07 16:04:49,0.185610297,0.0230016304151787,1.08404614,353.1540301308707,353.0821482928065
2024-02-07 16:04:53,0.185609995,0.0230024496542475,1.08408475,353.1423126539214,353.07033910059334
2024-02-07 16:04:57,0.185605772,0.0230023728439541,1.08408113,353.1362489621091,353.0641836935172
2024-02-07 16:05:01,0.18560366,0.0230018992512057,1.08405881,353.1392609493884,353.0671039655326
2024-02-07 16:05:06,0.18560185,0.0229993772425104,1.08393995,353.17105225156865,353.098780623633
2024-02-07 16:05:10,0.185595515,0.0229997421974958,1.08395715,353.15528877003106,353.08292542683154
2024-02-07 16:05:14,0.185600643,0.0229999917248578,1.08396891,353.1607014909625,353.0882464324991
2024-02-07 16:05:18,0.185593102,0.0230002030592563,1.08397887,353.1449959948394,353.0724492211121
2024-02-07 16:05:22,0.18560004,0.0230000494386695,1.08397163,353.1590590160514,353.0864205270602
2024-02-07 16:05:27,0.185596722,0.0229997421974958,1.08395715,353.15774073012915,353.08498759705816
2024-02-07 16:05:31,0.185599135,0.0230004462211245,1.08399033,353.15224899069665,353.07940414236174
2024-02-07 16:05:35,0.185597627,0.0230001133057919,1.08397464,353.1543540099878,353.081417446389
2024-02-07 16:05:40,0.185603057,0.0229992813357352,1.08393543,353.17521640184776,353.1021651941692
2024-02-07 16:05:44,0.185600342,0.0229990572703488,1.08392487,353.1737587719402,353.1006158489977
2024-02-07 16:05:48,0.185604263,0.0230001133057919,1.08397464,353.16598956663586,353.0927549284295
2024-02-07 16:05:52,0.18560547,0.0230000110335228,1.08396982,353.16955345697204,353.0962271035018
2024-02-07 16:05:56,0.185609995,0.0229994733614688,1.08394448,353.1847895371245,353.1113714683904
2024-02-07 16:06:00,0.185604263,0.0229991533893072,1.0839294,353.17949965220447,353.10598986820645
2024-02-07 16:06:05,0.185603358,0.0229994285908281,1.08394237,353.17427355424076,353.1006491261629
2024-02-07 16:06:09,0.185601247,0.0229991020409895,1.08392698,353.1752609532233,353.1015448098816
2024-02-07 16:06:13,0.185614821,0.0230005039349361,1.08399305,353.1792151935594,353.1054073349538
2024-02-07 16:06:18,0.185609392,0.0229999405887233,1.0839665,353.1778216005072,353.10389909782174
2024-02-07 16:06:22,0.185603057,0.0229990509048549,1.08392457,353.17935662758134,353.105342409632
2024-02-07 16:06:26,0.185613313,0.022999851047442,1.08396228,353.1859387096207,353.1118327764075
2024-02-07 16:06:30,0.185610297,0.0229999212800583,1.08396559,353.1799091741534,353.1057115256763
2024-02-07 16:06:35,0.185606073,0.0229997421974958,1.08395715,353.17527616694537,353.1009638743884
2024-02-07 16:06:39,0.185622061,0.0230000046680288,1.08396952,353.199064695375,353.1246606875542
2024-02-07 16:06:43,0.185612408,0.0229991533893072,1.0839294,353.19440190732007,353.1199061842354
2024-02-07 16:06:47,0.185617235,0.0229997933336303,1.08395956,353.19391681153354,353.119329373185
2024-02-07 16:06:51,0.185618441,0.0229997485629897,1.08395745,353.19668632985696,353.1220071762445
2024-02-07 16:06:55,0.185619346,0.0229999212800583,1.08396559,353.1959427431597,353.1211718742834
2024-02-07 16:07:00,0.185619648,0.0229988845532802,1.08391673,353.21086888603895,353.1359833730828
2024-02-07 16:07:04,0.18560909,0.022998110084852,1.08388023,353.2036007458321,353.128623517612
2024-02-07 16:07:08,0.185619648,0.0229991340806423,1.08392849,353.2076114414899,353.132542498006
2024-02-07 16:07:12,0.18561633,0.0229988395704564,1.08391461,353.20609521551603,353.13093455676824
2024-02-07 16:07:16,0.185622665,0.0229990252306961,1.08392336,353.2144506461812,353.13919827216955
2024-02-07 16:07:20,0.185616933,0.0229988141084807,1.08391341,353.20766003894,353.1323159496644
2024-02-07 16:07:25,0.185621458,0.0229991788512829,1.0839306,353.2104763826184,353.13501764926303
2024-02-07 16:07:29,0.185619045,0.0229986795843756,1.08390707,353.2133300207311,353.1377795721118
2024-02-07 16:07:33,0.185620855,0.0229991020409895,1.08392698,353.21068872132935,353.1350465574462
2024-02-07 16:07:37,0.185623268,0.0229985773121065,1.08390225,353.2221392628013,353.14640538365427
2024-02-07 16:07:41,0.185626586,0.0229994222253342,1.08394207,353.21624872534375,353.14042313093285
2024-02-07 16:07:45,0.185630508,0.0229996397130435,1.08395232,353.2200422788118,353.144124969137
2024-02-07 16:07:50,0.185633223,0.0229997165233369,1.08395594,353.2237364000231,353.14770444626845
2024-02-07 16:07:54,0.185632318,0.0229993772425104,1.08393995,353.226960542531,353.1508368735125
2024-02-07 16:07:58,0.185633826,0.0230012015930709,1.08402593,353.2044726181373,353.12825723385487
2024-02-07 16:08:02,0.185633524,0.0230003437366722,1.0839855,353.2158769321903,353.13956983264404
2024-02-07 16:08:06,0.185629904,0.0229994156476571,1.08394176,353.22258162530903,353.1461828104989
2024-02-07 16:08:11,0.185638954,0.0229992429305885,1.08393362,353.2405406981231,353.16402723923306
2024-02-07 16:08:15,0.185631413,0.0229984107483486,1.0838944,353.23922445399353,353.16261927983965
2024-02-07 16:08:19,0.185620251,0.0229979371556002,1.08387208,353.2267754733043,353.15007858388657
2024-02-07 16:08:23,0.185632318,0.0229988652446153,1.08391582,353.23468620088244,353.1578975962008
2024-02-07 16:08:27,0.185627491,0.0229981484899987,1.08388204,353.2364151433284,353.15953482338284
2024-02-07 16:08:31,0.185621458,0.0229966890944236,1.08381326,353.2463261225174,353.169354087308
2024-02-07 16:08:36,0.18562357,0.0229966697857586,1.08381235,353.25031601748583,353.1732293381966
2024-02-07 16:08:40,0.185635033,0.0229980266968815,1.0838763,353.25127973899816,353.17410134444503
2024-02-07 16:08:44,0.185632318,0.0229984364225075,1.08389561,353.2410816323747,353.1638115225577
2024-02-07 16:08:48,0.185641669,0.0229993838201875,1.08394026,353.2440848621376,353.1667230370567
2024-02-07 16:08:52,0.185645591,0.0229989613635736,1.08392035,353.25670389426386,353.17925035391914
2024-02-07 16:08:56,0.185639256,0.0229992813357352,1.08393543,353.2415588465509,353.16401359094226
2024-02-07 16:09:01,0.185634429,0.0229988845532802,1.08391673,353.23889809048563,353.1612381907972
2024-02-07 16:09:05,0.185637144,0.0229979051159474,1.08387057,353.257136848636,353.1793852336836
2024-02-07 16:09:09,0.185631413,0.0229976939937321,1.08386062,353.2503479072154,353.1725045769992
2024-02-07 16:09:13,0.185641971,0.0229984684621603,1.08389712,353.2577982153189,353.1798631698388
2024-02-07 16:09:17,0.185636843,0.0229990061342143,1.08392246,353.2417128054772,353.16368604473325
2024-02-07 16:09:22,0.185643177,0.0229983212070673,1.08389018,353.26209616932306,353.1839547644992
2024-02-07 16:09:26,0.185643479,0.0229992236219236,1.08393271,353.25025799209374,353.17202487200603
2024-02-07 16:09:30,0.185652227,0.0229988652446153,1.08391582,353.2702391891143,353.19191435376274
2024-02-07 16:09:34,0.18565464,0.0229985836776004,1.08390255,353.27833734476434,353.19992079414885
2024-02-07 16:09:38,0.185654942,0.0229991277151483,1.08392819,353.27144141303404,353.1929331471547
2024-02-07 16:09:42,0.185660372,0.0229988332049625,1.08391431,353.2848729710047,353.2062729898615
2024-02-07 16:09:47,0.185647401,0.0229990893100016,1.08392638,353.2592929468271,353.180578321604
2024-02-07 16:09:51,0.185646496,0.0229999533197111,1.0839671,353.2459227353264,353.16711639483947
2024-02-07 16:09:55,0.185649512,0.0229982637054388,1.08388747,353.27447024229855,353.19557218654774
2024-02-07 16:09:59,0.185648909,0.0229978860194656,1.08386967,353.27874106707,353.1997512960553
2024-02-07 16:10:03,0.185659165,0.0229982955329085,1.08388897,353.2907084525391,353.2116269662605
2024-02-07 16:10:08,0.185657657,0.0229986475447229,1.08390556,353.2833909964195,353.2041948660611
2024-02-07 16:10:12,0.185664294,0.0229991340806423,1.08392849,353.28811205004,353.20882420441774
2024-02-07 16:10:16,0.185648909,0.0229988972842681,1.08391733,353.2651828472972,353.185803286411
2024-02-07 16:10:20,0.185659467,0.0229984300570136,1.08389531,353.28975868863034,353.2102874124803
2024-02-07 16:10:24,0.185664294,0.0229989293239208,1.08391884,353.29121143949624,353.2116484480823
2024-02-07 16:10:28,0.185661277,0.0229983980173608,1.0838938,353.293476744765,353.2138220380872
2024-02-07 16:10:33,0.185664595,0.0229987563946691,1.08391069,353.29431738045724,353.2145480296996
2024-02-07 16:10:37,0.185660372,0.0229976362799204,1.0838579,353.3026442384047,353.2227831723832
2024-02-07 16:10:41,0.185658864,0.0229971049733604,1.08383286,353.3074884447808,353.22753566349536
2024-02-07 16:10:45,0.185661579,0.0229976683195732,1.08385941,353.30444812201307,353.22440362546376
2024-02-07 16:10:49,0.185652227,0.0229978987504535,1.08387027,353.28538137777315,353.20524516596
2024-02-07 16:10:53,0.18565464,0.0229975019679985,1.08385157,353.2950694288427,353.21484150176565
2024-02-07 16:10:58,0.18566188,0.0229975851437858,1.08385549,353.3064079041338,353.2260653329769
2024-02-07 16:11:02,0.18566188,0.0229979755607469,1.08387389,353.3011140170158,353.220679730595
2024-02-07 16:11:06,0.185660372,0.0229977835350134,1.08386484,353.3012778693981,353.2207518677135
2024-02-07 16:11:10,0.185660372,0.0229984684621603,1.08389712,353.29192172556725,353.2113040086187
2024-02-07 16:11:14,0.18566731,0.0229986604878938,1.08390617,353.30121933408765,353.22050990187523
2024-02-07 16:11:19,0.18566369,0.0229973738093874,1.08384553,353.31289755834604,353.2320734820538
2024-02-07 16:11:23,0.185663087,0.0229972458629594,1.0838395,353.3137239415125,353.2328081499563
2024-02-07 16:11:27,0.185675455,0.0229981996261333,1.08388445,353.3217917907039,353.2407842838839
2024-02-07 16:11:32,0.185674248,0.0229986988930406,1.08390798,353.3129568674978,353.231834716598
2024-02-07 16:11:36,0.185671533,0.0229989931910433,1.08392185,353.30435009050905,353.2231362243453
2024-02-07 16:11:41,0.185678773,0.0229989997687203,1.08392216,353.3167444204073,353.23541591016374
2024-02-07 16:11:45,0.18567455,0.0229984364225075,1.08389561,353.31739159842016,353.2359713729127
2024-02-07 16:11:50,0.185676058,0.0229980587365343,1.08387781,353.3252930772729,353.2437582076856
2024-02-07 16:11:54,0.18567093,0.0229979435210941,1.08387238,353.31821201016396,353.2365854253128
2024-02-07 16:11:58,0.185680282,0.0229984811931481,1.08389772,353.3268661160971,353.245147815982
2024-02-07 16:12:02,0.18567455,0.0229984300570136,1.08389531,353.31786919803267,353.2360591826537
2024-02-07 16:12:06,0.185676058,0.0229973354042406,1.08384372,353.3356388133452,353.2537370827024
2024-02-07 16:12:10,0.185680583,0.0229982764364267,1.08388807,353.3304802202444,353.2484867743377
2024-02-07 16:12:15,0.185684203,0.0229984684621603,1.08389712,353.33413121077973,353.2520231207932
2024-02-07 16:12:19,0.18567817,0.0229977578608545,1.08386363,353.3337175293618,353.2515177241114
2024-02-07 16:12:24,0.185682996,0.0229974506196808,1.08384915,353.3463173448499,353.26400289551964
2024-02-07 16:12:28,0.185673645,0.0229958312380249,1.08377283,353.35277291037863,353.2703667457845
