time,voltage,current,shunt_voltage,temperature,temperature old
2023-12-03 18:06:49,0.208138368,0.022371410869293,1.05434446,400.652582142722,400.652582142722
2023-12-03 18:06:53,0.208298851,0.022368587984918,1.05421142,400.985953773963,400.98288529561216
2023-12-03 18:06:57,0.208384522,0.022368056890541,1.05418639,401.1493096437284,401.1431725762416
2023-12-03 18:07:01,0.208513934,0.0223658484885134,1.05408231,401.4177181473189,401.4085123799826
2023-12-03 18:07:06,0.208560389,0.0223644915773906,1.05401836,401.5261274286762,401.5130856309456
2023-12-03 18:07:10,0.208607147,0.022362699478666,1.0539339,401.6415037365219,401.625392990097
2023-12-03 18:07:14,0.208640329,0.0223620081860251,1.05390132,401.71470051882216,401.6955207132215
2023-12-03 18:07:18,0.208669892,0.0223617457154921,1.05388895,401.7744171799661,401.7521682047797
2023-12-03 18:07:22,0.208708504,0.0223617713896509,1.05389016,401.8453902128115,401.82007195770086
2023-12-03 18:07:26,0.208733542,0.0223596270669289,1.0537891,401.92819139809745,401.8998037527958
2023-12-03 18:07:31,0.208770948,0.0223592366499678,1.0537707,402.00468179418226,401.972457256188
2023-12-03 18:07:35,0.208787841,0.0223586989779138,1.05374536,402.04653600740653,402.01124183138273
2023-12-03 18:07:39,0.20881137,0.0223576620389525,1.05369649,402.1083913889361,402.070027464849
2023-12-03 18:07:43,0.208821626,0.022358129266207,1.05371851,402.12189050431624,402.0804567222035
2023-12-03 18:07:47,0.208848172,0.0223579949542851,1.05371218,402.1741674083773,402.1296636583487
2023-12-03 18:07:52,0.208877735,0.0223566380431622,1.05364823,402.2527719443026,402.2044305799554
2023-12-03 18:07:56,0.208903979,0.022356260357189,1.05363043,402.3085453857888,402.2571338065352
2023-12-03 18:08:00,0.208919967,0.0223561899123895,1.05362711,402.3410830145013,402.2866011106847
2023-12-03 18:08:04,0.208931129,0.0223553643078268,1.0535882,402.37757162783737,402.32001928987313
2023-12-03 18:08:08,0.208939575,0.0223550186615063,1.05357191,402.40131304669507,402.34069016507055
2023-12-03 18:08:13,0.208957373,0.0223549993528414,1.053571,402.43697918766225,402.3725179725699
2023-12-03 18:08:17,0.208988746,0.0223549929873475,1.0535707,402.49569629877493,402.4281642938823
2023-12-03 18:08:21,0.209011672,0.0223546664375088,1.05355531,402.5447597153807,402.47415681140944
2023-12-03 18:08:25,0.20902585,0.0223552745543623,1.05358397,402.56286491304724,402.4891910007913
2023-12-03 18:08:29,0.209033995,0.0223550761631348,1.05357462,402.583639710445,402.5068946807705
2023-12-03 18:08:34,0.209052094,0.022355856997057,1.05361142,402.6065941424785,402.5260100626713
2023-12-03 18:08:38,0.209050888,0.0223526055027573,1.05345818,402.66136494581,402.5777095032972
2023-12-03 18:08:42,0.209081657,0.0223539753570511,1.05352274,402.69623006312275,402.6095031490055
2023-12-03 18:08:46,0.209086785,0.0223536551727064,1.05350765,402.71368319406406,402.623884699516
2023-12-03 18:08:50,0.209102773,0.0223537065210241,1.05351007,402.74421163944714,402.65134145571415
2023-12-03 18:08:54,0.209103075,0.0223529638800656,1.05347507,402.76011827198346,402.664176290384
2023-12-03 18:08:59,0.209118459,0.0223528038939848,1.05346753,402.7938471549257,402.6940652732704
2023-12-03 18:09:03,0.209124191,0.0223516006034488,1.05341082,402.8270023319682,402.72414840817817
2023-12-03 18:09:07,0.209150435,0.0223528679732903,1.05347055,402.855547262797,402.7496211884268
2023-12-03 18:09:11,0.209152848,0.0223520230600626,1.05343073,402.87689082308907,402.7678924897655
2023-12-03 18:09:15,0.209162502,0.0223513381329157,1.05339845,402.9084069525135,402.7963362519363
2023-12-03 18:09:19,0.209169138,0.0223520487342215,1.05343194,402.91145505416296,402.79631187810446
2023-12-03 18:09:24,0.209177585,0.0223506020696342,1.05336376,402.95422725140685,402.8352433289127
2023-12-03 18:09:28,0.20917668,0.0223508325005145,1.05337462,402.951878459615,402.8298218183938
2023-12-03 18:09:32,0.209203226,0.0223498212357121,1.05332696,403.01872212962763,402.89359266168833
2023-12-03 18:09:36,0.209201416,0.0223502948284605,1.05334928,403.0107394442726,402.8825370416973
2023-12-03 18:09:40,0.209219817,0.0223505636644875,1.05336195,403.0419420487859,402.9106666037295
2023-12-03 18:09:44,0.209211672,0.0223493283342987,1.05330373,403.0510696464874,402.9167210511778
2023-12-03 18:09:49,0.209233995,0.0223506661489398,1.05336678,403.07226525813326,402.934075073564
2023-12-03 18:09:53,0.209240933,0.022348880203526,1.05328261,403.1172355905165,402.975972013474
2023-12-03 18:09:57,0.209249078,0.0223488417983793,1.0532808,403.13537091005276,402.99103383300246
2023-12-03 18:10:01,0.209256921,0.0223488995121909,1.05328352,403.15137768461915,403.0039670000997
2023-12-03 18:10:05,0.209263859,0.0223500132614456,1.05333601,403.14827037142453,402.9977859720476
2023-12-03 18:10:09,0.209266272,0.0223476194113615,1.05322319,403.19531574529464,403.0417575237452
2023-12-03 18:10:14,0.209275925,0.022349021093125,1.05328925,403.1930081899047,403.0356075398398
2023-12-03 18:10:18,0.209283769,0.0223484259194425,1.0532612,403.21984523649286,403.05937052306496
2023-12-03 18:10:22,0.20930036,0.0223495330910202,1.05331338,403.23394001874743,403.0703911348797
2023-12-03 18:10:26,0.209301265,0.0223487715657629,1.05327749,403.25124761847,403.0846244571593
2023-12-03 18:10:30,0.209319364,0.0223493346997926,1.05330403,403.277035651487,403.1073381058035
2023-12-03 18:10:34,0.209314236,0.0223479841541637,1.05324038,403.2934308242576,403.1206587873451
2023-12-03 18:10:39,0.209329922,0.0223490658637657,1.05329136,403.3071115538198,403.1304962527162
2023-12-03 18:10:43,0.209334146,0.0223480673299511,1.0532443,403.33423247363004,403.1545424411396
2023-12-03 18:10:47,0.209337464,0.0223480930041099,1.05324551,403.3427580586102,403.1599931881157
2023-12-03 18:10:51,0.20935677,0.0223490915379245,1.05329257,403.3634598190679,403.1776200040259
2023-12-03 18:10:55,0.209357072,0.0223484706900831,1.05326331,403.3773703247098,403.18845545865054
2023-12-03 18:11:00,0.209360692,0.0223478114370951,1.05323224,403.3985644072747,403.205805577833
2023-12-03 18:11:04,0.209364312,0.0223475873717087,1.05322168,403.4117694504389,403.21593533069256
2023-12-03 18:11:08,0.209370345,0.0223473121701878,1.05320871,403.4300973596213,403.2311878433403
2023-12-03 18:11:12,0.20937849,0.02234688334808,1.0531885,403.4547161138445,403.2527310948728
2023-12-03 18:11:16,0.2093803,0.0223467551894689,1.05318246,403.4631246989614,403.2580640712167
2023-12-03 18:11:21,0.209381808,0.0223461663812803,1.05315471,403.4794128576131,403.27050756983687
2023-12-03 18:11:25,0.209383015,0.0223458271004538,1.05313872,403.49025798762216,403.2782768526585
2023-12-03 18:11:29,0.209392668,0.0223464992966129,1.0531704,403.4992757168073,403.2842186288146
2023-12-03 18:11:33,0.209401416,0.0223464288518134,1.05316708,403.5190165225989,403.3008833758096
2023-12-03 18:11:37,0.209397193,0.0223461407071215,1.0531535,403.5193951244023,403.2981858131228
2023-12-03 18:11:42,0.209405036,0.0223448478753042,1.05309257,403.5585946756515,403.3335400102408
2023-12-03 18:11:46,0.209420119,0.0223454750886395,1.05312213,403.5779770473174,403.3498459798776
2023-12-03 18:11:50,0.209416197,0.0223445854047711,1.0530802,403.58887659099247,403.35766901607127
2023-12-03 18:11:54,0.209415594,0.0223447646995168,1.05308865,403.5879082400636,403.3536240522829
2023-12-03 18:11:58,0.20942404,0.0223449951303971,1.05309951,403.6021211121989,403.3647602062552
2023-12-03 18:12:02,0.20944214,0.0223449887649032,1.05309921,403.63736720811124,403.3969294787752
2023-12-03 18:12:07,0.20944938,0.0223453791818642,1.05311761,403.6475561869811,403.4032722805394
2023-12-03 18:12:11,0.20944938,0.0223454559921577,1.05312123,403.6493578674205,403.4019969010928
2023-12-03 18:12:15,0.209456016,0.0223451039803433,1.05310464,403.6700355265809,403.4195973953799
2023-12-03 18:12:19,0.209452396,0.0223451551164779,1.05310705,403.66585093747875,403.4123355364919
2023-12-03 18:12:23,0.209457524,0.0223446815237295,1.05308473,403.6858767473144,403.4292839717036
2023-12-03 18:12:27,0.209471099,0.0223447901614925,1.05308985,403.7111983455329,403.4515280905347
2023-12-03 18:12:32,0.209457826,0.0223433437090884,1.05302168,403.71555337422905,403.4520361227866
2023-12-03 18:12:36,0.209465368,0.0223445022289837,1.05307628,403.71275217213946,403.4461572058647
2023-12-03 18:12:40,0.209473211,0.0223440477327171,1.05305486,403.73727244063537,403.4675996550078
2023-12-03 18:12:44,0.209475926,0.022342044299594,1.05296044,403.7784374117354,403.5056867023092
2023-12-03 18:12:48,0.209478037,0.022344214296475,1.05306271,403.7492116317738,403.4733828941779
2023-12-03 18:12:52,0.20950036,0.0223447517563458,1.05308804,403.782909297586,403.5040024275244
2023-12-03 18:12:57,0.209497343,0.0223439004776242,1.05304792,403.7955521353917,403.5127974531956
2023-12-03 18:13:01,0.209491009,0.0223437084518906,1.05303887,403.790598751897,403.50476570284286
2023-12-03 18:13:05,0.209501868,0.0223436382192742,1.05303556,403.81408191998867,403.52517040002414
2023-12-03 18:13:09,0.209503678,0.0223438941121302,1.05304762,403.81611641242216,403.5241263175697
2023-12-03 18:13:13,0.209516046,0.0223448415098102,1.05309227,403.8253686820825,403.53029990843993
2023-12-03 18:13:17,0.209522079,0.0223443870135436,1.05307085,403.8466850052416,403.5485374489816
2023-12-03 18:13:22,0.209520873,0.0223441118120227,1.05305788,403.8529687761698,403.5509725957457
2023-12-03 18:13:26,0.209518158,0.0223429532921273,1.05300328,403.8704843852032,403.5654091888255
2023-12-03 18:13:30,0.209529621,0.0223428124025283,1.05299664,403.8962133490731,403.5880590331591
2023-12-03 18:13:34,0.209526303,0.0223436382192742,1.05303556,403.87969382529883,403.56846028634106
2023-12-03 18:13:38,0.209531431,0.0223440925033578,1.05305697,403.8843108627831,403.5699979973496
2023-12-03 18:13:43,0.209539274,0.0223435998141275,1.05303375,403.9102405361035,403.5920783672388
2023-12-03 18:13:47,0.209539274,0.0223431005472202,1.05301022,403.9216153971214,403.6003736693345
2023-12-03 18:13:51,0.209539576,0.0223426396854597,1.0529885,403.9328877260838,403.6085663361878
2023-12-03 18:13:55,0.209546212,0.0223423708494327,1.05297583,403.9521919882188,403.6247908331022
2023-12-03 18:13:59,0.209545609,0.0223431773575137,1.05301384,403.94080216164303,403.61032113827
2023-12-03 18:14:03,0.209561899,0.0223442654326095,1.05306512,403.95466324222076,403.6211022476312
2023-12-03 18:14:08,0.20955315,0.0223427549008998,1.05299393,403.9681124864442,403.63070138316135
2023-12-03 18:14:12,0.209555262,0.0223424156200733,1.05297794,403.9805725922694,403.6400812863861
2023-12-03 18:14:16,0.209555865,0.0223417115964446,1.05294476,403.99642100381465,403.6528493926164
2023-12-03 18:14:20,0.209556167,0.0223425499319953,1.05298427,403.98610478510426,403.6394527659528
2023-12-03 18:14:24,0.209570345,0.022342729226741,1.05299272,404.0113256082929,403.6615930786255
2023-12-03 18:14:29,0.209570647,0.0223423067701271,1.05297281,404.0227322666895,403.66914895476384
2023-12-03 18:14:33,0.209583618,0.0223427933060465,1.05299574,404.0407085962316,403.6840445433013
2023-12-03 18:14:37,0.209576982,0.0223419738547945,1.05295712,404.04565117638055,403.68590628012953
2023-12-03 18:14:41,0.209566725,0.022341116210579,1.0529167,404.04481283098,403.68198698916825
2023-12-03 18:14:45,0.209573663,0.0223414043552709,1.05293028,404.05539788421345,403.6894909946768
2023-12-03 18:14:49,0.20957849,0.0223416795567918,1.05294325,404.0624576342282,403.6934695948789
2023-12-03 18:14:54,0.209586635,0.0223418011377259,1.05294898,404.07872000683057,403.7058803867699
2023-12-03 18:14:58,0.209585428,0.0223407835074295,1.05290102,404.0965779857186,403.7206569864256
2023-12-03 18:15:02,0.209581506,0.0223399704216715,1.0528627,404.1062260848206,403.7272236044546
2023-12-03 18:15:06,0.209589953,0.0223412955053247,1.05292515,404.1022481086334,403.7201640454301
2023-12-03 18:15:10,0.209591461,0.0223411034795911,1.0529161,404.1111937902145,403.726028042486
2023-12-03 18:15:15,0.209592064,0.0223405721730311,1.05289106,404.12494659276945,403.7359285965019
2023-12-03 18:15:19,0.209599304,0.0223407898729235,1.05290132,404.13723826000677,403.7451383506951
2023-12-03 18:15:23,0.209607147,0.0223416411516451,1.05294144,404.1400657986291,403.7448838748334
2023-12-03 18:15:27,0.209602924,0.0223401690250821,1.05287206,404.16013830229366,403.76187426265057
2023-12-03 18:15:31,0.209609862,0.0223407257936179,1.0528983,404.1662580052472,403.7649117484697
2023-12-03 18:15:35,0.209607147,0.0223411546157257,1.05291851,404.1574005170887,403.7529719419664
2023-12-03 18:15:40,0.209598701,0.0223405978471899,1.05289227,404.15554375278555,403.7472621375217
2023-12-03 18:15:44,0.209615292,0.0223404312834321,1.05288442,404.19079401344555,403.7794298523935
2023-12-03 18:15:48,0.209626755,0.0223415898033274,1.05293902,404.19492714409546,403.78048033629386
2023-12-03 18:15:52,0.20961861,0.0223406105781778,1.05289287,404.19985782098536,403.7823282655493
2023-12-03 18:15:56,0.20962947,0.0223409625899921,1.05290946,404.2163313251639,403.7957189212855
2023-12-03 18:16:00,0.209614991,0.0223409946296449,1.05291097,404.19322591717605,403.769530564124
2023-12-03 18:16:05,0.209634297,0.0223409050883636,1.05290675,404.23277729564006,403.8052281145848
2023-12-03 18:16:09,0.209635805,0.0223410394002855,1.05291308,404.23629936825046,403.8056670116571
2023-12-03 18:16:13,0.209637615,0.0223402392576985,1.05287537,404.25589428876884,403.8221786561561
2023-12-03 18:16:17,0.209623739,0.0223395736392165,1.052844,404.2454570332835,403.8086580242468
2023-12-03 18:16:21,0.209633995,0.0223399960958303,1.05286391,404.25968982067,403.81980733488194
2023-12-03 18:16:25,0.209635202,0.0223403737818036,1.05288171,404.2586320334752,403.815665970685
2023-12-03 18:16:30,0.209642743,0.0223407705642585,1.05290041,404.26925147183033,403.8224307969279
2023-12-03 18:16:34,0.209647871,0.0223396888546566,1.05284943,404.2994096293955,403.8495051522092
2023-12-03 18:16:38,0.209646061,0.0223395800047104,1.0528443,404.3010962826532,403.8481079031833
2023-12-03 18:16:42,0.209643347,0.0223388568845999,1.05281022,404.31139659114007,403.8553242094638
2023-12-03 18:16:46,0.209651491,0.0223401497164172,1.05287115,404.30741240883793,403.84825592510987
2023-12-03 18:16:50,0.209656318,0.0223405464988722,1.05288985,404.31245178931397,403.8502111037658
2023-12-03 18:16:55,0.209660843,0.0223401433509233,1.05287085,404.33102980502264,403.8649337270183
2023-12-03 18:16:59,0.209657826,0.0223399256510308,1.05286059,404.3323884402887,403.8632079362687
2023-12-03 18:17:03,0.209662351,0.022340450592097,1.05288533,404.3347614797227,403.8624964501702
2023-12-03 18:17:07,0.209662954,0.0223399001890551,1.05285939,404.348068069534,403.8727184150097
2023-12-03 18:17:11,0.209667479,0.0223391832222554,1.0528256,404.37109570037575,403.8926613215178
2023-12-03 18:17:16,0.209662351,0.0223390296016686,1.05281836,404.36841943509324,403.8861290112087
2023-12-03 18:17:20,0.209661446,0.0223390743723092,1.05282047,404.3691559961841,403.8837806246854
2023-12-03 18:17:24,0.209673814,0.022339784973615,1.05285396,404.38233945796037,403.8938790397376
2023-12-03 18:17:28,0.209669591,0.0223386071450547,1.05279845,404.39753144088894,403.9059858769102
2023-12-03 18:17:32,0.209673211,0.0223384982951085,1.05279332,404.4088425055016,403.91421169681234
2023-12-03 18:17:36,0.209682261,0.0223400665406298,1.05286723,404.4018806324684,403.9041644801921
2023-12-03 18:17:41,0.209673211,0.0223389336948933,1.05281384,404.4085424039075,403.9069694332204
2023-12-03 18:17:45,0.209668988,0.0223388503069228,1.05280991,404.4055312295943,403.90087269313216
2023-12-03 18:17:49,0.209684976,0.0223396249875342,1.05284642,404.42406407189253,403.9163198710314
2023-12-03 18:17:53,0.209680451,0.0223392663980428,1.05282952,404.42509561436884,403.91426565056304
2023-12-03 18:17:57,0.2096895,0.0223401049457766,1.05286904,404.43026936333393,403.9163535381156
2023-12-03 18:18:02,0.209684674,0.0223389911965218,1.05281655,404.44410023310826,403.9263269427725
2023-12-03 18:18:06,0.209694629,0.0223398233787617,1.05285577,404.45098514884063,403.9301257758248
2023-12-03 18:18:10,0.209692215,0.0223397402029743,1.05285185,404.4511770685603,403.9272315146501
2023-12-03 18:18:14,0.209692517,0.0223390489103335,1.05281927,404.46629755528966,403.93926572234886
2023-12-03 18:18:18,0.209699757,0.0223385751054019,1.05279694,404.4900962387548,403.9599780287255
2023-12-03 18:18:23,0.209701265,0.0223393495738301,1.05283344,404.4837430432479,403.949766724083
2023-12-03 18:18:27,0.209697344,0.0223396761236688,1.05284883,404.47444928788764,403.9373863712897
2023-12-03 18:18:31,0.209712427,0.0223400985802826,1.05286874,404.49723674671384,403.9570871348791
2023-12-03 18:18:35,0.209710617,0.0223403481076447,1.0528805,404.49296535472484,403.949728949928
2023-12-03 18:18:39,0.209691009,0.0223386839553481,1.05280207,404.4889875967162,403.94266430131006
2023-12-03 18:18:43,0.209710315,0.0223401369854293,1.05287055,404.5021159709923,403.9527056874084
2023-12-03 18:18:48,0.209716046,0.0223392216274021,1.05282741,404.5313581452407,403.9780889893482
2023-12-03 18:18:52,0.209703075,0.0223389271172163,1.05281353,404.5163583977885,403.9600020344756
2023-12-03 18:18:56,0.209720571,0.0223399833648425,1.05286331,404.5328791385314,403.9734354704848
2023-12-03 18:19:00,0.209717253,0.0223391320861208,1.05282319,404.54424868001865,403.9817176100033
2023-12-03 18:19:04,0.209713332,0.0223377942714798,1.05276014,404.5626452694438,403.9970267003034
2023-12-03 18:19:08,0.209719063,0.0223390296016686,1.05281836,404.5553363628237,403.9866301974806
2023-12-03 18:19:13,0.209722683,0.0223392088964143,1.05282681,404.56262822150154,403.9900624245095
2023-12-03 18:19:17,0.209722683,0.022339772030444,1.05285335,404.5563474421759,403.9806938308442
2023-12-03 18:19:21,0.209724795,0.0223387864398004,1.0528069,404.57957528799085,404.0008337654979
2023-12-03 18:19:25,0.209729018,0.0223396824891627,1.05284913,404.5752392009839,403.9934096705866
2023-12-03 18:19:29,0.209725398,0.0223397017978276,1.05285004,404.5715910978056,403.9866734628399
2023-12-03 18:19:33,0.209733844,0.0223390359671625,1.05281866,404.60072433293783,404.0127184968187
2023-12-03 18:19:38,0.209740179,0.0223397977046028,1.05285456,404.6031374414778,404.0112712182143
2023-12-03 18:19:42,0.209738973,0.0223392663980428,1.05282952,404.6129285384275,404.01797389698265
2023-12-03 18:19:46,0.209734448,0.0223391320861208,1.05282319,404.6102327900532,404.0121896340986
2023-12-03 18:19:50,0.209723286,0.0223389143862284,1.05281293,404.5971626149846,403.99603084827095
2023-12-03 18:19:54,0.209732336,0.0223387734966294,1.05280629,404.6186336193313,404.0144131456884
2023-12-03 18:19:58,0.209741688,0.0223394200186296,1.05283676,404.6275385420068,404.02022926534346
2023-12-03 18:20:03,0.209738369,0.0223391832222554,1.0528256,404.62945784324256,404.0182874277966
2023-12-03 18:20:07,0.209741688,0.0223388568845999,1.05281022,404.6438585275456,404.029599093164
2023-12-03 18:20:11,0.209728414,0.0223387287259888,1.05280418,404.62555609737757,404.0082075482269
2023-12-03 18:20:15,0.209733241,0.0223381078781474,1.05277492,404.647530014547,404.0270922548731
2023-12-03 18:20:19,0.209738369,0.0223386391847075,1.05279996,404.65086662145546,404.0273395555835
2023-12-03 18:20:24,0.209741084,0.0223380567420128,1.05277251,404.6692316519246,404.0418428188832
2023-12-03 18:20:28,0.209754659,0.0223395545427347,1.0528431,404.671455564424,404.04097721020673
2023-12-03 18:20:32,0.209755866,0.0223392216274021,1.05282741,404.68222366592755,404.04865569511776
2023-12-03 18:20:36,0.209752849,0.0223387734966294,1.05280629,404.68742362799503,404.05076594525553
2023-12-03 18:20:40,0.209748626,0.0223384535244679,1.05279121,404.688353851163,404.0486063612364
2023-12-03 18:20:45,0.209753754,0.0223381783229469,1.05277824,404.70588384780604,404.0622739650611
2023-12-03 18:20:49,0.209742894,0.0223388952897466,1.05281203,404.6777972109353,404.0310973069651
2023-12-03 18:20:53,0.209750436,0.0223379415265727,1.05276708,404.7101242391103,404.0603342189163
2023-12-03 18:20:57,0.209754056,0.0223384664676388,1.05279182,404.71089437804903,404.0580141467124
2023-12-03 18:21:01,0.209753452,0.0223387671311355,1.05280599,404.7079110433422,404.051940506024
2023-12-03 18:21:05,0.209751642,0.0223379542575606,1.05276768,404.7213206479416,404.0622597098824
2023-12-03 18:21:10,0.209753754,0.0223373527183841,1.05273933,404.73893764876976,404.0760135766512
2023-12-03 18:21:14,0.209760994,0.022337762231827,1.05275863,404.74804437182456,404.08202968604894
2023-12-03 18:21:18,0.20976039,0.0223384214848151,1.0527897,404.739093387382,404.06998799345007
2023-12-03 18:21:22,0.209763105,0.0223387350914827,1.05280448,404.7417769318548,404.0695807353469
2023-12-03 18:21:26,0.20976401,0.0223386648588663,1.05280117,404.7476404347245,404.07235334130127
2023-12-03 18:21:31,0.209758882,0.0223379415265727,1.05276708,404.75445362565927,404.075302778549
2023-12-03 18:21:35,0.209767027,0.0223377879059859,1.05275984,404.77453651642804,404.0922945604316
2023-12-03 18:21:39,0.20976039,0.0223385176037734,1.05279423,404.75372160251817,404.0683884435564
2023-12-03 18:21:43,0.209768535,0.0223387480346537,1.05280509,404.76741285938397,404.0789884034582
2023-12-03 18:21:47,0.209768837,0.022338568739908,1.05279664,404.774023232875,404.0825073860665
2023-12-03 18:21:51,0.209776077,0.0223385560089201,1.05279604,404.7901574390169,404.0955501074875
2023-12-03 18:21:56,0.209768234,0.0223381271868123,1.05277583,404.7872589563104,404.088787137042
2023-12-03 18:22:00,0.20977487,0.0223375254354528,1.05274747,404.8121266405844,404.1105631257527
2023-12-03 18:22:04,0.209766424,0.0223372759080907,1.05273571,404.804402480737,404.09974717676494
2023-12-03 18:22:08,0.209780903,0.0223391384516148,1.05282349,404.80215675824655,404.0944095716376
2023-12-03 18:22:12,0.209785126,0.0223385239692673,1.05279453,404.8229594241462,404.112120261484
2023-12-03 18:22:16,0.209789048,0.0223396313530281,1.05284672,404.81457214721,404.1006409151592
2023-12-03 18:22:21,0.209765519,0.0223379542575606,1.05276768,404.8046498827026,404.0868534327854
2023-12-03 18:22:25,0.20977668,0.0223373077355604,1.05273721,404.83828322625504,404.1173944972388
2023-12-03 18:22:29,0.209782412,0.022337903121426,1.05276527,404.8416246828639,404.117643581675
2023-12-03 18:22:33,0.209779093,0.0223387032640131,1.05280298,404.82551797348884,404.09844440713454
2023-12-03 18:22:37,0.209774568,0.0223378519852914,1.05276286,404.83475897891594,404.104592854484
2023-12-03 18:22:41,0.209779697,0.022338568739908,1.05279664,404.835012447862,404.1017536725213
2023-12-03 18:22:46,0.209779093,0.0223388503069228,1.05280991,404.83312198211956,404.0959972627218
2023-12-03 18:22:50,0.209781205,0.0223386839553481,1.05280207,404.8427262563038,404.1025086774224
2023-12-03 18:22:54,0.209799908,0.0223386648588663,1.05280117,404.87928296625046,404.1359724353168
2023-12-03 18:22:58,0.209786936,0.0223378647162793,1.05276346,404.8727042140233,404.1263006385501
2023-12-03 18:23:02,0.209777887,0.0223383703486805,1.05278729,404.8513444488572,404.1018477364378
2023-12-03 18:23:07,0.209792668,0.0223372759080907,1.05273571,404.8996236217931,404.1462603583677
2023-12-03 18:23:11,0.209790858,0.0223382039971058,1.05277945,404.8840609771939,404.1276043692041
2023-12-03 18:23:15,0.209789953,0.0223384280624921,1.05279001,404.88182115191853,404.1222711072212
2023-12-03 18:23:19,0.20978935,0.0223384664676388,1.05279182,404.8832068078495,404.12056323438287
2023-12-03 18:23:23,0.209802321,0.0223400665406298,1.05286723,404.88265710890323,404.1169199146868
2023-12-03 18:23:28,0.209801114,0.0223383192125459,1.05278488,404.91346727302715,404.1438629236494
2023-12-03 18:23:32,0.209801718,0.0223393945566539,1.05283556,404.89973327946393,404.127035102677
2023-12-03 18:23:36,0.20979659,0.0223382935383871,1.05278367,404.9120646832323,404.1362725873198
2023-12-03 18:23:40,0.209803226,0.0223398938235612,1.05285909,404.9002842571444,404.12139815047135
2023-12-03 18:23:44,0.209804433,0.0223398104355907,1.05285516,404.90690514010055,404.12492493111336
2023-12-03 18:23:48,0.209809561,0.0223393432083362,1.05283314,404.9268632631807,404.14178886040713
2023-12-03 18:23:53,0.209812879,0.0223399769993485,1.05286301,404.9260624419036,404.13712016838855
2023-12-03 18:23:57,0.209809561,0.0223388248449471,1.05280871,404.94245343759405,404.1504167647783
2023-12-03 18:24:01,0.209809561,0.0223381655919591,1.05277764,404.9565215493457,404.16139038602216
2023-12-03 18:24:05,0.209808354,0.0223384598899618,1.05279151,404.9525781855101,404.1543524405533
2023-12-03 18:24:09,0.209805036,0.0223386712243603,1.05280147,404.94627487434235,404.1449544567083
2023-12-03 18:24:14,0.209799003,0.022338299903881,1.05278397,404.94563197285817,404.1404430864717
2023-12-03 18:24:18,0.209801114,0.0223383319435338,1.05278548,404.9519347804544,404.1436510168409
2023-12-03 18:24:22,0.209805338,0.0223382744419053,1.05278277,404.96347289517934,404.1520941635606
2023-12-03 18:24:26,0.209799606,0.0223379926627073,1.05276949,404.9610996093425,404.1466258190224
2023-12-03 18:24:30,0.209807449,0.0223384919296146,1.05279302,404.96978417297305,404.1522152333369
2023-12-03 18:24:35,0.209802924,0.0223388952897466,1.05281203,404.958920081442,404.1374820778592
2023-12-03 18:24:39,0.209812577,0.0223383255780398,1.05278518,404.9886057936789,404.1640724371972
2023-12-03 18:24:43,0.209805639,0.0223377431353452,1.05275773,404.989100521516,404.1614717217874
2023-12-03 18:24:47,0.209812276,0.0223383576176926,1.05278669,404.9937299857558,404.1630056525142
2023-12-03 18:24:51,0.209809863,0.0223388119017761,1.0528081,404.98498737531753,404.15116741837903
2023-12-03 18:24:55,0.209810768,0.0223384855641206,1.05279272,404.99511898094056,404.15820331020336
2023-12-03 18:25:00,0.209802924,0.022337903121426,1.05276527,404.99478219329626,404.1539967537302
2023-12-03 18:25:04,0.209809863,0.0223384728331328,1.05279212,405.0006926882253,404.1568113324319
2023-12-03 18:25:08,0.209806243,0.0223372054632912,1.05273239,405.01847008005524,404.1714927182
2023-12-03 18:25:12,0.209806846,0.0223382230935876,1.05278035,405.0056949381773,404.15562148050776
2023-12-03 18:25:16,0.209808656,0.0223382424022525,1.05278126,405.01167753712093,404.1585078939672
2023-12-03 18:25:21,0.209805338,0.0223377942714798,1.05276014,405.0171270289479,404.160087027966
2023-12-03 18:25:25,0.209809561,0.0223373461407071,1.05273902,405.0351678845834,404.17503149666095
2023-12-03 18:25:29,0.209807751,0.0223382744419053,1.05278277,405.0196035242474,404.1563706599823
2023-12-03 18:25:33,0.209807148,0.0223374742993182,1.05274506,405.0349508005915,404.16862137066425
2023-12-03 18:25:37,0.209811371,0.0223384664676388,1.05279182,405.0290159404856,404.159589855659
2023-12-03 18:25:42,0.209811974,0.0223373845458538,1.05274083,405.05196585323176,404.1786688244173
2023-12-03 18:25:46,0.209809259,0.0223386135105486,1.05279875,405.02979313485275,404.1533992506575
2023-12-03 18:25:50,0.209826454,0.022338171957453,1.05277794,405.0707144112492,404.1912235827047
2023-12-03 18:25:54,0.209827359,0.0223398297442556,1.05285607,405.04781951326277,404.1652316514832
2023-12-03 18:25:58,0.209824041,0.0223392152619082,1.05282711,405.05526479554743,404.1695798117298
2023-12-03 18:26:02,0.209826152,0.0223392025309203,1.05282651,405.06231503587776,404.1735328413017
2023-12-03 18:26:07,0.20982585,0.0223388248449471,1.05280871,405.0719384523399,404.1792846196792
2023-12-03 18:26:11,0.209826454,0.0223390296016686,1.05281836,405.07269786079684,404.1769466180601
2023-12-03 18:26:15,0.209822231,0.0223391895877493,1.0528259,405.0656482316638,404.1667994904
2023-12-03 18:26:19,0.209825247,0.0223390359671625,1.05281866,405.07664792428494,404.1747015961262
2023-12-03 18:26:23,0.209831582,0.0223388503069228,1.05280991,405.094063185731,404.1890191823925
2023-12-03 18:26:27,0.209823739,0.0223386007795608,1.05279815,405.0874150772849,404.17927331056455
2023-12-03 18:26:32,0.209821929,0.0223378006369737,1.05276044,405.10139957778307,404.1893854829282
2023-12-03 18:26:36,0.209836409,0.0223397656649501,1.05285305,405.0974483148245,404.1823362584373
2023-12-03 18:26:40,0.209833995,0.0223394136531357,1.05283646,405.10212791572155,404.1839178098704
2023-12-03 18:26:44,0.209827962,0.0223374549906533,1.05274415,405.12714055672257,404.205832313559
2023-12-03 18:26:48,0.209817404,0.0223376599595578,1.05275381,405.1081141419161,404.1837076736747
2023-12-03 18:26:52,0.20982766,0.0223386903208421,1.05280237,405.11223650381044,404.18473172280926
2023-12-03 18:26:57,0.209827359,0.0223390168706807,1.05281776,405.1101401887712,404.17876239364455
2023-12-03 18:27:01,0.209832487,0.022338312847052,1.05278458,405.1340465711696,404.19957026630345
2023-12-03 18:27:05,0.20983309,0.0223395672737226,1.0528437,405.1173317296343,404.17975682761767
2023-12-03 18:27:09,0.20982947,0.0223381846884409,1.05277854,405.1370304309059,404.1963568444112
2023-12-03 18:27:13,0.209827962,0.0223389721000401,1.05281565,405.12434866086585,404.1805763026492
2023-12-03 18:27:17,0.20984033,0.0223388503069228,1.05280991,405.1513938934455,404.2045226763462
2023-12-03 18:27:22,0.209827359,0.0223377558663331,1.05275833,405.1504993888493,404.1997544757047
2023-12-03 18:27:26,0.209830375,0.0223392152619082,1.05282711,405.13464888836813,404.1808049205355
2023-12-03 18:27:30,0.209832185,0.0223385430657491,1.05279543,405.15214559940335,404.1952024899939
2023-12-03 18:27:34,0.2098349,0.0223384344279861,1.05279031,405.16186506402454,404.2018227262333
2023-12-03 18:27:38,0.209826152,0.0223371541149735,1.05272997,405.170775218488,404.20763356559377
2023-12-03 18:27:42,0.209839727,0.0223390168706807,1.05281776,405.16692220736127,404.2006811527264
2023-12-03 18:27:47,0.209828565,0.0223384855641206,1.05279272,405.15985959554155,404.18974416702486
2023-12-03 18:27:51,0.209834297,0.0223393816134829,1.05283495,405.1582013711875,404.1849863463026
2023-12-03 18:27:55,0.209831582,0.0223378519852914,1.05276286,405.1819535041073,404.2056387964892
2023-12-03 18:27:59,0.209827962,0.0223375511096116,1.05274868,405.18364654052624,404.2042320638941
2023-12-03 18:28:03,0.20982585,0.022337634285399,1.0527526,405.1816184667425,404.1991041348994
2023-12-03 18:28:08,0.209823136,0.022336686887719,1.05270795,405.19645626462125,404.2100669926781
2023-12-03 18:28:12,0.209818912,0.0223376917870275,1.05275531,405.1753398088508,404.1858504880609
2023-12-03 18:28:16,0.209830375,0.0223374038545187,1.05274174,405.2035498257748,404.2109603702145
2023-12-03 18:28:20,0.209824945,0.0223376470163869,1.0527532,405.1929779115046,404.1972882353344
2023-12-03 18:28:24,0.209820722,0.0223369109531054,1.05271851,405.20084787163756,404.2020578891022
2023-12-03 18:28:29,0.209819817,0.0223366741567311,1.05270735,405.2070617887686,404.2043963028118
2023-12-03 18:28:33,0.209822231,0.0223364053207041,1.05269468,405.21891692127883,404.2131509363156
2023-12-03 18:28:37,0.209828565,0.0223374997612939,1.05274626,405.21502223948784,404.2061556700369
2023-12-03 18:28:41,0.209823739,0.0223377047301985,1.05275592,405.2061572396664,404.1941900003308
2023-12-03 18:28:45,0.209830074,0.0223383383090277,1.05278578,405.20993789558474,404.1948699010519
2023-12-03 18:28:50,0.20983309,0.0223381592264651,1.05277734,405.2221404780748,404.2031964197033
2023-12-03 18:28:54,0.209840028,0.0223389080207345,1.05281263,405.2250716703907,404.2030266651776
2023-12-03 18:28:58,0.209842743,0.0223387287259888,1.05280418,405.23596920691296,404.2108231698204
2023-12-03 18:29:02,0.209836107,0.0223379415265727,1.05276708,405.24041497179627,404.2121678178709
2023-12-03 18:29:06,0.209834297,0.0223384471589739,1.05279091,405.23189045603095,404.20054210040416
2023-12-03 18:29:10,0.209831582,0.0223375638405995,1.05274928,405.24488564980567,404.21043600769343
2023-12-03 18:29:15,0.209833995,0.0223382294590815,1.05278065,405.2419574817642,404.20363111244654
2023-12-03 18:29:19,0.209831884,0.0223377558663331,1.05275833,405.2492021211218,404.2077742748643
2023-12-03 18:29:23,0.20983128,0.0223374549906533,1.05274415,405.2562423974729,404.211712989767
2023-12-03 18:29:27,0.209830979,0.0223377942714798,1.05276014,405.25316198116496,404.2055309275869
2023-12-03 18:29:31,0.209828264,0.0223368534514769,1.0527158,405.2671154834862,404.2163826996971
2023-12-03 18:29:35,0.209824342,0.022336162158836,1.05268322,405.2747758391426,404.22094124088846
2023-12-03 18:29:40,0.20982585,0.0223365014396625,1.05269921,405.27567699373924,404.2179650090511
2023-12-03 18:29:44,0.209820119,0.022336558941291,1.05270192,405.26766382197707,404.2068498335631
2023-12-03 18:29:48,0.209822532,0.0223367766411834,1.05271218,405.2714181917517,404.2075021156343
2023-12-03 18:29:52,0.209822231,0.0223354004213956,1.05264732,405.2969013282663,404.2298830805527
2023-12-03 18:29:56,0.209818007,0.0223356756229166,1.05266029,405.28793414546374,404.2178136423466
2023-12-03 18:30:00,0.209824041,0.0223367636980124,1.05271157,405.2836150201202,404.210392177877
2023-12-03 18:30:05,0.209827057,0.0223366805222251,1.05270765,405.29422350621746,404.21712262246194
2023-12-03 18:30:09,0.209823136,0.0223373270442253,1.05273812,405.27961244760144,404.1994090366562
2023-12-03 18:30:13,0.209823437,0.0223368150463301,1.05271399,405.2917727477807,404.2084667262004
2023-12-03 18:30:17,0.209826152,0.0223373077355604,1.05273721,405.2914846674997,404.2050759519243
2023-12-03 18:30:21,0.209829169,0.0223370518427044,1.05272515,405.30419509229864,404.2146835994537
2023-12-03 18:30:26,0.209822834,0.0223373270442253,1.05273812,405.2922638687071,404.19887378730016
2023-12-03 18:30:30,0.209830074,0.0223372822735846,1.05273601,405.3089441418904,404.2124510961583
2023-12-03 18:30:34,0.209835202,0.0223382678642282,1.05278246,405.3047269919302,404.205130898876
2023-12-03 18:30:38,0.209832487,0.0223377495008391,1.05275803,405.3116481909587,404.2089489676712
2023-12-03 18:30:42,0.20984033,0.0223379415265727,1.05276708,405.32545474931186,404.2196523129652
2023-12-03 18:30:47,0.209843648,0.0223390552758274,1.05281957,405.3166722891598,404.2069907201459
2023-12-03 18:30:51,0.209839123,0.0223387607656416,1.05280569,405.31665919051323,404.20387422239537
2023-12-03 18:30:55,0.209835504,0.0223385367002552,1.05279513,405.31707902658417,404.20119057681495
2023-12-03 18:30:59,0.209826755,0.0223374229510005,1.05274264,405.32321851065984,404.20422649677766
2023-12-03 18:31:03,0.209827057,0.0223382487677464,1.05278156,405.3131092410614,404.1910135806904
2023-12-03 18:31:07,0.209844553,0.0223385496434262,1.05279574,405.34221175293527,404.21701236378544
2023-12-03 18:31:12,0.209841235,0.0223382744419053,1.05278277,405.34479278866684,404.2157136229541
2023-12-03 18:31:16,0.209850587,0.0223382551332404,1.05278186,405.36479264043555,404.2326095611056
2023-12-03 18:31:20,0.209845157,0.0223381399178002,1.05277643,405.36019130731785,404.2249042323599
2023-12-03 18:31:24,0.209839123,0.0223381526487881,1.05277703,405.3523893658292,404.2139982133184
2023-12-03 18:31:28,0.209851793,0.0223382935383871,1.05278367,405.3756028356032,404.2341075237009
2023-12-03 18:31:33,0.209850285,0.0223387416691598,1.05280479,405.3693496551051,404.22397402900873
2023-12-03 18:31:37,0.209835202,0.0223377879059859,1.05275984,405.3616014190531,404.21312144974286
2023-12-03 18:31:41,0.209849682,0.0223376917870275,1.05275531,405.39196955323945,404.2403851591564
2023-12-03 18:31:45,0.20984395,0.0223386775898542,1.05280177,405.368502501842,404.2138136015135
2023-12-03 18:31:49,0.209837615,0.0223380183368661,1.0527707,405.3713551690759,404.2135616811155
2023-12-03 18:31:53,0.20984576,0.0223388952897466,1.05281203,405.3742952491697,404.2133970922773
2023-12-03 18:31:58,0.209845157,0.0223388119017761,1.0528081,405.37849577991267,404.2137166726586
2023-12-03 18:32:02,0.20984757,0.0223388823465756,1.05281142,405.38470428761235,404.2168203288167
2023-12-03 18:32:06,0.209853,0.0223384535244679,1.05279121,405.4045719076425,404.2335830162858
2023-12-03 18:32:10,0.209847872,0.0223385239692673,1.05279453,405.3974158696937,404.2233219648431
2023-12-03 18:32:14,0.209846363,0.0223391127774559,1.05282228,405.3880440481553,404.2108450489642
2023-12-03 18:32:18,0.209842743,0.0223386071450547,1.05279845,405.39315143244613,404.2128472581546
2023-12-03 18:32:23,0.209852095,0.0223384535244679,1.05279121,405.41616486268066,404.2319791060769
2023-12-03 18:32:27,0.209842743,0.0223389080207345,1.05281263,405.39512941100463,404.2078382979072
2023-12-03 18:32:31,0.209846967,0.0223378199456386,1.05276135,405.4238360033408,404.2334394532712
2023-12-03 18:32:35,0.209847872,0.0223385814708959,1.05279724,405.41586670766196,404.2223646402284
2023-12-03 18:32:39,0.209848777,0.0223388439414289,1.05280961,405.4162064694778,404.2195988043754
2023-12-03 18:32:43,0.20985119,0.0223393304773483,1.05283254,405.415488667982,404.2157753249924
2023-12-03 18:32:48,0.209850888,0.0223384087538272,1.0527891,405.4341809110478,404.2305853580248
2023-12-03 18:32:52,0.209833694,0.0223377301921742,1.05275712,405.4181110488015,404.2114096377178
2023-12-03 18:32:56,0.209837917,0.0223380183368661,1.0527707,405.42390426811824,404.214096919038
2023-12-03 18:33:00,0.209839727,0.0223371990977973,1.05273209,405.4438580186122,404.23094465168646
2023-12-03 18:33:04,0.209832789,0.0223378390421204,1.05276225,405.4240129408394,404.2079934763061
2023-12-03 18:33:08,0.20984033,0.0223383383090277,1.05278578,405.43217205495756,404.2130464131418
2023-12-03 18:33:13,0.209849682,0.0223383255780398,1.05278518,405.4528412633484,404.2298327880193
2023-12-03 18:33:17,0.209845458,0.0223385112382795,1.05279393,405.4453704865058,404.219255654944
2023-12-03 18:33:21,0.209829772,0.0223383383090277,1.05278578,405.423555943113,404.1943346759267
2023-12-03 18:33:25,0.20983852,0.0223376663250518,1.05275411,405.45335403852437,404.2210262564088
2023-12-03 18:33:29,0.209843347,0.0223398872458841,1.05285878,405.4280419839684,404.19260760770624
2023-12-03 18:33:33,0.209841838,0.0223380887816656,1.05277402,405.45841437035534,404.2198733208164
2023-12-03 18:33:38,0.20984757,0.0223391641257736,1.0528247,405.4545537915948,404.2121292893162
2023-12-03 18:33:42,0.209842442,0.0223385751054019,1.05279694,405.45837856128287,404.21284720800406
2023-12-03 18:33:46,0.209857525,0.0223395415995637,1.05284249,405.47212575478596,404.2234874716607
2023-12-03 18:33:50,0.20985119,0.0223406362523366,1.05289408,405.44578372079326,404.19403842906274
2023-12-03 18:33:54,0.209854206,0.0223393304773483,1.05283254,405.4759726800142,404.2211203010072
2023-12-03 18:33:59,0.209848777,0.0223390936809741,1.05282138,405.4741774631016,404.2154411145008
2023-12-03 18:34:03,0.209843347,0.0223383896573454,1.0527882,405.4793821351149,404.2175385225472
2023-12-03 18:34:07,0.209849682,0.0223392536670549,1.05282892,405.47933250615176,404.2143815512305
2023-12-03 18:34:11,0.209845157,0.0223392152619082,1.05282711,405.47506000963597,404.2070016340622
2023-12-03 18:34:15,0.209850888,0.0223391641257736,1.0528247,405.4891753900405,404.2180095156027
2023-12-03 18:34:20,0.209833995,0.0223389975620158,1.05281685,405.4658945947039,404.1908442368352
2023-12-03 18:34:24,0.209844855,0.0223386775898542,1.05280177,405.493575528022,404.2154174956346
2023-12-03 18:34:28,0.209845157,0.0223391191429498,1.05282258,405.4898675612654,404.2086017764332
2023-12-03 18:34:32,0.209846665,0.022339247301561,1.05282862,405.4935143694048,404.2091407542897
2023-12-03 18:34:36,0.20983852,0.0223395609082286,1.0528434,405.47696720155466,404.1894856784063
2023-12-03 18:34:41,0.209837012,0.0223379926627073,1.05276949,405.5042869339363,404.2129204165439
2023-12-03 18:34:45,0.20983128,0.0223380824161717,1.05277372,405.4957418932641,404.2012672932218
2023-12-03 18:34:49,0.209840632,0.0223386135105486,1.05279875,405.50658279571144,404.2090000355548
2023-12-03 18:34:53,0.209846363,0.022338709629507,1.05280328,405.5182476529255,404.2175566552783
2023-12-03 18:34:57,0.209850285,0.0223396504495099,1.05284762,405.51264407090815,404.2088447584821
2023-12-03 18:35:01,0.209841235,0.0223391641257736,1.0528247,405.5078099793975,404.2009022749927
2023-12-03 18:35:06,0.209838219,0.0223387991707883,1.0528075,405.51242605779447,404.20163275498777
2023-12-03 18:35:10,0.209839727,0.0223388568845999,1.05281022,405.51724637852,404.2033445103569
2023-12-03 18:35:14,0.20983852,0.0223391191429498,1.05282258,405.5138500686835,404.1968395582506
2023-12-03 18:35:18,0.209840933,0.0223394968289231,1.05284038,405.5149478534284,404.1948286239007
2023-12-03 18:35:22,0.209833694,0.022339503194417,1.05284068,405.50512190227477,404.1818938769157
2023-12-03 18:35:26,0.209846062,0.0223388568845999,1.05281022,405.5409085769317,404.21457167909296
2023-12-03 18:35:31,0.209849682,0.0223401624474051,1.05287175,405.5294761209058,404.1992530248156
2023-12-03 18:35:35,0.209846665,0.0223387800743065,1.0528066,405.5502512332949,404.21691909259
2023-12-03 18:35:39,0.209839123,0.0223397336252973,1.05285154,405.52412048237693,404.1876792206964
2023-12-03 18:35:43,0.209834297,0.0223391000464681,1.05282168,405.52922387959376,404.1896734206657
2023-12-03 18:35:47,0.20984214,0.0223389143862284,1.05281293,405.5493233986969,404.20666366633776
2023-12-03 18:35:51,0.209838822,0.0223384664676388,1.05279182,405.5540092834756,404.2082402015904
2023-12-03 18:35:56,0.209839727,0.022338837575935,1.05280931,405.5533218283168,404.2036659526508
2023-12-03 18:36:00,0.209845458,0.0223394329618006,1.05283737,405.5566763493691,404.203910953288
2023-12-03 18:36:04,0.209840028,0.0223389721000401,1.05281565,405.5578349002803,404.2019599079773
2023-12-03 18:36:08,0.20984576,0.0223401881215639,1.05287296,405.550860049406,404.1918753851637
2023-12-03 18:36:12,0.209847872,0.0223385046606024,1.05279362,405.585737841006,404.22364342919536
2023-12-03 18:36:16,0.209848777,0.0223388312104411,1.05280901,405.5850149885922,404.2198107536733
2023-12-03 18:36:21,0.209848777,0.022339772030444,1.05285335,405.5732399711712,404.2041483512744
2023-12-03 18:36:25,0.209838219,0.0223397017978276,1.05285004,405.55880860232855,404.1866069896838
2023-12-03 18:36:29,0.209852396,0.0223396249875342,1.05284642,405.58832138985065,404.2130097092071
2023-12-03 18:36:33,0.209848173,0.0223402649318573,1.05287658,405.5732947532372,404.194872929433
2023-12-03 18:36:37,0.209844252,0.0223406169436717,1.05289317,405.563597131072,404.1820650890346
2023-12-03 18:36:41,0.209841838,0.0223403544731386,1.0528808,405.5667984611518,404.1821561258977
2023-12-03 18:36:46,0.20983852,0.0223386135105486,1.05279875,405.5937873215339,404.2052570144491
2023-12-03 18:36:50,0.209836409,0.0223403481076447,1.0528805,405.5642820695729,404.1726413008846
2023-12-03 18:36:54,0.209839727,0.022339772030444,1.05285335,405.5828616147805,404.1881103097951
2023-12-03 18:36:58,0.209826755,0.0223386328192136,1.05279966,405.5819469706384,404.1840850547516
2023-12-03 18:37:02,0.209828867,0.0223389848310279,1.05281625,405.58294083707,404.1819682357669
2023-12-03 18:37:06,0.209838822,0.0223393177463605,1.05283194,405.59815201804895,404.194068656904
2023-12-03 18:37:11,0.209834599,0.0223383830796684,1.05278789,405.6101160232604,404.2021441077885
2023-12-03 18:37:15,0.209832487,0.0223382935383871,1.05278367,405.61097455252644,404.1998917100823
2023-12-03 18:37:19,0.209830375,0.0223386582811893,1.05280086,405.60427056149945,404.1900767179483
2023-12-03 18:37:23,0.209829772,0.0223388823465756,1.05281142,405.6025830174649,404.1852780987615
2023-12-03 18:37:27,0.209840028,0.0223395225030819,1.05284159,405.61321348833377,404.19279742052254
2023-12-03 18:37:32,0.209833392,0.0223396568150038,1.05284792,405.6031066482256,404.178801540166
2023-12-03 18:37:36,0.20983671,0.0223385112382795,1.05279393,405.63116824364556,404.2037518204058
2023-12-03 18:37:40,0.209832789,0.0223398170132678,1.05285547,405.60559415215056,404.1750663400664
2023-12-03 18:37:44,0.20983128,0.0223394713669473,1.05283918,405.6117849112111,404.1781456367081
2023-12-03 18:37:48,0.209822834,0.0223387480346537,1.05280509,405.6119689805971,404.17521817019065
2023-12-03 18:37:53,0.209830375,0.0223390680068153,1.05282017,405.623896495693,404.1832561622063
2023-12-03 18:37:57,0.209824945,0.0223389464258812,1.05281444,405.61940892809554,404.1756568936936
2023-12-03 18:38:01,0.209823739,0.0223392279928961,1.05282771,405.6156965014343,404.1688326929245
2023-12-03 18:38:05,0.209825549,0.0223397272598033,1.05285124,405.6137055580787,404.16372990235857
2023-12-03 18:38:09,0.20983309,0.0223387864398004,1.0528069,405.64584246929866,404.1927548933557
2023-12-03 18:38:13,0.209836409,0.022340053809642,1.05286663,405.63373949754515,404.1775399284568
2023-12-03 18:38:18,0.20983309,0.0223395929478814,1.05284491,405.6394191239245,404.1793294609943
2023-12-03 18:38:22,0.209828867,0.0223383767141744,1.05278759,405.65529325157263,404.1920914317509
2023-12-03 18:38:26,0.20983128,0.0223389207517223,1.05281323,405.65362534682424,404.18731129748153
2023-12-03 18:38:30,0.209833392,0.0223393368428423,1.05283284,405.6535541279397,404.1841277765364
2023-12-03 18:38:34,0.20983128,0.0223395929478814,1.05284491,405.64866056085106,404.17612183493816
2023-12-03 18:38:39,0.209833392,0.0223395736392165,1.052844,405.65661536018143,404.1801860643875
2023-12-03 18:38:43,0.209829169,0.0223387991707883,1.0528075,405.6651358721477,404.1855940391639
2023-12-03 18:38:47,0.209822532,0.0223392152619082,1.05282711,405.64956000568714,404.1669055633579
2023-12-03 18:38:51,0.209825247,0.0223390359671625,1.05281866,405.6604687198659,404.1747015961262
2023-12-03 18:38:55,0.209830375,0.0223387544001476,1.05280539,405.6773565147382,404.1884766376134
2023-12-03 18:38:59,0.209821326,0.0223387159950009,1.05280358,405.6650716763999,404.1730789740059
2023-12-03 18:39:04,0.209819214,0.022338568739908,1.05279664,405.66767106173484,404.171787226805
2023-12-03 18:39:08,0.209820119,0.0223386582811893,1.05280086,405.6708974128786,404.1719005912713
2023-12-03 18:39:12,0.209818007,0.0223394968289231,1.05284038,405.6563095803653,404.1541997004907
2023-12-03 18:39:16,0.209826755,0.0223394713669473,1.05283918,405.67534953756535,404.1701265279245
2023-12-03 18:39:20,0.209819214,0.0223391191429498,1.05282258,405.67096154692354,404.1626253361079
2023-12-03 18:39:24,0.20983309,0.0223401306199354,1.05287025,405.68182919458985,404.170379711282
2023-12-03 18:39:29,0.209830979,0.0223400729061238,1.05286753,405.6829405638268,404.1675993897514
2023-12-03 18:39:33,0.209824342,0.0223389207517223,1.05281323,405.69347022504707,404.1750156183467
2023-12-03 18:39:37,0.20983128,0.0223382167280936,1.05278005,405.7205993964746,404.1990312861268
2023-12-03 18:39:41,0.209826755,0.0223395609082286,1.0528434,405.69331776406517,404.1686360791385
2023-12-03 18:39:45,0.209823136,0.022338299903881,1.05278397,405.71100855747494,404.1832132271288
2023-12-03 18:39:49,0.209808354,0.0223384535244679,1.05279121,405.685367443901,404.1544583973857
2023-12-03 18:39:54,0.209814086,0.0223393945566539,1.05283556,405.6837545655851,404.1489532745056
2023-12-03 18:39:58,0.209820722,0.0223398554184145,1.05285728,405.69095772460406,404.15304255850185
2023-12-03 18:40:02,0.209818611,0.0223389207517223,1.05281323,405.70588812324877,404.16485901167033
2023-12-03 18:40:06,0.209830677,0.0223405080937255,1.05288804,405.7039638367278,404.15982070931057
2023-12-03 18:40:10,0.209818309,0.0223399897303364,1.05286361,405.69378810966987,404.14653089614274
2023-12-03 18:40:14,0.209821627,0.0223402649318573,1.05287658,405.69820173440104,404.1478303645841
2023-12-03 18:40:19,0.209832487,0.0223406489833245,1.05289468,405.7149473655623,404.1606832018314
2023-12-03 18:40:23,0.209824041,0.0223405017282316,1.05288774,405.7055455174447,404.1481670398528
2023-12-03 18:40:27,0.209827962,0.0223414361827406,1.05293178,405.70005595768606,404.1395630963499
2023-12-03 18:40:31,0.209820722,0.022340591481696,1.05289197,405.70439903560185,404.1407917207297
2023-12-03 18:40:35,0.209810164,0.0223387480346537,1.05280509,405.71948577665705,404.1527639385485
2023-12-03 18:40:40,0.209811974,0.0223381846884409,1.05277854,405.7359641093178,404.1653490192872
2023-12-03 18:40:44,0.209815292,0.022338965522363,1.05281534,405.731961553314,404.15823178355583
2023-12-03 18:40:48,0.209820119,0.0223402969715101,1.05287809,405.72146930473946,404.1446247858509
2023-12-03 18:40:52,0.20982947,0.0223401369854293,1.05287055,405.7438179993123,404.1638586619821
2023-12-03 18:40:56,0.209828264,0.0223402074302288,1.05287387,405.7436231829719,404.1605489579805
2023-12-03 18:41:01,0.209807751,0.0223385623744141,1.05279634,405.7385458083691,404.1515778766008
2023-12-03 18:41:05,0.209819817,0.0223390359671625,1.05281866,405.75516145286815,404.1650784780298
2023-12-03 18:41:09,0.20982585,0.0223395993133753,1.05284521,405.7595910887403,404.16639300191054
2023-12-03 18:41:13,0.209825247,0.0223402458353755,1.05287568,405.7508765154812,404.1545632478303
2023-12-03 18:41:17,0.20982947,0.0223401306199354,1.05287025,405.76339313077864,404.1639646135689
2023-12-03 18:41:22,0.209822532,0.0223406489833245,1.05289468,405.7463648348436,404.1430421591628
2023-12-03 18:41:26,0.209826755,0.0223405401333783,1.05288955,405.75877536229115,404.1523372827276
2023-12-03 18:41:30,0.209820119,0.0223404058214563,1.05288322,405.7523666990036,404.1428131471183
2023-12-03 18:41:34,0.209827962,0.0223401690250821,1.05287206,405.7733221037215,404.1606530111676
2023-12-03 18:41:38,0.209812276,0.0223393048031895,1.05283133,405.7630242376983,404.14723953622087
2023-12-03 18:41:42,0.209814689,0.0223401306199354,1.05287025,405.7566713084735,404.1377709299097
2023-12-03 18:41:47,0.209813784,0.0223400345009771,1.05286572,405.76056198285545,404.1377669122204
2023-12-03 18:41:51,0.209818007,0.0223395736392165,1.052844,405.77883212009493,404.1529212193443
2023-12-03 18:41:55,0.209813482,0.0223394520582824,1.05283827,405.77595260908527,404.146925810356
2023-12-03 18:41:59,0.209811672,0.0223396697581748,1.05284853,405.77223757129065,404.1400948068118
2023-12-03 18:42:03,0.209817102,0.0223400281354831,1.05286542,405.77901153987625,404.1437527419693
2023-12-03 18:42:07,0.209821929,0.022340450592097,1.05288533,405.7836503853684,404.1452754864472
2023-12-03 18:42:12,0.209821627,0.0223414427604176,1.05293209,405.77049809374205,404.12822797365055
2023-12-03 18:42:16,0.209814387,0.0223394777324413,1.05283948,405.79348866211694,404.1481022892801
2023-12-03 18:42:20,0.209811672,0.0223398938235612,1.05285909,405.78486823839586,404.13636554552784
2023-12-03 18:42:24,0.209805941,0.0223388759810817,1.05281112,405.79476929108796,404.1431502109955
2023-12-03 18:42:28,0.209803226,0.0223385880485729,1.05279755,405.7978666975373,404.1431311631195
2023-12-03 18:42:32,0.209814387,0.0223405337678843,1.05288925,405.7883782072905,404.1305261515396
2023-12-03 18:42:37,0.209821326,0.0223411355192439,1.05291761,405.79455555507667,404.13280775357
2023-12-03 18:42:41,0.209810164,0.0223395865823875,1.05284461,405.80367123998315,404.13880676671374
2023-12-03 18:42:45,0.209808354,0.0223400217699892,1.05286512,405.79633741007063,404.1283561983315
2023-12-03 18:42:49,0.209817102,0.0223404569575909,1.05288563,405.8077137121822,404.1366156953593
2023-12-03 18:42:53,0.209805941,0.0223397465684683,1.05285215,405.80287515089555,404.12866026246746
2023-12-03 18:42:58,0.209810768,0.0223408026039113,1.05290192,405.79775004159706,404.1196389702584
2023-12-03 18:43:02,0.209811672,0.0223392920722016,1.05283073,405.8276091338382,404.14638104156086
2023-12-03 18:43:06,0.209810164,0.0223397017978276,1.05285004,405.82123433320544,404.1368891537701
2023-12-03 18:43:10,0.209813784,0.0223399640561776,1.0528624,405.82640169105997,404.13893935834
2023-12-03 18:43:14,0.209814086,0.0223404121869503,1.05288352,405.82259575435546,404.1320162023176
2023-12-03 18:43:18,0.209812276,0.0223401240422583,1.05286994,405.827301140454,404.1336043031576
2023-12-03 18:43:23,0.209812879,0.0223403033370041,1.05287839,405.82928240481493,404.1316888683587
2023-12-03 18:43:27,0.209807751,0.0223406682919894,1.05289559,405.8172388518604,404.1165278821202
2023-12-03 18:43:31,0.209801416,0.022339503194417,1.05284068,405.8285202844638,404.124691815802
2023-12-03 18:43:35,0.209803829,0.0223402074302288,1.05287387,405.82419354445483,404.1172475113268
2023-12-03 18:43:39,0.209800511,0.0223391000464681,1.05282168,405.8398614513704,404.12979778832494
2023-12-03 18:43:44,0.209802623,0.0223399640561776,1.0528624,405.8331214896521,404.1191606973112
2023-12-03 18:43:48,0.209809259,0.0223400024613243,1.05286421,405.8473598903232,404.1302813211408
2023-12-03 18:43:52,0.209807449,0.0223405978471899,1.05289227,405.8373614733176,404.1171650621457
2023-12-03 18:43:56,0.209796891,0.0223409050883636,1.05290675,405.8166570997681,404.09334278155234
2023-12-03 18:44:00,0.209803829,0.0223404762662558,1.05288654,405.8392057858943,404.1127734956736
2023-12-03 18:44:05,0.209801114,0.0223391257206269,1.05282289,405.8607689507806,404.1304391043447
2023-12-03 18:44:09,0.209798399,0.0223400472319649,1.05286632,405.8437389837741,404.1102910195129
2023-12-03 18:44:13,0.209784523,0.0223392920722016,1.05283073,405.83483439953693,404.0982682527935
2023-12-03 18:44:17,0.20979116,0.0223390873154802,1.05282108,405.85312230436483,404.11343791057584
2023-12-03 18:44:21,0.20978935,0.0223389207517223,1.05281323,405.85580507153713,404.1130023662329
2023-12-03 18:44:25,0.209798399,0.0223400729061238,1.05286753,405.8557848271968,404.1098637460012
2023-12-03 18:44:30,0.209804131,0.0223414682223933,1.05293329,405.8466204388296,404.0968012973841
2023-12-03 18:44:34,0.209814689,0.0223412761966598,1.05292424,405.8716433360442,404.1187056742043
2023-12-03 18:44:38,0.209806243,0.0223412891398308,1.05292485,405.8595800647384,404.103523818433
2023-12-03 18:44:42,0.209801718,0.0223408730487108,1.05290524,405.86160446619493,404.1024295714468
2023-12-03 18:44:46,0.209804734,0.0223404569575909,1.05288563,405.87699217292425,404.11469856585
2023-12-03 18:44:50,0.209798098,0.0223414682223933,1.05293329,405.85152328687445,404.08611090368464
2023-12-03 18:44:55,0.209795986,0.0223409371280164,1.05290826,405.8605168796228,404.091205936728
2023-12-03 18:44:59,0.209791763,0.0223418652170315,1.052952,405.8407096056985,404.06827974350574
2023-12-03 18:45:03,0.209803829,0.022340040866471,1.05286602,405.8955683931897,404.1200195482152
2023-12-03 18:45:07,0.209796891,0.0223417434239143,1.05294626,405.8580607695501,404.0793928784042
2023-12-03 18:45:11,0.209793875,0.0223410139383098,1.05291188,405.8679740404439,404.0861870398311
2023-12-03 18:45:15,0.209799003,0.0223404633230848,1.05288593,405.8893429961381,404.1044368228571
2023-12-03 18:45:20,0.209797193,0.0223404696885788,1.05288623,405.88992864925314,404.1011234214037
2023-12-03 18:45:24,0.209790858,0.0223418459083665,1.05295109,405.85892193837736,404.0669973960015
2023-12-03 18:45:28,0.209796288,0.0223402712973513,1.05287688,405.89786514046915,404.102821220672
2023-12-03 18:45:32,0.209792065,0.0223410971140972,1.0529158,405.8797589928061,404.0815956327871
2023-12-03 18:45:36,0.209804131,0.0223416154774863,1.05294023,405.8956337988297,404.09435093588274
2023-12-03 18:45:40,0.209806243,0.0223419290841539,1.05295501,405.8972773367793,404.0928749082928
2023-12-03 18:45:45,0.209802019,0.0223416218429802,1.05294053,405.89880457706204,404.0905026037474
2023-12-03 18:45:49,0.209805036,0.0223418779480193,1.0529526,405.903008738426,404.09158705904105
2023-12-03 18:45:53,0.20978935,0.022342063608259,1.05296135,405.8752445420625,404.0607030943029
2023-12-03 18:45:57,0.209782412,0.0223395993133753,1.05284521,405.9070755035886,404.0894142252444
2023-12-03 18:46:01,0.209789953,0.0223412955053247,1.05292515,405.8953331479115,404.0745519768677
2023-12-03 18:46:05,0.20979297,0.0223409689554861,1.05290976,405.90923300780855,404.0853318820446
2023-12-03 18:46:10,0.2097803,0.0223402008525518,1.05287356,405.90346253701006,404.0756613807739
2023-12-03 18:46:14,0.209789048,0.0223407962384174,1.05290162,405.9121772645182,404.0812560143623
2023-12-03 18:46:18,0.20978573,0.0223408666832169,1.05290494,405.908245601788,404.07420419599976
2023-12-03 18:46:22,0.20978573,0.0223409050883636,1.05290675,405.91072676633513,404.07356514329706
2023-12-03 18:46:26,0.20978211,0.0223409755331631,1.05291007,405.9062601336719,404.0659782318612
2023-12-03 18:46:31,0.209786936,0.0223403417421508,1.0528802,405.92925877337893,404.0850764367309
2023-12-03 18:46:35,0.209774568,0.0223402392576985,1.05287537,405.9121674754629,404.0648647219635
2023-12-03 18:46:39,0.209769742,0.0223391704912676,1.052825,405.9245204265074,404.0740971949424
2023-12-03 18:46:43,0.209775473,0.0223410139383098,1.05291188,405.9071220545599,404.05357828381057
2023-12-03 18:46:47,0.20978211,0.0223407962384174,1.05290162,405.9256259741765,404.0689616032188
2023-12-03 18:46:52,0.20978392,0.0223404058214563,1.05288322,405.9392307588683,404.0786655519804
2023-12-03 18:46:56,0.209781205,0.0223410139383098,1.05291188,405.927421460202,404.06373551615
2023-12-03 18:47:00,0.209785126,0.0223409498590043,1.05290886,405.93855661036736,404.0717498684369
2023-12-03 18:47:04,0.209788746,0.0223418075032198,1.05294928,405.93382163257553,404.06389403214735
2023-12-03 18:47:08,0.20978392,0.022342044299594,1.05296044,405.9244512395621,404.0514027201122
2023-12-03 18:47:12,0.209783618,0.0223409689554861,1.05290976,405.9449293941865,404.0687598952864
2023-12-03 18:47:17,0.209777887,0.0223407514677768,1.05289951,405.9422940404508,404.0622232324056
2023-12-03 18:47:21,0.209773362,0.0223401881215639,1.05287296,405.94677040638214,404.0635784832713
2023-12-03 18:47:25,0.209769742,0.0223407451022828,1.05289921,405.9342089725191,404.0478958742242
2023-12-03 18:47:29,0.209773663,0.0223409498590043,1.05290886,405.9408714510206,404.05143711751873
2023-12-03 18:47:33,0.209768535,0.0223404826317498,1.05288684,405.9426798228688,404.0501241942326
2023-12-03 18:47:38,0.209767329,0.0223404249179381,1.05288412,405.9454047234895,404.04894739180816
2023-12-03 18:47:42,0.20976944,0.0223403417421508,1.0528802,405.9536509614432,404.05407220014064
2023-12-03 18:47:46,0.209767329,0.0223398104355907,1.05285516,405.9618722817957,404.0591720312554
2023-12-03 18:47:50,0.209769742,0.0223404249179381,1.05288412,405.9590451837742,404.0532233844753
2023-12-03 18:47:54,0.209773362,0.0223417500015913,1.05294657,405.9465344153289,404.0375910078464
2023-12-03 18:47:58,0.209781507,0.0223419420273249,1.05295562,405.96089369733363,404.0488286223382
2023-12-03 18:48:03,0.20976401,0.022341109845085,1.0529164,405.9476373335984,404.0316700909261
2023-12-03 18:48:07,0.209775172,0.02234112915375,1.05291731,405.97021691863677,404.05112787531135
2023-12-03 18:48:11,0.209775473,0.0223413339104714,1.05292696,405.97046533885197,404.04825443585577
2023-12-03 18:48:15,0.209770043,0.0223406426178305,1.05289438,405.9754672800171,404.0501344584285
2023-12-03 18:48:19,0.209779697,0.0223417434239143,1.05294626,405.9773805295648,404.04892573055815
2023-12-03 18:48:23,0.209774267,0.0223416795567918,1.05294325,405.9719434778522,404.0403666426978
2023-12-03 18:48:28,0.209770345,0.0223417050187676,1.05294445,405.9684728917482,404.0329934289671
2023-12-03 18:48:32,0.2097622,0.0223403353766568,1.0528799,405.97994999936566,404.0413483686466
2023-12-03 18:48:36,0.209768535,0.0223416986532736,1.05294415,405.9716159583942,404.02989210132
2023-12-03 18:48:40,0.20977849,0.0223422876736453,1.05297191,405.9825782579238,404.0377321161735
2023-12-03 18:48:44,0.20977668,0.0223419483928188,1.05295592,405.98813808756205,404.04016960291096
2023-12-03 18:48:48,0.209767329,0.0223417500015913,1.05294657,405.97799173719727,404.0269008515168
2023-12-03 18:48:53,0.20976763,0.0223414107207648,1.05293058,405.9880728379428,404.0330788693794
2023-12-03 18:48:57,0.209766725,0.0223418652170315,1.052952,405.9820302876774,404.023913787648
2023-12-03 18:49:01,0.209762502,0.0223421467840463,1.05296527,405.9729858071277,404.01174671781706
2023-12-03 18:49:05,0.209764614,0.0223418138687138,1.05294958,405.9853892200306,404.02102748371993
2023-12-03 18:49:09,0.20976763,0.0223416154774863,1.05294023,405.9971567240418,404.029672283109
2023-12-03 18:49:13,0.209769742,0.0223414938965522,1.0529345,406.0060446445652,404.0354374414842
2023-12-03 18:49:18,0.20976582,0.0223415323016989,1.05293631,406.00235957210276,404.0278488355884
2023-12-03 18:49:22,0.209769742,0.0223414043552709,1.05293028,406.01456081234875,404.0369271846065
2023-12-03 18:49:26,0.209764312,0.0223422747304743,1.0529713,405.99358195258895,404.0128253764073
2023-12-03 18:49:31,0.20976944,0.0223422810959683,1.0529716,406.00646615142233,404.0218058093845
2023-12-03 18:49:35,0.209762502,0.022341397989777,1.05292998,406.01198741131344,404.02420399246336
2023-12-03 18:49:39,0.209768234,0.0223417370584203,1.05294596,406.01962635091553,404.0287197983557
2023-12-03 18:49:43,0.209777887,0.0223435805054626,1.05303284,406.00918593471937,404.0151561916495
2023-12-03 18:49:47,0.209770647,0.0223436509502621,1.05303616,405.9983095334049,404.0011565431212
2023-12-03 18:49:51,0.209764312,0.0223418843135133,1.0529529,406.0195966982614,404.0193204041574
2023-12-03 18:49:56,0.209755262,0.022341385046606,1.05292937,406.0157707255529,404.0115902222177
2023-12-03 18:50:00,0.209761295,0.0223412634656719,1.05292364,406.031607231363,404.0243032971968
2023-12-03 18:50:04,0.209749229,0.0223408089694053,1.05290222,406.02091116217576,404.010483740887
2023-12-03 18:50:08,0.209754357,0.0223426333199657,1.0529882,406.00277206749496,403.98922110288913
2023-12-03 18:50:12,0.209751642,0.0223415323016989,1.05293631,406.01940049005816,404.002725926038
2023-12-03 18:50:16,0.209749531,0.0223414234517527,1.05293118,406.020594340779,404.0007961213444
2023-12-03 18:50:21,0.209753754,0.0223414618568994,1.05293299,406.0313431129362,404.0076402456315
2023-12-03 18:50:25,0.209760089,0.0223431837230076,1.05301414,406.0170484270122,403.990221778648
2023-12-03 18:50:29,0.20977125,0.022342857173169,1.05299875,406.04537984956755,404.0154293644597
2023-12-03 18:50:33,0.209753452,0.0223424924303668,1.05298156,406.02303555966574,403.9899611822274
2023-12-03 18:50:37,0.209752849,0.0223410394002855,1.05291308,406.049263119196,404.0130647939378
2023-12-03 18:50:41,0.209750134,0.022341647517139,1.05294174,406.0374594566275,403.9981371281573
2023-12-03 18:50:46,0.209740481,0.0223420699737529,1.05296165,406.0172327028805,403.9740052926486
2023-12-03 18:50:50,0.209745609,0.0223412123295373,1.05292123,406.0437101897904,403.9973586520706
2023-12-03 18:50:54,0.209745307,0.0223420122599413,1.05295893,406.03299226634357,403.9835165460605
2023-12-03 18:50:58,0.209740783,0.0223408026039113,1.05290192,406.0482231432306,403.99562318540666
2023-12-03 18:51:02,0.209739878,0.0223411034795911,1.0529161,406.0447384900767,403.9890142398317
2023-12-03 18:51:06,0.209738068,0.0223415643413517,1.05293782,406.0369891155607,403.9781405181122
2023-12-03 18:51:11,0.209741989,0.0223409498590043,1.05290886,406.05806459726875,403.9953104889268
2023-12-03 18:51:15,0.209733543,0.022341397989777,1.05292998,406.03876820895823,403.97288963050937
2023-12-03 18:51:19,0.209749531,0.0223419738547945,1.05295712,406.06064306044937,403.99163995742873
2023-12-03 18:51:23,0.209734749,0.0223415643413517,1.05293782,406.0443871154866,403.97225943352703
2023-12-03 18:51:27,0.209738671,0.0223418779480193,1.0529526,406.04924463474737,403.9739923195798
2023-12-03 18:51:32,0.209739274,0.0223416602481269,1.05294234,406.0578402876492,403.9786821048045
2023-12-03 18:51:36,0.209738671,0.0223416027464984,1.05293963,406.06085308139774,403.9785701435972
2023-12-03 18:51:40,0.209738369,0.0223418906790072,1.0529532,406.0586531766301,403.9732454299226
2023-12-03 18:51:44,0.209728716,0.0223410330347916,1.05291278,406.0589398190219,403.97040720955454
2023-12-03 18:51:48,0.209737464,0.0223416282084741,1.05294083,406.06766538787593,403.9760078618938
2023-12-03 18:51:53,0.209731129,0.0223413275449775,1.05292666,406.06534767860427,403.96978393153535
2023-12-03 18:51:57,0.209720571,0.0223409371280164,1.05290826,406.0562584865791,403.9575697024056
2023-12-03 18:52:01,0.209737464,0.0223421467840463,1.05296527,406.06919568407216,403.9673818093581
2023-12-03 18:52:05,0.209735654,0.0223417370584203,1.05294596,406.0759290281425,403.9709900095502
2023-12-03 18:52:09,0.209724191,0.0223407705642585,1.05290041,406.0748192620797,403.9667550463695
2023-12-03 18:52:14,0.209730828,0.0223412698311658,1.05292394,406.0821813965095,403.9702106096837
2023-12-03 18:52:18,0.209729923,0.0223414745878873,1.05293359,406.080297097733,403.9652009943599
2023-12-03 18:52:22,0.209734448,0.0223419547583128,1.05295622,406.0834533242349,403.9652318513947
2023-12-03 18:52:26,0.209726906,0.0223422810959683,1.0529716,406.0677870498376,403.9464401547088
2023-12-03 18:52:30,0.209735051,0.0223426460509536,1.0529888,406.07927419246073,403.9548018223203
2023-12-03 18:52:34,0.209736559,0.0223432091849833,1.05301534,406.07570537045905,403.9481074726825
2023-12-03 18:52:39,0.209730526,0.0223421467840463,1.05296527,406.0865932584302,403.9550883772552
2023-12-03 18:52:43,0.209727811,0.0223419099876721,1.05295411,406.08884686984146,403.95421634298566
2023-12-03 18:52:47,0.209706997,0.0223397402029743,1.05285185,406.0911825468828,403.9534263220419
2023-12-03 18:52:51,0.209715745,0.0223411993863663,1.05292062,406.08553777616487,403.9446558011334
2023-12-03 18:52:55,0.209714237,0.0223409305503393,1.05290795,406.09046311183073,403.9464553345019
2023-12-03 18:52:59,0.209729018,0.0223410778054323,1.05291489,406.11733123516836,403.9701976035342
2023-12-03 18:53:04,0.209720873,0.022341109845085,1.0529164,406.10627287444345,403.9552318519418
2023-12-03 18:53:08,0.209716046,0.0223413082363125,1.05292575,406.09754562916896,403.9433786357052
2023-12-03 18:53:12,0.209716951,0.0223421467840463,1.05296527,406.0883280526139,403.9310350365012
2023-12-03 18:53:16,0.209710617,0.0223415513981807,1.05293721,406.0901334252832,403.92971433493375
2023-12-03 18:53:20,0.209712728,0.0223410009951388,1.05291127,406.1061549007105,403.9426096846352
2023-12-03 18:53:24,0.209716046,0.0223413659501242,1.05292847,406.10909006990556,403.9424186767144
2023-12-03 18:53:29,0.209715443,0.0223422810959683,1.0529716,406.096708385402,403.92612919869975
2023-12-03 18:53:33,0.209715745,0.022340591481696,1.05289197,406.12847304399475,403.9547675649114
2023-12-03 18:53:37,0.20971484,0.0223408857796987,1.05290584,406.12510035815177,403.9482685356194
2023-12-03 18:53:41,0.209713633,0.0223411418847378,1.05291791,406.1218280785535,403.9418698616031
2023-12-03 18:53:45,0.209724795,0.0223425372010074,1.05298367,406.12152481056927,403.93844014833127
2023-12-03 18:53:49,0.209714237,0.0223417690980731,1.05294747,406.1187189895464,403.9325078312503
2023-12-03 18:53:54,0.209713633,0.0223406553488184,1.05289498,406.1400820312263,403.949962681613
2023-12-03 18:53:58,0.209711522,0.0223418011377259,1.05294898,406.12041016554167,403.92716420599993
2023-12-03 18:54:02,0.20971484,0.0223422810959683,1.0529716,406.12143338047116,403.92506076055327
2023-12-03 18:54:06,0.209706092,0.022340841009058,1.05290373,406.13301124193663,403.9335119112944
2023-12-03 18:54:10,0.209701868,0.0223400985802826,1.05286874,406.14100214596806,403.93837605435255
2023-12-03 18:54:15,0.209692517,0.0223416411516451,1.05294144,406.1026843993853,403.89614978604254
2023-12-03 18:54:19,0.209708203,0.0223416027464984,1.05293963,406.1342443550445,403.9245828680325
2023-12-03 18:54:23,0.209696137,0.0223414682223933,1.05293329,406.1182285346682,403.9054401240616
2023-12-03 18:54:27,0.209706695,0.0223412443691901,1.05292274,406.1437867995234,403.9278714154963
2023-12-03 18:54:31,0.209707298,0.022342044299594,1.05296044,406.1346779173812,403.9156355102077
2023-12-03 18:54:36,0.209710013,0.022342185189193,1.05296708,406.14105424778126,403.918102991899
2023-12-03 18:54:40,0.209705488,0.0223420252031123,1.05295954,406.13882437811736,403.9127459875693
2023-12-03 18:54:44,0.209697344,0.022340841009058,1.05290373,406.14721616021836,403.9180105856025
2023-12-03 18:54:48,0.209705488,0.0223419995289534,1.05295833,406.14550578882444,403.91317298083845
2023-12-03 18:54:52,0.209692517,0.0223416602481269,1.05294234,406.1312922907124,403.895832200154
2023-12-03 18:54:57,0.209697947,0.022341788406738,1.05294838,406.142691533472,403.9033222706594
2023-12-03 18:55:01,0.20969312,0.0223414234517527,1.05293118,406.14333543622706,403.900838780502
2023-12-03 18:55:05,0.209692819,0.0223410650744444,1.05291429,406.1518898355595,403.9062657380443
2023-12-03 18:55:09,0.209698852,0.022342313135621,1.05297311,406.144950884406,403.8961992963231
2023-12-03 18:55:13,0.209699154,0.0223425756061541,1.05298548,406.14424865312037,403.8923695257922
2023-12-03 18:55:17,0.209704583,0.0223421531495403,1.05296557,406.16402125640786,403.9090145412571
2023-12-03 18:55:22,0.209697344,0.0223421274753814,1.05296436,406.1555311668082,403.8966148987195
2023-12-03 18:55:26,0.209693724,0.0223420379341001,1.05296014,406.1537337843329,403.8916898194884
2023-12-03 18:55:30,0.209690405,0.0223428892128218,1.05300026,406.1368245818437,403.8716528719915
2023-12-03 18:55:34,0.209701868,0.0223431005472202,1.05301022,406.1567482322551,403.8884487292435
2023-12-03 18:55:38,0.209692819,0.0223425499319953,1.05298427,406.1529992659622,403.88157192174
2023-12-03 18:55:42,0.209696439,0.0223410587089505,1.05291399,406.18734136371097,403.9127861303271
2023-12-03 18:55:47,0.209689802,0.0223424156200733,1.05297794,406.15692495713745,403.8784597950232
2023-12-03 18:55:51,0.20969493,0.022342332444286,1.05297402,406.17052215516065,403.888928996362
2023-12-03 18:55:55,0.209684372,0.0223420827047408,1.05296225,406.15909595848416,403.8743747553764
2023-12-03 18:55:59,0.209683769,0.0223414745878873,1.05293359,406.1712684213838,403.8834191264428
2023-12-03 18:56:03,0.209692819,0.0223421531495403,1.05296557,406.17914768048325,403.8881702462854
2023-12-03 18:56:07,0.209691612,0.0223425499319953,1.05298427,406.1735389406137,403.879433319836
2023-12-03 18:56:12,0.209685881,0.0223427355922349,1.05299302,406.1642075991233,403.866191678726
2023-12-03 18:56:16,0.209691009,0.0223427164957531,1.05299212,406.1767393267313,403.8755951136452
2023-12-03 18:56:20,0.20968769,0.0223426780906064,1.05299031,406.1746256239508,403.87035307118
2023-12-03 18:56:24,0.209684372,0.0223424156200733,1.05297794,406.1762396257172,403.8688386863666
2023-12-03 18:56:28,0.209681054,0.0223427676318877,1.05299453,406.1676357298241,403.8571063570992
2023-12-03 18:56:32,0.209688595,0.0223435036951692,1.05302922,406.17188615343315,403.85822830064046
2023-12-03 18:56:37,0.209697947,0.0223432028194894,1.05301504,406.19736939896353,403.879800880577
2023-12-03 18:56:41,0.209684674,0.0223431069127142,1.05301052,406.17857584982414,403.8578787466782
2023-12-03 18:56:45,0.209678942,0.0223431516833548,1.05301263,406.1708042031459,403.8469784688749
2023-12-03 18:56:49,0.209686484,0.0223429276179685,1.05300207,406.1910214234373,403.8640670117766
2023-12-03 18:56:53,0.209684372,0.0223436125451154,1.05303435,406.17901945634634,403.8489363211323
2023-12-03 18:56:57,0.209676831,0.0223427996715405,1.05299604,406.18230314998954,403.8490912451597
2023-12-03 18:57:02,0.209679244,0.0223434332503697,1.0530259,406.1799548761675,403.8428319446964
2023-12-03 18:57:06,0.209689199,0.0223438686501545,1.05304642,406.19348202877893,403.85323022442094
2023-12-03 18:57:10,0.209688294,0.0223429148869806,1.05300147,406.2108663930666,403.867485670088
2023-12-03 18:57:14,0.209685881,0.0223431005472202,1.05301022,406.2066328273464,403.8601231401146
2023-12-03 18:57:18,0.209676831,0.0223437341260495,1.05304008,406.1831929656874,403.8335542686709
2023-12-03 18:57:23,0.209672909,0.0223425051613546,1.05298216,406.2005892213619,403.8470391982406
2023-12-03 18:57:27,0.209669893,0.0223419995289534,1.05295833,406.2067820555771,403.8501029205962
2023-12-03 18:57:31,0.209668686,0.0223428124025283,1.05299664,406.1942565848884,403.8344482928461
2023-12-03 18:57:35,0.209666876,0.0223422556339925,1.0529704,406.2034362784452,403.8404987842408
2023-12-03 18:57:39,0.209656921,0.0223413466414593,1.05292756,406.20404104291043,403.83797430154505
2023-12-03 18:57:44,0.209660541,0.0223422172288458,1.05296859,406.1998911117992,403.8299127483573
2023-12-03 18:57:48,0.209653603,0.0223417370584203,1.05294596,406.19871114931885,403.8256034378394
2023-12-03 18:57:52,0.209656016,0.0223427101302592,1.05299182,406.18993712511406,403.8137000209279
2023-12-03 18:57:56,0.209644252,0.0223418906790072,1.0529532,406.18584697707615,403.8064804356161
2023-12-03 18:58:00,0.209653905,0.022341385046606,1.05292937,406.21448764816694,403.83199162496726
2023-12-03 18:58:05,0.209653,0.0223410457657795,1.05291338,406.222437530997,403.836029593248
2023-12-03 18:58:09,0.209656921,0.0223416922877797,1.05294385,406.22176447957605,403.8322269604117
2023-12-03 18:58:13,0.209643045,0.0223401753905761,1.05287236,406.22552977922936,403.8328626345147
2023-12-03 18:58:17,0.209648173,0.0223415513981807,1.05293721,406.2148659034233,403.81906908912526
2023-12-03 18:58:21,0.209643045,0.02234150662754,1.0529351,406.20965372846746,403.8107272006548
2023-12-03 18:58:25,0.209656016,0.0223427803628755,1.05299513,406.214588624702,403.81253233954544
2023-12-03 18:58:30,0.209660843,0.0223427164957531,1.05299212,406.2281152217105,403.82214667839446
2023-12-03 18:58:34,0.209651793,0.0223401240422583,1.05286994,406.2583164172187,403.8492180183157
2023-12-03 18:58:38,0.209633693,0.0223413339104714,1.05292696,406.20925634815063,403.797028050163
2023-12-03 18:58:42,0.209637615,0.0223404826317498,1.05288684,406.23349007224573,403.8181318317776
2023-12-03 18:58:46,0.209642743,0.0223413466414593,1.05292756,406.23134037387746,403.81285214763534
2023-12-03 18:58:50,0.20964757,0.0223407705642585,1.05290041,406.25260228699517,403.8309840317876
2023-12-03 18:58:55,0.209654206,0.022342057242765,1.05296105,406.2468790181745,403.8213481661779
2023-12-03 18:58:59,0.209650285,0.0223422426908215,1.05296979,406.239978378656,403.811317400887
2023-12-03 18:59:03,0.209645458,0.0223420315686062,1.05295984,406.23806598993013,403.8062748435297
2023-12-03 18:59:07,0.209642442,0.0223418522738605,1.05295139,406.2388332418589,403.8039118840701
2023-12-03 18:59:11,0.209629169,0.0223411866553785,1.05292002,406.22951184791776,403.7914602360863
2023-12-03 18:59:15,0.209650285,0.0223423388097799,1.05297432,406.25090122252396,403.8097193140978
2023-12-03 18:59:20,0.209641838,0.0223414298172466,1.05293148,406.2549604591605,403.8098656203082
2023-12-03 18:59:24,0.209648776,0.0223417434239143,1.05294626,406.26516996578744,403.816944734973
2023-12-03 18:59:28,0.20963671,0.0223417370584203,1.05294596,406.2470267752456,403.79567111025005
2023-12-03 18:59:32,0.20964757,0.022342594914819,1.05298639,406.25513701598834,403.8006508746954
2023-12-03 18:59:36,0.209647268,0.0223416347861512,1.05294114,406.2736956976862,403.8160790380821
2023-12-03 18:59:40,0.209637615,0.022342063608259,1.05296135,406.25259279485863,403.7918455750322
2023-12-03 18:59:45,0.209648776,0.0223432284936482,1.05301625,406.25691492731215,403.79225444842695
2023-12-03 18:59:49,0.209640933,0.0223429212524745,1.05300177,406.2512573853706,403.7834662523386
2023-12-03 18:59:53,0.209633995,0.022342063608259,1.05296135,406.25635335345913,403.7854315247032
2023-12-03 18:59:57,0.209640933,0.0223424731217018,1.05298065,406.26496882612184,403.7909162601676
2023-12-03 19:00:01,0.209635202,0.0223419290841539,1.05295501,406.26698996911904,403.7898066245948
2023-12-03 19:00:05,0.209631582,0.0223424412942322,1.05297915,406.2551913870592,403.7748772226964
2023-12-03 19:00:10,0.209628867,0.0223424092545794,1.05297764,406.2548271429547,403.7705993959164
2023-12-03 19:00:14,0.209632185,0.0223424987958607,1.05298186,406.26234835898066,403.7749896996257
2023-12-03 19:00:18,0.209626152,0.0223418715825254,1.0529523,406.2652169588537,403.774727346248
2023-12-03 19:00:22,0.209634598,0.0223430748730614,1.05300901,406.2633089625062,403.7696883558189
2023-12-03 19:00:26,0.209630979,0.0223426140113008,1.05298729,406.2676892000564,403.7709375585596
2023-12-03 19:00:30,0.209633693,0.0223423451752738,1.05297462,406.280098154844,403.780215437913
2023-12-03 19:00:35,0.209623437,0.0223433564400763,1.05302228,406.24903010161387,403.7452334834188
2023-12-03 19:00:39,0.209625247,0.0223422426908215,1.05296979,406.27388217496673,403.76695439030925
2023-12-03 19:00:43,0.209630375,0.0223421531495403,1.05296557,406.2875878717148,403.7775288803055
2023-12-03 19:00:47,0.209622532,0.022342460390714,1.05298005,406.2717151552264,403.75852491687937
2023-12-03 19:00:51,0.209611371,0.0223414170862588,1.05293088,406.2724146006264,403.75609307525895
2023-12-03 19:00:56,0.209630677,0.0223434205193818,1.0530253,406.2772313097406,403.7569956193891
2023-12-03 19:01:00,0.209626755,0.0223437277605555,1.05303978,406.26830698788143,403.74493992070165
2023-12-03 19:01:04,0.209626755,0.0223441374861815,1.05305909,406.264628147186,403.7381296634315
2023-12-03 19:01:08,0.2096349,0.0223447453908519,1.05308774,406.2720855145689,403.7424555745967
2023-12-03 19:01:12,0.209630074,0.0223442333929567,1.05306361,406.27517711994494,403.74241568421553
2023-12-03 19:01:17,0.20964033,0.0223447967391696,1.05309016,406.28789779797063,403.7512219371001
2023-12-03 19:01:21,0.209625247,0.0223422810959683,1.0529716,406.30612338710245,403.7663159418898
2023-12-03 19:01:25,0.209630677,0.0223431964539955,1.05301474,406.30365930601226,403.76072023725465
2023-12-03 19:01:29,0.209625247,0.0223442206619689,1.05306301,406.2801462716593,403.7340755402579
2023-12-03 19:01:33,0.209628565,0.0223416218429802,1.05294053,406.3323571945587,403.7831547615182
2023-12-03 19:01:37,0.209618007,0.0223431964539955,1.05301474,406.29060648552934,403.7382723119583
2023-12-03 19:01:42,0.209612276,0.0223423708494327,1.05297583,406.29809068495433,403.74184178118713
2023-12-03 19:01:46,0.209611371,0.0223432732642889,1.05301836,406.2846191525514,403.7252384211276
2023-12-03 19:01:50,0.209611069,0.0223423451752738,1.05297462,406.30264259280256,403.74012999516816
2023-12-03 19:01:54,0.209614991,0.0223432925729538,1.05301927,406.29697562514065,403.73133112284586
2023-12-03 19:01:58,0.209609561,0.0223438686501545,1.05304642,406.2809123268463,403.7121358815451
2023-12-03 19:02:03,0.209610767,0.0223438557069835,1.05304581,406.28717907172955,403.7144876439049
2023-12-03 19:02:07,0.209615292,0.0223434525590346,1.05302681,406.3050286704693,403.7292052137402
2023-12-03 19:02:11,0.209613181,0.0223431005472202,1.05301022,406.31027158916106,403.7313160655199
2023-12-03 19:02:15,0.209608656,0.0223430428334086,1.0530075,406.3063458617671,403.7242582333104
2023-12-03 19:02:19,0.209600511,0.0223426587819415,1.0529894,406.30143049522195,403.71621072415024
2023-12-03 19:02:23,0.209608354,0.0223424156200733,1.05297794,406.3225005570108,403.7341486056289
2023-12-03 19:02:28,0.209603226,0.0223434141538879,1.053025,406.3007332994139,403.7084660697943
2023-12-03 19:02:32,0.209611672,0.0223439965965825,1.05305245,406.3091488765552,403.7137493821927
2023-12-03 19:02:36,0.209609259,0.0223439709224237,1.05305124,406.30843285227803,403.7099010558165
2023-12-03 19:02:40,0.209597193,0.0223413595846303,1.05292817,406.33359140695103,403.7319272711387
2023-12-03 19:02:44,0.209594779,0.0223432989384477,1.05301957,406.30021182733446,403.6954153150241
2023-12-03 19:02:48,0.209604131,0.0223433053039417,1.05301987,406.31980754353054,403.7118786176793
2023-12-03 19:02:53,0.209613784,0.0223432925729538,1.05301927,406.3410371483366,403.729192653627
2023-12-03 19:02:57,0.209602924,0.0223427549008998,1.05299393,406.33386536777306,403.7188883765584
2023-12-03 19:03:01,0.209600511,0.02234324759013,1.05301715,406.32453373657506,403.70642421215234
2023-12-03 19:03:05,0.209605337,0.0223443165687441,1.05306753,406.3184502245481,403.6972081303188
2023-12-03 19:03:09,0.209590556,0.022343932517277,1.05304943,406.3017786910812,403.6774039905518
2023-12-03 19:03:13,0.209613784,0.0223443038377562,1.05306693,406.3398920899103,403.71238474669167
2023-12-03 19:03:18,0.209613784,0.0223447262943701,1.05308684,406.3367868793456,403.70536368175306
2023-12-03 19:03:22,0.209605639,0.0223442397584507,1.05306391,406.3335756051311,403.6990196833573
2023-12-03 19:03:26,0.209592668,0.022343126009196,1.05301142,406.33223796253213,403.6945492805286
2023-12-03 19:03:30,0.209605639,0.0223443677048787,1.05306994,406.33771480439617,403.6968933262193
2023-12-03 19:03:34,0.209599003,0.0223456223437324,1.05312907,406.30824211923806,403.66428780904937
2023-12-03 19:03:39,0.209596589,0.0223434909641813,1.05302862,406.3433010810511,403.69543068060943
2023-12-03 19:03:43,0.209597193,0.0223438750156485,1.05304672,406.34112139885184,403.6901180861452
2023-12-03 19:03:47,0.209598098,0.0223440606758881,1.05305547,406.34277220670015,403.6886359462312
2023-12-03 19:03:51,0.209586635,0.0223444126877025,1.05307206,406.3197471949936,403.6624779513702
2023-12-03 19:03:55,0.209591461,0.022343657315756,1.05303646,406.3439831065104,403.6835808444452
2023-12-03 19:03:59,0.209588746,0.022343407788394,1.0530247,406.346452935301,403.6829176196121
2023-12-03 19:04:04,0.209599304,0.0223445279031426,1.05307749,406.3504595537375,403.6830078717047
2023-12-03 19:04:08,0.209601718,0.0223459102762412,1.05314264,406.3348978334586,403.6643130190273
2023-12-03 19:04:12,0.209589953,0.0223443165687441,1.05306753,406.3436714419064,403.6699534602366
2023-12-03 19:04:16,0.209595684,0.0223446749460524,1.05308442,406.3510022929009,403.67415110925816
2023-12-03 19:04:20,0.209590255,0.0223442781635974,1.05306572,406.35111112434623,403.6711267041012
2023-12-03 19:04:25,0.209583316,0.022344591770265,1.0530805,406.3375231448513,403.6536221303165
2023-12-03 19:04:29,0.209588143,0.0223444061100254,1.05307175,406.35229318322195,403.6652588545545
2023-12-03 19:04:33,0.209586936,0.0223437404915434,1.05304038,406.36434942455645,403.6741817474697
2023-12-03 19:04:37,0.209586936,0.0223442911067684,1.05306633,406.3583326469349,403.6650315872479
2023-12-03 19:04:41,0.209582713,0.0223441886223161,1.0530615,406.35568751009157,403.6592530337287
2023-12-03 19:04:46,0.209589953,0.0223447006202112,1.05308563,406.3639227521642,403.6635714571989
2023-12-03 19:04:50,0.20957668,0.0223435548313038,1.05303163,406.362581551704,403.6590967637792
2023-12-03 19:04:54,0.209577886,0.0223442781635974,1.05306572,406.3558317661558,403.6492134515395
2023-12-03 19:04:58,0.209569138,0.0223436189106093,1.05303465,406.354421818434,403.6446699434998
2023-12-03 19:05:02,0.209574267,0.0223440156930643,1.05305335,406.3600488580398,403.6471633892671
2023-12-03 19:05:06,0.20956582,0.0223430171592498,1.05300629,406.36481012747566,403.6487910314496
2023-12-03 19:05:11,0.209572155,0.0223447133511991,1.05308623,406.3517654428362,403.6318292659152
2023-12-03 19:05:15,0.209573965,0.0223439709224237,1.05305124,406.3704421853704,403.6473723063998
2023-12-03 19:05:19,0.209571552,0.0223437277605555,1.05303978,406.3733415704876,403.6471379563968
2023-12-03 19:05:23,0.209566423,0.022344073406876,1.05305607,406.36164510950135,403.6323077273256
2023-12-03 19:05:27,0.209572758,0.0223444381496782,1.05307326,406.3699414438954,403.6374702607761
2023-12-03 19:05:31,0.209563105,0.0223446815237295,1.05308473,406.3519303339917,403.6163253171762
2023-12-03 19:05:36,0.209567328,0.0223443549738908,1.05306934,406.3687548708191,403.6292325159866
2023-12-03 19:05:40,0.209579696,0.0223453598731993,1.0531167,406.37710249250694,403.6344462306728
2023-12-03 19:05:44,0.209567932,0.0223441374861815,1.05305909,406.37970655441916,403.63391635317566
2023-12-03 19:05:48,0.209577886,0.0223453214680526,1.05311489,406.3808020538559,403.6318778809015
2023-12-03 19:05:52,0.209572758,0.0223443806480497,1.05307055,406.39048389601743,403.638425719157
2023-12-03 19:05:56,0.209573663,0.0223456223437324,1.05312907,406.3745899764689,403.6193977636135
2023-12-03 19:06:01,0.209566725,0.0223444574583431,1.05307417,406.3855711880729,403.6264613852607
2023-12-03 19:06:05,0.209552245,0.0223431453178609,1.05301233,406.3848544195463,403.62261050892783
2023-12-03 19:06:09,0.209564613,0.0223446558495706,1.05308352,406.3848014880639,403.619423437896
2023-12-03 19:06:13,0.209570043,0.0223456927885319,1.05313239,406.38032676221053,403.6118145408563
2023-12-03 19:06:17,0.209567932,0.022344591770265,1.0530805,406.3980144470451,403.6263680229744
2023-12-03 19:06:21,0.20955858,0.0223439134207952,1.05304853,406.39585179685525,403.6210711386443
2023-12-03 19:06:26,0.209547419,0.0223437150295677,1.05303918,406.3832926513521,403.6045941564387
2023-12-03 19:06:30,0.209566122,0.0223448222011453,1.05309136,406.4011655907895,403.6193327914221
2023-12-03 19:06:34,0.20955496,0.0223439388827709,1.05304973,406.39920187547835,403.61423474057983
2023-12-03 19:06:38,0.209545307,0.0223438429759957,1.05304521,406.3868281100042,403.598726608604
2023-12-03 19:06:42,0.209555564,0.0223447774305047,1.05308925,406.3926083132919,403.60137241452617
2023-12-03 19:06:47,0.209550737,0.0223441054465287,1.05305758,406.3991395934851,403.60398565477294
