time,voltage,current,shunt_voltage,temperature,temperature old
2023-11-23 05:11:02,0.173964586,0.0231217012419078,1.08970497,330.74961175415643,330.74961175415643
2023-11-23 05:11:06,0.174087059,0.0231207858838806,1.08966183,330.9677514391713,330.9676620922993
2023-11-23 05:11:10,0.174173032,0.02311805275297,1.08953302,331.1474750410845,331.1472963473405
2023-11-23 05:11:14,0.174238794,0.0231158509286194,1.08942925,331.2864164396152,331.2861483989993
2023-11-23 05:11:19,0.174298824,0.023115915007925,1.08943227,331.38693314021856,331.38655341601265
2023-11-23 05:11:23,0.174395355,0.0231139243057898,1.08933845,331.57512002384567,331.5746509527678
2023-11-23 05:11:27,0.174429141,0.0231133418630952,1.089311,331.6395985468349,331.6390401288851
2023-11-23 05:11:31,0.174465944,0.0231105191909032,1.08917797,331.737691973445,331.7370442086232
2023-11-23 05:11:35,0.174504858,0.0231109159733582,1.08919667,331.79836443595474,331.797627324261
2023-11-23 05:11:39,0.174534722,0.0231103014910108,1.08916771,331.856652975843,331.8558265172773
2023-11-23 05:11:44,0.174565491,0.0231096549690106,1.08913724,331.9169025635048,331.9159644213491
2023-11-23 05:11:48,0.174613757,0.0231101862755707,1.08916228,331.99163738630926,331.9906098972816
2023-11-23 05:11:52,0.174644828,0.0231065955004445,1.08899305,332.0899190270491,332.0888021911495
2023-11-23 05:11:56,0.174670469,0.0231073956430315,1.08903076,332.12306366408086,332.12185748130923
2023-11-23 05:12:00,0.174699428,0.0231086052990615,1.08908777,332.15658089900217,332.1552853693586
2023-11-23 05:12:05,0.174723259,0.0231075813032712,1.08903951,332.20995772765616,332.20855051442265
2023-11-23 05:12:09,0.174726276,0.0231054176718842,1.08893754,332.2427408121518,332.2412442520463
2023-11-23 05:12:13,0.174779066,0.0231050849687348,1.08892186,332.336148210488,332.3345623035105
2023-11-23 05:12:17,0.174800786,0.0231051554135343,1.08892518,332.3719871276193,332.3703118737699
2023-11-23 05:12:21,0.174821298,0.0231044577553995,1.0888923,332.415594452092,332.4138298513706
2023-11-23 05:12:25,0.174836985,0.0231052449548156,1.0889294,332.43210270861846,332.4302487610251
2023-11-23 05:12:30,0.174851464,0.0231048545378545,1.088911,332.46163098731654,332.4596653561332
2023-11-23 05:12:34,0.174865039,0.0231031326717463,1.08882985,332.50661793089165,332.50456295283635
2023-11-23 05:12:38,0.174907271,0.0231030688046238,1.08882684,332.5787917229686,332.57664739804136
2023-11-23 05:12:42,0.174923561,0.0231039519108151,1.08886846,332.59508820862203,332.5928545368228
2023-11-23 05:12:46,0.174923863,0.0231025374980638,1.0888018,332.61375943196725,332.6114364132961
2023-11-23 05:12:50,0.174950409,0.0231020766363032,1.08878008,332.6645384522315,332.6621260866883
2023-11-23 05:12:55,0.174960967,0.0231011101421414,1.08873453,332.6948222861452,332.6922982370121
2023-11-23 05:12:59,0.174967,0.0231006429148869,1.08871251,332.71106654968395,332.7084531536788
2023-11-23 05:13:03,0.174995657,0.0231015837348899,1.08875685,332.74749461373654,332.74479187085944
2023-11-23 05:13:07,0.175014059,0.0231005083907819,1.08870617,332.7923919976399,332.7895999078909
2023-11-23 05:13:11,0.175025522,0.0231006556458748,1.08871311,332.8099458884193,332.8070644517983
2023-11-23 05:13:15,0.175036985,0.0231001756876324,1.08869049,332.8355212099312,332.8325504264382
2023-11-23 05:13:20,0.175057196,0.0230996443810724,1.08866545,332.8765428280688,332.87346036098586
2023-11-23 05:13:24,0.175059006,0.0230983258750962,1.08860331,332.89655442830184,332.89338261434693
2023-11-23 05:13:28,0.175084647,0.0230981465803505,1.08859486,332.94222102691134,332.9389598660845
2023-11-23 05:13:32,0.1750943,0.0230968408053622,1.08853332,332.97531540902827,332.97196490132944
2023-11-23 05:13:36,0.175108478,0.0230969623862963,1.08853905,332.9977835864392,332.9943437318684
2023-11-23 05:13:41,0.175122958,0.0230973143981107,1.08855564,333.01783444415446,333.0142829059937
2023-11-23 05:13:45,0.175125673,0.0230971673552009,1.08854871,333.0243892641178,333.0207483790851
2023-11-23 05:13:49,0.175148599,0.0230972953016289,1.08855474,333.0615437484679,333.0578135165632
2023-11-23 05:13:53,0.175163983,0.0230969560208024,1.08853875,333.0919478160148,333.0881282372381
2023-11-23 05:13:57,0.175182686,0.023096341538455,1.08850979,333.13148027125374,333.1275713456051
2023-11-23 05:14:01,0.175180575,0.0230963542694428,1.08851039,333.1278426630952,333.12384439057456
2023-11-23 05:14:06,0.175202897,0.023096207226533,1.08850346,333.1675231448972,333.1634131887866
2023-11-23 05:14:10,0.175207724,0.0230970839672304,1.08854478,333.1645335473288,333.16033424434625
2023-11-23 05:14:14,0.175228237,0.02309726962747,1.08855353,333.196875706664,333.1925870568095
2023-11-23 05:14:18,0.175237588,0.0230957334216015,1.08848113,333.23242958578055,333.2280515890541
2023-11-23 05:14:22,0.175246336,0.0230959511214939,1.08849139,333.24449971853693,333.2400323749385
2023-11-23 05:14:27,0.175257196,0.0230956375148263,1.08847661,333.2669646739809,333.2623856467925
2023-11-23 05:14:31,0.175272279,0.0230961111075747,1.08849893,333.28645176655493,333.28178339249456
2023-11-23 05:14:35,0.175281932,0.0230965462951764,1.08851944,333.29726262681885,333.2925049058865
2023-11-23 05:14:39,0.175293395,0.0230950550721316,1.08844916,333.3358145896344,333.33096752183013
2023-11-23 05:14:43,0.175304255,0.0230948053325864,1.08843739,333.35744115579564,333.35250474111933
2023-11-23 05:14:47,0.175314511,0.0230947030603172,1.08843257,333.3761583845037,333.37113262295543
2023-11-23 05:14:52,0.175322053,0.0230948246412513,1.0884383,333.3874461953607,333.38230875022253
2023-11-23 05:14:56,0.175325974,0.0230936147730383,1.08838128,333.4096652212959,333.4044384292857
2023-11-23 05:15:00,0.175344074,0.0230946773861584,1.08843136,333.4266947933278,333.4213786544456
2023-11-23 05:15:04,0.175350711,0.0230944085501314,1.08841869,333.44143734672696,333.43603186097283
2023-11-23 05:15:08,0.175376955,0.0230931859509305,1.08836107,333.5015184903,333.4960236576739
2023-11-23 05:15:13,0.175378765,0.0230934995575981,1.08837585,333.5006649164643,333.49505840024824
2023-11-23 05:15:17,0.175376352,0.0230927250891699,1.08833935,333.5066114819473,333.50091561885927
2023-11-23 05:15:21,0.175397166,0.0230947605619458,1.08843528,333.5157441656564,333.5099589556964
2023-11-23 05:15:25,0.175403501,0.0230934484214635,1.08837344,333.543358711894,333.53748415506203
2023-11-23 05:15:29,0.175412852,0.0230934804611163,1.08837495,333.55882754911124,333.55286364540734
2023-11-23 05:15:33,0.175424919,0.0230935636369037,1.08837887,333.57822691051217,333.57217365993625
2023-11-23 05:15:38,0.17542884,0.0230921874171159,1.08831401,333.60261453526255,333.5964496010967
2023-11-23 05:15:42,0.17543789,0.023091649957245,1.08828868,333.6248829429786,333.6186286619408
2023-11-23 05:15:46,0.175448448,0.0230927059926881,1.08833845,333.6292528956379,333.62290926772806
2023-11-23 05:15:50,0.175448448,0.0230919699294066,1.08830376,333.6387863960784,333.6323534212966
2023-11-23 05:15:54,0.17545237,0.0230904080493792,1.08823015,333.66554158557454,333.6590192639208
2023-11-23 05:15:58,0.175466548,0.0230907536956996,1.08824644,333.68514031205075,333.67852864352506
2023-11-23 05:16:03,0.175486759,0.0230927443978348,1.08834026,333.6938369949445,333.6871136428288
2023-11-23 05:16:07,0.175492792,0.0230918035778319,1.08829592,333.7161892026147,333.7093765036271
2023-11-23 05:16:11,0.175493697,0.023091246597113,1.08826967,333.7249558634821,333.7180538176225
2023-11-23 05:16:15,0.175502747,0.0230916817847147,1.08829018,333.73474349284584,333.7277521001143
2023-11-23 05:16:19,0.175504557,0.0230918547139665,1.08829833,333.73566997968135,333.72858924007784
2023-11-23 05:16:23,0.175525673,0.0230905937096188,1.0882389,333.7876094845898,333.78043939811425
2023-11-23 05:16:28,0.175529595,0.0230915281641278,1.08828294,333.78234826586606,333.7750664958006
2023-11-23 05:16:32,0.175541359,0.0230911122851911,1.08826334,333.80764495702755,333.80027384009014
2023-11-23 05:16:36,0.175541058,0.0230924244256733,1.08832518,333.7903800608719,333.78291959706246
2023-11-23 05:16:40,0.175550409,0.0230909393559393,1.08825519,333.8253288139868,333.8177790033054
2023-11-23 05:16:44,0.175554934,0.0230904209925502,1.08823076,333.8397168067109,333.83207764915755
2023-11-23 05:16:49,0.175557046,0.023088967962469,1.08816228,333.8620555979571,333.8543047568138
2023-11-23 05:16:53,0.17555976,0.0230885264093734,1.08814147,333.87240023781175,333.86456004979647
2023-11-23 05:16:57,0.175567905,0.0230885071007084,1.08814056,333.8864955460569,333.87856601116965
2023-11-23 05:17:01,0.175582083,0.0230887632057476,1.08815263,333.9072436472464,333.8992247654872
2023-11-23 05:17:05,0.175580877,0.0230887311660948,1.08815112,333.9057074762865,333.89759924765536
2023-11-23 05:17:10,0.175593848,0.0230881871285469,1.08812548,333.9347178329333,333.92649792071217
2023-11-23 05:17:14,0.175608931,0.0230896656206038,1.08819516,333.9412907288826,333.9329814697895
2023-11-23 05:17:18,0.175608328,0.0230887438970826,1.08815172,333.9522026622751,333.94380405631006
2023-11-23 05:17:22,0.175611646,0.0230884814265496,1.08813935,333.961268694734,333.95278074189696
2023-11-23 05:17:26,0.175618886,0.0230884943697206,1.08813996,333.97342133846826,333.9648440387592
2023-11-23 05:17:31,0.17563065,0.0230884111939332,1.08813604,333.9944731660129,333.9857841827139
2023-11-23 05:17:35,0.175631254,0.0230881550888941,1.08812397,333.99887360593306,333.99009527576214
2023-11-23 05:17:39,0.17564694,0.0230876558219868,1.08810044,334.03187605279965,334.0230083757567
2023-11-23 05:17:43,0.175658101,0.0230888975176695,1.08815896,334.03486128038327,334.0259042564684
2023-11-23 05:17:47,0.175655688,0.0230873358498252,1.08808536,334.0509447023358,334.04189833154896
2023-11-23 05:17:51,0.175663531,0.023087367889478,1.08808687,334.06387126970714,334.0547355520483
2023-11-23 05:17:56,0.175673184,0.0230876558219868,1.08810044,334.0765886630892,334.0673412618404
2023-11-23 05:18:00,0.175677106,0.0230867661381184,1.08805851,334.09473965841744,334.0854029102967
2023-11-23 05:18:04,0.175680123,0.0230869388551871,1.08806665,334.0977054508939,334.0882793559012
2023-11-23 05:18:08,0.175688267,0.0230867981777712,1.08806002,334.1133611707311,334.1038457288664
2023-11-23 05:18:12,0.175691284,0.0230870286086515,1.08807088,334.11558489703793,334.1059801083013
2023-11-23 05:18:16,0.175697015,0.0230864461659569,1.08804343,334.13284400201695,334.1231498664083
2023-11-23 05:18:21,0.175700635,0.0230863243728397,1.08803769,334.14063714660796,334.1308313274094
2023-11-23 05:18:25,0.175710289,0.0230866381916904,1.08805248,334.15300082102976,334.14310565495924
2023-11-23 05:18:29,0.175714813,0.0230866316140134,1.08805217,334.16081743309263,334.1508329201501
2023-11-23 05:18:33,0.175722958,0.0230856396578759,1.08800542,334.1874225933869,334.1773487335724
2023-11-23 05:18:37,0.175733818,0.0230866829623311,1.08805459,334.19244254527416,334.1822793385877
2023-11-23 05:18:41,0.175732611,0.0230854155924895,1.08799486,334.20679122168235,334.19653866812394
2023-11-23 05:18:46,0.175741963,0.023085082677157,1.08797917,334.22698486453055,334.21662062738216
2023-11-23 05:18:50,0.175747996,0.023085741930145,1.08801024,334.22878774260545,334.2183341585851
2023-11-23 05:18:54,0.175745281,0.0230859532645435,1.0880202,334.2215721441538,334.2110292132615
2023-11-23 05:18:58,0.175757347,0.0230855114992647,1.08799938,334.24772855541397,334.2370962776497
2023-11-23 05:19:02,0.175756744,0.0230840586813667,1.08793091,334.2654873010807,334.2547656764445
2023-11-23 05:19:06,0.175767302,0.0230854283234774,1.08799546,334.2657960446283,334.25498507312005
2023-11-23 05:19:11,0.175775447,0.0230855692130764,1.0880021,334.2778563729862,334.26693371788804
2023-11-23 05:19:15,0.17577786,0.0230848906514234,1.08797012,334.2907518696946,334.27973986772446
2023-11-23 05:19:19,0.175792943,0.023086023709343,1.08802352,334.3017474493394,334.29064610049727
2023-11-23 05:19:23,0.175788418,0.0230846538550492,1.08795896,334.31181541332353,334.3006247176094
2023-11-23 05:19:27,0.175789323,0.0230846281808903,1.08795775,334.3137641639916,334.30248412140554
2023-11-23 05:19:32,0.17579596,0.0230836937263813,1.08791371,334.33711346298617,334.3257217368101
2023-11-23 05:19:36,0.175803803,0.0230848011101421,1.0879659,334.33620531627463,334.3247242432266
2023-11-23 05:19:40,0.175813154,0.0230844554638217,1.08794961,334.3565416384532,334.34497121853326
2023-11-23 05:19:44,0.175814663,0.0230847306653426,1.08796258,334.3556392727867,334.34397950599475
2023-11-23 05:19:48,0.175828237,0.0230837962108336,1.08791854,334.3906892351458,334.37894012148195
2023-11-23 05:19:53,0.175829142,0.0230837962108336,1.08791854,334.392330068259,334.38046927100515
2023-11-23 05:19:57,0.175815568,0.0230838282504864,1.08792005,334.36907153789844,334.3571213937726
2023-11-23 05:20:01,0.175832762,0.0230835530489654,1.08790708,334.4017549972366,334.3897155062388
2023-11-23 05:20:05,0.175833667,0.0230826951925668,1.08786665,334.4144152388457,334.402286400976
2023-11-23 05:20:09,0.175844527,0.0230824713393635,1.0878561,334.43573708622574,334.423518901484
2023-11-23 05:20:13,0.175849957,0.0230837194005402,1.08791492,334.42893611507196,334.41662858345825
2023-11-23 05:20:18,0.175849353,0.0230836616867285,1.0879122,334.42877011260776,334.41635089740413
2023-11-23 05:20:22,0.175862023,0.0230814344004022,1.08780723,334.478942499745,334.46643393766936
2023-11-23 05:20:26,0.175849052,0.023080666297468,1.08777103,334.46700174935125,334.45440384040364
2023-11-23 05:20:30,0.1758578,0.0230801158944261,1.08774509,334.48896185343244,334.47627459761287
2023-11-23 05:20:34,0.175863531,0.0230812423746687,1.08779818,334.48423135284,334.4714547501485
2023-11-23 05:20:39,0.175863833,0.0230810823885879,1.08779064,334.48691335908256,334.47402507280106
2023-11-23 05:20:43,0.175864436,0.0230791300915994,1.08769863,334.51316181095746,334.500184177804
2023-11-23 05:20:47,0.175882838,0.0230817607380578,1.08782261,334.5104735519839,334.4974065719585
2023-11-23 05:20:51,0.175882838,0.0230812678366444,1.08779938,334.51691001423626,334.5037536873389
2023-11-23 05:20:55,0.175892792,0.0230817864122166,1.08782382,334.5271426105337,334.51389693676435
2023-11-23 05:20:59,0.175890681,0.0230817927777105,1.08782412,334.5235826646283,334.510247643987
2023-11-23 05:21:04,0.175896111,0.0230810694454169,1.08779003,334.5421855546327,334.5287388504014
2023-11-23 05:21:08,0.175909082,0.0230810823885879,1.08779064,334.5640282289822,334.55049217787894
2023-11-23 05:21:12,0.175910289,0.0230809671731478,1.08778521,334.5676412912623,334.5540158932871
2023-11-23 05:21:16,0.175909082,0.0230808903628543,1.08778159,334.5666801692817,334.5529654244345
2023-11-23 05:21:20,0.17591964,0.023080128625414,1.08774569,334.5944240862577,334.5806199945385
2023-11-23 05:21:24,0.175928388,0.0230812935108033,1.08780059,334.59429221679676,334.5803987782056
2023-11-23 05:21:29,0.175931103,0.0230803333821354,1.08775534,334.6113600221464,334.5973548999653
2023-11-23 05:21:33,0.175937136,0.0230810887540818,1.08779094,334.61191433335404,334.59781986430096
2023-11-23 05:21:37,0.175936533,0.0230811655643753,1.08779456,334.6099952034292,334.59581138750417
2023-11-23 05:21:41,0.175941058,0.0230790469158121,1.08769471,334.645026609959,334.630753447162
2023-11-23 05:21:45,0.175941963,0.0230796100498418,1.08772125,334.6393899928544,334.6250274831854
2023-11-23 05:21:49,0.175945281,0.0230792516725335,1.08770436,334.6497044360559,334.635252579515
2023-11-23 05:21:54,0.175942566,0.0230795014120787,1.08771613,334.64200982093,334.6274462807991
2023-11-23 05:21:58,0.175954331,0.0230796804946413,1.08772457,334.6596755060718,334.6450226190689
2023-11-23 05:22:02,0.175959459,0.0230797382084529,1.08772729,334.66768789996445,334.65294566608964
2023-11-23 05:22:06,0.175962777,0.0230793028086681,1.08770677,334.6789953351079,334.6641637543611
2023-11-23 05:22:10,0.175968207,0.0230796484549885,1.08772306,334.6838079693958,334.668887041777
2023-11-23 05:22:15,0.175969112,0.0230798404807221,1.08773211,334.6829747687828,334.6679421575741
2023-11-23 05:22:19,0.175969414,0.0230788869297313,1.08768717,334.6958622521588,334.6807402940781
2023-11-23 05:22:23,0.175978464,0.0230792644035213,1.08770496,334.7063827869291,334.6911714819764
2023-11-23 05:22:27,0.17598329,0.0230790212416532,1.0876935,334.7177624210221,334.70246176919744
2023-11-23 05:22:31,0.175980274,0.0230778883959167,1.08764011,334.7273546633619,334.7119646646653
2023-11-23 05:22:36,0.175980575,0.0230787971762668,1.08768294,334.71626238828327,334.7007607059967
2023-11-23 05:22:40,0.175993848,0.0230775554805841,1.08762442,334.754790251101,334.73919922194244
2023-11-23 05:22:44,0.176002596,0.0230786308246921,1.0876751,334.7558044995504,334.7401241235199
2023-11-23 05:22:48,0.175992038,0.0230772291429286,1.08760904,334.75611616306526,334.7403464401628
2023-11-23 05:22:52,0.175997468,0.0230766721622097,1.08758279,334.7725639707461,334.75670490097167
2023-11-23 05:22:56,0.176001691,0.0230777986424523,1.08763588,334.7652698250505,334.74932140840406
2023-11-23 05:23:01,0.176001691,0.0230769794033834,1.08759727,334.77594243754544,334.7598823373091
2023-11-23 05:23:05,0.176018584,0.0230780867871442,1.08764946,334.79030973985857,334.77416029275025
2023-11-23 05:23:09,0.176017679,0.0230776322908776,1.08762804,334.7947286936298,334.77848989964946
2023-11-23 05:23:13,0.176024316,0.0230784260679707,1.08766545,334.7958029369932,334.7794747961409
2023-11-23 05:23:17,0.176029444,0.0230778306821051,1.08763739,334.81223563834413,334.7958181506199
2023-11-23 05:23:22,0.176030952,0.0230772291429286,1.08760904,334.82265203110273,334.8061228597885
2023-11-23 05:23:26,0.176029444,0.0230776770615182,1.08763015,334.81441726503004,334.79779874684385
2023-11-23 05:23:30,0.176040304,0.0230776386563715,1.08762834,334.8333583225369,334.8166504574788
2023-11-23 05:23:34,0.176049052,0.0230785219747459,1.08766997,334.83684484383457,334.82004763190446
2023-11-23 05:23:38,0.17605599,0.0230779395320513,1.08764252,334.85617120401054,334.83928464520847
2023-11-23 05:23:42,0.176062928,0.0230784965127702,1.08766877,334.86080545941303,334.843829553739
2023-11-23 05:23:47,0.176062325,0.0230785412834108,1.08767088,334.8593206403938,334.84223305112977
2023-11-23 05:23:51,0.176069565,0.023078784445279,1.08768234,334.868511706354,334.85133477021805
2023-11-23 05:23:55,0.176064738,0.0230787333091444,1.08767993,334.861101770138,334.8438354871301
2023-11-23 05:23:59,0.176075598,0.0230771330239703,1.08760451,334.9001846452406,334.88282901536064
2023-11-23 05:24:03,0.176073185,0.0230764353658355,1.08757163,334.90519312885874,334.88774815210684
2023-11-23 05:24:07,0.176070771,0.0230768771311143,1.08759245,334.89550425901393,334.87796993539007
2023-11-23 05:24:12,0.176082536,0.0230769473637306,1.08759576,334.9145972641396,334.8969512569258
2023-11-23 05:24:16,0.176084648,0.0230766785277036,1.08758309,334.9217241943683,334.9039888402825
2023-11-23 05:24:20,0.176098222,0.0230778243166111,1.08763709,334.92997972628893,334.9121550253312
2023-11-23 05:24:24,0.176087966,0.0230760129092216,1.08755172,334.9360975067238,334.9181834588941
2023-11-23 05:24:28,0.176093999,0.0230761792607964,1.08755956,334.9442394374169,334.92623604271523
2023-11-23 05:24:32,0.176096412,0.023076505810635,1.08757495,334.9441954153142,334.92610267374056
2023-11-23 05:24:37,0.176098524,0.0230761922039673,1.08756017,334.95192273264007,334.93371830747645
2023-11-23 05:24:41,0.176098222,0.0230766082950873,1.08757978,334.9461340873071,334.9278403152715
2023-11-23 05:24:45,0.176120847,0.0230772739135693,1.08761115,334.97588194248976,334.9574988235822
2023-11-23 05:24:49,0.17612145,0.0230780483819975,1.08764765,334.96699979812286,334.9485273323433
2023-11-23 05:24:53,0.176122959,0.0230771202929824,1.08760391,334.9816125472936,334.9630507346421
2023-11-23 05:24:57,0.176119037,0.0230763328813832,1.0875668,334.9852306495423,334.96657949001883
2023-11-23 05:25:02,0.176123863,0.0230762113004491,1.08756107,334.99506905581035,334.9763062126969
2023-11-23 05:25:06,0.176127483,0.023076236974608,1.08756228,335.0009465950781,334.9820944050927
2023-11-23 05:25:10,0.176119037,0.0230765314847938,1.08757616,334.98295876335607,334.9640172264987
2023-11-23 05:25:14,0.17612507,0.0230753536562336,1.08752065,335.00844329518395,334.9894124114546
2023-11-23 05:25:18,0.176127483,0.0230747584825511,1.0874926,335.0202917372401,335.0011715066388
2023-11-23 05:25:23,0.17612869,0.0230756418009255,1.08753423,335.0110460231949,334.99181410900366
2023-11-23 05:25:27,0.176138946,0.0230760706230333,1.08755444,335.0229398352107,335.0036185741475
2023-11-23 05:25:31,0.176140455,0.0230751232253533,1.08750979,335.0378053977503,335.0183947898151
2023-11-23 05:25:35,0.176152219,0.0230763328813832,1.0875668,335.0421720853336,335.0226721305265
2023-11-23 05:25:39,0.176147091,0.0230751359563412,1.08751039,335.0490383135351,335.02944901185595
2023-11-23 05:25:43,0.176144678,0.0230747712135389,1.0874932,335.04975539337926,335.03007674482814
2023-11-23 05:25:48,0.176156744,0.0230754047923682,1.08752306,335.06208875803645,335.0422984258954
2023-11-23 05:25:52,0.176152823,0.0230757120335419,1.08753754,335.0515845741066,335.0317048950935
2023-11-23 05:25:56,0.176162174,0.0230753152510869,1.08751884,335.0726026900747,335.05263366418967
2023-11-23 05:26:00,0.176172129,0.0230749055254609,1.08749953,335.09480991125037,335.0747515384934
2023-11-23 05:26:04,0.176170017,0.0230761024505029,1.08755594,335.0758806507537,335.05573293112474
2023-11-23 05:26:09,0.176174241,0.0230750400495659,1.08750587,335.09684511264174,335.07658570942283
2023-11-23 05:26:13,0.176177559,0.0230768578224494,1.08759154,335.07908266235296,335.0587339122621
2023-11-23 05:26:17,0.176186609,0.0230758849627936,1.08754569,335.10702697465786,335.086588877695
2023-11-23 05:26:21,0.176188419,0.0230746366894339,1.08748686,335.12628905505323,335.10576161121844
2023-11-23 05:26:25,0.176194753,0.0230754113700452,1.08752337,335.12708651134653,335.1064697206398
2023-11-23 05:26:30,0.176191435,0.0230740926518859,1.08746122,335.1386122544793,335.1178837801826
2023-11-23 05:26:34,0.176190229,0.0230752127666346,1.08751401,335.1222030323608,335.1013852111921
2023-11-23 05:26:38,0.176192039,0.0230744128362306,1.08747631,335.13567864857583,335.1147714805352
2023-11-23 05:26:42,0.176196262,0.0230750911857005,1.08750828,335.13415051241907,335.1131539975064
2023-11-23 05:26:46,0.176200485,0.0230742783121256,1.08746997,335.1518732533231,335.1307873915385
2023-11-23 05:26:50,0.17620682,0.0230743230827662,1.08747208,335.16209487765036,335.1409196689938
2023-11-23 05:26:55,0.176216775,0.0230756802060722,1.08753604,335.16151570453127,335.1402288122847
2023-11-23 05:26:59,0.176221903,0.0230761281246618,1.08755715,335.164491582852,335.1431153437335
2023-11-23 05:27:03,0.176224618,0.0230763712865299,1.08756861,335.16603152057013,335.14456593457965
2023-11-23 05:27:07,0.176223109,0.0230748096186856,1.08749501,335.18373182016944,335.162176887307
2023-11-23 05:27:11,0.176226126,0.0230748352928445,1.08749622,335.1885903168366,335.1669460371022
2023-11-23 05:27:15,0.176229746,0.0230745151084998,1.08748113,335.1989339986645,335.1772003720581
2023-11-23 05:27:20,0.176233064,0.0230747328083922,1.08749139,335.20184425802915,335.1799989478328
2023-11-23 05:27:24,0.176232159,0.0230742015018322,1.08746635,335.2072640619131,335.1853294048448
2023-11-23 05:27:28,0.176235779,0.0230739840141229,1.0874561,335.2162821233212,335.19425811938095
2023-11-23 05:27:32,0.176233064,0.0230740671899102,1.08746002,335.21070717980155,335.18859382898927
2023-11-23 05:27:36,0.176239701,0.0230736638297782,1.08744101,335.2272265637598,335.2050238660756
2023-11-23 05:27:40,0.176233667,0.0230735165746852,1.08743407,335.21901564561045,335.19672360105426
2023-11-23 05:27:45,0.176252069,0.0230748864289791,1.08749863,335.2325496258325,335.21014589768635
2023-11-23 05:27:49,0.176247544,0.0230736831384431,1.08744192,335.2405280354981,335.21803496047994
2023-11-23 05:27:53,0.17624875,0.0230739072038294,1.08745248,335.23976269650115,335.21718027461105
2023-11-23 05:27:57,0.176248449,0.0230741760398564,1.08746515,335.23587130753515,335.2131995387731
2023-11-23 05:28:01,0.176255085,0.0230742528501499,1.08746877,335.2461881697783,335.2234270541443
2023-11-23 05:28:05,0.176259309,0.0230736510987903,1.08744041,335.2611907487684,335.2383402862624
2023-11-23 05:28:10,0.17625418,0.0230724157686015,1.08738219,335.26858596919647,335.2456238231005
2023-11-23 05:28:14,0.176256895,0.0230722941876674,1.08737646,335.2748363761519,335.251784883184
2023-11-23 05:28:18,0.176269867,0.0230729918458022,1.08740934,335.28784747354626,335.2647066337064
2023-11-23 05:28:22,0.176264738,0.0230734654385507,1.08743166,335.27314748926307,335.24991730255124
2023-11-23 05:28:26,0.176268057,0.0230733949937512,1.08742834,335.27975841232694,335.2564388787431
2023-11-23 05:28:31,0.17627228,0.0230736317901254,1.0874395,335.28395159982574,335.260520382652
2023-11-23 05:28:35,0.176280425,0.0230738687986827,1.08745067,335.2947507177506,335.2712301537049
2023-11-23 05:28:39,0.176282838,0.0230727934545747,1.08739999,335.31281086575416,335.2892009548364
2023-11-23 05:28:43,0.176285251,0.0230738942606584,1.08745187,335.30276003366544,335.27906077587573
2023-11-23 05:28:48,0.176299429,0.0230738878951645,1.08745157,335.3269253035212,335.3031143621415
2023-11-23 05:28:52,0.176298223,0.0230744446637003,1.08747781,335.31778327050694,335.2938829822553
2023-11-23 05:28:56,0.176287966,0.0230726718736407,1.08739426,335.3234318017713,335.2994421666477
2023-11-23 05:29:00,0.176294904,0.0230730622906017,1.08741266,335.3302083361185,335.30612935412296
2023-11-23 05:29:04,0.176302446,0.0230736317901254,1.0874395,335.3356923016149,335.3115239727474
2023-11-23 05:29:08,0.176304557,0.0230733822627633,1.08742774,335.3425746030072,335.31831692726774
2023-11-23 05:29:13,0.176306367,0.0230734463420689,1.08743076,335.3449187545507,335.32054939522124
2023-11-23 05:29:17,0.176308781,0.0230732606818292,1.08742201,335.3514883653836,335.3270296591822
2023-11-23 05:29:21,0.176310289,0.0230723709979609,1.08738008,335.36562260720757,335.3410745541342
2023-11-23 05:29:25,0.176308781,0.0230733438576166,1.08742593,335.35059244098994,335.3259550410446
2023-11-23 05:29:29,0.176311194,0.0230722557825207,1.08737465,335.36882025300883,335.3440935061915
2023-11-23 05:29:34,0.176319037,0.0230736063281497,1.0874383,335.3647430931006,335.33990466269336
2023-11-23 05:29:38,0.17632688,0.023072882995856,1.08740421,335.38743972330997,335.36251194603074
2023-11-23 05:29:42,0.17632688,0.0230732029680176,1.08741929,335.38339451552207,335.3583773913708
2023-11-23 05:29:46,0.176325372,0.0230731134267363,1.08741507,335.3820910869502,335.356984615927
2023-11-23 05:29:51,0.176327182,0.0230728702648682,1.08740361,335.38840524579416,335.36318709118103
2023-11-23 05:29:55,0.176325372,0.0230724284995894,1.08738279,335.39114261011633,335.3658351086312
2023-11-23 05:29:59,0.176335025,0.0230723837289487,1.08738068,335.40813265183675,335.38273580347965
2023-11-23 05:30:03,0.176329595,0.023071666762149,1.08734689,335.4083057906395,335.3828195954104
2023-11-23 05:30:07,0.17632507,0.0230703930268135,1.08728686,335.41720503478507,335.39162949268405
2023-11-23 05:30:11,0.17632507,0.0230706939024933,1.08730104,335.41340578168314,335.38774089271016
2023-11-23 05:30:16,0.176324467,0.0230691129259841,1.08722653,335.43293190452675,335.4071553319638
2023-11-23 05:30:20,0.176345281,0.0230709884126792,1.08731492,335.44397742700124,335.4181115075663
2023-11-23 05:30:24,0.17634679,0.0230720828532689,1.0873665,335.4324729719446,335.4065177056377
2023-11-23 05:30:28,0.176354331,0.0230718780965475,1.08735685,335.44796010235933,335.4219154891805
2023-11-23 05:30:32,0.176351315,0.0230718971930293,1.08735775,335.44270273667837,335.4165687766275
2023-11-23 05:30:36,0.176356443,0.0230720124084695,1.08736318,335.44997407247456,335.42375076555174
2023-11-23 05:30:41,0.176355236,0.0230720189861465,1.08736349,335.44795977957546,335.4216247890627
2023-11-23 05:30:45,0.176366096,0.0230733758972694,1.08742744,335.4488745916856,335.4224502543008
2023-11-23 05:30:49,0.176371526,0.0230734013592451,1.08742864,335.45781609325235,335.43130240899563
2023-11-23 05:30:53,0.176369113,0.0230720380826283,1.08736439,335.4714460957375,335.44484306460885
2023-11-23 05:30:57,0.176359459,0.0230713788296402,1.08733332,335.46373242685326,335.4370400488526
2023-11-23 05:31:01,0.176369716,0.0230719421758531,1.08735987,335.4738841209792,335.44710239610663
2023-11-23 05:31:06,0.176368811,0.0230702907545444,1.08728204,335.49381359630155,335.466920187839
2023-11-23 05:31:10,0.176366699,0.0230705659560653,1.08729501,335.4867736419321,335.45979088659755
2023-11-23 05:31:14,0.176370621,0.0230709116023857,1.0873113,335.48902692406887,335.4619548218624
2023-11-23 05:31:18,0.176378162,0.0230721469325745,1.08736952,335.48589882165805,335.4587373725796
2023-11-23 05:31:22,0.176380274,0.0230716476656672,1.08734599,335.4960135186511,335.46876272270066
2023-11-23 05:31:26,0.176381179,0.0230714556399337,1.08733694,335.50011562730975,335.47277548448733
2023-11-23 05:31:31,0.176384799,0.0230711931694006,1.08732457,335.50974195599883,335.4822901295865
2023-11-23 05:31:35,0.176388419,0.0230714940450804,1.08733875,335.51206296350006,335.4845217902157
2023-11-23 05:31:39,0.176397469,0.0230730302509489,1.08741115,335.50759580917514,335.4799652890188
2023-11-23 05:31:43,0.176400485,0.0230718587878826,1.08735594,335.5279294914072,335.5002096243789
2023-11-23 05:31:47,0.176398675,0.0230725884856702,1.08739033,335.51552459313484,335.4877153792346
2023-11-23 05:31:52,0.17640139,0.0230713597331584,1.08733242,335.5361132012062,335.508192303716
2023-11-23 05:31:56,0.176407122,0.0230716603966551,1.08734659,335.54200801710823,335.51399777274605
2023-11-23 05:32:00,0.176412551,0.0230712379400412,1.08732668,335.5567402190638,335.52864062782965
2023-11-23 05:32:04,0.176407122,0.0230723262273202,1.08737797,335.5335781152134,335.5053891771073
2023-11-23 05:32:08,0.176406518,0.0230701819045982,1.08727691,335.56037198599563,335.5320937010176
2023-11-23 05:32:12,0.176404407,0.0230710843194544,1.08731944,335.545222787548,335.51685515569795
2023-11-23 05:32:17,0.176414361,0.0230715835863617,1.08734297,335.55571140337094,335.52723208793094
2023-11-23 05:32:21,0.176426729,0.0230717244759607,1.08734961,335.5748932837201,335.54632462140813
2023-11-23 05:32:25,0.176420696,0.0230722557825207,1.08737465,335.5579110021498,335.52925299296584
2023-11-23 05:32:29,0.176429746,0.0230718396914008,1.08735504,335.57868386134703,335.5499365052911
2023-11-23 05:32:33,0.176420998,0.023071142033266,1.08732216,335.5730016479522,335.5441649450243
2023-11-23 05:32:38,0.176426729,0.023071807651748,1.08735353,335.57419747859365,335.5452490920758
2023-11-23 05:32:42,0.176429746,0.0230724284995894,1.08738279,335.57136059143994,335.5423228580501
2023-11-23 05:32:46,0.176432159,0.0230711547642539,1.08732276,335.5920012191869,335.5628741389251
2023-11-23 05:32:50,0.176428539,0.0230709179678797,1.0873116,335.5890311657684,335.55981473863466
2023-11-23 05:32:54,0.176432461,0.023070341890679,1.08728445,335.60320310527493,335.5738973312692
2023-11-23 05:32:59,0.176436383,0.0230705339164125,1.0872935,335.607463852113,335.57804639451734
2023-11-23 05:33:03,0.176446337,0.023071397926122,1.08733422,335.613211954233,335.58370514976536
2023-11-23 05:33:07,0.176442416,0.0230706234576938,1.08729772,335.616686891936,335.5870907405964
2023-11-23 05:33:11,0.176444527,0.0230708220611044,1.08730708,335.6177775211127,335.58809202290115
2023-11-23 05:33:15,0.176453577,0.0230709372765446,1.08731251,335.63168099082577,335.6019061457422
2023-11-23 05:33:19,0.176456895,0.0230719037707064,1.08735806,335.6248811011208,335.5950169091653
2023-11-23 05:33:24,0.176459007,0.0230716603966551,1.08734659,335.63171182911714,335.6017359535717
2023-11-23 05:33:28,0.176465945,0.0230723389583081,1.08737857,335.63475728970326,335.6046920672858
2023-11-23 05:33:32,0.176456895,0.0230711356677721,1.08732186,335.63510574278695,335.6049511734975
2023-11-23 05:33:36,0.176459007,0.0230709500075325,1.08731311,335.6411680255091,335.6109241093477
2023-11-23 05:33:40,0.176452069,0.023069817161796,1.08725972,335.64417737461946,335.6138441115861
2023-11-23 05:33:44,0.176465644,0.0230708347920923,1.08730768,335.65406079559494,335.62363818568963
2023-11-23 05:33:49,0.176466549,0.0230705211854247,1.0872929,335.6597594994908,335.6292252059955
2023-11-23 05:33:53,0.17646685,0.0230707195766522,1.08730225,335.6577916205737,335.6271679802064
2023-11-23 05:33:57,0.176468057,0.0230696953686788,1.08725398,335.67317115645034,335.6424581692111
2023-11-23 05:34:01,0.176471677,0.0230700857856398,1.08727238,335.67433196144157,335.6435296273304
2023-11-23 05:34:05,0.176480425,0.0230709116023857,1.0873113,335.6785323923592,335.647640711376
2023-11-23 05:34:09,0.176471073,0.0230692985862237,1.08723528,335.6836729668515,335.6526919389963
2023-11-23 05:34:14,0.176471375,0.0230696058273975,1.08724976,335.680320598974,335.6492278875289
2023-11-23 05:34:18,0.176471375,0.0230686456987296,1.08720451,335.6928315768538,335.6616495185367
2023-11-23 05:34:22,0.17647952,0.0230694522068106,1.08724252,335.6962616671993,335.66499026201024
2023-11-23 05:34:26,0.17648133,0.0230695033429452,1.08724493,335.69875053350074,335.66738978143974
2023-11-23 05:34:30,0.176479218,0.0230698555669427,1.08726153,335.6907111581052,335.65926105917225
2023-11-23 05:34:34,0.176482235,0.0230693753965172,1.0872389,335.70211513880434,335.6705756929994
2023-11-23 05:34:39,0.176482838,0.0230693369913705,1.08723709,335.70374351964955,335.67209239025465
2023-11-23 05:34:43,0.176484648,0.023069669906703,1.08725278,335.70258672436927,335.6708462481024
2023-11-23 05:34:47,0.176487665,0.023069132234649,1.08722744,335.7147350294979,335.68290520635907
2023-11-23 05:34:51,0.176496413,0.0230705532250775,1.08729441,335.7112338854333,335.6793147154225
2023-11-23 05:34:55,0.176505764,0.0230701755391042,1.08727661,335.7320238099214,335.7000152930386
2023-11-23 05:35:00,0.176508178,0.0230705723215592,1.08729531,335.73108409369695,335.69896389322423
2023-11-23 05:35:04,0.176508178,0.0230708091179335,1.08730647,335.7281096703928,335.69590012304815
2023-11-23 05:35:08,0.176506368,0.0230702203097449,1.08727872,335.7327563773972,335.7004574831805
2023-11-23 05:35:12,0.176511797,0.0230692154104364,1.08723136,335.75503047660544,335.7226422355168
2023-11-23 05:35:16,0.176506368,0.0230699705701997,1.08726695,335.7361664759343,335.70368888797367
2023-11-23 05:35:21,0.176516624,0.0230694458413167,1.08724222,335.7604132659823,335.72782399443173
2023-11-23 05:35:25,0.176512702,0.0230703866613196,1.08728656,335.74169557936307,335.7090169609405
2023-11-23 05:35:29,0.176508178,0.0230685304832895,1.08719908,335.75815291205737,335.72538494676286
2023-11-23 05:35:33,0.176507273,0.0230692729120649,1.08723407,335.7471042226379,335.71424691047145
2023-11-23 05:35:37,0.176517529,0.023069529017104,1.08724614,335.7612248812762,335.72827822223775
2023-11-23 05:35:42,0.176518434,0.0230695930964096,1.08724916,335.76203790812065,335.72897956549224
2023-11-23 05:35:46,0.1765305,0.0230695994619035,1.08724946,335.78245125025575,335.7493035607554
2023-11-23 05:35:50,0.176525975,0.0230691513311308,1.08722834,335.7806872009566,335.7474501645843
2023-11-23 05:35:54,0.176536232,0.023069401070676,1.08724011,335.79489177072435,335.76156538748006
2023-11-23 05:35:58,0.176531707,0.0230698682979305,1.08726213,335.78128149969825,335.747865769582
2023-11-23 05:36:02,0.176542265,0.0230703482561729,1.08728475,335.79301525847427,335.759510181486
2023-11-23 05:36:07,0.176538645,0.0230687481831819,1.08720934,335.80771333024563,335.77409656966745
2023-11-23 05:36:11,0.176540757,0.0230692281414243,1.08723196,335.805162620669,335.7714565132188
2023-11-23 05:36:15,0.176527484,0.0230689209002505,1.08721748,335.7867799655894,335.75298451126724
2023-11-23 05:36:19,0.176531104,0.0230683384575559,1.08719003,335.8005301949917,335.7666453937976
2023-11-23 05:36:23,0.17653231,0.0230679096354481,1.08716982,335.8082096979197,335.77423554985364
2023-11-23 05:36:27,0.176545583,0.0230679928112355,1.08717374,335.82967195547803,335.79560846054
2023-11-23 05:36:32,0.176550108,0.0230702907545444,1.08728204,335.80769358693965,335.77351840841163
2023-11-23 05:36:36,0.176545282,0.0230685625229422,1.08720059,335.8219894570229,335.7877249316229
2023-11-23 05:36:40,0.176553426,0.0230686520642235,1.08720481,335.83469389719863,335.8003400249267
2023-11-23 05:36:44,0.176546488,0.0230686072935829,1.0872027,335.8236283818625,335.7891851627186
2023-11-23 05:36:48,0.176548298,0.023068594562595,1.0872021,335.8269438095422,335.7924112435263
2023-11-23 05:36:52,0.17655403,0.0230683000524092,1.08718822,335.84054019470733,335.80591828181946
2023-11-23 05:36:57,0.176555236,0.0230687352400109,1.08720873,335.8370582681699,335.80232467169213
2023-11-23 05:37:01,0.176553125,0.0230691770052897,1.08722955,335.82785904076894,335.7930360974192
2023-11-23 05:37:05,0.176567303,0.0230686072935829,1.0872027,335.85930257680855,335.8243902865868
2023-11-23 05:37:09,0.176560365,0.0230697530824904,1.0872567,335.83282590281584,335.7978242657221
2023-11-23 05:37:13,0.176562778,0.023069119291478,1.08722683,335.8452001879506,335.8101092039849
2023-11-23 05:37:18,0.176564889,0.0230687802228347,1.08721085,335.85327144507636,335.8180687775207
2023-11-23 05:37:22,0.176573034,0.0230689145347566,1.08721718,335.8653978955034,335.8301058810758
2023-11-23 05:37:26,0.176576051,0.0230698298927838,1.08726032,335.85874035037284,335.82335898907326
2023-11-23 05:37:30,0.176580274,0.0230691129259841,1.08722653,335.87525335145796,335.8397826432864
2023-11-23 05:37:34,0.176575749,0.0230689849795561,1.0872205,335.8693459018025,335.833785846759
2023-11-23 05:37:38,0.176573336,0.0230678007855019,1.08716469,335.88068494187155,335.8450355399561
2023-11-23 05:37:43,0.176572733,0.0230678905389663,1.08716892,335.878614692861,335.84285360735555
2023-11-23 05:37:47,0.176577861,0.0230694715154755,1.08724343,335.866909827577,335.8310593951996
2023-11-23 05:37:51,0.176588117,0.0230694842464634,1.08724403,335.8841800937906,335.8482403145412
2023-11-23 05:37:55,0.176582084,0.0230679737147537,1.08717284,335.89362212616766,335.8575930000463
2023-11-23 05:37:59,0.176576051,0.02306846003849,1.08719576,335.8772110061316,335.84109253313824
2023-11-23 05:38:04,0.176586006,0.0230689656708912,1.08721959,335.8876137914337,335.85138363485044
2023-11-23 05:38:08,0.176598977,0.0230694138016639,1.08724071,335.9038393170565,335.86751981360123
2023-11-23 05:38:12,0.17659777,0.0230676344339272,1.08715685,335.9249265293112,335.888517678984
2023-11-23 05:38:16,0.176598675,0.0230688056848104,1.08721205,335.91138077960784,335.87488258240865
2023-11-23 05:38:20,0.176596564,0.0230690233847028,1.08722231,335.9050810322528,335.8684934881816
2023-11-23 05:38:24,0.17660501,0.0230694778809695,1.08724373,335.91357065291305,335.87689376196994
2023-11-23 05:38:29,0.176601089,0.0230685177523016,1.08719848,335.9194822413195,335.8826936667864
2023-11-23 05:38:33,0.176592039,0.0230684025368615,1.08719305,335.90575649510765,335.8688785737026
2023-11-23 05:38:37,0.176605312,0.0230681400663284,1.08718068,335.9316941461428,335.89472687786576
2023-11-23 05:38:41,0.176604105,0.0230685432142773,1.08719968,335.92452174862336,335.8874651334744
2023-11-23 05:38:45,0.17659777,0.0230674103685408,1.08714629,335.9285650930505,335.8914191310295
2023-11-23 05:38:50,0.176613457,0.023069119291478,1.08722683,335.9330809021367,335.8958232565258
2023-11-23 05:38:54,0.176613457,0.0230682425507807,1.08718551,335.9445232291104,335.90717623662755
2023-11-23 05:38:58,0.1766213,0.0230681784714751,1.08718249,335.9587081116818,335.9212717723269
2023-11-23 05:39:02,0.176623411,0.0230682232421158,1.0871846,335.961788228051,335.92426254182413
2023-11-23 05:39:06,0.176614362,0.0230677687458491,1.08716318,335.95245774323655,335.91484271013775
2023-11-23 05:39:10,0.17661225,0.0230678969044603,1.08716922,335.9473151151995,335.90961073522874
2023-11-23 05:39:15,0.17661406,0.0230670647222204,1.08713,335.96126548138267,335.9234494178219
2023-11-23 05:39:19,0.176627936,0.0230687609141698,1.08720994,335.9628584996845,335.9249530892518
2023-11-23 05:39:23,0.176618886,0.0230680441595532,1.08717616,335.95692282691056,335.9189280696059
2023-11-23 05:39:27,0.17662854,0.0230672119773133,1.08713694,335.9841190821833,335.9460349780067
2023-11-23 05:39:31,0.176616775,0.0230673592324063,1.08714388,335.9624010619135,335.92422761086493
2023-11-23 05:39:35,0.176626428,0.023067922366436,1.08717042,335.9715248839483,335.9332620860277
2023-11-23 05:39:40,0.176631556,0.0230684984436367,1.08719757,335.97284944932494,335.9344749678144
2023-11-23 05:39:44,0.176617982,0.0230665334156603,1.08710496,335.975428533264,335.9369647048815
2023-11-23 05:39:48,0.176609837,0.0230667958861934,1.08711733,335.958341071891,335.91978789663654
2023-11-23 05:39:52,0.176623411,0.0230675576236338,1.08715323,335.9715253195858,335.93288279745934
2023-11-23 05:39:56,0.176635176,0.0230673719633941,1.08714448,335.99391939040044,335.955187521402
2023-11-23 05:40:00,0.176636081,0.0230679864457415,1.08717344,335.9875807367454,335.948759520875
2023-11-23 05:40:05,0.176627031,0.023066053457418,1.08708234,335.99742116943946,335.9584882699791
2023-11-23 05:40:09,0.176636383,0.023065912567819,1.0870757,336.01515530477155,335.97613305843925
2023-11-23 05:40:13,0.176632763,0.023065784621391,1.08706967,336.0107784768313,335.97166688362705
2023-11-23 05:40:17,0.176631255,0.0230668472345111,1.08711975,335.99455260400106,335.95535166392483
2023-11-23 05:40:21,0.176646941,0.0230682232421158,1.0871846,336.0033517954255,335.9640615084773
2023-11-23 05:40:26,0.176648147,0.0230657589472321,1.08706846,336.03742511791705,335.9980231473789
2023-11-23 05:40:30,0.176636081,0.0230654005699238,1.08705157,336.02174610423174,335.9822547868216
2023-11-23 05:40:34,0.176640606,0.0230663413899268,1.08709591,336.01730231209945,335.97772164781736
2023-11-23 05:40:38,0.176645734,0.0230663095624571,1.08709441,336.0264783027207,335.9868082915666
2023-11-23 05:40:42,0.176644528,0.0230662838882983,1.0870932,336.02486020927415,335.9851008512481
2023-11-23 05:40:46,0.176651767,0.0230664054692323,1.08709893,336.03561977481223,335.9957710699142
2023-11-23 05:40:51,0.176657197,0.0230670263170737,1.08712819,336.0368737356221,335.9969133471341
2023-11-23 05:40:55,0.176657499,0.0230664566053669,1.08710134,336.04485440923315,336.0048046738732
2023-11-23 05:40:59,0.176650561,0.0230657973523788,1.08707027,336.0417482386793,336.0016091564474
2023-11-23 05:41:03,0.176652371,0.0230666102259538,1.08710858,336.0343686657939,335.99414023669004
2023-11-23 05:41:07,0.176655086,0.0230663927382445,1.08709833,336.04186807832394,336.0015503023481
2023-11-23 05:41:12,0.176647242,0.0230646517756545,1.08701628,336.05126596092344,336.01083650135763
2023-11-23 05:41:16,0.176655086,0.0230655478250168,1.08705851,336.0530153992527,336.0124965928149
2023-11-23 05:41:20,0.176653879,0.0230646067928307,1.08701416,336.06325535682714,336.0226472035174
2023-11-23 05:41:24,0.176648449,0.0230645172515494,1.08700994,336.0553188661751,336.01462136599343
2023-11-23 05:41:28,0.176659007,0.023064709277283,1.08701899,336.07078122344353,336.0299943763898
2023-11-23 05:41:33,0.176660515,0.0230660277832591,1.08708113,336.05636064829883,336.0154621176552
2023-11-23 05:41:37,0.176659007,0.0230650485581095,1.08703498,336.0665861807216,336.025598303206
2023-11-23 05:41:41,0.176666247,0.0230654901112051,1.08705579,336.0732020197575,336.0321247953699
2023-11-23 05:41:45,0.17666142,0.0230655030543761,1.0870564,336.064958093046,336.02379152178645
2023-11-23 05:41:49,0.176666247,0.0230654966888822,1.0870561,336.07329548736476,336.03203956923323
2023-11-23 05:41:53,0.176668962,0.0230648822065348,1.08702714,336.0859397546764,336.04459448967293
2023-11-23 05:41:58,0.176671979,0.0230652662580019,1.08704524,336.08617881970696,336.0447218711135
2023-11-23 05:42:02,0.17667228,0.0230656310008041,1.08706243,336.0820512504914,336.040504955026
2023-11-23 05:42:06,0.17668495,0.0230658741626723,1.08707389,336.10042284070926,336.0587871983719
2023-11-23 05:42:10,0.176681933,0.0230667895206995,1.08711703,336.0835481065071,336.0418231172978
2023-11-23 05:42:14,0.176684045,0.0230650228839506,1.08703377,336.1101017943896,336.0682874583083
2023-11-23 05:42:18,0.176691285,0.0230659382419778,1.08707691,336.11057703745774,336.0686733545044
2023-11-23 05:42:23,0.176688268,0.0230657398507503,1.08706756,336.10815586899815,336.0661405024549
2023-11-23 05:42:27,0.17669219,0.023065387838936,1.08705097,336.1194415220785,336.0773368086633
2023-11-23 05:42:31,0.176677107,0.0230645429257083,1.08701115,336.10496410227455,336.06277004198733
2023-11-23 05:42:35,0.176694301,0.0230652212751781,1.08704312,336.12534988542984,336.08306647827067
2023-11-23 05:42:39,0.176689173,0.0230645365602143,1.08701085,336.12563776281945,336.0832650087883
2023-11-23 05:42:43,0.176690681,0.0230661045935526,1.08708475,336.1079580889563,336.0654959880532
2023-11-23 05:42:48,0.176694905,0.0230652342183491,1.08704373,336.1264943044749,336.0839205199818
2023-11-23 05:42:52,0.176695508,0.0230650101529628,1.08703317,336.13050753135514,336.0878443999901
2023-11-23 05:42:56,0.176692793,0.0230647924530703,1.08702291,336.128825222491,336.086072744254
2023-11-23 05:43:00,0.17669943,0.023065912567819,1.0870757,336.12562623624086,336.0827844111319
2023-11-23 05:43:04,0.176701843,0.0230654646492294,1.08705459,336.135602258927,336.0926710869461
2023-11-23 05:43:08,0.176702748,0.0230654326095766,1.08705308,336.137637790441,336.0946172715881
2023-11-23 05:43:13,0.176690078,0.0230639091346959,1.08698128,336.13605979047725,336.0929275880344
2023-11-23 05:43:17,0.176697016,0.0230647860875764,1.08702261,336.13652090935426,336.09329936003945
2023-11-23 05:43:21,0.176706066,0.0230650742322683,1.08703619,336.1481858287561,336.1048749325693
2023-11-23 05:43:25,0.176706971,0.0230654453405645,1.08705368,336.14499645860906,336.1015962155503
2023-11-23 05:43:29,0.176717831,0.0230653046631486,1.08704705,336.16528086761974,336.121791277689
2023-11-23 05:43:34,0.176716021,0.0230659062023251,1.0870754,336.15453421192495,336.11093293840423
2023-11-23 05:43:38,0.176709384,0.0230651765045375,1.08704101,336.1528531384948,336.1091625181021
2023-11-23 05:43:42,0.176708178,0.0230645236170433,1.08701024,336.15936434020716,336.1155843729425
2023-11-23 05:43:46,0.176716021,0.0230649524391511,1.08703045,336.1671638746162,336.1232945604796
2023-11-23 05:43:50,0.176718132,0.023064299551657,1.08699968,336.17928714609684,336.1353284850883
2023-11-23 05:43:55,0.176709686,0.0230646708721363,1.08701718,336.16029725802923,336.1162269134307
2023-11-23 05:43:59,0.176717831,0.0230648885720287,1.08702744,336.1713440922998,336.1271844008293
2023-11-23 05:44:03,0.176715719,0.023063505986747,1.08696228,336.1857819314434,336.14153289310093
2023-11-23 05:44:07,0.176723864,0.0230647285859479,1.0870199,336.1838027512346,336.1394643660202
2023-11-23 05:44:11,0.176722054,0.0230646388324835,1.08701567,336.18199344789673,336.13756571581035
2023-11-23 05:44:16,0.176722959,0.0230636084711993,1.08696711,336.19699262884916,336.1524532131728
2023-11-23 05:44:20,0.176721149,0.0230637555141091,1.08697404,336.19211359743053,336.1474848348822
2023-11-23 05:44:24,0.176718132,0.0230639925226664,1.08698521,336.1840264546595,336.1393083452392
2023-11-23 05:44:28,0.176704256,0.0230626226683726,1.08692065,336.17839708135796,336.13358962506567
2023-11-23 05:44:32,0.176728087,0.0230636532418399,1.08696922,336.2054453772155,336.16054857405123
2023-11-23 05:44:36,0.176727182,0.0230635634883755,1.08696499,336.2051671656308,336.1601810155946
2023-11-23 05:44:41,0.176739249,0.0230646772376302,1.08701748,336.2112554595866,336.1661576259604
2023-11-23 05:44:45,0.176733517,0.0230648438013881,1.08702533,336.1994884397097,336.15430125921154
2023-11-23 05:44:49,0.17673774,0.0230638389020796,1.08697797,336.21974942233976,336.17447289496965
2023-11-23 05:44:53,0.176731104,0.0230635507573876,1.08696439,336.21234735429937,336.1669814800573
2023-11-23 05:44:57,0.176735629,0.0230643699964565,1.087003,336.2094715832107,336.1640163620967
2023-11-23 05:45:01,0.176736232,0.0230649140340044,1.08702864,336.2035284965113,336.1579839285253
2023-11-23 05:45:06,0.176736835,0.0230634932557591,1.08696168,336.22307919362476,336.1774229420488
2023-11-23 05:45:10,0.176736534,0.0230621490756241,1.08689833,336.24008723004357,336.19434163159565
2023-11-23 05:45:14,0.176734422,0.0230623090617049,1.08690587,336.23452880322526,336.1886938579054
2023-11-23 05:45:18,0.176738947,0.0230636916469866,1.08697103,336.22434832215595,336.17842402996405
2023-11-23 05:45:22,0.176747997,0.0230639988881603,1.08698551,336.23576534976416,336.1897517107003
2023-11-23 05:45:26,0.176744377,0.0230643252258158,1.08700089,336.22549951364033,336.1793965277045
2023-11-23 05:45:31,0.176751013,0.023064850166882,1.08702563,336.23003228472083,336.18381761519504
2023-11-23 05:45:35,0.176733517,0.0230624115461572,1.0869107,336.23213788092573,336.185833864528
2023-11-23 05:45:39,0.176747997,0.0230630323939986,1.08693996,336.24867621578204,336.2022828525123
2023-11-23 05:45:43,0.176739249,0.0230622770220521,1.08690436,336.2437589836481,336.1972762735064
2023-11-23 05:45:47,0.176742567,0.0230615152846118,1.08686846,336.25933975010463,336.212767693091
2023-11-23 05:45:51,0.176742567,0.0230624883564506,1.08691432,336.24681128550696,336.20014988162137
2023-11-23 05:45:56,0.176737137,0.0230631283007738,1.08694448,336.2294385989909,336.1826655115153
2023-11-23 05:46:00,0.176748902,0.0230625267615974,1.08691613,336.25723278182386,336.2103703474763
2023-11-23 05:46:04,0.176751315,0.0230626226683726,1.08692065,336.2601611593107,336.2132093780912
2023-11-23 05:46:08,0.176759761,0.0230636084711993,1.08696711,336.26175767337963,336.2147165452881
2023-11-23 05:46:12,0.17676489,0.0230634035022947,1.08695745,336.2731823945399,336.22605191957643
2023-11-23 05:46:17,0.176760063,0.0230623601978395,1.08690828,336.27865621545925,336.23141405690586
2023-11-23 05:46:21,0.176758253,0.0230633330574952,1.08695413,336.2630678724691,336.2157363670437
2023-11-23 05:46:25,0.176762476,0.0230631730714144,1.08694659,336.2723765805678,336.22495572827046
2023-11-23 05:46:29,0.176747997,0.0230616177690641,1.08687329,336.2681365264434,336.2206263272741
2023-11-23 05:46:33,0.17675403,0.0230596654720756,1.08678128,336.30375386432803,336.25615431828675
2023-11-23 05:46:38,0.176760968,0.0230625394925852,1.08691673,336.278331439115,336.23062020948373
2023-11-23 05:46:42,0.176757348,0.0230605424249561,1.08682261,336.2981951232921,336.25039454678887
2023-11-23 05:46:46,0.176754332,0.0230606192352495,1.08682623,336.29218494673825,336.24429502336307
2023-11-23 05:46:50,0.176753427,0.0230617777551449,1.08688083,336.2757184767314,336.2277392064843
2023-11-23 05:46:54,0.17676489,0.0230615857294113,1.08687178,336.2976935466688,336.2496249295497
2023-11-23 05:46:59,0.176773939,0.0230615793639174,1.08687148,336.31319895480107,336.265018654092
2023-11-23 05:47:03,0.176772129,0.0230625906287198,1.08691914,336.2971104344542,336.2488407868732
2023-11-23 05:47:07,0.176760365,0.0230629106008814,1.08693422,336.27314662457,336.224787630117
2023-11-23 05:47:11,0.176777258,0.0230626801700011,1.08692336,336.3048058946367,336.25635755331166
2023-11-23 05:47:15,0.176776956,0.0230627699234655,1.08692759,336.30322027418646,336.2546825859895
2023-11-23 05:47:19,0.176767001,0.0230614577829833,1.08686575,336.3034832304534,336.2548561953845
2023-11-23 05:47:24,0.176777559,0.0230631026266149,1.08694327,336.30012683403896,336.25138811538005
2023-11-23 05:47:28,0.176778464,0.0230625778977319,1.08691854,336.3085524844548,336.25972441892395
2023-11-23 05:47:32,0.176774241,0.0230611889469563,1.08685308,336.3195108278551,336.27059341545225
2023-11-23 05:47:36,0.176780878,0.0230617457154921,1.08687932,336.3236087700713,336.2746020107965
2023-11-23 05:47:40,0.176782084,0.0230618161602916,1.08688264,336.32482500049656,336.2757288943498
2023-11-23 05:47:44,0.176775448,0.0230613168933843,1.08685911,336.3201616671899,336.2709762141712
2023-11-23 05:47:49,0.176781179,0.0230621427101302,1.08689803,336.3192594105563,336.2699622739476
2023-11-23 05:47:53,0.176784497,0.0230605935610907,1.08682502,336.3450566703885,336.29567018690784
2023-11-23 05:47:57,0.176783291,0.0230616625397047,1.0868754,336.3292395065551,336.2797636762025
2023-11-23 05:48:01,0.176788419,0.0230618097947976,1.08688234,336.3360955321413,336.2865303549167
2023-11-23 05:48:05,0.176783291,0.0230614768794651,1.08686665,336.3318263269178,336.2821718028212
2023-11-23 05:48:09,0.176787514,0.0230616368655459,1.08687419,336.3369859763004,336.28724210533187
2023-11-23 05:48:14,0.176790531,0.0230608369351419,1.08683649,336.35257884056927,336.30272328601075
2023-11-23 05:48:18,0.176793547,0.0230614193778366,1.08686394,336.35021611934195,336.3002712179115
2023-11-23 05:48:22,0.176794452,0.0230609648815699,1.08684252,336.35773250721417,336.3076982589117
2023-11-23 05:48:26,0.176795056,0.0230612080434381,1.08685398,336.355689542786,336.3055659476116
2023-11-23 05:48:30,0.176782989,0.0230604528836748,1.08681839,336.34515627412395,336.2949433320776
2023-11-23 05:48:35,0.176786911,0.0230602224527945,1.08680753,336.35489368262876,336.3045690569924
2023-11-23 05:48:39,0.176798374,0.0230610096522106,1.08684463,336.3641678347867,336.3137538622784
2023-11-23 05:48:43,0.176792039,0.0230606319662374,1.08682683,336.3584372230669,336.30793390368666
2023-11-23 05:48:47,0.176795357,0.023061099405675,1.08684886,336.3580771898593,336.30748452360706
2023-11-23 05:48:51,0.176795357,0.0230599088461269,1.08679275,336.3736114779833,336.32292946485904
2023-11-23 05:48:56,0.176791737,0.02305975522554,1.08678551,336.36959047295426,336.3187967762401
2023-11-23 05:49:00,0.176798675,0.0230605871955967,1.08682472,336.3706266510654,336.31974360747927
2023-11-23 05:49:04,0.176800787,0.0230601392770072,1.08680361,336.3801007850049,336.3291283945468
2023-11-23 05:49:08,0.176794754,0.0230600688322077,1.08680029,336.37089526310575,336.31983352577566
2023-11-23 05:49:12,0.176805312,0.0230603056285819,1.08681145,336.38577824978483,336.3346271655828
2023-11-23 05:49:16,0.176811948,0.0230610416918634,1.08684614,336.3875470627678,336.3363066316938
2023-11-23 05:49:21,0.176809234,0.0230608369351419,1.08683649,336.38572280430196,336.334370689638
2023-11-23 05:49:25,0.176804709,0.0230610289608755,1.08684554,336.3756642261251,336.32422276458914
2023-11-23 05:49:29,0.17681225,0.0230609457850881,1.08684162,336.3895927002063,336.3380618917984
2023-11-23 05:49:33,0.176807424,0.0230609201109293,1.08684041,336.38184907338956,336.3302289181097
2023-11-23 05:49:37,0.176816775,0.023060152007995,1.08680421,336.4077269453201,336.3560174431683
2023-11-23 05:49:42,0.176808329,0.0230597870530097,1.08678701,336.3982817037355,336.3464605179937
2023-11-23 05:49:46,0.176809837,0.0230607728558364,1.08683347,336.3881328975236,336.3362223649098
2023-11-23 05:49:50,0.176815568,0.0230613873381838,1.08686243,336.3899476183655,336.3379477388798
2023-11-23 05:49:54,0.17681949,0.0230616561742108,1.0868751,336.3931854994547,336.341096273097
2023-11-23 05:49:58,0.176820998,0.0230607217197018,1.08683106,336.40795008194146,336.35577150871177
2023-11-23 05:50:02,0.176813758,0.023060024061567,1.08679818,336.4048401589157,336.35257223881405
2023-11-23 05:50:07,0.176824317,0.02306054879045,1.08682291,336.416011045996,336.3636314423044
2023-11-23 05:50:11,0.176827936,0.0230610800970101,1.08684795,336.41533054080094,336.36286159023734
2023-11-23 05:50:15,0.176815568,0.0230607280851957,1.08683136,336.3990589884043,336.34650069096875
2023-11-23 05:50:19,0.176812853,0.0230577070217763,1.08668898,336.4337546401647,336.3811069958572
2023-11-23 05:50:23,0.17681044,0.0230585133176742,1.08672698,336.4192972081383,336.3665602169588
2023-11-23 05:50:27,0.17682492,0.0230603376682347,1.08681296,336.42021750175763,336.3673911637062
2023-11-23 05:50:32,0.17682311,0.023060292897594,1.08681085,336.4178472873481,336.3649092657067
2023-11-23 05:50:36,0.176827936,0.0230600047529021,1.08679727,336.42984191165147,336.3768145431381
2023-11-23 05:50:40,0.176827635,0.0230609457850881,1.08684162,336.41721165062245,336.3640949352371
2023-11-23 05:50:44,0.176828841,0.0230603056285819,1.08681145,336.42764791675603,336.37444185449874
2023-11-23 05:50:48,0.176827031,0.0230605871955967,1.08682472,336.42102101279085,336.36772560366154
2023-11-23 05:50:52,0.176836986,0.0230603183595697,1.08681205,336.44144406398374,336.3880593079825
2023-11-23 05:50:57,0.176836383,0.0230608817057826,1.0868386,336.4332254548669,336.37972901527564
2023-11-23 05:51:01,0.17683397,0.023060292897594,1.08681085,336.43687193445624,336.38328614799303
2023-11-23 05:51:05,0.176839399,0.02305975522554,1.08678551,336.45312527268237,336.3994501393472
2023-11-23 05:51:09,0.176833366,0.0230589550829529,1.0867478,336.45338907474024,336.3996245945331
2023-11-23 05:51:13,0.176845131,0.0230601008718604,1.0868018,336.4585181670608,336.4046643399817
2023-11-23 05:51:18,0.176842718,0.0230598959029559,1.08679214,336.4572065014326,336.40324099076355
2023-11-23 05:51:22,0.176845734,0.0230603631302104,1.08681416,336.45633622793554,336.4022813703945
2023-11-23 05:51:26,0.176843623,0.0230591855138332,1.08675866,336.46813590830027,336.4139917038873
2023-11-23 05:51:30,0.176843321,0.0230603567647164,1.08681386,336.4525143234741,336.39828077218914
2023-11-23 05:51:34,0.176847846,0.0230596847807405,1.08678219,336.46898144576244,336.41465854760554
2023-11-23 05:51:39,0.176846036,0.0230594607153542,1.08677163,336.4689380992779,336.41450351753105
2023-11-23 05:51:43,0.176846941,0.0230594159447135,1.08676952,336.47113996460183,336.416616035983
2023-11-23 05:51:47,0.176851466,0.0230599727132493,1.08679576,336.4716608893458,336.417047613855
2023-11-23 05:51:51,0.176848449,0.0230592302844739,1.08676077,336.4762801312023,336.4215775088395
2023-11-23 05:51:55,0.176853879,0.0230593839050607,1.08676801,336.4835646396176,336.42877267038284
2023-11-23 05:51:59,0.176848148,0.0230587821537012,1.08673965,336.48176560870337,336.42688429259664
2023-11-23 05:52:04,0.176847243,0.0230587757882072,1.08673935,336.48042838467455,336.42543538497785
2023-11-23 05:52:08,0.176850259,0.0230596784152466,1.08678189,336.47390684792884,336.4188245013602
2023-11-23 05:52:12,0.176850259,0.0230588655416717,1.08674358,336.48454611804254,336.4293744246019
2023-11-23 05:52:16,0.176855086,0.0230590446242342,1.08675202,336.4904797709638,336.43521873065123
2023-11-23 05:52:20,0.176855387,0.0230600815631955,1.08680089,336.47762047376955,336.422270086585
2023-11-23 05:52:25,0.176854784,0.0230581806145247,1.0867113,336.5013842594817,336.4459221887072
2023-11-23 05:52:29,0.176855689,0.0230579885887912,1.08670225,336.5054977204334,336.44994630278694
2023-11-23 05:52:33,0.176855387,0.0230574125115905,1.0866751,336.51255394096177,336.4569131764433
2023-11-23 05:52:37,0.176854181,0.0230582062886836,1.08671251,336.50029856913403,336.4445684577436
2023-11-23 05:52:41,0.176862326,0.0230597038772223,1.08678309,336.4947335884906,336.43891413022817
2023-11-23 05:52:45,0.176865041,0.023059742282369,1.0867849,336.498918860238,336.4430100551036
2023-11-23 05:52:50,0.176873487,0.0230604081130341,1.08681628,336.5046809986562,336.4486605099319
2023-11-23 05:52:54,0.176878314,0.0230600624667137,1.08679999,336.51742492015546,336.46131508455915
2023-11-23 05:52:58,0.176876504,0.0230596016049532,1.08677827,336.5204333371795,336.4642341547112
2023-11-23 05:53:02,0.17687047,0.0230592943637794,1.08676379,336.51429962435554,336.4580110950153
2023-11-23 05:53:06,0.176873789,0.0230593582309019,1.0867668,336.51917661034554,336.46279873413334
2023-11-23 05:53:10,0.176885553,0.023059486389513,1.08677284,336.5375101722536,336.4810429491694
2023-11-23 05:53:15,0.176883743,0.0230595822962882,1.08677736,336.5333139124357,336.47673500576155
2023-11-23 05:53:19,0.17688495,0.0230598063616746,1.08678792,336.5325372670029,336.4758690134568
2023-11-23 05:53:23,0.176880727,0.0230600304270609,1.08679848,336.52257188321653,336.4658142827985
2023-11-23 05:53:27,0.176889777,0.0230602672234352,1.08680964,336.53490205962794,336.4780551123379
2023-11-23 05:53:31,0.176882235,0.0230601008718604,1.0868018,336.52438806049327,336.46745176633124
2023-11-23 05:53:35,0.176881933,0.0230590255277524,1.08675112,336.537925075692,336.480899434658
2023-11-23 05:53:40,0.176877409,0.023058270155806,1.08671552,336.54018660477976,336.48304928015585
2023-11-23 05:53:44,0.176884347,0.0230590830293809,1.08675383,336.54146484910075,336.4842381776048
2023-11-23 05:53:48,0.17688314,0.0230584558160457,1.08672427,336.54765388545195,336.49033786708407
2023-11-23 05:53:52,0.176891587,0.0230602288182884,1.08680783,336.5390218877338,336.48161652249394
2023-11-23 05:53:56,0.176889475,0.0230585069521802,1.08672668,336.5578896568196,336.5003949447078
2023-11-23 05:54:00,0.176895206,0.0230581038042313,1.08670768,336.5729120335629,336.5153279745791
2023-11-23 05:54:05,0.17689219,0.0230596336446059,1.08677978,336.5480586362956,336.49036289372185
2023-11-23 05:54:09,0.176894,0.0230598959029559,1.08679214,336.54780648507415,336.49002139562845
2023-11-23 05:54:13,0.176891888,0.0230598447668213,1.08678973,336.54498564463086,336.4871112083132
2023-11-23 05:54:17,0.176892793,0.0230585583004979,1.0867291,336.56330730405966,336.50534352087004
2023-11-23 05:54:21,0.176898223,0.0230591150690337,1.08675534,336.5653576497564,336.50730451969474
2023-11-23 05:54:26,0.176897318,0.0230594286757014,1.08677012,336.5598664590778,336.50170164542624
2023-11-23 05:54:30,0.176895206,0.0230594927550069,1.08677314,336.55554986049356,336.49729569997004
2023-11-23 05:54:34,0.176897016,0.0230592814206084,1.08676318,336.56144577638827,336.50310226899273
2023-11-23 05:54:38,0.176898525,0.0230586989779138,1.08673573,336.5716504793967,336.5132176251292
2023-11-23 05:54:42,0.176889173,0.0230592430154617,1.08676137,336.54885048041024,336.4903282792708
2023-11-23 05:54:47,0.176906066,0.0230599856564203,1.08679637,336.56790864956236,336.5092747648329
2023-11-23 05:54:51,0.176910591,0.0230595118514887,1.08677404,336.5818066809032,336.5230834493018
2023-11-23 05:54:55,0.176909083,0.0230586926124199,1.08673543,336.5899805471624,336.53116796868903
2023-11-23 05:54:59,0.176917228,0.0230599536167675,1.08679486,336.58748147308,336.5285795477347
2023-11-23 05:55:03,0.176907876,0.0230591023380459,1.08675474,336.58279691696316,336.5238056447459
2023-11-23 05:55:08,0.176899731,0.0230586221676204,1.08673211,336.57535878047406,336.5162558246668
2023-11-23 05:55:12,0.176902748,0.0230584749125275,1.08672517,336.5824658142815,336.52327351160227
2023-11-23 05:55:16,0.176925674,0.0230592686896206,1.08676258,336.6110470144181,336.5517653648669
2023-11-23 05:55:20,0.176926579,0.0230608623971177,1.08683769,336.59197587658423,336.5326048801611
2023-11-23 05:55:24,0.176917228,0.0230596079704471,1.08677857,336.59252748330226,336.5330671400071
2023-11-23 05:55:28,0.176908178,0.0230591087035398,1.08675504,336.58378376674125,336.52423407657415
2023-11-23 05:55:33,0.176916021,0.0230601263338362,1.086803,336.583956028717,336.52429465496
2023-11-23 05:55:37,0.176925976,0.0230600174838899,1.08679787,336.60230480254427,336.5425540819152
2023-11-23 05:55:41,0.176922054,0.023058538991833,1.08672819,336.614954146534,336.555114079033
2023-11-23 05:55:45,0.176924769,0.0230591662051683,1.08675775,336.61149394668263,336.55156453230967
2023-11-23 05:55:49,0.176916323,0.0230587757882072,1.08673935,336.6023592743041,336.5423405130592
2023-11-23 05:55:53,0.176937137,0.0230605871955967,1.08682472,336.61415215679347,336.5540440486766
2023-11-23 05:55:58,0.176927182,0.0230594416188724,1.08677073,336.6122917586165,336.55207196690964
2023-11-23 05:56:02,0.176914211,0.0230590255277524,1.08675112,336.5958328390794,336.53552370050056
2023-11-23 05:56:06,0.176918133,0.0230593711740729,1.08676741,336.59807159615275,336.537673110702
2023-11-23 05:56:10,0.176923562,0.0230598511323152,1.08679003,336.60111666892203,336.5406288365993
2023-11-23 05:56:14,0.176930501,0.0230592943637794,1.08676379,336.62017797078124,336.5596007915865
2023-11-23 05:56:18,0.176928087,0.023058948717459,1.0867475,336.62067025028676,336.56000372422005
2023-11-23 05:56:23,0.176924769,0.0230585262608452,1.08672759,336.62065238384713,336.5598741741905
2023-11-23 05:56:27,0.176927786,0.0230591727828454,1.08675806,336.6174524147799,336.55658485825126
2023-11-23 05:56:31,0.176939249,0.0230597359168751,1.0867846,336.629628367166,336.5686714637654
2023-11-23 05:56:35,0.176919339,0.0230582574248182,1.08671492,336.61522171190626,336.5541754616337
2023-11-23 05:56:39,0.176935629,0.0230580781300725,1.08670647,336.6452084846632,336.5840728875187
2023-11-23 05:56:43,0.176929596,0.0230585005866863,1.08672638,336.62960157996,336.56837663594354
2023-11-23 05:56:48,0.17693774,0.0230589230433002,1.08674629,336.63800989053595,336.5766732629295
2023-11-23 05:56:52,0.176940757,0.023058935774288,1.08674689,336.6430397021039,336.5816137276255
2023-11-23 05:56:56,0.176943774,0.0230581613058598,1.08671039,336.6582926057125,336.59677728436213
2023-11-23 05:57:00,0.176948299,0.0230598959029559,1.08679214,336.6435137565958,336.58190908837344
2023-11-23 05:57:04,0.176938344,0.0230588525985007,1.08674297,336.6403042400878,336.57861022499344
2023-11-23 05:57:08,0.176941059,0.023058679881432,1.08673483,336.64723124765635,336.58544788569003
2023-11-23 05:57:13,0.176932914,0.0230579181439917,1.08669893,336.64345072069096,336.5815556751347
2023-11-23 05:57:17,0.176948299,0.0230582828867939,1.08671612,336.66484078339124,336.602856390963
2023-11-23 05:57:21,0.176939852,0.0230582381161532,1.08671401,336.65121592871867,336.58914218941845
2023-11-23 05:57:25,0.176931104,0.0230576236338058,1.08668505,336.6444801847398,336.5823170985676
2023-11-23 05:57:29,0.176933216,0.0230580781300725,1.08670647,336.6422415546357,336.57998912159155
2023-11-23 05:57:34,0.176951315,0.0230597359168751,1.0867846,336.65145463438586,336.58909051775174
2023-11-23 05:57:38,0.176953427,0.023058814193354,1.08674116,336.6670881527649,336.60463468925883
2023-11-23 05:57:42,0.176951918,0.0230584430850578,1.08672367,336.6694434236666,336.6069006132886
2023-11-23 05:57:46,0.176941662,0.0230592879982855,1.08676349,336.6412035111207,336.5785713538707
2023-11-23 05:57:50,0.176957047,0.0230589230433002,1.08674629,336.6720688809218,336.60934737679986
2023-11-23 05:57:55,0.1769486,0.0230583021954588,1.08671703,336.6659482223211,336.6031150346092
2023-11-23 05:57:59,0.176951013,0.0230572779874854,1.08666876,336.68342396910504,336.62050143452115
2023-11-23 05:58:03,0.176947092,0.0230582444816472,1.08671431,336.66432432064227,336.6013124391864
2023-11-23 05:58:07,0.176956443,0.0230588782726595,1.08674418,336.6720078724173,336.6089066440895
2023-11-23 05:58:11,0.176950712,0.0230579758578033,1.08670165,336.674118374898,336.6109277996982
2023-11-23 05:58:16,0.176947997,0.0230573163926321,1.08667057,336.67820034681114,336.6148980880214
2023-11-23 05:58:20,0.176971225,0.0230594991205009,1.08677344,336.6892511082091,336.6258595025473
2023-11-23 05:58:24,0.176963683,0.0230592814206084,1.08676318,336.6794043423202,336.6159233897865
2023-11-23 05:58:28,0.176966096,0.0230599920219142,1.08679667,336.67434854190196,336.6107782424963
2023-11-23 05:58:32,0.176964286,0.0230594670808481,1.08677193,336.67819226929953,336.6145326230219
2023-11-23 05:58:36,0.176959762,0.0230583212919406,1.08671793,336.685506619987,336.6217576268374
2023-11-23 05:58:41,0.176960063,0.0230575724976712,1.08668264,336.6958535785239,336.6319929017843
2023-11-23 05:58:45,0.17696127,0.0230585133176742,1.08672698,336.6857657155475,336.621815691936
2023-11-23 05:58:49,0.176972733,0.023059473446342,1.08677223,336.69278434020424,336.62874496972074
2023-11-23 05:58:53,0.176968208,0.0230594479843663,1.08677103,336.68554663401306,336.6214179166576
2023-11-23 05:58:57,0.176975448,0.0230591791483393,1.08675836,336.70138010201606,336.63716203778864
2023-11-23 05:59:01,0.176969113,0.0230583726402583,1.08672035,336.7012237434237,336.6369163323243
2023-11-23 05:59:06,0.176972733,0.0230584301418868,1.08672306,336.706715018436,336.64229592374664
2023-11-23 05:59:10,0.17696851,0.0230577901975637,1.0866929,336.70796970115174,336.6434612595904
2023-11-23 05:59:14,0.176967605,0.0230580974387374,1.08670738,336.7025365541605,336.63793876572714
2023-11-23 05:59:18,0.176977861,0.0230585773969797,1.08673,336.71374891101425,336.64906177570896
2023-11-23 05:59:22,0.176978464,0.0230590318932464,1.08675142,336.70895527709723,336.64417879492
2023-11-23 05:59:26,0.176979973,0.0230585326263391,1.08672789,336.71808350471366,336.65321767566445
2023-11-23 05:59:31,0.176985403,0.0230607280851957,1.08683136,336.6988687496476,336.6338912370084
2023-11-23 05:59:35,0.176981783,0.0230576172683119,1.08668475,336.733238562492,336.6681717029808
2023-11-23 05:59:39,0.176986609,0.0230595118514887,1.08677404,336.71688497124444,336.65172876486133
2023-11-23 05:59:43,0.176986308,0.0230588973691413,1.08674508,336.72444665382767,336.6592011005726
2023-11-23 05:59:47,0.176985704,0.0230589741794347,1.0867487,336.72251606699933,336.6571811668723
2023-11-23 05:59:51,0.176988118,0.0230586414762853,1.08673302,336.73101259840445,336.6655883514054
2023-11-23 05:59:56,0.176990832,0.0230592686896206,1.08676258,336.7275699728492,336.66203404226025
2023-11-23 06:00:00,0.176993547,0.0230597679565279,1.08678611,336.7257688152084,336.6601435377475
2023-11-23 06:00:04,0.176993547,0.0230594350411953,1.08677042,336.7301825451434,336.66446792081047
2023-11-23 06:00:08,0.176992341,0.0230589166778062,1.08674599,336.7349643806272,336.6691604094223
2023-11-23 06:00:12,0.176990229,0.0230582828867939,1.08671612,336.7397125730857,336.6738192550088
2023-11-23 06:00:17,0.176992341,0.0230575534011894,1.08668174,336.7528755863653,336.68687058469845
2023-11-23 06:00:21,0.176990832,0.0230581997110065,1.0867122,336.74201465374983,336.67592030521104
2023-11-23 06:00:25,0.176986911,0.0230585005866863,1.08672638,336.7315594926634,336.66537579725264
2023-11-23 06:00:29,0.176986609,0.0230575213615367,1.08668023,336.7438585723783,336.6775855300956
2023-11-23 06:00:33,0.176998072,0.0230578029285515,1.0866935,336.7596907274386,336.69332833828395
2023-11-23 06:00:38,0.176990531,0.0230581997110065,1.0867122,336.7418849560425,336.67541088329784
2023-11-23 06:00:42,0.176990832,0.0230588910036474,1.08674478,336.7335035371119,336.6669401174953
2023-11-23 06:00:46,0.176989626,0.0230566828138029,1.08664071,336.76023889697507,336.6935861304865
2023-11-23 06:00:50,0.176991737,0.0230582958299649,1.08671673,336.74294540409187,336.67620329073134
2023-11-23 06:00:54,0.176997469,0.02305801426295,1.08670346,336.7563936656926,336.68956220546005
2023-11-23 06:00:59,0.176997469,0.0230575404580185,1.08668113,336.7626609192685,336.69571777544604
2023-11-23 06:01:03,0.176995357,0.0230571116359107,1.08666092,336.7647470629918,336.69771457229734
2023-11-23 06:01:07,0.176997167,0.023058001319779,1.08670285,336.7563410757683,336.6892192382019
2023-11-23 06:01:11,0.177004709,0.0230582637903121,1.08671522,336.7657848574816,336.6985736730432
2023-11-23 06:01:15,0.177008027,0.0230575277270306,1.08668053,336.7810530788027,336.71375254749233
2023-11-23 06:01:19,0.177003201,0.0230576686166296,1.08668717,336.7711439042208,336.7037540260385
2023-11-23 06:01:24,0.177004407,0.0230572652564975,1.08666816,336.77853750339864,336.71103594162633
2023-11-23 06:01:28,0.177002899,0.0230570220946294,1.0866567,336.7792339432404,336.71164303459614
2023-11-23 06:01:32,0.177000486,0.023057073230764,1.08665911,336.7745747871204,336.7068945316042
2023-11-23 06:01:36,0.177012854,0.0230584494505517,1.08672397,336.7777160602113,336.7099464578231
2023-11-23 06:01:40,0.177009535,0.02305801426295,1.08670346,336.7778423124599,336.70998336319974
2023-11-23 06:01:44,0.17701044,0.023057745426923,1.08669079,336.7829562632403,336.71500796710814
2023-11-23 06:01:49,0.177001692,0.0230570284601233,1.086657,336.7775774143466,336.7095174346245
2023-11-23 06:01:53,0.17700863,0.0230573868374316,1.08667389,336.7847530456542,336.7166037190602
2023-11-23 06:01:57,0.177000787,0.0230576236338058,1.08668505,336.7684914602233,336.70025278675723
2023-11-23 06:02:01,0.177000184,0.0230575084183657,1.08667962,336.7690571549524,336.7007291346144
2023-11-23 06:02:05,0.177018283,0.0230581869800187,1.0867116,336.79096228098746,336.7225449137775
2023-11-23 06:02:09,0.177020093,0.0230586030711386,1.08673121,336.78870873795796,336.720202023876
2023-11-23 06:02:14,0.177020697,0.0230591727828454,1.08675806,336.7824407315376,336.71382233386566
2023-11-23 06:02:18,0.17702311,0.0230575084183657,1.08667962,336.8082391715492,336.7395314270053
2023-11-23 06:02:22,0.177023713,0.0230585198953512,1.08672729,336.79620638100033,336.7274092895845
2023-11-23 06:02:26,0.1770213,0.0230583790057522,1.08672065,336.7940424680115,336.72515602972373
2023-11-23 06:02:30,0.177013155,0.0230576877131114,1.08668807,336.7893287311218,336.7203529459621
2023-11-23 06:02:34,0.177018887,0.0230575724976712,1.08668264,336.80061649299927,336.7315513609675
2023-11-23 06:02:39,0.177020697,0.0230552811320394,1.08657465,336.833568414909,336.7643915992873
2023-11-23 06:02:43,0.17700863,0.0230569132446832,1.08665157,336.79202348782417,336.7227573253305
2023-11-23 06:02:47,0.177008329,0.0230553834043085,1.08657947,336.81148298480014,336.7421274754345
2023-11-23 06:02:51,0.177025825,0.0230573484322849,1.08667208,336.815650348917,336.7462054926794
2023-11-23 06:02:55,0.177029445,0.023058270155806,1.08671552,336.80988949727924,336.74035529416966
2023-11-23 06:03:00,0.177032461,0.0230582765213,1.08671582,336.81502288431886,336.7453769976193
2023-11-23 06:03:04,0.177038193,0.023059486389513,1.08677284,336.80909269421244,336.7393574606409
2023-11-23 06:03:08,0.177044528,0.0230596016049532,1.08677827,336.8184060798061,336.7485814993626
2023-11-23 06:03:12,0.177032461,0.0230583533315934,1.08671944,336.8142928602939,336.74437893297846
2023-11-23 06:03:16,0.177040606,0.0230586351107914,1.08673272,336.8245056591957,336.7545023850083
2023-11-23 06:03:21,0.177039701,0.0230597038772223,1.08678309,336.809198678406,336.7390837206286
2023-11-23 06:03:25,0.177037891,0.0230572395823387,1.08666695,336.83824642232815,336.7680421176788
2023-11-23 06:03:29,0.177038193,0.0230572204858569,1.08666605,336.8390950883076,336.7688014367863
2023-11-23 06:03:33,0.177045433,0.0230584749125275,1.08672517,336.83513651446424,336.764753516071
2023-11-23 06:03:37,0.177049656,0.0230587246520727,1.08673694,336.8391277169611,336.76865537169584
2023-11-23 06:03:41,0.17704302,0.0230589678139408,1.0867484,336.824826389611,336.7542646974738
2023-11-23 06:03:46,0.177049656,0.0230585005866863,1.08672638,336.84224046958735,336.7715670938602
2023-11-23 06:03:50,0.177048751,0.0230590959725519,1.08675444,336.8330612957649,336.7622985731657
2023-11-23 06:03:54,0.177048148,0.0230589998535936,1.08674991,336.8333791276272,336.7625270581561
2023-11-23 06:03:58,0.177052974,0.0230587246520727,1.08673694,336.8452122762281,336.774270859885
2023-11-23 06:04:02,0.177054483,0.0230580844955664,1.08670677,336.8561746916504,336.78514392843533
2023-11-23 06:04:07,0.177046338,0.0230587310175666,1.08673724,336.8340996133089,336.7629571665039
2023-11-23 06:04:11,0.177054181,0.0230594800240191,1.08677254,336.8377295515649,336.7664977578879
2023-11-23 06:04:15,0.177061421,0.0230584301418868,1.08672306,336.8637153864905,336.7923942459416
2023-11-23 06:04:19,0.177054784,0.0230575277270306,1.08668053,336.8642997560533,336.7928892686324
2023-11-23 06:04:23,0.177049656,0.0230576940786053,1.08668837,336.8535479419893,336.7820481076964
2023-11-23 06:04:27,0.177039701,0.0230569196101771,1.08665187,336.8468531440143,336.7752639628494
2023-11-23 06:04:32,0.1770394,0.0230566253121744,1.086638,336.8502801473536,336.7785792825988
2023-11-23 06:04:36,0.177050561,0.0230577838320697,1.0866926,336.8542036008139,336.7824133891871
2023-11-23 06:04:40,0.177051768,0.0230579117784977,1.08669863,336.8546730063617,336.7827934478629
2023-11-23 06:04:44,0.177048751,0.0230576813476175,1.08668777,336.8526507451594,336.78068183978866
2023-11-23 06:04:48,0.177046338,0.0230561578727368,1.08661597,336.8684561109777,336.796397858735
2023-11-23 06:04:52,0.177055689,0.0230579758578033,1.08670165,336.8607445202857,336.78859692117106
2023-11-23 06:04:57,0.177057801,0.0230568939360183,1.08665066,336.87849242698985,336.8062331442852
2023-11-23 06:05:01,0.177050259,0.023057476590896,1.08667812,336.8582438261062,336.7858951965296
2023-11-23 06:05:05,0.177052974,0.0230576556734586,1.08668656,336.86060094686,336.78816297041146
2023-11-23 06:05:09,0.177053879,0.023056657139644,1.0866395,336.87519990781186,336.80267258449135
2023-11-23 06:05:13,0.177056293,0.0230574061460965,1.0866748,336.86964010714263,336.79702343695016
2023-11-23 06:05:17,0.177056594,0.0230568875705243,1.08665036,336.87697894680684,336.8042729297424
2023-11-23 06:05:22,0.177061421,0.0230567659895902,1.08664463,336.88684104983025,336.81402334917584
2023-11-23 06:05:26,0.177057198,0.0230569836894827,1.08665489,336.87695298729165,336.8040459397653
2023-11-23 06:05:30,0.177045131,0.0230551211459586,1.08656711,336.88082670997795,336.8078303155796
2023-11-23 06:05:34,0.177055991,0.0230573036616442,1.08666997,336.8709300096014,336.79784426833106
2023-11-23 06:05:38,0.177052974,0.0230564396519347,1.08662925,336.8771427039364,336.8039676157941
2023-11-23 06:05:42,0.177064739,0.0230562412607072,1.0866199,336.89972455381087,336.8264601187966
2023-11-23 06:05:47,0.177068661,0.0230578990475099,1.08669803,336.8849264203653,336.81155030176103
2023-11-23 06:05:51,0.177061119,0.0230565228277221,1.08663317,336.89013831148924,336.81667284601303
2023-11-23 06:05:55,0.177066247,0.0230569516498299,1.08665338,336.8933333542986,336.8197785419504
2023-11-23 06:05:59,0.177066851,0.0230573100271382,1.08667027,336.88978681503403,336.8161426558139
2023-11-23 06:06:03,0.177073185,0.0230568427998837,1.08664825,336.90667009149087,336.8329365853988
2023-11-23 06:06:08,0.177059008,0.0230565869070277,1.08663619,336.8861120200618,336.8122668303797
2023-11-23 06:06:12,0.177059008,0.0230561644504138,1.08661628,336.89169259432606,336.81775805777204
2023-11-23 06:06:16,0.177064136,0.0230560235608148,1.08660964,336.9022932195156,336.82826933608965
2023-11-23 06:06:20,0.177063834,0.0230556970109762,1.08659425,336.9061162919766,336.8320030616787
2023-11-23 06:06:24,0.177066851,0.0230562346830302,1.08661959,336.9043230409008,336.83012046373085
2023-11-23 06:06:28,0.177061421,0.0230554474836141,1.08658249,336.90545427278664,336.8311623487447
2023-11-23 06:06:33,0.177071979,0.023056407612282,1.08662774,336.91095593146053,336.8365523238287
2023-11-23 06:06:37,0.177076805,0.0230562860313479,1.08662201,336.9207943783252,336.84630142382133
2023-11-23 06:06:41,0.177062627,0.0230558315350812,1.08660059,336.90279359032183,336.828211288946
2023-11-23 06:06:45,0.177071677,0.0230558826712158,1.086603,336.9175367785982,336.84286513035045
2023-11-23 06:06:49,0.177062024,0.0230548202702788,1.08655293,336.9150977753272,336.84033678020745
2023-11-23 06:06:54,0.177063231,0.0230552427268927,1.08657284,336.91176059442483,336.8368879157151
2023-11-23 06:06:58,0.17708495,0.0230569773239887,1.08665459,336.9260631709347,336.851101145353
2023-11-23 06:07:02,0.177087363,0.0230575724976712,1.08668264,336.9224998038379,336.8474484313843
2023-11-23 06:07:06,0.177089173,0.0230575852286591,1.08668324,336.92548715149104,336.85034643216545
2023-11-23 06:07:10,0.177083744,0.023057201177192,1.08666514,336.9213800059605,336.84614993976294
2023-11-23 06:07:15,0.177090983,0.0230573229703092,1.08667088,336.9321609585924,336.8568192088049
2023-11-23 06:07:19,0.177083442,0.0230576877131114,1.08668807,336.9147454452053,336.8393143485458
2023-11-23 06:07:23,0.177075599,0.0230569773239887,1.08665459,336.9107942684002,336.83527382486875
2023-11-23 06:07:27,0.177087062,0.023057073230764,1.08665911,336.92903893503154,336.8534291446281
2023-11-23 06:07:31,0.177091587,0.0230578222372164,1.08669441,336.92705043368386,336.85135129640844
2023-11-23 06:07:35,0.17709219,0.0230573741064437,1.08667329,336.9339858686559,336.8581973845085
2023-11-23 06:07:40,0.17708857,0.0230572588910036,1.08666786,336.9294682035842,336.8535680358468
2023-11-23 06:07:44,0.177081934,0.0230558122264163,1.08659968,336.93713220559886,336.86114269098954
2023-11-23 06:07:48,0.177084347,0.0230554665800959,1.08658339,336.9457998025346,336.86972094105334
2023-11-23 06:07:52,0.177084649,0.0230559083453747,1.08660421,336.9406569001275,336.8644886917743
2023-11-23 06:07:56,0.17708314,0.0230558956143868,1.08660361,336.9383575102231,336.8620999549979
2023-11-23 06:08:00,0.177076504,0.023055057066653,1.08656409,336.93811601243675,336.8617691103396
2023-11-23 06:08:05,0.177077409,0.0230547241513205,1.0865484,336.9440880227398,336.86762943705264
2023-11-23 06:08:09,0.17707409,0.0230549738908657,1.08656017,336.9353121476081,336.858764215049
2023-11-23 06:08:13,0.177085554,0.0230556395093477,1.08659154,336.9461530074322,336.86951572800115
2023-11-23 06:08:17,0.177098223,0.0230551466079343,1.08656831,336.974096058423,336.89736943211994
2023-11-23 06:08:21,0.177092793,0.0230569773239887,1.08665459,336.9411921682903,336.86437619511526
2023-11-23 06:08:25,0.177097017,0.0230560235608148,1.08660964,336.9608310409734,336.8839257209264
2023-11-23 06:08:30,0.177100636,0.0230565419242039,1.08663407,336.9603289219655,336.88331191832856
2023-11-23 06:08:34,0.177100335,0.0230570220946294,1.0866567,336.95366606906015,336.8765597185512
2023-11-23 06:08:38,0.177097318,0.0230563564761474,1.08662533,336.95730251528033,336.88010681789945
2023-11-23 06:08:42,0.177104256,0.0230563308019885,1.08662412,336.9694692375344,336.89218419328154
2023-11-23 06:08:46,0.177109686,0.0230578861043389,1.08669742,336.95852859856507,336.88115420744026
2023-11-23 06:08:50,0.177100636,0.0230564460174287,1.08662955,336.9620225780407,336.88455884004395
2023-11-23 06:08:55,0.177097318,0.0230553770388146,1.08657917,336.97041674383564,336.8928413222489
2023-11-23 06:08:59,0.177093698,0.0230553386336679,1.08657736,336.9648778090426,336.8872130405839
2023-11-23 06:09:03,0.177099128,0.023056010829827,1.08660904,336.9654185854431,336.88766447011244
2023-11-23 06:09:07,0.17710124,0.023055063432147,1.08656439,336.98140144503844,336.90355798283576
2023-11-23 06:09:11,0.177109385,0.0230563498984703,1.08662502,336.97855029390456,336.9006174848299
2023-11-23 06:09:16,0.17710124,0.0230556715490005,1.08659305,336.9736952689232,336.89565077625866
2023-11-23 06:09:20,0.177091285,0.023055997886656,1.08660843,336.9526909809242,336.87455714138764
2023-11-23 06:09:24,0.17710124,0.0230549482167068,1.08655896,336.9832793460704,336.90505615966185
2023-11-23 06:09:28,0.177103653,0.02305479459612,1.08655172,336.98945095864184,336.91113842536134
2023-11-23 06:09:32,0.177102748,0.023055997886656,1.08660843,336.9723621019697,336.8939602218172
2023-11-23 06:09:37,0.177107575,0.0230556970109762,1.08659425,336.98455655001214,336.9060429862697
2023-11-23 06:09:41,0.177101541,0.0230554027129735,1.08658038,336.97825873880004,336.89965582818564
2023-11-23 06:09:45,0.177105161,0.0230557610902818,1.08659727,336.97981583129393,336.9011235738076
2023-11-23 06:09:49,0.177118736,0.0230567275844435,1.08664282,336.9903162057977,336.91153460143937
2023-11-23 06:09:53,0.177106368,0.0230557354161229,1.08659606,336.9823714584695,336.90350050723924
2023-11-23 06:09:58,0.177106368,0.0230552297837217,1.08657223,336.9890579322824,336.91007529746213
2023-11-23 06:10:02,0.177112401,0.023055594738707,1.08658943,336.9946138781381,336.9155418964459
2023-11-23 06:10:06,0.177111496,0.0230565739638567,1.08663558,336.98043864453035,336.9012773159662
2023-11-23 06:10:10,0.177114513,0.0230568107602309,1.08664674,336.9825558023379,336.9033051269017
2023-11-23 06:10:14,0.177120244,0.0230559403850275,1.08660572,337.0036632000672,336.92432317775905
2023-11-23 06:10:18,0.177107876,0.0230562346830302,1.08661959,336.97899069509674,336.89956132591664
2023-11-23 06:10:23,0.177105463,0.0230544937204402,1.08653754,336.9976559883514,336.91811493558134
2023-11-23 06:10:27,0.177112703,0.0230544553152935,1.08653573,337.0105006554787,336.9308702558367
2023-11-23 06:10:31,0.177116323,0.0230553386336679,1.08657736,337.0052308398528,336.9255110933388
2023-11-23 06:10:35,0.177116624,0.0230545768962275,1.08654146,337.01573567589725,336.9359265825113
2023-11-23 06:10:39,0.177117228,0.0230548777719073,1.08655564,337.0129346566095,336.9330362163516
2023-11-23 06:10:43,0.177127484,0.0230552106872399,1.08657133,337.0260554588255,336.94606767169563
2023-11-23 06:10:48,0.1771121,0.0230556138351888,1.08659033,336.99488353973595,336.9147840690161
2023-11-23 06:10:52,0.177123563,0.0230548139047849,1.08655263,337.0247793411443,336.9445905235525
2023-11-23 06:10:56,0.177118736,0.0230541737482786,1.08652246,337.02502297187027,336.9447448074065
