time,voltage,current,shunt_voltage,temperature,temperature old
2024-06-01 16:03:13,0.101975515,0.0344697997627792,1.62453064,156.59778878331946,156.59778878331946
2024-06-01 16:03:17,0.102358623,0.0344622392534548,1.62417432,157.0410809944488,157.04146285892023
2024-06-01 16:03:21,0.10289075,0.034456665202603,1.62391162,157.641216191633,157.64197987459875
2024-06-01 16:03:25,0.103088035,0.0344523723134963,1.6237093,157.87082986209296,157.87197531766975
2024-06-01 16:03:30,0.103262998,0.0344445554869496,1.6233409,158.08754056267045,158.08916316963047
2024-06-01 16:03:34,0.103415336,0.0344415441839542,1.62319898,158.26386849937222,158.2658727760484
2024-06-01 16:03:38,0.103544144,0.0344387891981811,1.62306914,158.41361739655167,158.41600329736514
2024-06-01 16:03:42,0.10366149,0.0344368029518917,1.62297553,158.548304447517,158.55107192698222
2024-06-01 16:03:47,0.103763149,0.0344334712523684,1.62281851,158.67017245305618,158.67341684201438
2024-06-01 16:03:51,0.103856664,0.0344323819041738,1.62276717,158.7758298658582,158.7794557314672
2024-06-01 16:03:55,0.103939922,0.0344303317907619,1.62267055,158.87343636172818,158.87744365880576
2024-06-01 16:03:59,0.104087131,0.0344278329100279,1.62255278,159.04261024103934,159.0469989244965
2024-06-01 16:04:03,0.104147162,0.0344282173858613,1.6225709,159.1067288964629,159.11149892130368
2024-06-01 16:04:08,0.104209907,0.0344237322588379,1.62235952,159.18987692490134,159.19512356333786
2024-06-01 16:04:12,0.104262999,0.0344221945676874,1.62228705,159.25277926474638,159.25840714366566
2024-06-01 16:04:16,0.104311868,0.034420656876537,1.62221458,159.31105975845267,159.31706883316087
2024-06-01 16:04:20,0.104361642,0.0344212335902871,1.62224176,159.36331185300986,159.36970207890585
2024-06-01 16:04:25,0.104405986,0.0344213617488982,1.6222478,159.41100757522204,159.41787417752374
2024-06-01 16:04:29,0.104444296,0.0344205927972314,1.62221156,159.45516902749782,159.46241668097366
2024-06-01 16:04:33,0.104517298,0.0344182863665972,1.62210286,159.5424723275113,159.55010098786127
2024-06-01 16:04:37,0.104547765,0.0344184783923308,1.62211191,159.57484566028648,159.58285528330305
2024-06-01 16:04:41,0.104583361,0.0344165564375301,1.62202133,159.6198813559008,159.62827189746875
2024-06-01 16:04:45,0.104608097,0.0344154670893354,1.62196999,159.65024363907878,159.65901505517527
2024-06-01 16:04:50,0.10464128,0.0344149544548909,1.62194583,159.68785024208427,159.69709768957483
2024-06-01 16:04:54,0.104666318,0.034415082613502,1.62195187,159.71448857722353,159.7241168005284
2024-06-01 16:04:58,0.104690149,0.0344138012395738,1.62189148,159.7445040754114,159.7545130308074
2024-06-01 16:05:02,0.10471217,0.0344132886051293,1.62186732,159.76997351303316,159.7803631568889
2024-06-01 16:05:06,0.104732984,0.0344120072312011,1.62180693,159.7966855184029,159.80745580717917
2024-06-01 16:05:11,0.10478306,0.0344119431518955,1.62180391,159.85132209678332,159.86256813062298
2024-06-01 16:05:15,0.104800858,0.0344120072312011,1.62180693,159.87023973445844,159.88186631559097
2024-06-01 16:05:19,0.104818354,0.0344105336193561,1.62173748,159.89396138118082,159.9059684663652
2024-06-01 16:05:23,0.104837359,0.0344105976986617,1.6217405,159.91420326989544,159.92659081598237
2024-06-01 16:05:27,0.104855156,0.0344101491435227,1.62171936,159.93483335439214,159.94760131832382
2024-06-01 16:05:32,0.104872351,0.0344093804040391,1.62168313,159.9557789754912,159.96902240131823
2024-06-01 16:05:36,0.104886831,0.0344096367212613,1.62169521,159.97041802607256,159.98404177319884
2024-06-01 16:05:40,0.10490131,0.0344084192144556,1.62163783,159.9899822085254,160.00398623419017
2024-06-01 16:05:44,0.10492122,0.034408803690289,1.62165595,160.01014680840072,160.02453106993457
2024-06-01 16:05:48,0.104933588,0.03440835513515,1.62163481,160.02482718370993,160.03959163853472
2024-06-01 16:05:52,0.104962547,0.0344084192144556,1.62163783,160.0559849531842,160.0711295588127
2024-06-01 16:05:57,0.10497401,0.0344079067921942,1.62161368,160.0697926250306,160.085412359555
2024-06-01 16:06:01,0.104988188,0.034406753364694,1.62155932,160.08881747871357,160.10481726877845
2024-06-01 16:06:05,0.104996635,0.0344068174439995,1.62156234,160.0974853283773,160.1138651317912
2024-06-01 16:06:09,0.105011416,0.0344062407302494,1.62153516,160.1152430262066,160.13200280086886
2024-06-01 16:06:13,0.105024689,0.0344079706593166,1.62161669,160.12362733492773,160.1407670388284
2024-06-01 16:06:17,0.105036454,0.0344059846252103,1.62152309,160.14279562621084,160.1603152174306
2024-06-01 16:06:22,0.105049425,0.0344064329681661,1.62154422,160.15504313681762,160.1730375283753
2024-06-01 16:06:26,0.105059682,0.0344059205459047,1.62152007,160.16762626179715,160.18600044668665
2024-06-01 16:06:30,0.10507024,0.0344056001493769,1.62150497,160.17989683007335,160.19865076666957
2024-06-01 16:06:34,0.105089848,0.0344050234356268,1.62147779,160.2029503539097,160.22208400067785
2024-06-01 16:06:38,0.105099199,0.0344047030390989,1.62146269,160.21389817182268,160.23341148731828
2024-06-01 16:06:43,0.105107645,0.0344034216651707,1.6214023,160.22697848018043,160.2469663234415
2024-06-01 16:06:47,0.1051176,0.0344038702203097,1.62142344,160.23601304435192,160.25638046342016
2024-06-01 16:06:51,0.105132381,0.0344049593563212,1.62147477,160.2481931429131,160.26894009663687
2024-06-01 16:06:55,0.105137208,0.0344038061410041,1.62142042,160.25697157026832,160.2780980175861
2024-06-01 16:07:00,0.105145353,0.0344042546961431,1.62144156,160.26392602690836,160.28552678361274
2024-06-01 16:07:04,0.105154704,0.0344037420616986,1.6214174,160.2755193940819,160.29749955232032
2024-06-01 16:07:08,0.105172502,0.0344036139030874,1.62141136,160.29508778134274,160.31744730034563
2024-06-01 16:07:12,0.105182457,0.0344027808721151,1.6213721,160.30841867423584,160.3311575133232
2024-06-01 16:07:16,0.105186379,0.0344047671184045,1.62146571,160.3056808909508,160.32879900953225
2024-06-01 16:07:20,0.105197842,0.0344027167928095,1.62136908,160.32474742497246,160.34824478254723
2024-06-01 16:07:25,0.10520659,0.0344025247670759,1.62136003,160.33451125825178,160.35848260775015
2024-06-01 16:07:29,0.105214735,0.0344023325291592,1.62135097,160.34370946448013,160.36805996217186
2024-06-01 16:07:33,0.105221371,0.0344026529256871,1.62136607,160.3495333569749,160.37426296264968
2024-06-01 16:07:37,0.105228309,0.0344031653479485,1.62139022,160.3550442414923,160.380152915029
2024-06-01 16:07:41,0.105236756,0.0344020121326314,1.62133587,160.3677975709647,160.39328527233138
2024-06-01 16:07:46,0.105245504,0.0344016917361036,1.62132077,160.3779928815294,160.40395431152425
2024-06-01 16:07:50,0.105251839,0.034401179101659,1.62129661,160.38628185914664,160.41262222722506
2024-06-01 16:07:54,0.105264207,0.0344016917361036,1.62132077,160.39774716463796,160.42446643105728
2024-06-01 16:07:58,0.105270843,0.0344028449514206,1.62137512,160.40077608765253,160.4278742127589
2024-06-01 16:08:02,0.105274463,0.0344023325291592,1.62135097,160.40608697464873,160.433563918877
2024-06-01 16:08:07,0.105283211,0.0344010509430479,1.62129057,160.41950907535855,160.447459487986
2024-06-01 16:08:11,0.105288943,0.0344016917361036,1.62132077,160.4232659848042,160.45159512785636
2024-06-01 16:08:15,0.105293468,0.0344013713395757,1.62130567,160.4289255434652,160.45763337766502
2024-06-01 16:08:19,0.105294674,0.0343998977277308,1.62123622,160.434816535485,160.46390302164392
2024-06-01 16:08:23,0.105306741,0.0344000258863419,1.62124226,160.44724264157585,160.47670774059367
2024-06-01 16:08:28,0.1053176,0.0344007948380087,1.6212785,160.45609748298853,160.48603579322992
2024-06-01 16:08:32,0.105327555,0.0344010509430479,1.62129057,160.46577725365194,160.4960940890997
2024-06-01 16:08:36,0.105327254,0.0344000899656475,1.62124528,160.4682956882254,160.49899101006616
2024-06-01 16:08:40,0.10533751,0.0344014354188813,1.62130869,160.4746474072303,160.50572117673877
2024-06-01 16:08:44,0.10534475,0.0344013072602701,1.62130265,160.48263991768482,160.5140920962238
2024-06-01 16:08:48,0.105349576,0.0344007307587032,1.62127548,160.4894908170277,160.52132136604794
2024-06-01 16:08:53,0.105351386,0.0344009229966199,1.62128454,160.49035737822342,160.52266083626915
2024-06-01 16:08:57,0.105355609,0.0343988726710249,1.62118791,160.50149809983247,160.53417984194485
2024-06-01 16:09:01,0.105360738,0.0343998977277308,1.62123622,160.50330193634903,160.53636192426404
2024-06-01 16:09:05,0.105370994,0.0343981677986636,1.62115469,160.51998479143214,160.5534229869736
2024-06-01 16:09:09,0.105377631,0.0343986804331082,1.62117885,160.52516398822257,160.55898035330182
2024-06-01 16:09:14,0.105382457,0.034399000829636,1.62119395,160.52890811980456,160.56319714337712
2024-06-01 16:09:18,0.105388792,0.034399577331203,1.62122112,160.53354126839784,160.56820837612855
2024-06-01 16:09:22,0.105393015,0.0343989367503304,1.62119093,160.53994776470793,160.57499291879225
2024-06-01 16:09:26,0.105393015,0.0343988726710249,1.62118791,160.53978509839686,160.57520826111755
2024-06-01 16:09:31,0.105401462,0.0343999618070364,1.62123924,160.5449173894926,160.58081301010176
2024-06-01 16:09:35,0.105409003,0.0344009229966199,1.62128454,160.54958016668192,160.58585371138247
2024-06-01 16:09:39,0.105414735,0.0343994491725918,1.62121508,160.56044253922775,160.5970939705856
2024-06-01 16:09:43,0.10542288,0.0343994491725918,1.62121508,160.5689983791047,160.6060276597728
2024-06-01 16:09:47,0.105425896,0.0343998336484252,1.6212332,160.57063620626073,160.60804329897888
2024-06-01 16:09:51,0.105426198,0.0343988726710249,1.62118791,160.57382005053066,160.61160491812552
2024-06-01 16:09:56,0.105424086,0.0343986804331082,1.62117885,160.5716775594307,160.60993459347867
2024-06-01 16:10:00,0.105431628,0.0343979114814414,1.62114261,160.58215753920365,160.6207922648055
2024-06-01 16:10:04,0.105438566,0.0343994491725918,1.62121508,160.5842202146241,160.62323259488818
2024-06-01 16:10:08,0.105444599,0.0343990649089416,1.62119697,160.5917517514641,160.63114174958542
2024-06-01 16:10:12,0.105449727,0.0343979755607469,1.62114563,160.60066169617969,160.64042927543963
2024-06-01 16:10:16,0.105452744,0.0343988085917193,1.62118489,160.6007922994178,160.64093742318414
2024-06-01 16:10:21,0.105459079,0.0343983600365803,1.62116375,160.6087773725138,160.64939437553068
2024-06-01 16:10:25,0.105459984,0.0343986163538026,1.62117583,160.60853063205408,160.64952509747042
2024-06-01 16:10:29,0.10545576,0.0343962456316797,1.6210641,160.61149252970426,160.6528644211682
2024-06-01 16:10:33,0.10545938,0.0343965660282076,1.6210792,160.6140085158057,160.6557577970514
2024-06-01 16:10:37,0.105469335,0.0343971427419577,1.62110638,160.6226113961552,160.6647380310029
2024-06-01 16:10:42,0.10547024,0.0343961174730686,1.62105806,160.62658097414652,160.66917925024987
2024-06-01 16:10:46,0.105479592,0.0343965660282076,1.6210792,160.63495348088875,160.67792902950373
2024-06-01 16:10:50,0.10548291,0.0343963097109853,1.62106712,160.63907811252298,160.68243089774893
2024-06-01 16:10:54,0.105486228,0.0343964378695964,1.62107316,160.6419094306789,160.6856394167009
2024-06-01 16:10:59,0.10549015,0.0343967582661243,1.62108826,160.6446623065937,160.68886374337632
2024-06-01 16:11:03,0.105494373,0.0343974631384855,1.62112148,160.6465461857781,160.69112474308608
2024-06-01 16:11:07,0.105497691,0.0343981677986636,1.62115469,160.6474380424937,160.69239368479026
2024-06-01 16:11:11,0.105504931,0.034396053393763,1.62105504,160.66211646278296,160.70744915461665
2024-06-01 16:11:15,0.105510059,0.0343971427419577,1.62110638,160.66369919302605,160.70940889903076
2024-06-01 16:11:20,0.105513377,0.0343963737902909,1.62107014,160.66945501029286,160.71563593440777
2024-06-01 16:11:24,0.105518506,0.034396053393763,1.62105504,160.67578251195437,160.7223403709784
2024-06-01 16:11:28,0.105516997,0.0343953487335849,1.62102183,160.67612163546295,160.72305639430695
2024-06-01 16:11:32,0.105516696,0.0343952846542794,1.62101881,160.6756302242258,160.72294184788566
2024-06-01 16:11:36,0.105526047,0.0343962456316797,1.6210641,160.68227712322346,160.72996557678005
2024-06-01 16:11:41,0.105533589,0.0343956050508072,1.62103391,160.69223535655433,160.74039479850623
2024-06-01 16:11:45,0.105539018,0.0343954128128905,1.62102485,160.69846113662405,160.7469973302151
2024-06-01 16:11:49,0.105541733,0.0343957329972352,1.62103994,160.6999849680259,160.7488978786127
2024-06-01 16:11:53,0.105545052,0.0343953487335849,1.62102183,160.70454264153827,160.75383223456208
2024-06-01 16:11:57,0.105546258,0.0343954128128905,1.62102485,160.70527325694047,160.75493949792727
2024-06-01 16:12:01,0.105548973,0.0343952846542794,1.62101881,160.7083063891975,160.75834924375766
2024-06-01 16:12:06,0.105553498,0.0343950924163627,1.62100975,160.71344672839126,160.7639603016866
2024-06-01 16:12:10,0.105553498,0.034394900178446,1.62100069,160.7137173693941,160.76460747919512
2024-06-01 16:12:14,0.105565263,0.0343962456316797,1.6210641,160.72171723795728,160.77298385014876
2024-06-01 16:12:18,0.105570994,0.0343957970765408,1.62104296,160.7291376947914,160.78078077534235
2024-06-01 16:12:22,0.105577028,0.0343957970765408,1.62104296,160.73538040996723,160.78739992493087
2024-06-01 16:12:27,0.105575519,0.0343954768921961,1.62102787,160.73433267824743,160.78682268861726
2024-06-01 16:12:31,0.105583061,0.0343966301075131,1.62108222,160.73834658606086,160.79121295477046
2024-06-01 16:12:35,0.105583061,0.0343956050508072,1.62103391,160.74142190191262,160.79466459528817
2024-06-01 16:12:39,0.105589697,0.0343958611558463,1.62104598,160.7474627407739,160.80108172522569
2024-06-01 16:12:43,0.105592412,0.034396501948902,1.62107618,160.74790686720385,160.80190210922575
2024-06-01 16:12:47,0.105596032,0.0343955409715016,1.62103089,160.75473795167773,160.80910941784754
2024-06-01 16:12:51,0.105601764,0.0343967582661243,1.62108826,160.7565500118972,160.81129766887625
2024-06-01 16:12:56,0.105606892,0.0343956050508072,1.62103391,160.7655890723898,160.82080692112538
2024-06-01 16:13:00,0.105609003,0.0343952205749738,1.62101579,160.76882371617674,160.8244176810153
2024-06-01 16:13:04,0.105612623,0.0343945797819181,1.62098559,160.7745772763118,160.83054732418617
2024-06-01 16:13:08,0.105613227,0.0343950283370571,1.62100673,160.77335286412497,160.8296989620514
2024-06-01 16:13:12,0.105616545,0.0343940671474736,1.62096143,160.77985465007131,160.8365767651493
2024-06-01 16:13:17,0.105619863,0.0343931061700732,1.62091614,160.78626214744222,160.8434542378202
2024-06-01 16:13:21,0.105624991,0.0343935547252122,1.62093728,160.79000071541552,160.84756874922323
2024-06-01 16:13:25,0.105626198,0.0343952205749738,1.62101579,160.785336688814,160.84328063342122
2024-06-01 16:13:29,0.105628913,0.0343935547252122,1.62093728,160.79355159159297,160.85187141445255
2024-06-01 16:13:33,0.105638566,0.0343937469631289,1.62094634,160.80311794200668,160.86181361065434
2024-06-01 16:13:38,0.105639169,0.0343949642577515,1.62100371,160.7992080877882,160.85837351814433
2024-06-01 16:13:42,0.105639169,0.0343932984079899,1.6209252,160.80444539207,160.86398659547254
2024-06-01 16:13:46,0.105640678,0.0343932984079899,1.6209252,160.8057251326747,160.86564207692845
2024-06-01 16:13:50,0.105646711,0.034392401297712,1.62088292,160.814991310861,160.87528396385346
2024-06-01 16:13:54,0.105652442,0.0343941953060847,1.62096747,160.81485715717753,160.87552548687876
2024-06-01 16:13:58,0.105651537,0.0343925935356287,1.62089198,160.81888671369865,160.87993068816115
2024-06-01 16:14:02,0.105656062,0.0343929780114621,1.6209101,160.82217965369216,160.883599241051
2024-06-01 16:14:07,0.105655157,0.0343927857735454,1.62090104,160.82136521332953,160.88325427212402
2024-06-01 16:14:11,0.105659079,0.0343937469631289,1.62094634,160.8220529521888,160.8843175524844
2024-06-01 16:14:15,0.105669637,0.0343939392010456,1.6209554,160.83261223311317,160.89525234331222
2024-06-01 16:14:19,0.105669034,0.0343945797819181,1.62098559,160.82941620266968,160.8924317912568
2024-06-01 16:14:24,0.105673559,0.0343934265666011,1.62093124,160.83779802454214,160.90128291692076
2024-06-01 16:14:28,0.105675972,0.0343936188045178,1.6209403,160.83942186275942,160.90328216291647
2024-06-01 16:14:32,0.105676877,0.0343932343286844,1.62092218,160.84133535059652,160.90557102728295
2024-06-01 16:14:36,0.105678988,0.0343935547252122,1.62093728,160.84219590908597,160.9068069311347
2024-06-01 16:14:40,0.105682608,0.0343931702493788,1.62091916,160.84708808685852,160.91207442318424
2024-06-01 16:14:45,0.105681703,0.0343926576149343,1.620895,160.84735427799546,160.9128097135782
2024-06-01 16:14:49,0.105686832,0.0343935547252122,1.62093728,160.84958168437663,160.91541236459307
2024-06-01 16:14:53,0.10569015,0.0343926576149343,1.620895,160.85587102919845,160.92207692322853
2024-06-01 16:14:57,0.105692261,0.0343929139321565,1.62090708,160.85694765707933,160.9235287341846
2024-06-01 16:15:01,0.105698295,0.0343927216942398,1.62089802,160.86384052324348,160.9307967527668
2024-06-01 16:15:05,0.105698596,0.0343932984079899,1.6209252,160.86185115749575,160.92918250886137
2024-06-01 16:15:09,0.105704026,0.0343924653770175,1.62088594,160.87024205696238,160.93794849967583
2024-06-01 16:15:14,0.105701311,0.0343910558444782,1.62081951,160.87154749282865,160.93972275696774
2024-06-01 16:15:18,0.105703423,0.0343916966375339,1.62084971,160.87132882755384,160.93987911472502
2024-06-01 16:15:22,0.105708853,0.0343920170340617,1.62086481,160.8758308193077,160.94475609928014
2024-06-01 16:15:26,0.105714886,0.0343925935356287,1.62089198,160.88013065404735,160.94943089667117
2024-06-01 16:15:30,0.105715489,0.0343935547252122,1.62093728,160.87717598421284,160.94685115941928
2024-06-01 16:15:35,0.105726349,0.0343930420907677,1.62091312,160.8903504869672,160.9604942857406
2024-06-01 16:15:39,0.105724539,0.0343925294563231,1.62088896,160.88971875479166,160.9602374187881
2024-06-01 16:15:43,0.105726047,0.0343929139321565,1.62090708,160.88970168399615,160.9605951834092
2024-06-01 16:15:47,0.105726952,0.0343931061700732,1.62091614,160.8896714189296,160.96093972403352
2024-06-01 16:15:51,0.105730271,0.0343927857735454,1.62090104,160.8940184979585,160.96566157910812
2024-06-01 16:15:55,0.105730271,0.0343916966375339,1.62084971,160.89731721778202,160.96933504541255
2024-06-01 16:16:00,0.105734192,0.0343915043996172,1.62084065,160.90179914436695,160.97428536364572
2024-06-01 16:16:04,0.105732985,0.034392401297712,1.62088292,160.89707499939507,160.96993589892804
2024-06-01 16:16:08,0.105736907,0.0343906713686448,1.62080139,160.9068385976107,160.98007414809422
2024-06-01 16:16:12,0.105738114,0.0343912480823949,1.62082857,160.9058428186256,160.9794529908363
2024-06-01 16:16:16,0.10574656,0.0343906713686448,1.62080139,160.91668038908327,160.99066515387787
2024-06-01 16:16:20,0.10574475,0.0343920170340617,1.62086481,160.9097803897044,160.9841397180196
2024-06-01 16:16:25,0.105747465,0.0343911199237838,1.62082253,160.91531734009791,160.9901448320656
2024-06-01 16:16:29,0.105748672,0.0343912480823949,1.62082857,160.91583475305688,160.99103674344528
2024-06-01 16:16:33,0.105748068,0.0343903511843001,1.6207863,160.9178234464876,160.99339990649315
2024-06-01 16:16:37,0.10575199,0.0343900307877723,1.6207712,160.9228331486722,160.99878404957116
2024-06-01 16:16:41,0.105755308,0.0343901589463834,1.62077724,160.92566682468248,161.00199213783077
2024-06-01 16:16:46,0.10575742,0.0343905432100337,1.62079535,160.92621959036387,161.00301287866446
2024-06-01 16:16:50,0.105761341,0.0343916966375339,1.62084971,160.92625556739276,161.00342320378462
2024-06-01 16:16:54,0.105760135,0.0343919529547561,1.62086179,160.9236933018675,161.00123525796505
2024-06-01 16:16:58,0.105762548,0.0343903511843001,1.6207863,160.931370935256,161.0092871827532
2024-06-01 16:17:03,0.105764358,0.0343891977567999,1.62073194,160.93678117915522,161.01516525121735
2024-06-01 16:17:07,0.105767073,0.0343889414395776,1.62071986,160.94025090530215,161.01900920536514
2024-06-01 16:17:11,0.105769486,0.034389325915411,1.62073798,160.94122684048685,161.02035934050218
2024-06-01 16:17:15,0.105773408,0.0343897103912444,1.6207561,160.94385846563586,161.02336513763422
2024-06-01 16:17:19,0.105773408,0.0343904152636057,1.62078932,160.9411056201984,161.02098643628938
2024-06-01 16:17:23,0.105779743,0.0343906713686448,1.62080139,160.94681790255808,161.02707283493032
2024-06-01 16:17:28,0.105777933,0.03438977447055,1.62075912,160.94739122217103,161.0281137609054
2024-06-01 16:17:32,0.105782156,0.0343890055188832,1.62072288,160.95424594687992,161.0353425396084
2024-06-01 16:17:36,0.105785173,0.0343895181533277,1.62074704,160.95545203781447,161.03692265698197
2024-06-01 16:17:40,0.105784268,0.0343891336774943,1.62072892,160.95538271916288,161.03722733729296
2024-06-01 16:17:44,0.105788792,0.0343903511843001,1.6207863,160.955863275653,161.0380818653478
2024-06-01 16:17:48,0.105793317,0.0343893899947166,1.620741,160.9636984514853,161.04629098542554
2024-06-01 16:17:53,0.105792412,0.0343896463119389,1.62075308,160.9613729086787,161.04443283462763
2024-06-01 16:17:57,0.105793317,0.0343905432100337,1.62079535,160.9589647177833,161.04239852679618
2024-06-01 16:18:01,0.105796032,0.0343886853345385,1.62070779,160.96784092580845,161.0516485908209
2024-06-01 16:18:05,0.105795429,0.0343885571759274,1.62070175,160.96723807423578,161.0514195682616
2024-06-01 16:18:10,0.105799954,0.0343894540740222,1.62074402,160.96870822146317,161.05335696392547
2024-06-01 16:18:14,0.105804177,0.0343903511843001,1.6207863,160.96993967700166,161.05496218804424
2024-06-01 16:18:18,0.105807797,0.0343899026291611,1.62076516,160.9750520143883,161.0604482672789
2024-06-01 16:18:22,0.105809305,0.0343896463119389,1.62075308,160.97719819458447,161.06296816266882
2024-06-01 16:18:26,0.1058084,0.0343884930966218,1.62069873,160.97972476654613,161.06586842324782
2024-06-01 16:18:31,0.105810814,0.034389325915411,1.62073798,160.9790947952084,161.06570552542723
2024-06-01 16:18:35,0.10581383,0.0343892618361055,1.62073496,160.98224675793068,161.0692311172545
2024-06-01 16:18:39,0.105815942,0.0343899667084667,1.62076818,160.98181077567313,161.06916873777828
2024-06-01 16:18:43,0.105812925,0.034388172700094,1.62068363,160.98418372944224,161.07191526808273
2024-06-01 16:18:48,0.105823182,0.0343890055188832,1.62072288,160.9921594220151,161.0803578945344
2024-06-01 16:18:52,0.105823785,0.0343894540740222,1.62074402,160.9909330164754,161.07950500675983
2024-06-01 16:18:56,0.105823182,0.0343891977567999,1.62073194,160.99076332921888,161.07970881127432
2024-06-01 16:19:00,0.105824087,0.0343891977567999,1.62073194,160.99138286219585,161.08070181010538
2024-06-01 16:19:04,0.105829818,0.034390223025689,1.62078026,160.9938358113818,161.0835281993058
2024-06-01 16:19:09,0.105826802,0.0343877882242605,1.62066551,160.99828121363691,161.08844036535962
2024-06-01 16:19:13,0.10583012,0.0343889414395776,1.62071986,160.9976544053867,161.08818693926688
2024-06-01 16:19:17,0.105830421,0.0343882367793995,1.62068665,160.9999908086087,161.09089669905734
2024-06-01 16:19:21,0.105836455,0.0343888132809665,1.62071382,161.00429154348114,161.09557076498632
2024-06-01 16:19:25,0.105832533,0.0343874678277327,1.62065041,161.00415835084422,161.09581087797085
2024-06-01 16:19:29,0.105840075,0.0343890055188832,1.62072288,161.0068678031946,161.09889361058444
2024-06-01 16:19:34,0.105841583,0.0343888773602721,1.62071684,161.00848868892828,161.10098106110405
2024-06-01 16:19:38,0.105842488,0.0343890055188832,1.62072288,161.00867567266408,161.10154126832765
2024-06-01 16:19:42,0.105846108,0.0343897103912444,1.6207561,161.0098940519279,161.10313284597032
2024-06-01 16:19:46,0.105847314,0.0343888773602721,1.62071684,161.01365746157362,161.10726942896247
2024-06-01 16:19:50,0.105849728,0.0343879804621772,1.62067457,161.0189623266931,161.1129474424725
2024-06-01 16:19:55,0.105849426,0.0343886212552329,1.62070477,161.01600028175073,161.11045179804046
2024-06-01 16:19:59,0.105856666,0.0343901589463834,1.62077724,161.0183778287887,161.11320243759752
2024-06-01 16:20:03,0.105855761,0.0343883649380107,1.62069269,161.02307103106418,161.1182687076843
2024-06-01 16:20:07,0.105858777,0.0343893899947166,1.620741,161.02254506119797,161.1181157809978
2024-06-01 16:20:11,0.105859381,0.0343891977567999,1.62073194,161.02348407766314,161.1194278160873
2024-06-01 16:20:16,0.105861492,0.0343901589463834,1.62077724,161.02208761514092,161.11849759243026
2024-06-01 16:20:20,0.105863604,0.0343884930966218,1.62069873,161.02965875748086,161.1264416984228
2024-06-01 16:20:24,0.105864509,0.0343890055188832,1.62072288,161.02854794824856,161.12570382853465
2024-06-01 16:20:28,0.105865112,0.0343878523035661,1.62066853,161.03273218357896,161.13026097897665
2024-06-01 16:20:33,0.105868129,0.0343882367793995,1.62068665,161.03427778268315,161.13227268800867
2024-06-01 16:20:37,0.105871447,0.0343894540740222,1.62074402,161.03343356981995,161.1318013360107
2024-06-01 16:20:41,0.105866319,0.0343881086207884,1.62068061,161.03197894183566,161.13071954490513
2024-06-01 16:20:45,0.105869637,0.0343887494138441,1.62071081,161.03308224010794,161.13219565614514
2024-06-01 16:20:49,0.105872352,0.0343869554054713,1.62062626,161.04174920439047,161.14123540955995
2024-06-01 16:20:53,0.105873257,0.0343885571759274,1.62070175,161.03695817544676,161.13681714598846
2024-06-01 16:20:58,0.105870241,0.034386699088249,1.62061418,161.03946003141013,161.13978492536933
2024-06-01 16:21:02,0.105877179,0.0343875959863438,1.62065645,161.04367030439866,161.1443679105455
2024-06-01 16:21:06,0.105878084,0.0343868913261657,1.62062324,161.04667143380607,161.14774172862516
2024-06-01 16:21:10,0.105874464,0.034386699088249,1.62061418,161.0429759663088,161.14441892636003
2024-06-01 16:21:14,0.105877782,0.0343866350089435,1.62061116,161.0464607518713,161.14827635378953
2024-06-01 16:21:19,0.105876877,0.034386699088249,1.62061418,161.0447853986565,161.1470667701655
2024-06-01 16:21:23,0.105878687,0.0343861864538045,1.62059002,161.04813104993673,161.15078501101542
2024-06-01 16:21:27,0.105878687,0.0343875319070383,1.62065343,161.04321260066015,161.14623912818698
2024-06-01 16:21:31,0.105880195,0.0343857378986655,1.62056888,161.05055638615698,161.1539554570852
2024-06-01 16:21:35,0.105884117,0.0343868272468602,1.62062022,161.05080680907915,161.15457840043672
2024-06-01 16:21:40,0.105887133,0.0343860582951934,1.62058398,161.05624907781964,161.16048628752327
2024-06-01 16:21:44,0.105888038,0.0343865068503323,1.62060512,161.05535398598062,161.1599636646995
2024-06-01 16:21:48,0.105888038,0.0343870192725937,1.62062927,161.05325004504303,161.15823217004754
2024-06-01 16:21:52,0.105885625,0.0343870192725937,1.62062927,161.0502297819734,161.1555843306084
2024-06-01 16:21:56,0.105880195,0.034386699088249,1.62061418,161.04498074830144,161.15070769798615
2024-06-01 16:22:01,0.105890452,0.0343874037484271,1.62064739,161.05338953300102,161.15958195235692
2024-06-01 16:22:05,0.105889848,0.0343886853345385,1.62070779,161.04802412670855,161.15458889657907
2024-06-01 16:22:09,0.105897993,0.0343885571759274,1.62070175,161.057022104932,161.16395920297765
2024-06-01 16:22:13,0.105899501,0.0343896463119389,1.62075308,161.05462435696,161.16193376091542
2024-06-01 16:22:18,0.105900105,0.0343886212552329,1.62070477,161.05828536139492,161.16606011653963
2024-06-01 16:22:22,0.105892262,0.0343885571759274,1.62070175,161.04952371715822,161.15767072838617
2024-06-01 16:22:26,0.105890753,0.034388172700094,1.62068363,161.0487947683417,161.15731401362785
2024-06-01 16:22:30,0.10588653,0.0343874037484271,1.62064739,161.0463868438363,161.1552783012295
2024-06-01 16:22:34,0.105890753,0.034387724144955,1.62066249,161.04956598554827,161.15882963317102
2024-06-01 16:22:39,0.10589558,0.0343869554054713,1.62062626,161.0569951443909,161.1667239991477
2024-06-01 16:22:43,0.105897692,0.0343876600656494,1.62065947,161.0565593370934,161.16666033312487
2024-06-01 16:22:47,0.105894373,0.0343858660572767,1.62057492,161.05860765800495,161.16908077367282
2024-06-01 16:22:51,0.10589558,0.0343862505331101,1.62059304,161.05826076822052,161.16910598196006
2024-06-01 16:22:55,0.105892563,0.0343868272468602,1.62062022,161.05262914857013,161.16384643889
2024-06-01 16:23:00,0.105895278,0.0343861864538045,1.62059002,161.05730877530766,161.16899113124242
2024-06-01 16:23:04,0.105896485,0.034387724144955,1.62066249,161.05306497297116,161.1651193573988
2024-06-01 16:23:08,0.105901613,0.0343870833518993,1.62063229,161.06048538212337,161.17291177379064
2024-06-01 16:23:12,0.105910663,0.0343882367793995,1.62068665,161.06614604154908,161.1789444192758
2024-06-01 16:23:16,0.105918506,0.0343869554054713,1.62062626,161.07871092117142,161.19188126385058
2024-06-01 16:23:20,0.105922126,0.0343882367793995,1.62068665,161.0779802963249,161.19152258292246
2024-06-01 16:23:25,0.105923936,0.0343882367793995,1.62068665,161.0795014794857,161.19350866651314
2024-06-01 16:23:29,0.105925143,0.0343874037484271,1.62064739,161.08326966124562,161.19764874513126
2024-06-01 16:23:33,0.105930572,0.0343886853345385,1.62070779,161.0845231372727,161.19927409721925
2024-06-01 16:23:37,0.105930271,0.0343861223744989,1.620587,161.09248453456829,161.20760734985117
2024-06-01 16:23:42,0.105933589,0.0343873396691216,1.62064437,161.09154568939334,161.2071332948133
2024-06-01 16:23:46,0.105934494,0.0343874037484271,1.62064739,161.0919503402943,161.20790975468572
2024-06-01 16:23:50,0.105934192,0.0343868913261657,1.62062324,161.09297938546047,161.20931058833466
2024-06-01 16:23:54,0.105935701,0.0343858019779711,1.6205719,161.09794622007357,161.21464919101413
2024-06-01 16:23:59,0.105936002,0.0343872115105104,1.62063833,161.09304671692607,161.2102143693494
2024-06-01 16:24:03,0.105931477,0.0343856097400544,1.62056284,161.09312441669067,161.21066379150818
2024-06-01 16:24:07,0.105935097,0.0343869554054713,1.62062626,161.09217597724307,161.21008705427334
2024-06-01 16:24:11,0.105936606,0.0343859301365822,1.62057794,161.09692627414174,161.21520903327553
2024-06-01 16:24:15,0.105939622,0.0343867631675546,1.6206172,161.0970479622806,161.2157023834808
2024-06-01 16:24:19,0.105942639,0.0343870833518993,1.62063229,161.09890452111193,161.2179305844134
2024-06-01 16:24:24,0.105939321,0.0343854175021377,1.62055378,161.10043096702208,161.21992155498373
2024-06-01 16:24:28,0.105935701,0.0343849050798763,1.62052963,161.09781929498496,161.2176814803893
2024-06-01 16:24:32,0.105933589,0.0343858019779711,1.6205719,161.09209778275473,161.2123315458702
2024-06-01 16:24:36,0.105928762,0.0343848410005707,1.62052661,161.0896779463462,161.2102832675131
2024-06-01 16:24:40,0.105932684,0.0343847769212652,1.62052359,161.09382705678738,161.2148039164175
2024-06-01 16:24:44,0.105935097,0.0343851613970986,1.62054171,161.09480368857186,161.21615206714873
2024-06-01 16:24:49,0.105942639,0.0343859942158878,1.62058096,161.09980004118376,161.221612791108
2024-06-01 16:24:53,0.105947164,0.0343852254764041,1.62054473,161.10699338192077,161.22917760714105
2024-06-01 16:24:57,0.10595018,0.0343856097400544,1.62056284,161.10863233350733,161.23118801473947
2024-06-01 16:25:01,0.105952292,0.0343862505331101,1.62059304,161.10841185479975,161.23133897283086
2024-06-01 16:25:05,0.105956817,0.034385097317793,1.62053869,161.116905538196,161.24020407388437
2024-06-01 16:25:10,0.105960738,0.0343854175021377,1.62055378,161.11966140710948,161.24342418806
2024-06-01 16:25:14,0.105965565,0.0343859301365822,1.62057794,161.1228534928052,161.2469876486046
2024-06-01 16:25:18,0.105970391,0.0343859942158878,1.62058096,161.1275613333107,161.25206684504843
2024-06-01 16:25:22,0.105968883,0.0343861223744989,1.620587,161.1251017512394,161.249978600076
2024-06-01 16:25:26,0.105971296,0.0343865068503323,1.62060512,161.126078147772,161.2513263149388
2024-06-01 16:25:31,0.105967073,0.0343858019779711,1.6205719,161.1233635894621,161.24907587825638
2024-06-01 16:25:35,0.105963453,0.0343845206040429,1.62051151,161.12335316696252,161.24943673211672
2024-06-01 16:25:39,0.10596285,0.0343840720489039,1.62049037,161.1238371579902,161.25029198096578
2024-06-01 16:25:43,0.105964358,0.0343845206040429,1.62051151,161.12360382981663,161.2504298921457
2024-06-01 16:25:47,0.105976123,0.0343855456607488,1.62055982,161.13267675577532,161.25987403906055
2024-06-01 16:25:51,0.10597552,0.0343859942158878,1.62058096,161.13012678083498,161.25769526674958
2024-06-01 16:25:56,0.105979441,0.0343854175021377,1.62055378,161.13591616945118,161.26394863298776
2024-06-01 16:26:00,0.105978536,0.0343855456607488,1.62055982,161.13411840738627,161.26252203257434
2024-06-01 16:26:04,0.105976726,0.0343862505331101,1.62059304,161.12937705198198,161.25815182072347
2024-06-01 16:26:08,0.10597371,0.034385097317793,1.62053869,161.129596495592,161.2587423898591
2024-06-01 16:26:12,0.105974916,0.0343847128419596,1.62052057,161.1318492384421,161.26136624027708
2024-06-01 16:26:17,0.105977631,0.0343855456607488,1.62055982,161.13154803668473,161.2615288978334
2024-06-01 16:26:21,0.105978838,0.0343856097400544,1.62056284,161.1322847843241,161.26263671289212
2024-06-01 16:26:25,0.105987888,0.0343859942158878,1.62058096,161.14054458710808,161.27126756536535
2024-06-01 16:26:29,0.105989094,0.0343854175021377,1.62055378,161.14344773362475,161.27454174391116
2024-06-01 16:26:33,0.105985173,0.034385097317793,1.62053869,161.13985687007818,161.27132189480326
2024-06-01 16:26:38,0.105983966,0.0343847769212652,1.62052359,161.13915230870933,161.27108107685268
2024-06-01 16:26:42,0.105980346,0.0343845206040429,1.62051151,161.13567568656006,161.26797542981885
2024-06-01 16:26:46,0.105984871,0.0343849691591819,1.62053265,161.13875327794858,161.27142397895898
2024-06-01 16:26:50,0.105988793,0.0343849050798763,1.62052963,161.14290311815063,161.27594475961826
2024-06-01 16:26:54,0.105989999,0.0343842642868206,1.62049943,161.14602332499481,161.2794358896949
2024-06-01 16:26:58,0.105996334,0.0343850332384874,1.62053567,161.15000328657183,161.28378675734905
2024-06-01 16:27:03,0.105997842,0.0343859942158878,1.62058096,161.147943728283,161.28219080763745
2024-06-01 16:27:07,0.106006289,0.0343854815814433,1.6205568,161.15857663908807,161.29319458617346
2024-06-01 16:27:11,0.106005082,0.0343866350089435,1.62061116,161.15297923633952,161.28796803422566
2024-06-01 16:27:15,0.106006591,0.0343864427710268,1.6206021,161.1549146311831,161.29027426300897
2024-06-01 16:27:19,0.106010512,0.0343855456607488,1.62055982,161.16188161285794,161.2976120618316
2024-06-01 16:27:23,0.106009909,0.0343849050798763,1.62052963,161.16301635428067,161.29911760367906
2024-06-01 16:27:28,0.106011115,0.0343845846833485,1.62051453,161.16496039608333,161.3015251226011
2024-06-01 16:27:32,0.106014434,0.0343855456607488,1.62055982,161.16498053663318,161.30191602620116
2024-06-01 16:27:36,0.10601564,0.0343857378986655,1.62056888,161.16528282877402,161.30258906489314
2024-06-01 16:27:40,0.106015339,0.0343863786917212,1.62059908,161.1624137782453,161.30009074448515
2024-06-01 16:27:45,0.106015037,0.0343861864538045,1.62059002,161.1622693749549,161.3004097308452
2024-06-01 16:27:49,0.106015339,0.0343849050798763,1.62052963,161.16656551278055,161.30507656207436
2024-06-01 16:27:53,0.106018054,0.0343848410005707,1.62052661,161.1693911393051,161.30827286579512
2024-06-01 16:27:57,0.10602288,0.0343845206040429,1.62051151,161.1754007815971,161.3146531691444
2024-06-01 16:28:01,0.106020769,0.0343834314680314,1.62046018,161.17639899504985,161.31602202758398
2024-06-01 16:28:06,0.106021975,0.0343845206040429,1.62051151,161.17357368090595,161.31365999717863
2024-06-01 16:28:10,0.106018959,0.0343839438902928,1.62048433,161.1718447098699,161.3123016352206
2024-06-01 16:28:14,0.106018054,0.0343831751508091,1.6204481,161.1730822624742,161.31390978105435
2024-06-01 16:28:18,0.106025595,0.0343852254764041,1.62054473,161.17404938683796,161.3152474828671
2024-06-01 16:28:22,0.106026802,0.0343855456607488,1.62055982,161.1739199482052,161.31548860597093
2024-06-01 16:28:26,0.10602831,0.0343840720489039,1.62049037,161.18019094279666,161.32213014665456
2024-06-01 16:28:30,0.106031327,0.0343841361282095,1.62049339,161.18291453651884,161.3252242708925
2024-06-01 16:28:35,0.106035248,0.0343849050798763,1.62052963,161.18415212787477,161.32692500359215
2024-06-01 16:28:39,0.106037662,0.034384648762654,1.62051755,161.18729824253924,161.33044161397345
2024-06-01 16:28:43,0.106037058,0.034384648762654,1.62051755,161.18626491838685,161.3297787701818
2024-06-01 16:28:47,0.10603555,0.0343843924454318,1.62050547,161.18510698414687,161.32899130101418
2024-06-01 16:28:52,0.106036153,0.0343838798109872,1.62048131,161.18704061509794,161.33138799190928
2024-06-01 16:28:56,0.106039773,0.0343833033094203,1.62045414,161.19259416343053,161.3373119711624
2024-06-01 16:29:00,0.106038265,0.0343833033094203,1.62045414,161.1905687681883,161.3356569917717
2024-06-01 16:29:04,0.106041885,0.0343837516523761,1.62047527,161.19265370606198,161.3381123304954
2024-06-01 16:29:08,0.10604279,0.034383046992198,1.62044206,161.1956615896481,161.34149059999734
2024-06-01 16:29:12,0.106043996,0.0343826625163646,1.62042394,161.19791617092648,161.34411555232458
2024-06-01 16:29:17,0.106041885,0.0343828547542813,1.620433,161.19448574343645,161.3411480678414
2024-06-01 16:29:21,0.106047616,0.0343836875730705,1.62047225,161.19758606254712,161.3446187247959
2024-06-01 16:29:25,0.10604641,0.0343819576440033,1.62039072,161.20174792636243,161.34915091180636
2024-06-01 16:29:29,0.106047315,0.0343827265956701,1.62042696,161.19976790879966,161.34754120285697
2024-06-01 16:29:33,0.106049426,0.034383046992198,1.62044206,161.20062985342506,161.34877344158087
2024-06-01 16:29:37,0.10605003,0.0343842002075151,1.62049641,161.1970189253179,161.34553279312428
2024-06-01 16:29:42,0.106056364,0.0343839438902928,1.62048433,161.20437493116614,161.35335162832007
2024-06-01 16:29:46,0.106054856,0.0343837516523761,1.62047527,161.20300045553336,161.35234740007414
2024-06-01 16:29:50,0.106054856,0.0343824702784479,1.62041488,161.20696791010187,161.35668508779838
2024-06-01 16:29:54,0.106062096,0.0343836875730705,1.62047225,161.21042254519602,161.36050994188378
2024-06-01 16:29:58,0.106061794,0.0343843283661262,1.62050245,161.2075516748763,161.35800927645738
2024-06-01 16:30:03,0.106056968,0.0343823421198367,1.62040884,161.20851653991366,161.3594368778874
2024-06-01 16:30:07,0.106061493,0.0343822139612256,1.6204028,161.21354646784357,161.3648369792332
2024-06-01 16:30:11,0.106059381,0.0343820217233089,1.62039374,161.21150919422925,161.3631698651526
2024-06-01 16:30:15,0.106063906,0.034382598437059,1.62042092,161.21415276710871,161.3661835837499
2024-06-01 16:30:20,0.106064208,0.0343822139612256,1.6204028,161.21532323842368,161.36781671788438
2024-06-01 16:30:24,0.106069336,0.0343833673887258,1.62045716,161.21667598168222,161.36953957601696
2024-06-01 16:30:28,0.106064208,0.0343829829128924,1.62043904,161.2119796715241,161.3652133671319
2024-06-01 16:30:32,0.106070241,0.0343827265956701,1.62042696,161.21909853132155,161.37270231466744
2024-06-01 16:30:36,0.106071749,0.0343833033094203,1.62045414,161.21843087232523,161.37240472994014
2024-06-01 16:30:41,0.106074766,0.0343831110715035,1.62044508,161.22193025940945,161.37636669102017
2024-06-01 16:30:45,0.106076576,0.0343838157316817,1.62047829,161.22116081116744,161.3759672869826
2024-06-01 16:30:49,0.106079291,0.0343841361282095,1.62049339,161.2226855832465,161.3778620900108
2024-06-01 16:30:53,0.106075671,0.0343837516523761,1.62047527,161.21964451689644,161.3751910414204
2024-06-01 16:30:57,0.106077179,0.0343832392301147,1.62045112,161.22266445320741,161.3785809823671
2024-06-01 16:31:01,0.106080497,0.0343833673887258,1.62045716,161.22550194936792,161.38178847010482
2024-06-01 16:31:06,0.106080799,0.0343823421198367,1.62040884,161.22884254049507,161.3855915324399
2024-06-01 16:31:10,0.106077481,0.0343817656182698,1.62038167,161.22678315546062,161.38390210984053
2024-06-01 16:31:14,0.106081704,0.0343822780405312,1.62040582,161.2293128563078,161.38680176027697
2024-06-01 16:31:18,0.106078989,0.0343813811424364,1.62036355,161.22900026957487,161.38685911035265
2024-06-01 16:31:22,0.106081704,0.0343818935646978,1.6203877,161.22987492432463,161.3881036891956
2024-06-01 16:31:27,0.1060811,0.0343809325872974,1.62034241,161.23200384760403,161.39069499980965
2024-06-01 16:31:31,0.106083815,0.0343818294853922,1.62038468,161.23157650099392,161.39063754892115
2024-06-01 16:31:35,0.106083212,0.0343816374596586,1.62037563,161.2311950805937,161.3906260117386
2024-06-01 16:31:39,0.10608472,0.0343813811424364,1.62036355,161.23334828848903,161.39314909041258
2024-06-01 16:31:43,0.106085022,0.0343806762700751,1.62033033,161.23569697714507,161.3958676374731
2024-06-01 16:31:48,0.106093469,0.0343811248252141,1.62035147,161.24298658745354,161.4036195534848
2024-06-01 16:31:52,0.106097088,0.0343823421198367,1.62040884,161.24246602999528,161.40346882682604
2024-06-01 16:31:56,0.106095278,0.0343827265956701,1.62042696,161.23880763955134,161.40018025501791
2024-06-01 16:32:00,0.106094072,0.0343824702784479,1.62041488,161.23798228267088,161.39972470467416
2024-06-01 16:32:05,0.106090452,0.0343817015389642,1.62037865,161.23615044015082,161.3983551034088
2024-06-01 16:32:09,0.106093469,0.0343814452217419,1.62036657,161.2399599907122,161.40253443351963
2024-06-01 16:32:13,0.10609739,0.0343817656182698,1.62038167,161.2428085477264,161.40575275819367
2024-06-01 16:32:17,0.106101915,0.0343829829128924,1.62043904,161.24328232163924,161.40659628794106
2024-06-01 16:32:21,0.1060992,0.0343828547542813,1.620433,161.2403669128644,161.40405062323975
2024-06-01 16:32:25,0.106103725,0.03438214988192,1.62039978,161.2473506827819,161.41140412553398
2024-06-01 16:32:30,0.106103423,0.0343825343577534,1.6204179,161.245254896538,161.40977048841006
2024-06-01 16:32:34,0.106106138,0.0343828547542813,1.620433,161.2467797634358,161.41166506160118
2024-06-01 16:32:38,0.106104328,0.0343839438902928,1.62048433,161.24073498484404,161.40598997781427
2024-06-01 16:32:42,0.106104328,0.0343817656182698,1.62038167,161.24774276141278,161.41336743776318
2024-06-01 16:32:46,0.106102518,0.0343815093010475,1.62036959,161.24625470802292,161.41224905639274
2024-06-01 16:32:50,0.106104027,0.0343823421198367,1.62040884,161.244720467139,161.41108447623134
2024-06-01 16:32:55,0.106109758,0.0343827265956701,1.62042696,161.24924601032117,161.41607207952745
2024-06-01 16:32:59,0.106114886,0.0343839438902928,1.62048433,161.25038128571208,161.4175769904558
2024-06-01 16:33:03,0.106114886,0.0343833033094203,1.62045414,161.25218132536565,161.41974665455686
2024-06-01 16:33:07,0.106115791,0.0343836875730705,1.62047225,161.25150340252173,161.41943834513404
2024-06-01 16:33:11,0.106115791,0.0343832392301147,1.62045112,161.25265237643475,161.42095692150522
2024-06-01 16:33:16,0.106115791,0.0343811889045197,1.62035449,161.25913552352097,161.4279020563442
2024-06-01 16:33:20,0.106113378,0.0343822780405312,1.62040582,161.25242827025033,161.42156438109697
2024-06-01 16:33:24,0.10611911,0.0343820217233089,1.62039374,161.25921792685128,161.42872360496435
2024-06-01 16:33:28,0.106116998,0.0343811248252141,1.62035147,161.25956863918984,161.42944387387553
2024-06-01 16:33:33,0.106118808,0.0343819576440033,1.62039072,161.25827205412693,161.42860921958652
2024-06-01 16:33:37,0.106121221,0.0343817015389642,1.62037865,161.2614184289527,161.43212512715473
2024-06-01 16:33:41,0.106118205,0.0343808685079918,1.62033939,161.26056071261434,161.43163693307008
2024-06-01 16:33:45,0.106119713,0.0343814452217419,1.62036657,161.25989260912064,161.43133834140434
2024-06-01 16:33:49,0.106120618,0.0343817656182698,1.62038167,161.25943100629,161.4312462400387
2024-06-01 16:33:53,0.106122126,0.0343813170631308,1.62036053,161.26223614957394,161.4344208744876
2024-06-01 16:33:58,0.106127556,0.0343820217233089,1.62039374,161.2653467198152,161.4379932942962
2024-06-01 16:34:02,0.106123333,0.0343813170631308,1.62036053,161.2627295706385,161.43574561333878
2024-06-01 16:34:06,0.106125746,0.0343822780405312,1.62040582,161.26175295829506,161.43513845911832
2024-06-01 16:34:10,0.106132383,0.0343829188335868,1.62043602,161.2664968538809,161.44025180279343
2024-06-01 16:34:14,0.106128461,0.0343838157316817,1.62047829,161.25878478706298,161.43290917409354
2024-06-01 16:34:19,0.106127556,0.0343831751508091,1.6204481,161.2594997351048,161.434085905856
2024-06-01 16:34:23,0.106126953,0.0343811889045197,1.62035449,161.26519733146793,161.44015291813017
2024-06-01 16:34:27,0.106132684,0.0343815093010475,1.62036959,161.2700324718268,161.44535746463157
2024-06-01 16:34:31,0.106133288,0.0343826625163646,1.62042394,161.26641899276063,161.44211338200168
2024-06-01 16:34:35,0.106141432,0.0343842642868206,1.62049943,161.2695610303915,161.44562480642475
2024-06-01 16:34:40,0.106139019,0.034382598437059,1.62042092,161.27209478004613,161.4486202761023
2024-06-01 16:34:44,0.106136606,0.0343824702784479,1.62041488,161.26951132618228,161.44640618755852
2024-06-01 16:34:48,0.106130271,0.0343824061991423,1.62041186,161.26240632996215,161.43967054721605
2024-06-01 16:34:52,0.106128763,0.0343820217233089,1.62039374,161.26168444224584,161.43931800599685
2024-06-01 16:34:56,0.106132684,0.0343807403493807,1.62033335,161.26995983851182,161.44796273944132
2024-06-01 16:35:00,0.106131779,0.0343803558735473,1.62031523,161.26989988417589,161.44827211302703
2024-06-01 16:35:05,0.106133891,0.0343804199528529,1.62031825,161.27153920546047,161.45037308129028
2024-06-01 16:35:09,0.106137209,0.0343811889045197,1.62035449,161.27220622658385,161.451409409733
2024-06-01 16:35:13,0.106136907,0.0343808044286863,1.62033637,161.2728081743918,161.45238065580378
2024-06-01 16:35:17,0.106135399,0.0343816374596586,1.62037563,161.26796130429966,161.4479030749796
2024-06-01 16:35:21,0.106138717,0.0343818294853922,1.62038468,161.2705830430473,161.4508940940617
2024-06-01 16:35:25,0.106134193,0.0343817015389642,1.62037865,161.26568202109098,161.44636234356778
2024-06-01 16:35:30,0.106135399,0.0343807403493807,1.62033335,161.26980073649713,161.4509426359191
2024-06-01 16:35:34,0.106139321,0.0343819576440033,1.62039072,161.26961163278636,161.45112278393282
2024-06-01 16:35:38,0.106141734,0.0343811248252141,1.62035147,161.27471259694954,161.4565929911476
2024-06-01 16:35:42,0.106144751,0.034382598437059,1.62042092,161.27266158832535,161.4549112169632
2024-06-01 16:35:46,0.106141131,0.0343822780405312,1.62040582,161.2694049039563,161.45202375848328
2024-06-01 16:35:51,0.106137812,0.0343828547542813,1.620433,161.26334682568438,161.44642720064132
2024-06-01 16:35:55,0.106135098,0.0343816374596586,1.62037563,161.26412313467532,161.44757271650536
2024-06-01 16:35:59,0.106135701,0.0343832392301147,1.62045112,161.25898907406557,161.44280785441612
2024-06-01 16:36:03,0.106137209,0.0343833033094203,1.62045414,161.26005780333017,161.4442457739094
2024-06-01 16:36:07,0.106143846,0.0343829829128924,1.62043904,161.26805815585612,161.45261530843305
2024-06-01 16:36:12,0.106149577,0.034382598437059,1.62042092,161.27518920195175,161.4602078205434
2024-06-01 16:36:16,0.106144751,0.034383046992198,1.62044206,161.26800365668188,161.45339143897328
2024-06-01 16:36:20,0.106142036,0.0343829829128924,1.62043904,161.2648718919681,161.4506288299253
2024-06-01 16:36:24,0.106144449,0.0343833673887258,1.62045716,161.26584838001511,161.4519744656646
2024-06-01 16:36:28,0.106138114,0.0343815733803531,1.62037261,161.2646047807556,161.4511000061843
2024-06-01 16:36:33,0.106139924,0.0343827265956701,1.62042696,161.26222267647094,161.4491793155879
2024-06-01 16:36:37,0.106140226,0.0343842642868206,1.62049943,161.2569755172627,161.4443012785753
2024-06-01 16:36:41,0.106146259,0.0343826625163646,1.62042394,161.2686542759479,161.456349151739
2024-06-01 16:36:45,0.106148974,0.0343827906749757,1.62042998,161.27083067266818,161.45889465528091
2024-06-01 16:36:49,0.106152895,0.0343825343577534,1.6204179,161.27563342189308,161.4640665037307
2024-06-01 16:36:53,0.106157722,0.0343820217233089,1.62039374,161.28229919759153,161.4711013711173
2024-06-01 16:36:58,0.106158325,0.0343826625163646,1.62042394,161.2803282058944,161.46959173352326
2024-06-01 16:37:02,0.106162247,0.0343819576440033,1.62039072,161.2866522610945,161.4762848636732
2024-06-01 16:37:06,0.106160739,0.0343822780405312,1.62040582,161.28354234747536,161.47354401766194
2024-06-01 16:37:10,0.106165867,0.0343822139612256,1.6204028,161.28901855408483,161.47938928459712
2024-06-01 16:37:14,0.106163755,0.0343818935646978,1.6203877,161.28741732367794,161.4781571072935
2024-06-01 16:37:19,0.106167073,0.0343817656182698,1.62038167,161.2910312637573,161.48223235368633
2024-06-01 16:37:23,0.106166168,0.0343820858026145,1.62039676,161.2885838399637,161.4801539669636
2024-06-01 16:37:27,0.106167978,0.034380996666603,1.62034543,161.29389259340005,161.48583175044212
2024-06-01 16:37:31,0.106168582,0.0343811248252141,1.62035147,161.29375213550472,161.4860603156197
2024-06-01 16:37:35,0.106168582,0.0343823421198367,1.62040884,161.28925753918884,161.4819347354669
2024-06-01 16:37:40,0.106171598,0.03438214988192,1.62039978,161.29275792616804,161.48589638302337
2024-06-01 16:37:44,0.106170995,0.0343806762700751,1.62033033,161.29672159696383,161.49022905465196
2024-06-01 16:37:48,0.106174615,0.0343815733803531,1.62037261,161.29728511494523,161.491161566749
2024-06-01 16:37:52,0.106174615,0.0343806121907696,1.62032731,161.30017403870528,161.4944194779667
2024-06-01 16:37:56,0.106174313,0.0343813170631308,1.62036053,161.29708444349777,161.4916988636179
2024-06-01 16:38:01,0.106173107,0.0343802277149362,1.62030919,161.29899189090162,161.4940675279053
2024-06-01 16:38:05,0.106172503,0.0343812529838252,1.62035751,161.2944848729624,161.4899294761929
2024-06-01 16:38:09,0.106172503,0.0343819576440033,1.62039072,161.2917276161521,161.48754117920214
2024-06-01 16:38:13,0.106174917,0.0343807403493807,1.62033335,161.2981340299628,161.49431654648387
2024-06-01 16:38:17,0.10617552,0.034379971609897,1.62029712,161.3010326632986,161.49758412700103
2024-06-01 16:38:21,0.106180346,0.034379523054758,1.62027598,161.30748132406893,161.50440172872177
2024-06-01 16:38:26,0.10618095,0.034380996666603,1.62034543,161.30268779642958,161.5000693685974
2024-06-01 16:38:30,0.106180648,0.0343811248252141,1.62035147,161.3015529903638,161.49930348967663
2024-06-01 16:38:34,0.106180346,0.0343808685079918,1.62033939,161.30172143383805,161.4998408542553
2024-06-01 16:38:38,0.106177631,0.0343820217233089,1.62039374,161.2944638125081,161.4929521480476
2024-06-01 16:38:43,0.106186983,0.0343811889045197,1.62035449,161.30708989690058,161.50603936801951
2024-06-01 16:38:47,0.106189396,0.0343839438902928,1.62048433,161.30003095242512,161.49934932541984
2024-06-01 16:38:51,0.106191809,0.0343819576440033,1.62039072,161.3090429814325,161.5087302505105
2024-06-01 16:38:55,0.106190603,0.0343819576440033,1.62039072,161.30735045411024,161.5074066135371
2024-06-01 16:38:59,0.106189396,0.0343815733803531,1.62037261,161.30695942057127,161.5073844646708
2024-06-01 16:39:04,0.106185475,0.0343804840321584,1.62032127,161.30588752722187,161.50677366926843
2024-06-01 16:39:08,0.106180045,0.0343806762700751,1.62033033,161.29890710065283,161.50016211481267
2024-06-01 16:39:12,0.10618638,0.0343819576440033,1.62039072,161.30114780825863,161.50277168904404
2024-06-01 16:39:16,0.106186078,0.0343799075305915,1.6202941,161.30739712963705,161.50938987161825
2024-06-01 16:39:21,0.106192111,0.0343798434512859,1.62029108,161.31377517995608,161.51622899088426
2024-06-01 16:39:25,0.106194826,0.0343806121907696,1.62032731,161.31378008658046,161.5166027466985
2024-06-01 16:39:29,0.106191809,0.0343807403493807,1.62033335,161.30966535315744,161.51285685722323
2024-06-01 16:39:33,0.106187285,0.0343808685079918,1.62033939,161.30389660300403,161.50745694583298
2024-06-01 16:39:37,0.106189095,0.0343800356892026,1.62030014,161.30833770105136,161.51226687751657
2024-06-01 16:39:41,0.106190905,0.0343815733803531,1.62037261,161.3047426706806,161.50904067571253
2024-06-01 16:39:46,0.106194826,0.0343798434512859,1.62029108,161.3144499699351,161.519209003634
2024-06-01 16:39:50,0.106198446,0.0343811889045197,1.62035449,161.3134929347616,161.51862078583082
2024-06-01 16:39:54,0.106197843,0.0343808685079918,1.62033939,161.3135485093672,161.51904517292377
2024-06-01 16:39:58,0.106198144,0.0343804199528529,1.62031825,161.31503081949367,161.52089629071182
2024-06-01 16:40:02,0.106202368,0.0343793948961469,1.62026994,161.32277380661458,161.52900808072576
2024-06-01 16:40:06,0.106198144,0.0343810607459085,1.62034845,161.3121207350651,161.5187238073578
2024-06-01 16:40:11,0.106202368,0.0343811248252141,1.62035147,161.31607863433038,161.52314269781152
2024-06-01 16:40:15,0.106204781,0.0343813170631308,1.62036053,161.31770651466664,161.52513936593718
2024-06-01 16:40:19,0.106205384,0.0343811248252141,1.62035147,161.31865133343763,161.5264529679713
2024-06-01 16:40:23,0.106212322,0.0343814452217419,1.62036657,161.3248111408202,161.53298155414774
2024-06-01 16:40:27,0.106212021,0.034379971609897,1.62029712,161.32910865550667,161.5376478432155
2024-06-01 16:40:32,0.106215942,0.0343810607459085,1.62034845,161.32925823939294,161.53825838895972
2024-06-01 16:40:36,0.106213529,0.0343813811424364,1.62036355,161.32515466548494,161.53452357971233
2024-06-01 16:40:40,0.106216244,0.0343819576440033,1.62039072,161.32581104139393,161.53554871605354
2024-06-01 16:40:44,0.106216847,0.0343803558735473,1.62031523,161.3315354174627,161.54164184838282
2024-06-01 16:40:48,0.106220165,0.0343810607459085,1.62034845,161.33241825129863,161.542893434364
2024-06-01 16:40:53,0.106223182,0.0343808685079918,1.62033939,161.33592058088024,161.5468566984261
2024-06-01 16:40:57,0.106221372,0.0343808044286863,1.62033637,161.3337825164914,161.54508737712945
2024-06-01 16:41:01,0.106220769,0.0343804199528529,1.62031825,161.33405571408014,161.54572931387833
2024-06-01 16:41:05,0.106218356,0.034380099556325,1.62030315,161.33212496764435,161.54416730272692
2024-06-01 16:41:09,0.106220467,0.0343790744996191,1.62025484,161.33754949259753,161.54996055914484
2024-06-01 16:41:13,0.106224389,0.0343806121907696,1.62032731,161.3362708887576,161.5490506830062
2024-06-01 16:41:18,0.106223785,0.0343797152926748,1.62028504,161.33818864687598,161.55142934554408
2024-06-01 16:41:22,0.106223484,0.0343792026582302,1.62026088,161.33922808721186,161.55283750531822
2024-06-01 16:41:26,0.106227405,0.034379971609897,1.62029712,161.3405553224459,161.55453345640905
2024-06-01 16:41:30,0.106224087,0.0343786900237857,1.62023672,161.34089114168074,161.55523798797498
2024-06-01 16:41:34,0.106224087,0.0343785618651745,1.62023068,161.34095709243343,161.55567264758892
2024-06-01 16:41:39,0.106223484,0.0343786900237857,1.62023672,161.3393996650605,161.55457610149813
2024-06-01 16:41:43,0.106229215,0.0343797152926748,1.62028504,161.34184430136096,161.55738943905646
2024-06-01 16:41:47,0.106229819,0.0343788822617024,1.62024578,161.34496389710918,161.56087773277375
2024-06-01 16:41:51,0.106225595,0.0343776008877742,1.62018539,161.34430476537705,161.56058729577734
2024-06-01 16:41:56,0.10623193,0.0343782416808298,1.62021559,161.34862422388832,161.56536761824606
2024-06-01 16:42:00,0.106232835,0.0343789463410079,1.6202488,161.34685881822185,161.5639709002432
2024-06-01 16:42:04,0.106240678,0.0343793308168414,1.62026692,161.3537948406335,161.57127560726536
2024-06-01 16:42:08,0.106238567,0.0343786259444801,1.6202337,161.3534999554486,161.5713494036931
2024-06-01 16:42:12,0.10623374,0.034377472729163,1.62017935,161.35174458565498,161.56996271256952
2024-06-01 16:42:17,0.106234947,0.0343781776015243,1.62021257,161.35021767522244,161.56889664642057
2024-06-01 16:42:21,0.106236757,0.0343787541030913,1.62023974,161.3498802896166,161.56892793306562
2024-06-01 16:42:25,0.106239773,0.0343790744996191,1.62025484,161.3517353527308,161.5711516656672
2024-06-01 16:42:29,0.106241885,0.0343792667375358,1.6202639,161.3530328311783,161.57281781089364
2024-06-01 16:42:33,0.106245203,0.0343793308168414,1.62026692,161.35608876356306,161.5762424074038
2024-06-01 16:42:38,0.106244902,0.0343790104203135,1.62025182,161.35638437633145,161.57699884668097
2024-06-01 16:42:42,0.106243997,0.034379523054758,1.62027598,161.35328344917912,161.57426657788412
2024-06-01 16:42:46,0.1062446,0.0343797152926748,1.62028504,161.35292458608978,161.57427637067485
2024-06-01 16:42:50,0.106247918,0.0343790104203135,1.62025182,161.35858890782396,161.5803093458684
2024-06-01 16:42:54,0.106250633,0.0343790744996191,1.62025484,161.36098298573523,161.58307207487286
2024-06-01 16:42:58,0.106250935,0.0343809325872974,1.62034241,161.35464289290218,161.57710063082152
2024-06-01 16:43:03,0.10625546,0.0343808685079918,1.62033939,161.3593660190638,161.5822845647927
2024-06-01 16:43:07,0.106253951,0.034379971609897,1.62029712,161.36038355286848,161.5836707423773
2024-06-01 16:43:11,0.106252141,0.0343791385789246,1.62025786,161.3608541091008,161.5845099402549
2024-06-01 16:43:15,0.106254856,0.0343791385789246,1.62025786,161.36346556628257,161.5874900370017
2024-06-01 16:43:19,0.10625184,0.0343797793719803,1.62028806,161.3576126813593,161.58200578961737
2024-06-01 16:43:24,0.106256968,0.0343796512133692,1.62028202,161.36321525464993,161.58806915706512
2024-06-01 16:43:28,0.106259381,0.0343791385789246,1.62025786,161.36723432931942,161.592456864913
2024-06-01 16:43:32,0.106254555,0.0343792026582302,1.62026088,161.36135109472522,161.5869422616471
2024-06-01 16:43:36,0.106257571,0.0343792026582302,1.62026088,161.36429294586912,161.5902527423232
2024-06-01 16:43:41,0.106263604,0.0343810607459085,1.62034845,161.36415058343493,161.59057116436057
2024-06-01 16:43:45,0.106265414,0.0343808044286863,1.62033637,161.36663811859057,161.59342732520426
2024-06-01 16:43:49,0.106261794,0.0343806121907696,1.62032731,161.362948366577,161.59010619725768
2024-06-01 16:43:53,0.106263604,0.0343790744996191,1.62025484,161.36978315648116,161.59730960966164
2024-06-01 16:43:57,0.106266319,0.0343794589754525,1.62027296,161.37109018915405,161.59898526332069
2024-06-01 16:44:01,0.106269336,0.0343799075305915,1.6202941,161.37251126612998,161.6007749598229
2024-06-01 16:44:06,0.106268733,0.034380099556325,1.62030315,161.3707371333984,161.59946159952776
2024-06-01 16:44:10,0.106271448,0.0343799075305915,1.6202941,161.37400006213048,161.60309314469708
2024-06-01 16:44:14,0.106272353,0.0343790104203135,1.62025182,161.3776686736616,161.6071303713794
2024-06-01 16:44:18,0.106272956,0.0343802917942417,1.62031221,161.37361429516355,161.6034446068
2024-06-01 16:44:22,0.106272051,0.034379523054758,1.62027598,161.37486058343686,161.60505950781263
2024-06-01 16:44:26,0.106272051,0.0343796512133692,1.62028202,161.37405713691803,161.6046246729071
2024-06-01 16:44:31,0.106276274,0.0343817015389642,1.62037865,161.37127520638361,161.60230350538689
2024-06-01 16:44:35,0.106279592,0.034380548111464,1.62032429,161.3784617699721,161.6098586782496
2024-06-01 16:44:39,0.106279894,0.0343804840321584,1.62032127,161.3786420600987,161.61040757669713
2024-06-01 16:44:43,0.106280196,0.0343790744996191,1.62025484,161.38338770711658,161.6155218311356
2024-06-01 16:44:47,0.106280799,0.0343802277149362,1.62030919,161.37976788295316,161.61227061354552
2024-06-01 16:44:52,0.106281101,0.0343791385789246,1.62025786,161.38333427645983,161.61629776415788
2024-06-01 16:44:56,0.106279894,0.0343799075305915,1.6202941,161.37903159638475,161.61236368894302
2024-06-01 16:45:00,0.106277782,0.0343804840321584,1.62032127,161.374388733952,161.60808943069492
2024-06-01 16:45:04,0.106281402,0.0343810607459085,1.62034845,161.37603667343456,161.61010597373922
2024-06-01 16:45:08,0.106285324,0.0343810607459085,1.62034845,161.37997281292115,161.61441071621738
2024-06-01 16:45:13,0.106284419,0.034379971609897,1.62029712,161.3822143493292,161.61711300564315
2024-06-01 16:45:17,0.106287134,0.0343796512133692,1.62028202,161.38591302223975,161.6211802804545
2024-06-01 16:45:21,0.106286531,0.034380099556325,1.62030315,161.38336116367697,161.618997023393
2024-06-01 16:45:25,0.106289245,0.0343811889045197,1.62035449,161.3822750338794,161.61827949474974
2024-06-01 16:45:29,0.106288944,0.0343803558735473,1.62031523,161.38440274135255,161.62077580308244
2024-06-01 16:45:33,0.106289547,0.034380548111464,1.62032429,161.38404367330807,161.62078533565506
2024-06-01 16:45:38,0.106291055,0.0343798434512859,1.62029108,161.38762932601514,161.62483173887222
2024-06-01 16:45:42,0.106288642,0.0343802917942417,1.62031221,161.38309075348715,161.6206617666068
2024-06-01 16:45:46,0.106292262,0.0343796512133692,1.62028202,161.38886933223185,161.6268089455412
2024-06-01 16:45:50,0.106287737,0.0343797793719803,1.62028806,161.3830990441896,161.62140725766784
2024-06-01 16:45:55,0.106294675,0.0343788181823968,1.62024276,161.3935156582322,161.63228462197142
2024-06-01 16:45:59,0.10629558,0.0343795871340636,1.620279,161.3915307949501,161.63066835900133
2024-06-01 16:46:03,0.106294977,0.0343806121907696,1.62032731,161.3870217142981,161.62652787880933
2024-06-01 16:46:07,0.106296787,0.0343788822617024,1.62024578,161.39451063774808,161.63438540291895
2024-06-01 16:46:11,0.106295279,0.0343791385789246,1.62025786,161.39161687926966,161.63186024535167
2024-06-01 16:46:16,0.106294675,0.0343789463410079,1.6202488,161.39114555900676,161.63184967666007
2024-06-01 16:46:20,0.106295882,0.0343795871340636,1.620279,161.3899271256464,161.63099984496554
2024-06-01 16:46:24,0.106296184,0.034378497785869,1.62022766,161.3935870627025,161.6350283841067
2024-06-01 16:46:28,0.106301915,0.0343795871340636,1.620279,161.39581195684036,161.6376218808004
2024-06-01 16:46:32,0.106302519,0.0343792667375358,1.6202639,161.39719373475458,161.63937226179257
2024-06-01 16:46:36,0.106297692,0.0343787541030913,1.62023974,161.3932666121314,161.63581374282091
2024-06-01 16:46:41,0.106301915,0.0343791385789246,1.62025786,161.39613636437613,161.63914425051473
2024-06-01 16:46:45,0.106300105,0.034379523054758,1.62027598,161.39247614427086,161.635852635539
2024-06-01 16:46:49,0.10630463,0.0343791385789246,1.62025786,161.39837927302995,161.6421243701678
2024-06-01 16:46:53,0.106307043,0.0343797152926748,1.62028504,161.39870187611817,161.64281557991697
2024-06-01 16:46:57,0.106309457,0.0343806762700751,1.62033033,161.39772137714158,161.64220368844371
2024-06-01 16:47:02,0.106310965,0.0343801636356306,1.62030617,161.40065569084032,161.64559876278386
2024-06-01 16:47:06,0.106309155,0.0343810607459085,1.62034845,161.39525566854823,161.64056735007682
2024-06-01 16:47:10,0.106309457,0.0343789463410079,1.6202488,161.4023949370392,161.64807522916078
2024-06-01 16:47:14,0.106312473,0.0343798434512859,1.62029108,161.4022918200316,161.64834072380495
2024-06-01 16:47:18,0.106311568,0.0343804840321584,1.62032127,161.39875566455368,161.6451731810884
2024-06-01 16:47:23,0.106313077,0.034378497785869,1.62022766,161.40669307391204,161.65357135803606
2024-06-01 16:47:27,0.106311568,0.0343788822617024,1.62024578,161.4033629931268,161.65060989269404
2024-06-01 16:47:31,0.10631187,0.0343793948961469,1.62026994,161.4015858277418,161.6492013440264
2024-06-01 16:47:35,0.106313982,0.0343791385789246,1.62025786,161.40440547668095,161.65238961100772
2024-06-01 16:47:39,0.106314585,0.0343796512133692,1.62028202,161.40295867667234,161.6513114304164
2024-06-01 16:47:44,0.106315792,0.0343797793719803,1.62028806,161.40338774034592,161.6522012703723
2024-06-01 16:47:48,0.106318205,0.0343801636356306,1.62030617,161.4043633861229,161.65354553884498
2024-06-01 16:47:52,0.106317601,0.034380548111464,1.62032429,161.40202678045696,161.65157755741365
2024-06-01 16:47:56,0.106315792,0.0343790744996191,1.62025484,161.4046744846334,161.6545938874137
2024-06-01 16:48:01,0.106317903,0.0343790744996191,1.62025484,161.40653086125312,161.656911048624
2024-06-01 16:48:05,0.106315188,0.0343782416808298,1.62021559,161.40600911201946,161.65675792897272
2024-06-01 16:48:09,0.106318506,0.0343799075305915,1.6202941,161.403627789624,161.65474523791153
2024-06-01 16:48:13,0.106323333,0.0343808044286863,1.62033637,161.4055129549752,161.65699903639893
2024-06-01 16:48:17,0.106319411,0.0343806121907696,1.62032731,161.40149201780818,161.65334673421995
2024-06-01 16:48:22,0.106323031,0.0343797152926748,1.62028504,161.40804908002775,161.66036459285468
2024-06-01 16:48:26,0.10631911,0.034378497785869,1.62022766,161.407509502458,161.66019365462182
2024-06-01 16:48:30,0.106317601,0.0343791385789246,1.62025786,161.40330924325824,161.65636203677266
2024-06-01 16:48:35,0.106321523,0.0343790744996191,1.62025484,161.40737098134343,161.66088457945358
2024-06-01 16:48:39,0.106324841,0.0343790104203135,1.62025182,161.41086190667286,161.6647441508461
2024-06-01 16:48:43,0.106324238,0.034378497785869,1.62022766,161.41157165942462,161.66582255183584
2024-06-01 16:48:47,0.106325143,0.0343792667375358,1.6202639,161.4095859683648,161.66420551123855
2024-06-01 16:48:51,0.106323936,0.0343786900237857,1.62023672,161.40985024367734,161.66483843928748
2024-06-01 16:48:56,0.106322428,0.034377921284302,1.62020049,161.41034387456443,161.6657928893681
2024-06-01 16:49:00,0.106329668,0.0343789463410079,1.6202488,161.41444243958347,161.6702601124204
2024-06-01 16:49:04,0.106331478,0.0343800356892026,1.62030014,161.41236233927876,161.6685486725832
2024-06-01 16:49:08,0.106329065,0.0343790744996191,1.62025484,161.41260813831346,161.66916313456878
2024-06-01 16:49:12,0.106335701,0.0343810607459085,1.62034845,161.41278042674426,161.66970408848314
2024-06-01 16:49:17,0.106335098,0.034380996666603,1.62034543,161.41187527010837,161.6692597673378
2024-06-01 16:49:21,0.106338416,0.034380548111464,1.62032429,161.41667121179557,161.67442438038617
2024-06-01 16:49:25,0.106336908,0.0343804199528529,1.62031825,161.4150824176577,161.67320426030142
2024-06-01 16:49:29,0.106333288,0.0343781135222187,1.62020955,161.4185706694744,161.67706118891203
2024-06-01 16:49:33,0.106334494,0.0343789463410079,1.6202488,161.41669824247916,161.67555744150036
2024-06-01 16:49:38,0.106340226,0.0343790744996191,1.62025484,161.42209407035512,161.68141412285308
2024-06-01 16:49:42,0.106339321,0.0343793948961469,1.62026994,161.41964419555435,161.67933293409095
2024-06-01 16:49:46,0.106338114,0.0343785618651745,1.62023068,161.42077894856493,161.68083637608814
2024-06-01 16:49:50,0.106337813,0.0343786259444801,1.6202337,161.4198622896234,161.6802884091299
2024-06-01 16:49:54,0.106338416,0.0343790104203135,1.62025182,161.41885010469582,161.67964491923078
2024-06-01 16:49:59,0.106339321,0.0343792026582302,1.62026088,161.41872992761404,161.67998561529072
2024-06-01 16:50:03,0.106342338,0.0343803558735473,1.62031523,161.41775748634797,161.679381876082
2024-06-01 16:50:07,0.106340829,0.0343790104203135,1.62025182,161.42030048383992,161.68229357883385
2024-06-01 16:50:11,0.106348672,0.0343798434512859,1.62029108,161.42571222946813,161.6880740329729
2024-06-01 16:50:15,0.106348974,0.0343802277149362,1.62030919,161.42437029919407,161.68710081450877
2024-06-01 16:50:20,0.106347466,0.0343817656182698,1.62038167,161.41703285449233,161.6802242642823
2024-06-01 16:50:24,0.106347466,0.0343808685079918,1.62033939,161.41970985636013,161.68326998555924
2024-06-01 16:50:28,0.106344751,0.0343808044286863,1.62033637,161.41657869292632,161.68050754499018
2024-06-01 16:50:32,0.106345052,0.0343798434512859,1.62029108,161.4198030125845,161.68410059101666
2024-06-01 16:50:36,0.106342338,0.0343790744996191,1.62025484,161.41906607337174,161.6837323817238
2024-06-01 16:50:41,0.106343846,0.0343786900237857,1.62023672,161.42156587744114,161.68669310326032
2024-06-01 16:50:45,0.106340829,0.0343783055479523,1.6202186,161.4191909024815,161.68468686638658
2024-06-01 16:50:49,0.106346862,0.0343776649670797,1.62018841,161.42761969834834,161.6934844040464
2024-06-01 16:50:53,0.106345957,0.0343792667375358,1.6202639,161.42081863685115,161.68705208809683
2024-06-01 16:50:58,0.106345957,0.0343792026582302,1.62026088,161.4205752743515,161.6872696628845
2024-06-01 16:51:02,0.106345957,0.0343792026582302,1.62026088,161.42020652018152,161.6872696628845
2024-06-01 16:51:06,0.106347466,0.0343793948961469,1.62026994,161.4208413943553,161.68827329513766
2024-06-01 16:51:10,0.106342941,0.0343790744996191,1.62025484,161.41659360815655,161.6843942709753
2024-06-01 16:51:14,0.106341734,0.0343788181823968,1.62024276,161.41577024514245,161.68393967400186
2024-06-01 16:51:18,0.106342036,0.0343793308168414,1.62026692,161.41399242063156,161.68253061958336
2024-06-01 16:51:22,0.106342941,0.0343783696272578,1.62022162,161.41788062399513,161.68678759713833
2024-06-01 16:51:27,0.106347164,0.034377921284302,1.62020049,161.4235775823558,161.69294552907448
2024-06-01 16:51:31,0.106348672,0.0343779853636076,1.62020351,161.42464652969184,161.6943832599974
2024-06-01 16:51:35,0.106347164,0.0343796512133692,1.62028202,161.41696599219728,161.6870715103421
2024-06-01 16:51:40,0.106342639,0.0343792026582302,1.62026088,161.41306113009207,161.6836276390876
2024-06-01 16:51:44,0.106336304,0.0343797793719803,1.62028806,161.40378071333274,161.6747160199074
2024-06-01 16:51:48,0.106332986,0.0343786900237857,1.62023672,161.40346826889794,161.67477237745695
2024-06-01 16:51:52,0.106336908,0.0343794589754525,1.62027296,161.40479383527207,161.67646675026748
2024-06-01 16:51:56,0.106337209,0.0343786259444801,1.6202337,161.40758368763704,161.6796254135677
2024-06-01 16:52:01,0.106347164,0.0343800356892026,1.62030014,161.41326334703254,161.68576609303017
2024-06-01 16:52:05,0.106342036,0.0343788822617024,1.62024578,161.41118203107098,161.68405359829734
2024-06-01 16:52:09,0.106341433,0.0343794589754525,1.62027296,161.40819321515212,161.681433608258
2024-06-01 16:52:13,0.106336908,0.0343781135222187,1.62020955,161.40742560713178,161.68103483081444
2024-06-01 16:52:18,0.106336908,0.0343791385789246,1.62025786,161.40348425900305,161.67755452758325
2024-06-01 16:52:22,0.106328763,0.0343777290463853,1.62019143,161.3989603640346,161.67339947393066
2024-06-01 16:52:26,0.106328763,0.0343775368084686,1.62018237,161.3992441975177,161.67405215357806
2024-06-01 16:52:30,0.106334193,0.0343786259444801,1.6202337,161.40113801933634,161.67631482645567
2024-06-01 16:52:34,0.106339623,0.0343788181823968,1.62024276,161.4060768323962,161.68162249551554
2024-06-01 16:52:39,0.106348069,0.0343791385789246,1.62025786,161.4137987528947,161.68980549303296
2024-06-01 16:52:43,0.106349879,0.0343785618651745,1.62023068,161.4173749364259,161.69375054385054
2024-06-01 16:52:47,0.106354404,0.0343781776015243,1.62021257,161.42327794939544,161.7000224291977
2024-06-01 16:52:51,0.106353801,0.034377921284302,1.62020049,161.4231175903244,161.70023094764142
2024-06-01 16:52:55,0.106354102,0.0343778572049964,1.62019747,161.42329672720408,161.70077896721915
2024-06-01 16:53:00,0.106357722,0.0343765756188851,1.62013707,161.4311618402271,161.7091051909737
2024-06-01 16:53:04,0.106357119,0.0343760631966237,1.62011292,161.43187137224479,161.71018361751965
2024-06-01 16:53:08,0.106356817,0.0343768960154129,1.62015217,161.42834243169847,161.70702357683405
2024-06-01 16:53:12,0.106357722,0.0343779853636076,1.62020351,161.42526738462115,161.70431743499557
2024-06-01 16:53:16,0.106353197,0.0343767678568018,1.62014613,161.42406604598028,161.70348500701752
2024-06-01 16:53:21,0.106349577,0.0343782416808298,1.62021559,161.41462618156916,161.69450628863183
2024-06-01 16:53:25,0.106348371,0.0343765756188851,1.62013707,161.4185911218529,161.69884015194904
2024-06-01 16:53:29,0.106353801,0.0343768319361074,1.62014915,161.42331246147998,161.70393042018165
2024-06-01 16:53:33,0.106353197,0.0343773445705519,1.62017331,161.42053954442238,161.70152643734724
2024-06-01 16:53:37,0.106353499,0.0343781776015243,1.62021257,161.4176731875902,161.69902902040127
2024-06-01 16:53:42,0.106355007,0.0343791385789246,1.62025786,161.41560403133994,161.69742104704156
2024-06-01 16:53:46,0.106348069,0.0343788181823968,1.62024276,161.4087074363025,161.69089340479803
2024-06-01 16:53:50,0.106348371,0.0343792667375358,1.6202639,161.40714689850725,161.68970182560696
2024-06-01 16:53:54,0.106353499,0.0343794589754525,1.62027296,161.4117539395745,161.69467783113393
2024-06-01 16:53:58,0.106353197,0.0343790744996191,1.62025484,161.41235901463244,161.6956518765522
2024-06-01 16:54:03,0.106353801,0.0343771523326352,1.62016425,161.41908823244776,161.70284231568448
2024-06-01 16:54:07,0.106358326,0.0343769600947185,1.62015519,161.42433936615157,161.70846243318988
2024-06-01 16:54:11,0.106360739,0.0343768960154129,1.62015217,161.42683685016007,161.71132890704695
2024-06-01 16:54:15,0.106361342,0.0343772804912463,1.62017029,161.42582397983006,161.7106850326574
2024-06-01 16:54:19,0.10636647,0.0343770882533296,1.62016123,161.4317370507487,161.71696710565328
2024-06-01 16:54:24,0.106370392,0.034376319513846,1.620125,161.43819227684435,161.72388359304352
2024-06-01 16:54:28,0.1063719,0.0343778572049964,1.62019747,161.43425563769776,161.7203159699455
2024-06-01 16:54:32,0.106376425,0.0343777290463853,1.62019143,161.43928905708358,161.72571841166211
2024-06-01 16:54:36,0.106375822,0.0343770241740241,1.62015821,161.4406523801694,161.72745076340544
2024-06-01 16:54:41,0.106374917,0.0343773445705519,1.62017331,161.43810932742332,161.7253690054461
2024-06-01 16:54:45,0.106372202,0.0343759991173181,1.6201099,161.43933015737582,161.7269588784542
2024-06-01 16:54:49,0.10637009,0.0343765117517627,1.62013406,161.43490131527494,161.72289908588033
2024-06-01 16:54:53,0.106373107,0.0343775368084686,1.62018237,161.43436233395312,161.72272916060123
2024-06-01 16:54:57,0.106374012,0.0343770241740241,1.62015821,161.43672797496166,161.72546386421266
2024-06-01 16:55:01,0.10637009,0.0343772164119408,1.62016727,161.43140063377058,161.72050559222882
2024-06-01 16:55:05,0.106371297,0.0343770241740241,1.62015821,161.43300948110942,161.72248351542348
2024-06-01 16:55:10,0.106374313,0.0343770241740241,1.62015821,161.43585889370442,161.7257942822552
2024-06-01 16:55:14,0.106372202,0.0343763835931515,1.62012802,161.43534838677377,161.7256528663012
2024-06-01 16:55:18,0.106370995,0.0343756787207903,1.6200948,161.43604864970348,161.7267222269995
2024-06-01 16:55:22,0.106368582,0.0343774086498575,1.62017633,161.42715459490748,161.71819727680804
2024-06-01 16:55:26,0.106366169,0.0343779853636076,1.62020351,161.42217794449928,161.71358973788426
2024-06-01 16:55:31,0.106360739,0.0343761272759293,1.62011594,161.42206668805733,161.7139398805395
2024-06-01 16:55:35,0.10636104,0.0343752942449569,1.62007668,161.42485746277956,161.71709978238624
2024-06-01 16:55:39,0.106366772,0.0343761913552348,1.62011896,161.42773357298657,161.72034502674006
2024-06-01 16:55:43,0.106367074,0.0343750379277346,1.6200646,161.4316139346205,161.72459452958674
2024-06-01 16:55:48,0.106376425,0.0343756787207903,1.6200948,161.43924112639235,161.73268315787766
2024-06-01 16:55:52,0.106375218,0.0343760631966237,1.62011292,161.4362408783609,161.730052067117
2024-06-01 16:55:56,0.106381553,0.0343756787207903,1.6200948,161.444132206769,161.73831256000352
2024-06-01 16:56:00,0.106385777,0.034375870958707,1.62010386,161.4477469412246,161.74229646618872
2024-06-01 16:56:04,0.106384268,0.034376319513846,1.620125,161.44419736327905,161.73911606726722
2024-06-01 16:56:09,0.106387586,0.0343767678568018,1.62014613,161.44585508732212,161.74123527541445
2024-06-01 16:56:13,0.10639181,0.0343763835931515,1.62012802,161.4514282590496,161.74717764273723
2024-06-01 16:56:17,0.106393016,0.0343763835931515,1.62012802,161.4523829483274,161.7485015350456
2024-06-01 16:56:21,0.106389095,0.0343759350380126,1.62010688,161.4492333668461,161.7457211640733
2024-06-01 16:56:26,0.10638457,0.0343756787207903,1.6200948,161.44467523324923,161.74162455419497
2024-06-01 16:56:30,0.106393318,0.0343752301656513,1.62007366,161.4554334316278,161.7527519800667
2024-06-01 16:56:34,0.106393016,0.0343783696272578,1.62022162,161.4440666087679,161.74175439231843
2024-06-01 16:56:38,0.106389698,0.0343752942449569,1.62007668,161.45050321053105,161.7485602368546
2024-06-01 16:56:42,0.106392111,0.0343756787207903,1.6200948,161.45147661620666,161.74990289300752
2024-06-01 16:56:46,0.106394525,0.0343749738484291,1.62006158,161.4561524091421,161.75494794416738
2024-06-01 16:56:51,0.106394826,0.0343745895847788,1.62004347,161.45732695183568,161.7565840706011
2024-06-01 16:56:55,0.106394826,0.0343749738484291,1.62006158,161.45565198988322,161.75527838446058
2024-06-01 16:56:59,0.106391508,0.0343751020070402,1.62006762,161.45120472933553,161.75120040761078
2024-06-01 16:57:03,0.106392111,0.0343759991173181,1.6201099,161.448449353626,161.7488143235278
2024-06-01 16:57:07,0.106390301,0.0343765756188851,1.62013707,161.4441344758566,161.7448687453562
2024-06-01 16:57:11,0.106390905,0.0343752301656513,1.62007366,161.44899941132107,161.75010298843213
2024-06-01 16:57:16,0.106396033,0.0343757428000959,1.62009782,161.4524254598801,161.7539906828395
2024-06-01 16:57:20,0.106398446,0.0343762554345404,1.62012198,161.45296327416983,161.75489782292672
2024-06-01 16:57:24,0.106398446,0.0343761272759293,1.62011594,161.4530293883615,161.7553332710674
2024-06-01 16:57:28,0.106398145,0.0343752942449569,1.62007668,161.45516010106277,161.75783332591143
2024-06-01 16:57:33,0.106396033,0.0343761913552348,1.62011896,161.4493317149109,161.75246662902487
2024-06-01 16:57:37,0.106393318,0.0343748456898179,1.62005554,161.45055407434486,161.75405834919192
2024-06-01 16:57:41,0.106398748,0.0343759350380126,1.62010688,161.45244433428655,161.75631797819747
2024-06-01 16:57:45,0.106399653,0.0343759350380126,1.62010688,161.45306844556606,161.75731146691373
2024-06-01 16:57:49,0.106402971,0.0343752942449569,1.62007668,161.45851889210525,161.76313129930458
2024-06-01 16:57:54,0.106404178,0.0343759350380126,1.62010688,161.45720475908382,161.76227891049498
2024-06-01 16:57:58,0.106398748,0.034376319513846,1.620125,161.4495680688478,161.7550116251973
2024-06-01 16:58:02,0.106401463,0.0343766396981907,1.62014009,161.4510911761583,161.7569041459971
2024-06-01 16:58:06,0.106399653,0.0343759350380126,1.62010688,161.4511290749928,161.75731146691373
2024-06-01 16:58:10,0.106401463,0.0343759350380126,1.62010688,161.45274662170874,161.75929844434626
2024-06-01 16:58:15,0.106400256,0.0343758068794014,1.62010084,161.45139526722534,161.7584088904643
2024-06-01 16:58:19,0.106402669,0.0343749738484291,1.62006158,161.4565054212886,161.7638884948239
2024-06-01 16:58:23,0.106404781,0.0343752942449569,1.62007668,161.45736578117513,161.7651183137765
2024-06-01 16:58:27,0.106404781,0.0343759991173181,1.6201099,161.45460113002656,161.76272313050512
2024-06-01 16:58:31,0.106402669,0.0343753583242625,1.6200797,161.4540905434141,161.76258202062252
2024-06-01 16:58:35,0.106402971,0.0343760631966237,1.62011292,161.45165745858503,161.76051842141723
2024-06-01 16:58:40,0.106401463,0.0343745895847788,1.62004347,161.4545474731929,161.76387030562495
2024-06-01 16:58:44,0.106405686,0.0343753583242625,1.6200797,161.45620173294938,161.76589407116774
2024-06-01 16:58:48,0.106409306,0.0343768319361074,1.62014915,161.4547987679045,161.7648606209372
2024-06-01 16:58:52,0.106412323,0.0343764476724571,1.62013104,161.45904691228915,161.7694782892055
2024-06-01 16:58:57,0.106412926,0.0343769600947185,1.62015519,161.45750568798604,161.7683989825732
2024-06-01 16:59:01,0.106414736,0.034376319513846,1.620125,161.46129985793266,161.77256269695948
2024-06-01 16:59:05,0.106415339,0.0343764476724571,1.62013104,161.46115674436552,161.77278913703458
2024-06-01 16:59:09,0.106415641,0.034375870958707,1.62010386,161.46307854233,161.77508049788491
2024-06-01 16:59:13,0.106420166,0.0343759991173181,1.6201099,161.4672408794733,161.7796124071985
2024-06-01 16:59:18,0.106421674,0.0343759350380126,1.62010688,161.46865212110103,161.78148562715745
2024-06-01 16:59:22,0.106424389,0.0343770241740241,1.62015821,161.46756156554912,161.78076466481502
2024-06-01 16:59:26,0.106420769,0.0343756787207903,1.6200948,161.46779053503462,161.7813632369268
2024-06-01 16:59:30,0.106425294,0.0343752301656513,1.62007366,161.4739129219991,161.78785523597514
2024-06-01 16:59:34,0.106421976,0.0343747177433899,1.62004951,161.47164237970506,161.78595431526315
2024-06-01 16:59:39,0.106421976,0.0343741410296398,1.62002233,161.47314049022077,161.78791446617493
2024-06-01 16:59:43,0.106423484,0.0343758068794014,1.62010084,161.46876454426544,161.7839081633206
2024-06-01 16:59:47,0.106422579,0.0343745895847788,1.62004347,161.47153861267944,161.78705188446534
2024-06-01 16:59:51,0.10642831,0.0343758068794014,1.62010084,161.47332312352023,161.7892060577069
2024-06-01 16:59:55,0.106431629,0.0343760631966237,1.62011292,161.47572580792053,161.79197841421845
2024-06-01 16:59:59,0.106433439,0.0343761913552348,1.62011896,161.47690750310588,161.79352979126566
2024-06-01 17:00:04,0.106431629,0.0343751020070402,1.62006762,161.47816100526046,161.7952454095207
2024-06-01 17:00:08,0.106431327,0.034375422403568,1.62008272,161.47637074880325,161.79382485701126
2024-06-01 17:00:12,0.106429819,0.0343751020070402,1.62006762,161.47543456189973,161.7932583839367
2024-06-01 17:00:16,0.10643555,0.0343744614261676,1.62003743,161.48353382460758,161.80172737039464
2024-06-01 17:00:20,0.106438265,0.0343752942449569,1.62007668,161.48331371865825,161.80187699815662
2024-06-01 17:00:25,0.106437059,0.0343760631966237,1.62011292,161.4789138635866,161.7979393242928
2024-06-01 17:00:29,0.106437662,0.0343760631966237,1.62011292,161.47920606473386,161.7986012817099
2024-06-01 17:00:33,0.106440377,0.0343757428000959,1.62009782,161.4829058416092,161.8026708249459
2024-06-01 17:00:37,0.10643917,0.0343751020070402,1.62006762,161.48338921821463,161.8035239780424
2024-06-01 17:00:41,0.106436455,0.0343738847124175,1.62001025,161.4841768247814,161.80468137127053
2024-06-01 17:00:46,0.106433439,0.034373372077973,1.61998609,161.48214609558178,161.80311288975986
2024-06-01 17:00:50,0.10643555,0.0343747818226955,1.62005253,161.4793016586999,161.80063826256728
2024-06-01 17:00:54,0.106441885,0.0343752301656513,1.62007366,161.48436246024514,161.80606888410065
2024-06-01 17:00:58,0.106443393,0.0343748456898179,1.62005554,161.48695511924763,161.8090313734297
2024-06-01 17:01:02,0.10644641,0.0343751020070402,1.62006762,161.48902604666972,161.81147214155618
2024-06-01 17:01:06,0.106446108,0.0343756146414847,1.62009178,161.48658198544732,161.8093979314554
2024-06-01 17:01:11,0.106443997,0.034375870958707,1.62010386,161.48293091034188,161.80620918496106
2024-06-01 17:01:15,0.106446712,0.0343747818226955,1.62005253,161.48924401207015,161.81289216139328
2024-06-01 17:01:19,0.106444298,0.0343740769503342,1.62001931,161.48862024337754,161.81263827794953
2024-06-01 17:01:23,0.106447013,0.0343741410296398,1.62002233,161.49101314622234,161.8154010766271
2024-06-01 17:01:27,0.106443997,0.0343741410296398,1.62002233,161.48733214428043,161.81208998114107
2024-06-01 17:01:32,0.106452142,0.0343746536640844,1.62004649,161.49406881323054,161.81928904815925
2024-06-01 17:01:36,0.106449728,0.0343752942449569,1.62007668,161.48887098864492,161.81446115407408
2024-06-01 17:01:40,0.106450332,0.0343753583242625,1.6200797,161.4889462796355,161.81490638631493
2024-06-01 17:01:44,0.106453348,0.0343755505621792,1.62008876,161.49123376353086,161.81756382224927
2024-06-01 17:01:48,0.106452142,0.0343755505621792,1.62008876,161.48953985589642,161.8162398774813
2024-06-01 17:01:53,0.106456063,0.0343753583242625,1.6200797,161.49403541318915,161.82119790364237
2024-06-01 17:01:57,0.106452745,0.0343750379277346,1.6200646,161.49111215787985,161.8186446357031
2024-06-01 17:02:01,0.106458476,0.034375422403568,1.62008272,161.49572657090442,161.82362904705104
2024-06-01 17:02:05,0.106458175,0.0343763835931515,1.62012802,161.4917583486754,161.82003083413736
2024-06-01 17:02:09,0.106460588,0.0343759991173181,1.6201099,161.4953443689251,161.82398687473287
2024-06-01 17:02:13,0.106456365,0.0343740769503342,1.62001931,161.49687344089716,161.82588597811974
2024-06-01 17:02:18,0.10645908,0.0343750379277346,1.6200646,161.49612419962654,161.82559929174198
2024-06-01 17:02:22,0.106457571,0.0343749097691235,1.62005856,161.49453326513807,161.82437841371402
2024-06-01 17:02:26,0.106463303,0.0343759991173181,1.6201099,161.4967521420366,161.82696735826684
2024-06-01 17:02:30,0.106461493,0.0343747818226955,1.62005253,161.49853378605331,161.8291190811699
2024-06-01 17:02:35,0.106458778,0.0343751660863458,1.62007064,161.4937841161038,161.82483202568156
2024-06-01 17:02:39,0.10646089,0.0343745255054732,1.62004045,161.49791057217777,161.82932858605363
2024-06-01 17:02:43,0.106460286,0.0343745895847788,1.62004347,161.4966594935681,161.82844762309816
2024-06-01 17:02:47,0.106458476,0.0343744614261676,1.62003743,161.49473803542494,161.8268962920033
2024-06-01 17:02:51,0.10646632,0.0343747818226955,1.62005253,161.5018898770834,161.83441827214224
2024-06-01 17:02:56,0.106463001,0.0343745895847788,1.62004347,161.49843714455338,161.8314282288471
2024-06-01 17:03:00,0.106461493,0.0343739487917231,1.62001327,161.49859024533063,161.83195149396585
2024-06-01 17:03:04,0.106463001,0.0343728596557116,1.61996194,161.50357908895595,161.83731051348795
2024-06-01 17:03:08,0.106462398,0.0343731157607507,1.61997401,161.50167600987635,161.83577762189827
