time,sample_holder_res,sample_holder_temp,exhaust_res,exhaust_temp,target_temp,cooling_active,heating_active,proportional,integral,derivative
2023-10-26 09:18:55,517.042756,152.102,301.502216,100.197,130.000,0,0,20,6e-07,2
2023-10-26 09:18:57,517.153335,152.129,298.72523,99.543,130.000,0,0,20,6e-07,2
2023-10-26 09:18:59,517.257952,152.154,317.149847,103.892,130.000,1,0,20,6e-07,2
2023-10-26 09:19:01,517.359291,152.179,376.65937,118.030,130.000,1,0,20,6e-07,2
2023-10-26 09:19:03,517.457948,152.203,406.313239,125.126,130.000,1,0,20,6e-07,2
2023-10-26 09:19:05,517.554816,152.227,426.908299,130.072,130.000,1,0,20,6e-07,2
2023-10-26 09:19:07,517.650492,152.250,438.198354,132.791,130.000,1,0,20,6e-07,2
2023-10-26 09:19:09,517.744677,152.273,442.817027,133.904,130.000,1,0,20,6e-07,2
2023-10-26 09:19:11,517.837373,152.296,443.820283,134.146,130.000,1,0,20,6e-07,2
2023-10-26 09:19:13,517.92977,152.318,442.739234,133.885,130.000,1,0,20,6e-07,2
2023-10-26 09:19:15,518.020975,152.340,441.342843,133.548,130.000,1,0,20,6e-07,2
2023-10-26 09:19:17,518.112478,152.363,440.409034,133.323,130.000,1,0,20,6e-07,2
2023-10-26 09:19:19,518.202491,152.385,438.880008,132.955,130.000,1,0,20,6e-07,2
2023-10-26 09:19:21,518.292802,152.407,436.942347,132.488,130.000,1,0,20,6e-07,2
2023-10-26 09:19:23,518.382815,152.429,436.18916,132.306,130.000,1,0,20,6e-07,2
2023-10-26 09:19:25,518.472828,152.451,434.335253,131.860,130.000,1,0,20,6e-07,2
2023-10-26 09:19:27,518.564033,152.473,432.952572,131.527,130.000,1,0,20,6e-07,2
2023-10-26 09:19:28,518.654046,152.495,432.925151,131.520,130.000,1,0,20,6e-07,2
2023-10-26 09:19:30,518.744357,152.517,432.60951,131.444,130.000,1,0,20,6e-07,2
2023-10-26 09:19:32,518.833177,152.539,431.313563,131.132,130.000,1,0,20,6e-07,2
2023-10-26 09:19:34,518.92468,152.561,431.301939,131.130,130.000,1,0,20,6e-07,2
2023-10-26 09:19:36,519.012011,152.582,429.773211,130.762,130.000,1,0,20,6e-07,2
2023-10-26 09:19:38,519.100235,152.604,429.459954,130.686,130.000,1,0,20,6e-07,2
2023-10-26 09:19:40,519.184883,152.625,427.437348,130.200,130.000,1,0,20,6e-07,2
2023-10-26 09:19:42,519.267146,152.645,424.786141,129.562,130.000,1,0,20,6e-07,2
2023-10-26 09:19:44,519.348218,152.664,423.810009,129.327,130.000,1,0,20,6e-07,2
2023-10-26 09:19:46,519.425414,152.683,420.027382,128.418,130.000,1,0,20,6e-07,2
2023-10-26 09:19:48,519.501418,152.702,417.402405,127.787,130.000,1,0,20,6e-07,2
2023-10-26 09:19:50,519.573846,152.719,414.795609,127.161,130.000,1,0,20,6e-07,2
2023-10-26 09:19:52,519.643591,152.736,412.329197,126.569,130.000,1,0,20,6e-07,2
2023-10-26 09:19:54,519.708865,152.752,408.354325,125.615,130.000,1,0,20,6e-07,2
2023-10-26 09:19:56,519.773543,152.768,406.279261,125.117,130.000,1,0,20,6e-07,2
2023-10-26 09:19:58,519.834645,152.783,403.09364,124.354,130.000,1,0,20,6e-07,2
2023-10-26 09:20:00,519.893064,152.797,401.330938,123.931,130.000,1,0,20,6e-07,2
2023-10-26 09:20:02,519.948204,152.811,398.782263,123.321,130.000,1,0,20,6e-07,2
2023-10-26 09:20:04,519.999768,152.823,396.285152,122.723,130.000,1,0,20,6e-07,2
2023-10-26 09:20:06,520.050735,152.836,392.915631,121.916,130.000,1,0,20,6e-07,2
2023-10-26 09:20:08,520.09753,152.847,390.029259,121.225,130.000,1,0,20,6e-07,2
2023-10-26 09:20:10,520.141046,152.858,387.195046,120.547,130.000,1,0,20,6e-07,2
2023-10-26 09:20:12,520.182178,152.868,382.962058,119.536,130.000,1,0,20,6e-07,2
2023-10-26 09:20:14,520.218242,152.877,377.169939,118.152,130.000,1,0,20,6e-07,2
2023-10-26 09:20:15,520.252221,152.885,372.636213,117.070,130.000,1,0,20,6e-07,2
2023-10-26 09:20:17,520.280238,152.892,367.623808,115.875,130.000,1,0,20,6e-07,2
2023-10-26 09:20:19,520.303188,152.897,363.46742,114.884,130.000,1,0,20,6e-07,2
2023-10-26 09:20:21,520.32137,152.902,358.331323,113.661,130.000,1,0,20,6e-07,2
2023-10-26 09:20:23,520.33359,152.905,341.965079,109.771,130.000,1,0,20,6e-07,2
2023-10-26 09:20:25,520.342234,152.907,322.020675,105.044,130.000,1,0,20,6e-07,2
2023-10-26 09:20:27,520.343426,152.907,308.818294,101.923,130.000,1,0,20,6e-07,2
2023-10-26 09:20:29,520.337763,152.906,298.963675,99.599,130.000,1,0,20,6e-07,2
2023-10-26 09:20:31,520.324946,152.903,293.871392,98.399,130.000,1,0,20,6e-07,2
2023-10-26 09:20:33,520.307659,152.899,291.303641,97.795,130.000,1,0,20,6e-07,2
2023-10-26 09:20:35,520.284113,152.893,290.256869,97.548,130.000,1,0,20,6e-07,2
2023-10-26 09:20:37,520.256692,152.886,289.7308,97.425,130.000,1,0,20,6e-07,2
2023-10-26 09:20:39,520.226588,152.879,288.931117,97.236,130.000,1,0,20,6e-07,2
2023-10-26 09:20:41,520.190225,152.870,277.705739,94.598,130.000,1,0,20,6e-07,2
2023-10-26 09:20:43,520.149093,152.860,242.544991,86.368,130.000,1,0,20,6e-07,2
2023-10-26 09:20:45,520.103789,152.849,221.18363,81.393,130.000,1,0,20,6e-07,2
2023-10-26 09:20:47,520.05312,152.836,223.904582,82.026,130.000,1,0,20,6e-07,2
2023-10-26 09:20:49,519.997085,152.823,210.0277,78.804,130.000,1,0,20,6e-07,2
2023-10-26 09:20:51,519.936878,152.808,205.271922,77.701,130.000,1,0,20,6e-07,2
2023-10-26 09:20:53,519.87369,152.793,209.40983,78.660,130.000,1,0,20,6e-07,2
2023-10-26 09:20:55,519.806031,152.776,218.703508,80.817,130.000,1,0,20,6e-07,2
2023-10-26 09:20:57,519.73569,152.759,227.588849,82.883,130.000,1,0,20,6e-07,2
2023-10-26 09:20:59,519.662666,152.741,235.613704,84.752,130.000,1,0,20,6e-07,2
2023-10-26 09:21:00,519.587556,152.723,241.967955,86.233,130.000,1,0,20,6e-07,2
2023-10-26 09:21:03,519.512148,152.704,236.812782,85.031,130.000,1,0,20,6e-07,2
2023-10-26 09:21:04,519.432269,152.685,201.680051,76.869,130.000,1,0,20,6e-07,2
2023-10-26 09:21:06,519.34941,152.665,202.308651,77.015,130.000,1,0,20,6e-07,2
2023-10-26 09:21:08,519.263868,152.644,200.591253,76.617,130.000,1,0,20,6e-07,2
2023-10-26 09:21:10,519.177432,152.623,197.83841,75.980,130.000,1,0,20,6e-07,2
2023-10-26 09:21:12,519.087121,152.601,197.792211,75.969,130.000,1,0,20,6e-07,2
2023-10-26 09:21:14,518.993233,152.578,200.334329,76.558,130.000,1,0,20,6e-07,2
2023-10-26 09:21:16,518.898451,152.555,197.638415,75.934,130.000,1,0,20,6e-07,2
2023-10-26 09:21:18,518.801583,152.531,199.15075,76.284,130.000,1,0,20,6e-07,2
2023-10-26 09:21:20,518.703225,152.507,202.715795,77.109,130.000,1,0,20,6e-07,2
2023-10-26 09:21:22,518.602184,152.482,209.303722,78.636,130.000,1,0,20,6e-07,2
2023-10-26 09:21:24,518.499951,152.457,197.610695,75.927,130.000,1,0,20,6e-07,2
2023-10-26 09:21:26,518.395631,152.432,197.621127,75.930,130.000,1,0,20,6e-07,2
2023-10-26 09:21:28,518.290119,152.406,197.622618,75.930,130.000,1,0,20,6e-07,2
2023-10-26 09:21:30,518.182223,152.380,197.610695,75.927,130.000,1,0,20,6e-07,2
2023-10-26 09:21:32,518.072539,152.353,197.419642,75.883,130.000,0,0,20,6e-07,2
2023-10-26 09:21:34,517.964046,152.327,197.418151,75.883,130.000,0,0,20,6e-07,2
2023-10-26 09:21:36,517.853468,152.300,197.419045,75.883,130.000,0,0,20,6e-07,2
2023-10-26 09:21:38,517.741697,152.272,197.418449,75.883,130.000,0,0,20,6e-07,2
2023-10-26 09:21:40,517.62933,152.245,197.419344,75.883,130.000,0,0,20,6e-07,2
2023-10-26 09:21:42,517.518155,152.218,197.420536,75.883,130.000,0,0,20,6e-07,2
2023-10-26 09:21:44,517.406086,152.190,197.419642,75.883,130.000,0,0,20,6e-07,2
2023-10-26 09:21:46,517.294613,152.163,197.422324,75.884,130.000,0,0,20,6e-07,2
2023-10-26 09:21:48,517.184929,152.136,197.422026,75.884,130.000,0,0,20,6e-07,2
2023-10-26 09:21:49,517.075542,152.110,197.423218,75.884,130.000,0,0,20,6e-07,2
2023-10-26 09:21:51,516.967348,152.083,197.422622,75.884,130.000,0,0,20,6e-07,2
2023-10-26 09:21:53,516.862134,152.058,197.42441,75.884,130.000,0,0,20,6e-07,2
2023-10-26 09:21:55,516.757219,152.032,197.429775,75.886,130.000,0,0,20,6e-07,2
2023-10-26 09:21:57,516.653793,152.007,197.547806,75.913,130.000,0,0,20,6e-07,2
2023-10-26 09:21:59,516.552454,151.982,197.691468,75.946,130.000,0,0,20,6e-07,2
2023-10-26 09:22:01,516.4535,151.958,197.860168,75.985,130.000,0,0,20,6e-07,2
2023-10-26 09:22:03,516.355439,151.934,197.983563,76.014,130.000,0,0,20,6e-07,2
2023-10-26 09:22:05,516.261552,151.911,198.191904,76.062,130.000,0,0,20,6e-07,2
2023-10-26 09:22:07,516.169751,151.889,198.48221,76.129,130.000,0,0,20,6e-07,2
2023-10-26 09:22:09,516.080036,151.867,198.773709,76.197,130.000,0,0,20,6e-07,2
2023-10-26 09:22:11,515.990619,151.845,199.04494,76.259,130.000,0,0,20,6e-07,2
2023-10-26 09:22:13,515.905673,151.824,199.314382,76.322,130.000,0,0,20,6e-07,2
2023-10-26 09:22:15,515.823112,151.804,199.568028,76.380,130.000,0,0,20,6e-07,2
2023-10-26 09:22:17,515.74204,151.784,199.812135,76.437,130.000,0,0,20,6e-07,2
2023-10-26 09:22:19,515.663652,151.765,200.025543,76.486,130.000,0,0,20,6e-07,2
2023-10-26 09:22:21,515.58735,151.747,200.241336,76.536,130.000,0,0,20,6e-07,2
2023-10-26 09:22:23,515.513134,151.728,200.4154,76.577,130.000,0,0,20,6e-07,2
2023-10-26 09:22:25,515.441302,151.711,200.607348,76.621,130.000,0,0,20,6e-07,2
2023-10-26 09:22:27,515.372451,151.694,200.789758,76.663,130.000,0,0,20,6e-07,2
2023-10-26 09:22:29,515.307177,151.678,200.976937,76.706,130.000,0,0,20,6e-07,2
2023-10-26 09:22:31,515.241605,151.662,201.155473,76.748,130.000,0,0,20,6e-07,2
2023-10-26 09:22:33,515.180205,151.647,201.33222,76.789,130.000,0,0,20,6e-07,2
2023-10-26 09:22:35,515.121488,151.633,201.497939,76.827,130.000,0,0,20,6e-07,2
2023-10-26 09:22:37,515.061579,151.618,201.659783,76.865,130.000,0,0,20,6e-07,2
2023-10-26 09:22:38,515.005545,151.605,201.832656,76.905,130.000,0,0,20,6e-07,2
2023-10-26 09:22:40,514.953087,151.592,202.055303,76.956,130.000,0,0,20,6e-07,2
2023-10-26 09:22:42,514.903013,151.580,202.235031,76.998,130.000,0,0,20,6e-07,2
2023-10-26 09:22:44,514.852642,151.567,202.403731,77.037,130.000,0,0,20,6e-07,2
2023-10-26 09:22:46,514.804953,151.556,202.572728,77.076,130.000,0,0,20,6e-07,2
2023-10-26 09:22:48,514.759351,151.545,202.760205,77.119,130.000,0,0,20,6e-07,2
2023-10-26 09:22:50,514.71494,151.534,202.945,77.162,130.000,0,0,20,6e-07,2
2023-10-26 09:22:52,514.67202,151.523,203.116084,77.202,130.000,0,0,20,6e-07,2
2023-10-26 09:22:54,514.631187,151.513,203.293725,77.243,130.000,0,0,20,6e-07,2
2023-10-26 09:22:56,514.592439,151.504,203.497297,77.290,130.000,0,0,20,6e-07,2
2023-10-26 09:22:58,514.556375,151.495,203.677919,77.332,130.000,0,0,20,6e-07,2
2023-10-26 09:23:00,514.520608,151.486,203.841254,77.370,130.000,0,0,68.9,3.92e-07,1.96
2023-10-26 09:23:02,514.486331,151.478,204.039163,77.416,130.000,0,0,68.9,3.92e-07,1.96
2023-10-26 09:23:04,514.453843,151.470,204.221275,77.458,130.000,0,0,68.9,3.92e-07,1.96
2023-10-26 09:23:06,514.423144,151.463,204.404281,77.500,130.000,0,0,68.9,3.92e-07,1.96
2023-10-26 09:23:08,514.39304,151.455,204.577153,77.540,130.000,0,0,68.9,3.92e-07,1.96
2023-10-26 09:23:10,514.365619,151.449,204.745555,77.579,130.000,0,0,68.9,3.92e-07,1.96
2023-10-26 09:23:12,514.338198,151.442,204.916639,77.619,130.000,0,0,68.9,3.92e-07,1.96
2023-10-26 09:23:14,514.314055,151.436,205.079377,77.657,130.000,0,0,68.9,3.92e-07,1.96
2023-10-26 09:23:16,514.289018,151.430,205.246587,77.695,130.000,0,0,68.9,3.92e-07,1.96
2023-10-26 09:23:18,514.26726,151.425,205.417075,77.735,130.000,0,0,68.9,3.92e-07,1.96
2023-10-26 09:23:20,514.246098,151.419,205.554478,77.767,130.000,0,0,68.9,3.92e-07,1.96
2023-10-26 09:23:22,514.22434,151.414,205.706487,77.802,130.000,0,0,68.9,3.92e-07,1.96
2023-10-26 09:23:24,514.205563,151.410,205.849554,77.835,130.000,0,0,68.9,3.92e-07,1.96
2023-10-26 09:23:25,514.186785,151.405,205.995899,77.869,130.000,0,0,68.9,3.92e-07,1.96
2023-10-26 09:23:28,514.17069,151.401,206.139264,77.902,130.000,0,0,68.9,3.92e-07,1.96
2023-10-26 09:23:29,514.155191,151.397,206.283821,77.936,130.000,0,0,68.9,3.92e-07,1.96
2023-10-26 09:23:31,514.138798,151.393,206.424503,77.968,130.000,0,0,68.9,3.92e-07,1.96
2023-10-26 09:23:33,514.125088,151.390,206.567868,78.002,130.000,0,0,68.9,3.92e-07,1.96
2023-10-26 09:23:35,514.113464,151.387,206.743721,78.042,130.000,0,0,68.9,3.92e-07,1.96
2023-10-26 09:23:37,514.100945,151.384,206.885596,78.075,130.000,0,0,68.9,3.92e-07,1.96
2023-10-26 09:23:39,514.089917,151.381,206.990213,78.099,130.000,0,0,68.9,3.92e-07,1.96
2023-10-26 09:23:41,514.080379,151.379,207.133578,78.133,130.000,0,0,68.9,3.92e-07,1.96
2023-10-26 09:23:43,514.070544,151.377,207.273962,78.165,130.000,0,0,68.9,3.92e-07,1.96
2023-10-26 09:23:45,514.0619,151.374,207.380368,78.190,130.000,0,0,68.9,3.92e-07,1.96
2023-10-26 09:23:47,514.053852,151.373,207.526714,78.224,130.000,0,0,68.9,3.92e-07,1.96
2023-10-26 09:23:49,514.047295,151.371,207.654878,78.253,130.000,0,0,68.9,3.92e-07,1.96
2023-10-26 09:23:51,514.041632,151.370,207.78632,78.284,130.000,0,0,68.9,3.92e-07,1.96
2023-10-26 09:23:53,514.035969,151.368,207.888553,78.308,130.000,0,0,68.9,3.92e-07,1.96
2023-10-26 09:23:55,514.031498,151.367,207.988998,78.331,130.000,0,0,68.9,3.92e-07,1.96
2023-10-26 09:23:57,514.029114,151.366,208.09749,78.356,130.000,0,0,68.9,3.92e-07,1.96
2023-10-26 09:23:59,514.025835,151.366,208.234,78.388,130.000,0,0,68.9,3.92e-07,1.96
2023-10-26 09:24:01,514.022557,151.365,208.380643,78.422,130.000,0,0,68.9,3.92e-07,1.96
2023-10-26 09:24:03,514.019576,151.364,208.49927,78.449,130.000,0,0,68.9,3.92e-07,1.96
2023-10-26 09:24:05,514.018086,151.364,208.616108,78.476,130.000,0,0,68.9,3.92e-07,1.96
2023-10-26 09:24:07,514.017788,151.364,208.702246,78.496,130.000,0,0,68.9,3.92e-07,1.96
2023-10-26 09:24:09,514.017788,151.364,208.818786,78.523,130.000,0,0,68.9,3.92e-07,1.96
2023-10-26 09:24:11,514.017192,151.364,208.934729,78.550,130.000,0,0,68.9,3.92e-07,1.96
2023-10-26 09:24:13,514.019874,151.364,209.027425,78.572,130.000,0,0,68.9,3.92e-07,1.96
2023-10-26 09:24:15,514.021066,151.365,209.137407,78.597,130.000,0,0,68.9,3.92e-07,1.96
2023-10-26 09:24:17,514.023153,151.365,209.24888,78.623,130.000,0,0,68.9,3.92e-07,1.96
2023-10-26 09:24:18,514.025835,151.366,209.372871,78.652,130.000,0,0,68.9,3.92e-07,1.96
2023-10-26 09:24:20,514.02822,151.366,209.471826,78.675,130.000,0,0,68.9,3.92e-07,1.96
2023-10-26 09:24:22,514.030902,151.367,209.576741,78.699,130.000,0,0,68.9,3.92e-07,1.96
2023-10-26 09:24:24,514.035373,151.368,209.680465,78.723,130.000,0,0,68.9,3.92e-07,1.96
2023-10-26 09:24:26,514.040142,151.369,209.75945,78.741,130.000,0,0,68.9,3.92e-07,1.96
2023-10-26 09:24:28,514.045209,151.370,209.881354,78.770,130.000,0,0,68.9,3.92e-07,1.96
2023-10-26 09:24:30,514.050872,151.372,210.023527,78.803,130.000,0,0,68.9,3.92e-07,1.96
2023-10-26 09:24:32,514.057429,151.373,210.140067,78.830,130.000,0,0,68.9,3.92e-07,1.96
2023-10-26 09:24:34,514.063092,151.375,210.257799,78.857,130.000,0,0,68.9,3.92e-07,1.96
2023-10-26 09:24:36,514.068159,151.376,210.350196,78.878,130.000,0,0,68.9,3.92e-07,1.96
2023-10-26 09:24:38,514.07412,151.377,210.481937,78.909,130.000,0,0,68.9,3.92e-07,1.96
2023-10-26 09:24:40,514.080976,151.379,210.540654,78.923,130.000,0,0,68.9,3.92e-07,1.96
2023-10-26 09:24:42,514.088725,151.381,210.583276,78.932,130.000,0,0,68.9,3.92e-07,1.96
2023-10-26 09:24:44,514.097965,151.383,210.658982,78.950,130.000,0,0,68.9,3.92e-07,1.96
2023-10-26 09:24:46,514.105416,151.385,210.689682,78.957,130.000,0,0,68.9,3.92e-07,1.96
2023-10-26 09:24:48,514.112569,151.387,210.788934,78.980,130.000,0,0,68.9,3.92e-07,1.96
2023-10-26 09:24:50,514.121809,151.389,210.887889,79.003,130.000,0,0,68.9,3.92e-07,1.96
2023-10-26 09:24:52,514.131049,151.391,210.977008,79.024,130.000,0,0,68.9,3.92e-07,1.96
2023-10-26 09:24:54,514.140587,151.394,211.022014,79.034,130.000,0,0,68.9,3.92e-07,1.96
2023-10-26 09:24:56,514.151615,151.396,211.108152,79.054,130.000,0,0,68.9,3.92e-07,1.96
2023-10-26 09:24:58,514.160854,151.399,211.148688,79.064,130.000,0,0,68.9,3.92e-07,1.96
2023-10-26 09:25:00,514.169498,151.401,211.21426,79.079,130.000,0,0,68.9,3.92e-07,1.96
2023-10-26 09:25:01,514.17993,151.403,211.284899,79.095,130.000,0,0,68.9,3.92e-07,1.96
2023-10-26 09:25:04,514.19066,151.406,211.350471,79.110,130.000,0,0,68.9,3.92e-07,1.96
2023-10-26 09:25:05,514.200496,151.408,211.438696,79.131,130.000,0,0,68.9,3.92e-07,1.96
2023-10-26 09:25:07,514.21212,151.411,211.499201,79.145,130.000,0,0,68.9,3.92e-07,1.96
2023-10-26 09:25:09,514.223744,151.414,211.562091,79.160,130.000,0,0,68.9,3.92e-07,1.96
2023-10-26 09:25:11,514.235666,151.417,211.601434,79.169,130.000,0,0,68.9,3.92e-07,1.96
2023-10-26 09:25:13,514.247589,151.420,211.649123,79.180,130.000,0,0,68.9,3.92e-07,1.96
2023-10-26 09:25:15,514.258021,151.422,211.732877,79.199,130.000,0,0,68.9,3.92e-07,1.96
2023-10-26 09:25:17,514.271135,151.426,211.913499,79.241,130.000,0,0,68.9,3.92e-07,1.96
2023-10-26 09:25:19,514.285144,151.429,212.008579,79.263,130.000,0,0,68.9,3.92e-07,1.96
2023-10-26 09:25:21,514.296172,151.432,212.081006,79.280,130.000,0,0,68.9,3.92e-07,1.96
2023-10-26 09:25:23,514.311373,151.435,212.162972,79.299,130.000,0,0,68.9,3.92e-07,1.96
2023-10-26 09:25:25,514.323295,151.438,212.258946,79.321,130.000,0,0,68.9,3.92e-07,1.96
2023-10-26 09:25:27,514.335515,151.441,212.387408,79.351,130.000,0,0,68.9,3.92e-07,1.96
2023-10-26 09:25:29,514.346841,151.444,212.509014,79.379,130.000,0,0,68.9,3.92e-07,1.96
2023-10-26 09:25:31,514.361446,151.448,212.580548,79.396,130.000,0,0,68.9,3.92e-07,1.96
2023-10-26 09:25:33,514.375455,151.451,212.600816,79.400,130.000,0,0,68.9,3.92e-07,1.96
2023-10-26 09:25:35,514.388867,151.454,212.671455,79.417,130.000,0,0,68.9,3.92e-07,1.96
2023-10-26 09:25:37,514.403174,151.458,212.717355,79.428,130.000,0,0,68.9,3.92e-07,1.96
2023-10-26 09:25:39,514.416884,151.461,212.791273,79.445,130.000,0,0,68.9,3.92e-07,1.96
2023-10-26 09:25:41,514.430595,151.464,212.885161,79.466,130.000,0,0,68.9,3.92e-07,1.96
2023-10-26 09:25:43,514.445498,151.468,212.947156,79.481,130.000,0,0,68.9,3.92e-07,1.96
2023-10-26 09:25:45,514.460103,151.472,212.98799,79.490,130.000,0,0,68.9,3.92e-07,1.96
2023-10-26 09:25:47,514.475005,151.475,213.047303,79.504,130.000,0,0,68.9,3.92e-07,1.96
2023-10-26 09:25:49,514.490206,151.479,213.112279,79.519,130.000,0,0,68.9,3.92e-07,1.96
2023-10-26 09:25:51,514.503917,151.482,213.12748,79.523,130.000,0,0,68.9,3.92e-07,1.96
2023-10-26 09:25:52,514.517925,151.486,213.17815,79.534,130.000,0,0,68.9,3.92e-07,1.96
2023-10-26 09:25:54,514.533722,151.490,213.249683,79.551,130.000,0,0,68.9,3.92e-07,1.96
2023-10-26 09:25:56,514.549221,151.493,213.288728,79.560,130.000,0,0,68.9,3.92e-07,1.96
2023-10-26 09:25:58,514.565614,151.497,213.658317,79.646,130.000,0,0,68.9,3.92e-07,1.96
2023-10-26 09:26:00,514.581113,151.501,213.725678,79.662,130.000,0,0,68.9,3.92e-07,1.96
2023-10-26 09:26:02,514.596612,151.505,213.801384,79.679,130.000,0,0,68.9,3.92e-07,1.96
2023-10-26 09:26:04,514.612707,151.509,213.837747,79.688,130.000,0,0,68.9,3.92e-07,1.96
2023-10-26 09:26:06,514.62761,151.512,213.891099,79.700,130.000,0,0,68.9,3.92e-07,1.96
2023-10-26 09:26:08,514.644599,151.517,213.948028,79.713,130.000,0,0,68.9,3.92e-07,1.96
2023-10-26 09:26:10,514.659502,151.520,214.032676,79.733,130.000,0,0,68.9,3.92e-07,1.96
2023-10-26 09:26:12,514.676193,151.524,214.097652,79.748,130.000,0,0,68.9,3.92e-07,1.96
2023-10-26 09:26:14,514.69199,151.528,214.13163,79.756,130.000,0,0,68.9,3.92e-07,1.96
2023-10-26 09:26:16,514.709277,151.532,214.152792,79.761,130.000,0,0,68.9,3.92e-07,1.96
2023-10-26 09:26:18,514.725074,151.536,214.182896,79.768,130.000,0,0,68.9,3.92e-07,1.96
2023-10-26 09:26:20,514.741467,151.540,214.257112,79.785,130.000,0,0,68.9,3.92e-07,1.96
2023-10-26 09:26:22,514.758158,151.544,214.326261,79.801,130.000,0,0,68.9,3.92e-07,1.96
2023-10-26 09:26:24,514.776638,151.549,214.370969,79.811,130.000,0,0,68.9,3.92e-07,1.96
2023-10-26 09:26:26,514.793329,151.553,214.410312,79.820,130.000,0,0,68.9,3.92e-07,1.96
2023-10-26 09:26:28,514.809126,151.557,214.444589,79.828,130.000,0,0,68.9,3.92e-07,1.96
2023-10-26 09:26:30,514.825221,151.561,214.505392,79.842,130.000,0,0,68.9,3.92e-07,1.96
2023-10-26 09:26:32,514.84221,151.565,214.542351,79.851,130.000,0,0,68.9,3.92e-07,1.96
2023-10-26 09:26:34,514.859199,151.569,214.55636,79.854,130.000,0,0,68.9,3.92e-07,1.96
2023-10-26 09:26:36,514.879169,151.574,214.58855,79.862,130.000,0,0,68.9,3.92e-07,1.96
2023-10-26 09:26:38,514.894966,151.578,214.628787,79.871,130.000,0,0,68.9,3.92e-07,1.96
2023-10-26 09:26:39,514.911061,151.582,214.673197,79.881,130.000,0,0,68.9,3.92e-07,1.96
2023-10-26 09:26:41,514.928646,151.586,214.802554,79.911,130.000,0,0,68.9,3.92e-07,1.96
2023-10-26 09:26:43,514.945635,151.590,214.865145,79.926,130.000,0,0,68.9,3.92e-07,1.96
2023-10-26 09:26:45,514.962625,151.594,214.966186,79.949,130.000,0,0,68.9,3.92e-07,1.96
2023-10-26 09:26:47,514.980806,151.599,214.993011,79.956,130.000,0,0,68.9,3.92e-07,1.96
2023-10-26 09:26:49,514.998987,151.603,215.065141,79.972,130.000,0,0,68.9,3.92e-07,1.96
2023-10-26 09:26:51,515.016275,151.607,215.072592,79.974,130.000,0,0,68.9,3.92e-07,1.96
2023-10-26 09:26:53,515.03535,151.612,215.104484,79.982,130.000,0,0,68.9,3.92e-07,1.96
2023-10-26 09:26:55,515.051743,151.616,215.136674,79.989,130.000,0,0,68.9,3.92e-07,1.96
2023-10-26 09:26:57,515.070819,151.621,215.145914,79.991,130.000,0,0,68.9,3.92e-07,1.96
2023-10-26 09:26:59,515.088404,151.625,215.185555,80.000,130.000,0,0,68.9,3.92e-07,1.96
2023-10-26 09:27:01,515.105691,151.629,215.213871,80.007,130.000,0,0,68.9,3.92e-07,1.96
2023-10-26 09:27:03,515.125065,151.634,215.238013,80.013,130.000,0,0,68.9,3.92e-07,1.96
2023-10-26 09:27:05,515.143246,151.638,215.292259,80.025,130.000,0,0,68.9,3.92e-07,1.96
2023-10-26 09:27:07,515.160534,151.642,215.383762,80.046,130.000,0,0,68.9,3.92e-07,1.96
2023-10-26 09:27:09,515.178715,151.647,215.435326,80.058,130.000,0,0,68.9,3.92e-07,1.96
2023-10-26 09:27:11,515.196598,151.651,215.486294,80.070,130.000,0,0,68.9,3.92e-07,1.96
2023-10-26 09:27:13,515.21627,151.656,215.540242,80.083,130.000,0,0,68.9,3.92e-07,1.96
2023-10-26 09:27:15,515.233855,151.660,215.580181,80.092,130.000,0,0,68.9,3.92e-07,1.96
2023-10-26 09:27:17,515.253229,151.665,215.612967,80.100,130.000,0,0,68.9,3.92e-07,1.96
2023-10-26 09:27:19,515.271112,151.669,215.618929,80.101,130.000,0,0,68.9,3.92e-07,1.96
2023-10-26 09:27:21,515.2884,151.674,215.625784,80.103,130.000,0,0,68.9,3.92e-07,1.96
2023-10-26 09:27:23,515.307475,151.678,215.668108,80.112,130.000,0,0,68.9,3.92e-07,1.96
2023-10-26 09:27:25,515.326253,151.683,215.722354,80.125,130.000,0,0,68.9,3.92e-07,1.96
2023-10-26 09:27:27,515.34503,151.687,215.81803,80.147,130.000,0,0,68.9,3.92e-07,1.96
2023-10-26 09:27:28,515.363808,151.692,215.91609,80.170,130.000,0,0,68.9,3.92e-07,1.96
2023-10-26 09:27:30,515.381989,151.697,215.967654,80.182,130.000,0,0,68.9,3.92e-07,1.96
2023-10-26 09:27:32,515.402257,151.701,215.970336,80.183,130.000,0,0,68.9,3.92e-07,1.96
2023-10-26 09:27:34,515.421034,151.706,215.976894,80.184,130.000,0,0,68.9,3.92e-07,1.96
2023-10-26 09:27:36,515.437427,151.710,215.917282,80.170,130.000,0,0,68.9,3.92e-07,1.96
2023-10-26 09:27:38,515.459484,151.715,215.939637,80.175,130.000,0,0,68.9,3.92e-07,1.96
2023-10-26 09:27:40,515.477963,151.720,216.011468,80.192,130.000,0,0,68.9,3.92e-07,1.96
2023-10-26 09:27:42,515.495548,151.724,216.064522,80.204,130.000,0,0,68.9,3.92e-07,1.96
2023-10-26 09:27:44,515.51522,151.729,216.154833,80.225,130.000,0,0,68.9,3.92e-07,1.96
2023-10-26 09:27:46,515.532507,151.733,216.240375,80.245,130.000,0,0,68.9,3.92e-07,1.96
2023-10-26 09:27:48,515.551881,151.738,216.29164,80.257,130.000,0,0,68.9,3.92e-07,1.96
2023-10-26 09:27:50,515.572149,151.743,216.376884,80.277,130.000,0,0,68.9,3.92e-07,1.96
2023-10-26 09:27:52,515.589138,151.747,216.446331,80.293,130.000,0,0,68.9,3.92e-07,1.96
2023-10-26 09:27:54,515.6103,151.752,216.539623,80.315,130.000,0,0,68.9,3.92e-07,1.96
2023-10-26 09:27:56,515.630568,151.757,216.588802,80.326,130.000,0,0,68.9,3.92e-07,1.96
2023-10-26 09:27:58,515.648153,151.761,216.67643,80.346,130.000,0,0,68.9,3.92e-07,1.96
2023-10-26 09:28:00,515.668719,151.766,216.733657,80.360,130.000,0,0,68.9,3.92e-07,1.96
2023-10-26 09:28:02,515.687198,151.771,216.727398,80.358,130.000,0,0,68.9,3.92e-07,1.96
2023-10-26 09:28:04,515.707168,151.776,216.756906,80.365,130.000,0,0,68.9,3.92e-07,1.96
2023-10-26 09:28:06,515.72684,151.781,216.779856,80.370,130.000,0,0,68.9,3.92e-07,1.96
2023-10-26 09:28:08,515.745915,151.785,216.834996,80.383,130.000,0,0,68.9,3.92e-07,1.96
2023-10-26 09:28:10,515.764395,151.790,216.867186,80.391,130.000,0,0,68.9,3.92e-07,1.96
2023-10-26 09:28:12,515.784066,151.795,216.952728,80.411,130.000,0,0,68.9,3.92e-07,1.96
2023-10-26 09:28:14,515.803738,151.799,217.018897,80.426,130.000,0,0,68.9,3.92e-07,1.96
2023-10-26 09:28:16,515.823112,151.804,217.061221,80.436,130.000,0,0,68.9,3.92e-07,1.96
2023-10-26 09:28:17,515.843379,151.809,217.12113,80.450,130.000,0,0,68.9,3.92e-07,1.96
2023-10-26 09:28:19,515.863945,151.814,217.147061,80.456,130.000,0,0,68.9,3.92e-07,1.96
2023-10-26 09:28:21,515.881829,151.818,217.172395,80.462,130.000,0,0,68.9,3.92e-07,1.96
2023-10-26 09:28:23,515.901202,151.823,217.254063,80.481,130.000,0,0,68.9,3.92e-07,1.96
2023-10-26 09:28:25,515.922066,151.828,217.312184,80.494,130.000,0,0,68.9,3.92e-07,1.96
2023-10-26 09:28:27,515.943526,151.834,217.353017,80.504,130.000,0,0,68.9,3.92e-07,1.96
2023-10-26 09:28:29,515.96141,151.838,217.388486,80.512,130.000,0,0,68.9,3.92e-07,1.96
2023-10-26 09:28:31,515.980187,151.842,217.474922,80.532,130.000,0,0,68.9,3.92e-07,1.96
2023-10-26 09:28:33,516.000157,151.847,217.532149,80.545,130.000,1,0,68.9,3.92e-07,1.96
2023-10-26 09:28:35,516.019232,151.852,353.552892,112.524,130.000,1,0,68.9,3.92e-07,1.96
2023-10-26 09:28:37,516.038904,151.857,416.005716,127.452,130.000,1,0,68.9,3.92e-07,1.96
2023-10-26 09:28:39,516.05947,151.862,454.691868,136.769,130.000,1,0,68.9,3.92e-07,1.96
2023-10-26 09:28:41,516.079738,151.867,480.786653,143.084,130.000,1,0,68.9,3.92e-07,1.96
2023-10-26 09:28:43,516.100304,151.872,492.324989,145.883,130.000,1,0,68.9,3.92e-07,1.96
2023-10-26 09:28:45,516.121764,151.877,495.777965,146.721,130.000,1,0,68.9,3.92e-07,1.96
2023-10-26 09:28:47,516.144416,151.883,495.215832,146.585,130.000,1,0,68.9,3.92e-07,1.96
2023-10-26 09:28:49,516.169751,151.889,492.869239,146.015,130.000,1,0,68.9,3.92e-07,1.96
2023-10-26 09:28:51,516.195979,151.895,488.529248,144.961,130.000,1,0,68.9,3.92e-07,1.96
2023-10-26 09:28:53,516.225487,151.902,485.58088,144.246,130.000,1,0,68.9,3.92e-07,1.96
2023-10-26 09:28:55,516.256187,151.910,481.608691,143.283,130.000,1,0,68.9,3.92e-07,1.96
2023-10-26 09:28:57,516.291059,151.918,479.184305,142.695,130.000,1,0,68.9,3.92e-07,1.96
2023-10-26 09:28:59,516.32772,151.927,475.825812,141.881,130.000,1,0,68.9,3.92e-07,1.96
2023-10-26 09:29:01,516.369746,151.937,474.261615,141.503,130.000,1,0,68.9,3.92e-07,1.96
2023-10-26 09:29:03,516.413262,151.948,472.962688,141.188,130.000,1,0,68.9,3.92e-07,1.96
2023-10-26 09:29:05,516.460653,151.960,471.329342,140.793,130.000,1,0,68.9,3.92e-07,1.96
2023-10-26 09:29:06,516.513409,151.973,471.376137,140.804,130.000,1,0,68.9,3.92e-07,1.96
2023-10-26 09:29:08,516.567059,151.986,471.109377,140.739,130.000,1,0,68.9,3.92e-07,1.96
2023-10-26 09:29:10,516.629353,152.001,471.80027,140.907,130.000,1,0,68.9,3.92e-07,1.96
2023-10-26 09:29:12,516.687772,152.015,472.204136,141.004,130.000,1,0,68.9,3.92e-07,1.96
2023-10-26 09:29:14,516.751555,152.031,472.780874,141.144,130.000,1,0,68.9,3.92e-07,1.96
2023-10-26 09:29:16,516.817128,152.047,473.939119,141.425,130.000,1,0,68.9,3.92e-07,1.96
2023-10-26 09:29:18,516.887469,152.064,475.204664,141.731,130.000,1,0,68.9,3.92e-07,1.96
2023-10-26 09:29:20,516.961089,152.082,476.090784,141.946,130.000,1,0,68.9,3.92e-07,1.96
2023-10-26 09:29:22,517.036497,152.100,477.389115,142.260,130.000,1,0,68.9,3.92e-07,1.96
2023-10-26 09:29:24,517.116078,152.120,477.947969,142.396,130.000,1,0,68.9,3.92e-07,1.96
2023-10-26 09:29:26,517.198043,152.140,479.191756,142.697,130.000,1,0,68.9,3.92e-07,1.96
2023-10-26 09:29:28,517.280605,152.160,480.242999,142.952,130.000,1,0,68.9,3.92e-07,1.96
2023-10-26 09:29:30,517.366445,152.181,481.620315,143.286,130.000,1,0,68.9,3.92e-07,1.96
2023-10-26 09:29:32,517.454669,152.202,483.10046,143.645,130.000,1,0,68.9,3.92e-07,1.96
2023-10-26 09:29:34,517.544682,152.224,483.92518,143.845,130.000,1,0,68.9,3.92e-07,1.96
2023-10-26 09:29:36,517.637675,152.247,485.238414,144.163,130.000,1,0,68.9,3.92e-07,1.96
2023-10-26 09:29:38,517.731265,152.270,485.915895,144.327,130.000,1,0,68.9,3.92e-07,1.96
2023-10-26 09:29:40,517.826047,152.293,486.451501,144.457,130.000,1,0,68.9,3.92e-07,1.96
2023-10-26 09:29:42,517.920828,152.316,487.489331,144.709,130.000,1,0,68.9,3.92e-07,1.96
2023-10-26 09:29:44,518.017398,152.340,488.02762,144.840,130.000,1,0,68.9,3.92e-07,1.96
2023-10-26 09:29:46,518.116651,152.364,488.34654,144.917,130.000,1,0,68.9,3.92e-07,1.96
2023-10-26 09:29:48,518.2165,152.388,488.530142,144.962,130.000,1,0,68.9,3.92e-07,1.96
2023-10-26 09:29:50,518.31456,152.412,488.15638,144.871,130.000,1,0,68.9,3.92e-07,1.96
2023-10-26 09:29:51,518.41262,152.436,487.634187,144.744,130.000,1,0,68.9,3.92e-07,1.96
2023-10-26 09:29:53,518.510681,152.460,486.447328,144.456,130.000,1,0,68.9,3.92e-07,1.96
2023-10-26 09:29:55,518.607549,152.484,485.737956,144.284,130.000,1,0,68.9,3.92e-07,1.96
2023-10-26 09:29:57,518.703523,152.507,484.208929,143.913,130.000,1,0,68.9,3.92e-07,1.96
2023-10-26 09:29:59,518.796814,152.530,483.02386,143.626,130.000,1,0,68.9,3.92e-07,1.96
2023-10-26 09:30:01,518.890106,152.553,481.421512,143.238,130.000,1,0,68.9,3.92e-07,1.96
2023-10-26 09:30:03,518.983099,152.575,480.11096,142.920,130.000,1,0,68.9,3.92e-07,1.96
2023-10-26 09:30:05,519.070728,152.597,478.769709,142.595,130.000,1,0,68.9,3.92e-07,1.96
2023-10-26 09:30:07,519.157164,152.618,476.753362,142.106,130.000,1,0,68.9,3.92e-07,1.96
2023-10-26 09:30:09,519.241514,152.638,474.32838,141.519,130.000,1,0,68.9,3.92e-07,1.96
2023-10-26 09:30:11,519.324671,152.659,471.655713,140.872,130.000,1,0,68.9,3.92e-07,1.96
2023-10-26 09:30:13,519.405146,152.678,468.672175,140.149,130.000,1,0,68.9,3.92e-07,1.96
2023-10-26 09:30:15,519.482641,152.697,465.805772,139.456,130.000,1,0,68.9,3.92e-07,1.96
2023-10-26 09:30:17,519.557751,152.716,463.40225,138.875,130.000,1,0,68.9,3.92e-07,1.96
2023-10-26 09:30:19,519.628986,152.733,461.017804,138.298,130.000,1,0,68.9,3.92e-07,1.96
2023-10-26 09:30:21,519.697241,152.750,458.81696,137.766,130.000,1,0,68.9,3.92e-07,1.96
2023-10-26 09:30:23,519.762217,152.765,439.683268,133.148,130.000,1,0,68.9,3.92e-07,1.96
2023-10-26 09:30:25,519.824511,152.781,435.621662,132.170,130.000,1,0,68.9,3.92e-07,1.96
2023-10-26 09:30:27,519.880545,152.794,422.50214,129.013,130.000,1,0,68.9,3.92e-07,1.96
2023-10-26 09:30:29,519.932407,152.807,400.641833,123.766,130.000,1,0,68.9,3.92e-07,1.96
2023-10-26 09:30:31,519.980692,152.819,385.053813,120.036,130.000,1,0,68.9,3.92e-07,1.96
2023-10-26 09:30:33,520.018843,152.828,361.875802,114.505,130.000,1,0,68.9,3.92e-07,1.96
2023-10-26 09:30:35,520.051927,152.836,342.837786,109.978,130.000,1,0,68.9,3.92e-07,1.96
2023-10-26 09:30:37,520.075772,152.842,336.767582,108.537,130.000,1,0,68.9,3.92e-07,1.96
2023-10-26 09:30:38,520.091867,152.846,331.74415,107.346,130.000,1,0,68.9,3.92e-07,1.96
2023-10-26 09:30:41,520.100212,152.848,316.782345,103.805,130.000,1,0,68.9,3.92e-07,1.96
2023-10-26 09:30:43,520.100808,152.848,292.866646,98.163,130.000,1,0,68.9,3.92e-07,1.96
2023-10-26 09:30:44,520.095443,152.847,296.272231,98.965,130.000,1,0,68.9,3.92e-07,1.96
2023-10-26 09:30:46,520.083819,152.844,299.595553,99.748,130.000,1,0,68.9,3.92e-07,1.96
2023-10-26 09:30:48,520.066234,152.840,305.184099,101.066,130.000,1,0,68.9,3.92e-07,1.96
2023-10-26 09:30:50,520.04388,152.834,307.818018,101.687,130.000,1,0,68.9,3.92e-07,1.96
2023-10-26 09:30:52,520.016757,152.828,285.842067,96.510,130.000,1,0,68.9,3.92e-07,1.96
2023-10-26 09:30:54,519.984865,152.820,238.911691,85.520,130.000,1,0,68.9,3.92e-07,1.96
2023-10-26 09:30:56,519.947012,152.811,261.420269,90.779,130.000,1,0,68.9,3.92e-07,1.96
2023-10-26 09:30:58,519.903197,152.800,270.539286,92.916,130.000,1,0,68.9,3.92e-07,1.96
2023-10-26 09:31:00,519.856105,152.788,277.852979,94.632,130.000,1,0,68.9,3.92e-07,1.96
2023-10-26 09:31:02,519.805137,152.776,282.294904,95.676,130.000,1,0,68.9,3.92e-07,1.96
2023-10-26 09:31:04,519.749699,152.762,285.829548,96.507,130.000,1,0,68.9,3.92e-07,1.96
2023-10-26 09:31:06,519.69128,152.748,289.379393,97.342,130.000,1,0,68.9,3.92e-07,1.96
2023-10-26 09:31:08,519.629582,152.733,291.549537,97.853,130.000,1,0,68.9,3.92e-07,1.96
2023-10-26 09:31:10,519.564606,152.717,288.649156,97.170,130.000,1,0,68.9,3.92e-07,1.96
2023-10-26 09:31:12,519.496947,152.701,235.71087,84.774,130.000,1,0,68.9,3.92e-07,1.96
2023-10-26 09:31:14,519.426904,152.684,226.148942,82.548,130.000,1,0,68.9,3.92e-07,1.96
2023-10-26 09:31:16,519.353285,152.666,223.392522,81.907,130.000,1,0,68.9,3.92e-07,1.96
2023-10-26 09:31:18,519.27579,152.647,230.460021,83.551,130.000,1,0,68.9,3.92e-07,1.96
2023-10-26 09:31:20,519.196209,152.627,237.655684,85.227,130.000,1,0,68.9,3.92e-07,1.96
2023-10-26 09:31:22,519.114244,152.607,212.253282,79.320,130.000,1,0,68.9,3.92e-07,1.96
2023-10-26 09:31:24,519.028106,152.586,216.111317,80.215,130.000,1,0,68.9,3.92e-07,1.96
2023-10-26 09:31:25,518.939583,152.565,225.305444,82.352,130.000,1,0,68.9,3.92e-07,1.96
2023-10-26 09:31:28,518.848974,152.543,233.890941,84.350,130.000,1,0,68.9,3.92e-07,1.96
2023-10-26 09:31:30,518.756577,152.520,241.933679,86.225,130.000,1,0,68.9,3.92e-07,1.96
2023-10-26 09:31:31,518.660603,152.497,248.411623,87.737,130.000,1,0,68.9,3.92e-07,1.96
2023-10-26 09:31:33,518.566417,152.474,212.274742,79.325,130.000,1,0,68.9,3.92e-07,1.96
2023-10-26 09:31:35,518.468059,152.450,197.69117,75.946,130.000,1,0,68.9,3.92e-07,1.96
2023-10-26 09:31:37,518.368508,152.425,197.627685,75.931,130.000,1,0,68.9,3.92e-07,1.96
2023-10-26 09:31:39,518.264189,152.400,197.641097,75.934,130.000,1,0,68.9,3.92e-07,1.96
2023-10-26 09:31:41,518.160465,152.374,197.652721,75.937,130.000,1,0,68.9,3.92e-07,1.96
2023-10-26 09:31:43,518.056742,152.349,197.6253,75.931,130.000,1,0,68.9,3.92e-07,1.96
2023-10-26 09:31:45,517.949442,152.323,197.629473,75.932,130.000,1,0,68.9,3.92e-07,1.96
2023-10-26 09:31:47,517.841247,152.297,200.373673,76.567,130.000,1,0,68.9,3.92e-07,1.96
2023-10-26 09:31:49,517.733947,152.270,216.751242,80.364,130.000,1,0,68.9,3.92e-07,1.96
2023-10-26 09:31:51,517.623071,152.243,221.006883,81.352,130.000,1,0,68.9,3.92e-07,1.96
2023-10-26 09:31:53,517.511896,152.216,206.175627,77.911,130.000,1,0,68.9,3.92e-07,1.96
2023-10-26 09:31:55,517.399529,152.189,212.110514,79.287,130.000,1,0,68.9,3.92e-07,1.96
2023-10-26 09:31:57,517.285075,152.161,199.272058,76.312,130.000,1,0,68.9,3.92e-07,1.96
2023-10-26 09:31:59,517.168536,152.132,207.119271,78.129,130.000,1,0,68.9,3.92e-07,1.96
2023-10-26 09:32:01,517.052294,152.104,215.466324,80.066,130.000,1,0,68.9,3.92e-07,1.96
2023-10-26 09:32:03,516.936946,152.076,223.034557,81.824,130.000,1,0,68.9,3.92e-07,1.96
2023-10-26 09:32:05,516.821897,152.048,230.171205,83.484,130.000,1,0,68.9,3.92e-07,1.96
2023-10-26 09:32:07,516.705059,152.019,235.83188,84.802,130.000,1,0,68.9,3.92e-07,1.96
2023-10-26 09:32:09,516.587327,151.991,214.184982,79.768,130.000,1,0,68.9,3.92e-07,1.96
2023-10-26 09:32:11,516.470787,151.962,197.610099,75.927,130.000,1,0,68.9,3.92e-07,1.96
2023-10-26 09:32:13,516.352161,151.933,197.620233,75.930,130.000,1,0,68.9,3.92e-07,1.96
2023-10-26 09:32:15,516.233833,151.904,197.575823,75.919,130.000,0,0,68.9,3.92e-07,1.96
2023-10-26 09:32:17,516.115206,151.875,197.423814,75.884,130.000,0,0,68.9,3.92e-07,1.96
2023-10-26 09:32:18,515.99509,151.846,197.424709,75.884,130.000,0,0,68.9,3.92e-07,1.96
2023-10-26 09:32:20,515.876464,151.817,197.427391,75.885,130.000,0,0,68.9,3.92e-07,1.96
2023-10-26 09:32:22,515.754559,151.787,197.432756,75.886,130.000,0,0,68.9,3.92e-07,1.96
2023-10-26 09:32:24,515.63474,151.758,197.66971,75.941,130.000,0,0,68.9,3.92e-07,1.96
2023-10-26 09:32:26,515.51522,151.729,198.929592,76.233,130.000,0,0,68.9,3.92e-07,1.96
2023-10-26 09:32:28,515.396892,151.700,199.016028,76.253,130.000,0,0,68.9,3.92e-07,1.96
2023-10-26 09:32:30,515.279458,151.671,198.922141,76.231,130.000,0,0,68.9,3.92e-07,1.96
2023-10-26 09:32:32,515.163216,151.643,198.905748,76.227,130.000,0,0,68.9,3.92e-07,1.96
2023-10-26 09:32:34,515.049359,151.615,199.21513,76.299,130.000,0,0,68.9,3.92e-07,1.96
2023-10-26 09:32:36,514.936694,151.588,199.602304,76.388,130.000,0,0,68.9,3.92e-07,1.96
2023-10-26 09:32:38,514.825817,151.561,199.881284,76.453,130.000,0,0,68.9,3.92e-07,1.96
2023-10-26 09:32:40,514.701528,151.530,200.209742,76.529,130.000,0,0,68.9,3.92e-07,1.96
2023-10-26 09:32:42,514.59542,151.505,200.486636,76.593,130.000,0,0,68.9,3.92e-07,1.96
2023-10-26 09:32:44,514.492591,151.480,200.737003,76.651,130.000,0,0,68.9,3.92e-07,1.96
2023-10-26 09:32:46,514.390059,151.455,200.974255,76.706,130.000,0,0,68.9,3.92e-07,1.96
2023-10-26 09:32:48,514.291999,151.431,201.2127,76.761,130.000,0,0,68.9,3.92e-07,1.96
2023-10-26 09:32:50,514.196323,151.407,201.438626,76.813,130.000,0,0,68.9,3.92e-07,1.96
2023-10-26 09:32:52,514.100945,151.384,201.664552,76.866,130.000,0,0,68.9,3.92e-07,1.96
2023-10-26 09:32:54,514.009144,151.362,201.883623,76.916,130.000,0,0,68.9,3.92e-07,1.96
2023-10-26 09:32:56,513.919727,151.340,202.103886,76.967,130.000,0,0,68.9,3.92e-07,1.96
2023-10-26 09:32:58,513.831503,151.318,202.315506,77.016,130.000,0,0,68.9,3.92e-07,1.96
2023-10-26 09:33:00,513.748345,151.298,202.545307,77.070,130.000,0,0,68.9,3.92e-07,1.96
2023-10-26 09:33:02,513.666678,151.278,202.726525,77.112,130.000,0,0,68.9,3.92e-07,1.96
2023-10-26 09:33:04,513.585905,151.258,202.930991,77.159,130.000,0,0,68.9,3.92e-07,1.96
2023-10-26 09:33:06,513.507814,151.239,203.152149,77.210,130.000,0,0,68.9,3.92e-07,1.96
2023-10-26 09:33:08,513.432704,151.221,203.348567,77.256,130.000,0,0,68.9,3.92e-07,1.96
2023-10-26 09:33:10,513.359979,151.203,203.55512,77.304,130.000,0,0,68.9,3.92e-07,1.96
2023-10-26 09:33:12,513.291426,151.187,203.755414,77.350,130.000,0,0,68.9,3.92e-07,1.96
2023-10-26 09:33:14,513.224363,151.170,203.953919,77.396,130.000,0,0,68.9,3.92e-07,1.96
2023-10-26 09:33:15,513.157897,151.154,204.135435,77.438,130.000,0,0,68.9,3.92e-07,1.96
2023-10-26 09:33:17,513.096199,151.139,204.329767,77.483,130.000,0,0,68.9,3.92e-07,1.96
2023-10-26 09:33:19,513.035098,151.124,204.524994,77.528,130.000,0,0,68.9,3.92e-07,1.96
2023-10-26 09:33:21,512.975487,151.109,204.715451,77.572,130.000,0,0,68.9,3.92e-07,1.96
2023-10-26 09:33:23,512.919154,151.096,204.91187,77.618,130.000,0,0,68.9,3.92e-07,1.96
2023-10-26 09:33:25,512.865802,151.083,205.118125,77.666,130.000,0,0,68.9,3.92e-07,1.96
2023-10-26 09:33:27,512.813344,151.070,205.303217,77.708,130.000,0,0,68.9,3.92e-07,1.96
2023-10-26 09:33:29,512.763271,151.058,205.499338,77.754,130.000,0,0,68.9,3.92e-07,1.96
2023-10-26 09:33:31,512.714092,151.046,205.696949,77.800,130.000,0,0,68.9,3.92e-07,1.96
2023-10-26 09:33:33,512.666999,151.034,205.893368,77.845,130.000,0,0,68.9,3.92e-07,1.96
2023-10-26 09:33:35,512.622887,151.023,206.082037,77.889,130.000,0,0,68.9,3.92e-07,1.96
2023-10-26 09:33:37,512.579668,151.013,206.312732,77.942,130.000,0,0,68.9,3.92e-07,1.96
2023-10-26 09:33:39,512.539431,151.003,206.478749,77.981,130.000,0,0,68.9,3.92e-07,1.96
2023-10-26 09:33:41,512.500386,150.994,206.687985,78.029,130.000,0,0,68.9,3.92e-07,1.96
2023-10-26 09:33:43,512.462533,150.984,206.877846,78.073,130.000,0,0,68.9,3.92e-07,1.96
2023-10-26 09:33:45,512.427362,150.976,207.052805,78.114,130.000,0,0,68.9,3.92e-07,1.96
2023-10-26 09:33:47,512.393682,150.968,207.225975,78.154,130.000,0,0,68.9,3.92e-07,1.96
2023-10-26 09:33:49,512.360896,150.960,207.411962,78.197,130.000,0,0,68.9,3.92e-07,1.96
2023-10-26 09:33:51,512.329302,150.952,207.597651,78.240,130.000,0,0,68.9,3.92e-07,1.96
2023-10-26 09:33:53,512.299496,150.945,207.789003,78.285,130.000,0,0,68.9,3.92e-07,1.96
2023-10-26 09:33:55,512.271181,150.938,207.981845,78.329,130.000,0,0,68.9,3.92e-07,1.96
2023-10-26 09:33:57,512.24525,150.931,208.140112,78.366,130.000,0,0,68.9,3.92e-07,1.96
2023-10-26 09:33:59,512.219617,150.925,208.305533,78.404,130.000,0,0,68.9,3.92e-07,1.96
2023-10-26 09:34:00,512.195475,150.919,208.488838,78.447,130.000,0,0,68.9,3.92e-07,1.96
2023-10-26 09:34:03,512.174015,150.914,208.662604,78.487,130.000,0,0,68.9,3.92e-07,1.96
2023-10-26 09:34:05,512.152256,150.909,208.811334,78.522,130.000,0,0,68.9,3.92e-07,1.96
2023-10-26 09:34:06,512.133777,150.904,208.977947,78.560,130.000,0,0,68.9,3.92e-07,1.96
2023-10-26 09:34:08,512.114105,150.899,209.148733,78.600,130.000,0,0,68.9,3.92e-07,1.96
2023-10-26 09:34:10,512.097712,150.895,209.302232,78.635,130.000,0,0,68.9,3.92e-07,1.96
2023-10-26 09:34:12,512.081617,150.891,209.466759,78.674,130.000,0,0,68.9,3.92e-07,1.96
2023-10-26 09:34:14,512.064628,150.887,209.60148,78.705,130.000,0,0,68.9,3.92e-07,1.96
2023-10-26 09:34:16,512.050619,150.884,209.751104,78.739,130.000,0,0,68.9,3.92e-07,1.96
2023-10-26 09:34:18,512.036909,150.881,209.919506,78.779,130.000,0,0,68.9,3.92e-07,1.96
2023-10-26 09:34:20,512.024987,150.878,210.094464,78.819,130.000,0,0,68.9,3.92e-07,1.96
2023-10-26 09:34:22,512.014555,150.875,210.245877,78.854,130.000,0,0,68.9,3.92e-07,1.96
2023-10-26 09:34:24,512.004123,150.873,210.411,78.893,130.000,0,0,68.9,3.92e-07,1.96
2023-10-26 09:34:26,511.993393,150.870,210.55049,78.925,130.000,0,0,68.9,3.92e-07,1.96
2023-10-26 09:34:28,511.985047,150.868,210.697431,78.959,130.000,0,0,68.9,3.92e-07,1.96
2023-10-26 09:34:30,511.976404,150.866,210.844969,78.993,130.000,0,0,68.9,3.92e-07,1.96
2023-10-26 09:34:32,511.968952,150.864,210.99966,79.029,130.000,0,0,68.9,3.92e-07,1.96
2023-10-26 09:34:34,511.962991,150.863,211.115305,79.056,130.000,0,0,68.9,3.92e-07,1.96
2023-10-26 09:34:36,511.957626,150.861,211.24645,79.086,130.000,0,0,68.9,3.92e-07,1.96
2023-10-26 09:34:38,511.953155,150.860,211.447936,79.133,130.000,0,0,68.9,3.92e-07,1.96
2023-10-26 09:34:40,511.948982,150.859,211.577292,79.163,130.000,0,0,68.9,3.92e-07,1.96
2023-10-26 09:34:42,511.947194,150.859,211.708138,79.193,130.000,0,0,68.9,3.92e-07,1.96
2023-10-26 09:34:44,511.942723,150.858,211.84733,79.226,130.000,0,0,68.9,3.92e-07,1.96
2023-10-26 09:34:46,511.941829,150.857,211.980561,79.257,130.000,0,0,68.9,3.92e-07,1.96
2023-10-26 09:34:48,511.939743,150.857,212.08965,79.282,130.000,0,0,68.9,3.92e-07,1.96
2023-10-26 09:34:50,511.939147,150.857,212.215727,79.311,130.000,0,0,68.9,3.92e-07,1.96
2023-10-26 09:34:52,511.937954,150.856,212.318855,79.335,130.000,0,0,68.9,3.92e-07,1.96
2023-10-26 09:34:54,511.939147,150.857,212.430328,79.361,130.000,0,0,68.9,3.92e-07,1.96
2023-10-26 09:34:55,511.940935,150.857,212.523917,79.383,130.000,0,0,68.9,3.92e-07,1.96
2023-10-26 09:34:57,511.940339,150.857,212.641053,79.410,130.000,0,0,68.9,3.92e-07,1.96
2023-10-26 09:34:59,511.940637,150.857,212.79783,79.446,130.000,0,0,68.9,3.92e-07,1.96
2023-10-26 09:35:01,511.945108,150.858,212.900064,79.470,130.000,0,0,68.9,3.92e-07,1.96
2023-10-26 09:35:03,511.946896,150.859,213.11675,79.520,130.000,0,0,68.9,3.92e-07,1.96
2023-10-26 09:35:05,511.951665,150.860,213.252365,79.552,130.000,0,0,68.9,3.92e-07,1.96
2023-10-26 09:35:07,511.95703,150.861,213.355493,79.576,130.000,0,0,68.9,3.92e-07,1.96
2023-10-26 09:35:09,511.960607,150.862,213.485743,79.606,130.000,0,0,68.9,3.92e-07,1.96
2023-10-26 09:35:11,511.965972,150.863,213.612715,79.635,130.000,0,0,68.9,3.92e-07,1.96
2023-10-26 09:35:13,511.971337,150.865,213.721505,79.661,130.000,0,0,68.9,3.92e-07,1.96
2023-10-26 09:35:15,511.977,150.866,213.832978,79.686,130.000,0,0,68.9,3.92e-07,1.96
2023-10-26 09:35:17,511.983259,150.868,213.946239,79.713,130.000,0,0,68.9,3.92e-07,1.96
2023-10-26 09:35:19,511.99071,150.869,214.080364,79.744,130.000,0,0,68.9,3.92e-07,1.96
2023-10-26 09:35:21,511.996373,150.871,214.195116,79.770,130.000,0,0,68.9,3.92e-07,1.96
2023-10-26 09:35:23,512.002931,150.872,214.285427,79.791,130.000,0,0,68.9,3.92e-07,1.96
2023-10-26 09:35:25,512.010382,150.874,214.37693,79.813,130.000,0,0,68.9,3.92e-07,1.96
2023-10-26 09:35:27,512.018727,150.876,214.475586,79.836,130.000,0,0,68.9,3.92e-07,1.96
2023-10-26 09:35:29,512.027669,150.878,214.566494,79.857,130.000,0,0,68.9,3.92e-07,1.96
2023-10-26 09:35:31,512.035419,150.880,214.702705,79.888,130.000,0,0,68.9,3.92e-07,1.96
2023-10-26 09:35:33,512.04436,150.882,214.786161,79.908,130.000,0,0,68.9,3.92e-07,1.96
2023-10-26 09:35:35,512.053898,150.885,214.864251,79.926,130.000,0,0,68.9,3.92e-07,1.96
2023-10-26 09:35:37,512.062542,150.887,215.004934,79.958,130.000,0,0,68.9,3.92e-07,1.96
2023-10-26 09:35:39,512.072676,150.889,215.111339,79.983,130.000,0,0,68.9,3.92e-07,1.96
2023-10-26 09:35:41,512.082511,150.892,215.218342,80.008,130.000,0,0,68.9,3.92e-07,1.96
2023-10-26 09:35:43,512.093539,150.894,215.317892,80.031,130.000,0,0,68.9,3.92e-07,1.96
