time,sample_holder_res,sample_holder_temp,exhaust_res,exhaust_temp,target_temp,cooling_active,heating_active,proportional,integral,derivative
2023-10-17 13:53:19,1177.69744,318.786,1095.71093,297.134,-1.000,0,0,0,0,0
2023-10-17 13:53:21,1177.69803,318.786,1095.71511,297.135,-1.000,0,0,0,0,0
2023-10-17 13:53:23,1177.69207,318.784,1095.71451,297.135,-1.000,0,0,0,0,0
2023-10-17 13:53:25,1177.6882,318.783,1095.71689,297.135,-1.000,0,0,0,0,0
2023-10-17 13:53:27,1177.68283,318.782,1095.71689,297.135,-1.000,0,0,0,0,0
2023-10-17 13:53:29,1177.68045,318.781,1095.71779,297.136,-1.000,0,0,0,0,0
2023-10-17 13:53:31,1177.67598,318.780,1095.71868,297.136,-1.000,0,0,0,0,0
2023-10-17 13:53:33,1177.6721,318.779,1095.71838,297.136,-1.000,0,0,0,0,0
2023-10-17 13:53:35,1177.66823,318.778,1095.72017,297.136,-1.000,0,0,0,0,0
2023-10-17 13:53:37,1177.66495,318.777,1095.71481,297.135,-1.000,0,0,0,0,0
2023-10-17 13:53:39,1177.66167,318.777,1095.71421,297.135,-1.000,0,0,0,0,0
2023-10-17 13:53:41,1177.6581,318.776,1095.7154,297.135,-1.000,0,0,0,0,0
2023-10-17 13:53:43,1177.65333,318.774,1095.7154,297.135,-1.000,0,0,60,1e-07,6.3
2023-10-17 13:53:45,1177.65035,318.774,1095.71511,297.135,-1.000,0,0,60,1e-07,6.3
2023-10-17 13:53:47,1177.64647,318.773,1095.71481,297.135,319.000,0,0,60,1e-07,6.3
2023-10-17 13:53:49,1177.6426,318.772,1095.71242,297.134,319.000,0,0,60,1e-07,6.3
2023-10-17 13:53:51,1177.63872,318.771,1095.71361,297.135,319.000,0,0,60,1e-07,6.3
2023-10-17 13:53:52,1177.63574,318.770,1095.71481,297.135,319.000,0,0,60,1e-07,6.3
2023-10-17 13:53:54,1177.63276,318.769,1095.71183,297.134,319.000,1,1,60,1e-07,6.3
2023-10-17 13:53:56,1177.63097,318.769,1095.71034,297.134,319.000,1,1,60,1e-07,6.3
2023-10-17 13:53:58,1177.67866,318.781,1095.70825,297.133,319.000,1,1,60,1e-07,6.3
2023-10-17 13:54:00,1177.78119,318.808,1095.70795,297.133,319.000,1,1,60,1e-07,6.3
2023-10-17 13:54:02,1177.9019,318.839,1095.70765,297.133,319.000,1,1,60,1e-07,6.3
2023-10-17 13:54:04,1178.02441,318.871,1095.70706,297.133,319.000,0,0,60,1e-07,6.3
2023-10-17 13:54:06,1178.12485,318.897,1095.70765,297.133,319.000,0,0,60,1e-07,6.3
2023-10-17 13:54:08,1178.15704,318.905,1095.70676,297.133,319.000,0,0,60,1e-07,6.3
2023-10-17 13:54:10,1178.15436,318.904,1095.70765,297.133,319.000,0,0,60,1e-07,6.3
2023-10-17 13:54:12,1178.14512,318.902,1095.71004,297.134,319.000,0,0,60,1e-07,6.3
2023-10-17 13:54:14,1178.13439,318.899,1095.71183,297.134,319.000,0,0,60,1e-07,6.3
2023-10-17 13:54:16,1178.12992,318.898,1095.71183,297.134,319.000,0,0,60,1e-07,6.3
2023-10-17 13:54:18,1178.12962,318.898,1095.71034,297.134,319.000,0,0,60,1e-07,6.3
2023-10-17 13:54:20,1178.132,318.899,1095.70736,297.133,319.000,0,0,60,1e-07,6.3
2023-10-17 13:54:22,1178.13618,318.900,1095.70825,297.133,319.000,0,0,60,1e-07,6.3
2023-10-17 13:54:24,1178.13946,318.900,1095.70855,297.133,319.000,0,0,60,1e-07,6.3
2023-10-17 13:54:26,1178.14333,318.901,1095.70736,297.133,319.000,0,0,60,1e-07,6.3
2023-10-17 13:54:28,1178.14989,318.903,1095.70676,297.133,319.000,0,0,60,1e-07,6.3
2023-10-17 13:54:30,1178.15376,318.904,1095.70587,297.133,319.000,0,0,60,1e-07,6.3
2023-10-17 13:54:32,1178.15943,318.906,1095.70467,297.132,319.000,0,0,60,1e-07,6.3
2023-10-17 13:54:34,1178.1639,318.907,1095.70229,297.132,319.000,0,0,60,1e-07,6.3
2023-10-17 13:54:36,1178.16747,318.908,1095.70169,297.131,319.000,0,0,60,1e-07,6.3
2023-10-17 13:54:38,1178.16866,318.908,1095.70318,297.132,319.000,0,0,60,1e-07,6.3
2023-10-17 13:54:40,1178.17105,318.909,1095.70139,297.131,319.000,0,0,60,1e-07,6.3
2023-10-17 13:54:41,1178.17254,318.909,1095.69931,297.131,319.000,0,0,60,1e-07,6.3
2023-10-17 13:54:43,1178.17373,318.909,1095.69722,297.130,319.000,0,0,60,1e-07,6.3
2023-10-17 13:54:45,1178.17492,318.910,1095.69722,297.130,319.000,0,0,60,1e-07,6.3
2023-10-17 13:54:47,1178.17492,318.910,1095.69633,297.130,319.000,0,0,60,1e-07,6.3
2023-10-17 13:54:49,1178.17522,318.910,1095.69663,297.130,319.000,0,0,60,1e-07,6.3
2023-10-17 13:54:51,1178.17492,318.910,1095.69573,297.130,319.000,0,0,60,1e-07,6.3
2023-10-17 13:54:53,1178.17701,318.910,1095.69543,297.130,319.000,0,0,60,1e-07,6.3
2023-10-17 13:54:55,1178.17433,318.910,1095.69841,297.131,319.000,0,0,60,1e-07,6.3
2023-10-17 13:54:57,1178.17373,318.909,1095.69901,297.131,319.000,1,1,60,1e-07,6.3
2023-10-17 13:54:59,1178.20026,318.916,1095.69901,297.131,319.000,1,0,60,1e-07,6.3
2023-10-17 13:55:01,1178.29087,318.940,1095.69961,297.131,319.000,1,0,60,1e-07,6.3
2023-10-17 13:55:03,1178.35733,318.957,1095.69901,297.131,319.000,1,0,60,1e-07,6.3
2023-10-17 13:55:05,1178.37343,318.961,1095.69782,297.130,319.000,0,0,60,1e-07,6.3
2023-10-17 13:55:07,1178.37045,318.960,1095.69573,297.130,319.000,0,0,60,1e-07,6.3
2023-10-17 13:55:09,1178.3624,318.958,1095.69454,297.130,319.000,0,0,60,1e-07,6.3
2023-10-17 13:55:11,1178.35614,318.957,1095.69454,297.130,319.000,0,0,60,1e-07,6.3
2023-10-17 13:55:13,1178.35704,318.957,1095.69066,297.129,319.000,0,0,60,1e-07,6.3
2023-10-17 13:55:15,1178.34869,318.955,1095.69066,297.129,319.000,0,0,60,1e-07,6.3
2023-10-17 13:55:17,1178.34929,318.955,1095.68828,297.128,319.000,0,0,60,1e-07,6.3
2023-10-17 13:55:19,1178.3475,318.954,1095.68649,297.128,319.000,0,0,60,1e-07,6.3
2023-10-17 13:55:21,1178.35167,318.955,1095.68649,297.128,319.000,0,0,60,1e-07,6.3
2023-10-17 13:55:23,1178.34899,318.955,1095.6853,297.127,319.000,0,0,60,1e-07,6.3
2023-10-17 13:55:25,1178.3478,318.954,1095.68381,297.127,319.000,0,0,60,1e-07,6.3
2023-10-17 13:55:27,1178.3478,318.954,1095.685,297.127,319.000,0,0,60,1e-07,6.3
2023-10-17 13:55:28,1178.3472,318.954,1095.68262,297.127,319.000,0,0,60,1e-07,6.3
2023-10-17 13:55:30,1178.34541,318.954,1095.68321,297.127,319.000,0,0,60,1e-07,6.3
2023-10-17 13:55:32,1178.34511,318.954,1095.68351,297.127,319.000,0,0,60,1e-07,6.3
2023-10-17 13:55:34,1178.34571,318.954,1095.6856,297.127,319.000,0,0,60,1e-07,6.3
2023-10-17 13:55:36,1178.34303,318.953,1095.68619,297.127,319.000,0,0,60,1e-07,6.3
2023-10-17 13:55:38,1178.34213,318.953,1095.68947,297.128,319.000,0,0,60,1e-07,6.3
2023-10-17 13:55:40,1178.34124,318.953,1095.69156,297.129,319.000,0,0,60,1e-07,6.3
2023-10-17 13:55:42,1178.33945,318.952,1095.69245,297.129,319.000,0,0,60,1e-07,6.3
2023-10-17 13:55:44,1178.33707,318.952,1095.69484,297.130,319.000,0,0,60,1e-07,6.3
2023-10-17 13:55:46,1178.33468,318.951,1095.69663,297.130,319.000,0,0,60,1e-07,6.3
2023-10-17 13:55:48,1178.3326,318.951,1095.69484,297.130,319.000,0,0,60,1e-07,6.3
2023-10-17 13:55:50,1178.33081,318.950,1095.69454,297.130,319.000,0,0,60,1e-07,6.3
2023-10-17 13:55:52,1178.32783,318.949,1095.69514,297.130,319.000,0,0,60,1e-07,6.3
2023-10-17 13:55:54,1178.32902,318.950,1095.69454,297.130,319.000,0,0,60,1e-07,6.3
2023-10-17 13:55:56,1178.32276,318.948,1095.69901,297.131,319.000,0,0,60,1e-07,6.3
2023-10-17 13:55:58,1178.31948,318.947,1095.71451,297.135,319.000,1,1,60,1e-07,6.3
2023-10-17 13:56:00,1178.33915,318.952,1095.69752,297.130,319.000,1,0,60,1e-07,6.3
2023-10-17 13:56:02,1178.42082,318.973,1095.69752,297.130,319.000,1,0,60,1e-07,6.3
2023-10-17 13:56:04,1178.48013,318.989,1095.69692,297.130,319.000,1,0,60,1e-07,6.3
2023-10-17 13:56:06,1178.49384,318.992,1095.69782,297.130,319.000,0,0,60,1e-07,6.3
2023-10-17 13:56:08,1178.49027,318.991,1095.69841,297.131,319.000,0,0,60,1e-07,6.3
2023-10-17 13:56:10,1178.48222,318.989,1095.69931,297.131,319.000,0,0,60,1e-07,6.3
2023-10-17 13:56:12,1178.47507,318.987,1095.69752,297.130,319.000,0,0,60,1e-07,6.3
2023-10-17 13:56:14,1178.46911,318.986,1095.69722,297.130,319.000,0,0,60,1e-07,6.3
2023-10-17 13:56:15,1178.46672,318.985,1095.69722,297.130,319.000,0,0,60,1e-07,6.3
2023-10-17 13:56:17,1178.46314,318.984,1095.69514,297.130,319.000,0,0,60,1e-07,6.3
2023-10-17 13:56:19,1178.46195,318.984,1095.69633,297.130,319.000,0,0,60,1e-07,6.3
2023-10-17 13:56:21,1178.46016,318.984,1095.69692,297.130,319.000,0,0,60,1e-07,6.3
2023-10-17 13:56:23,1178.45957,318.983,1095.69752,297.130,319.000,0,0,60,1e-07,6.3
2023-10-17 13:56:25,1178.46314,318.984,1095.69782,297.130,319.000,0,0,60,1e-07,6.3
2023-10-17 13:56:27,1178.45897,318.983,1095.69782,297.130,319.000,0,0,60,1e-07,6.3
2023-10-17 13:56:29,1178.45778,318.983,1095.69871,297.131,319.000,0,0,60,1e-07,6.3
2023-10-17 13:56:31,1178.45718,318.983,1095.69782,297.130,319.000,0,0,60,1e-07,6.3
2023-10-17 13:56:33,1178.45599,318.983,1095.69961,297.131,319.000,0,0,60,1e-07,6.3
2023-10-17 13:56:35,1178.4548,318.982,1095.69931,297.131,319.000,0,0,60,1e-07,6.3
2023-10-17 13:56:37,1178.45152,318.981,1095.70139,297.131,319.000,0,0,60,1e-07,6.3
2023-10-17 13:56:39,1178.44973,318.981,1095.70169,297.131,319.000,0,0,60,1e-07,6.3
2023-10-17 13:56:41,1178.44824,318.981,1095.7005,297.131,319.000,0,0,60,1e-07,6.3
2023-10-17 13:56:43,1178.44526,318.980,1095.6999,297.131,319.000,0,0,60,1e-07,6.3
2023-10-17 13:56:45,1178.44347,318.979,1095.7005,297.131,319.000,0,0,60,1e-07,6.3
2023-10-17 13:56:47,1178.44258,318.979,1095.70229,297.132,319.000,0,0,60,1e-07,6.3
2023-10-17 13:56:49,1178.439,318.978,1095.70408,297.132,319.000,0,0,60,1e-07,6.3
2023-10-17 13:56:51,1178.43513,318.977,1095.70706,297.133,319.000,0,0,60,1e-07,6.3
2023-10-17 13:56:53,1178.43304,318.977,1095.70885,297.133,319.000,0,0,60,1e-07,6.3
2023-10-17 13:56:55,1178.43006,318.976,1095.71093,297.134,319.000,0,0,60,1e-07,6.3
2023-10-17 13:56:57,1178.42618,318.975,1095.71391,297.135,319.000,0,0,60,1e-07,6.3
2023-10-17 13:56:59,1178.42261,318.974,1095.71361,297.135,319.000,1,1,60,1e-07,6.3
2023-10-17 13:57:01,1178.4235,318.974,1095.7163,297.135,319.000,1,0,60,1e-07,6.3
2023-10-17 13:57:02,1178.47328,318.987,1095.71719,297.135,319.000,1,0,60,1e-07,6.3
2023-10-17 13:57:04,1178.50845,318.996,1095.71868,297.136,319.000,1,0,60,1e-07,6.3
2023-10-17 13:57:06,1178.5156,318.998,1095.71928,297.136,319.000,1,0,60,1e-07,6.3
2023-10-17 13:57:08,1178.51053,318.997,1095.72107,297.136,319.000,0,0,60,1e-07,6.3
2023-10-17 13:57:10,1178.50517,318.995,1095.72405,297.137,319.000,0,0,60,1e-07,6.3
2023-10-17 13:57:12,1178.5001,318.994,1095.72613,297.138,319.000,0,0,60,1e-07,6.3
2023-10-17 13:57:14,1178.49593,318.993,1095.72911,297.139,319.000,0,0,60,1e-07,6.3
2023-10-17 13:57:16,1178.49474,318.993,1095.73269,297.139,319.000,0,0,60,1e-07,6.3
2023-10-17 13:57:18,1178.48937,318.991,1095.73657,297.140,319.000,0,0,60,1e-07,6.3
2023-10-17 13:57:20,1178.48639,318.990,1095.74014,297.141,319.000,0,0,60,1e-07,6.3
2023-10-17 13:57:22,1178.48282,318.989,1095.74521,297.143,319.000,0,0,60,1e-07,6.3
2023-10-17 13:57:24,1178.48013,318.989,1095.75057,297.144,319.000,0,0,60,1e-07,6.3
2023-10-17 13:57:26,1178.47864,318.988,1095.75475,297.145,319.000,0,0,60,1e-07,6.3
2023-10-17 13:57:28,1178.47685,318.988,1095.75743,297.146,319.000,0,0,60,1e-07,6.3
2023-10-17 13:57:30,1178.47447,318.987,1095.75922,297.146,319.000,0,0,60,1e-07,6.3
2023-10-17 13:57:32,1178.47149,318.987,1095.76279,297.147,319.000,0,0,60,1e-07,6.3
2023-10-17 13:57:34,1178.4694,318.986,1095.76607,297.148,319.000,0,0,60,1e-07,6.3
2023-10-17 13:57:36,1178.46732,318.985,1095.76965,297.149,319.000,0,0,60,1e-07,6.3
2023-10-17 13:57:38,1178.46523,318.985,1095.77114,297.149,319.000,0,0,60,1e-07,6.3
2023-10-17 13:57:40,1178.46195,318.984,1095.77323,297.150,319.000,0,0,60,1e-07,6.3
2023-10-17 13:57:42,1178.45957,318.983,1095.7765,297.151,319.000,0,0,60,1e-07,6.3
2023-10-17 13:57:44,1178.45778,318.983,1095.7771,297.151,319.000,0,0,60,1e-07,6.3
2023-10-17 13:57:46,1178.4542,318.982,1095.78187,297.152,319.000,0,0,60,1e-07,6.3
2023-10-17 13:57:48,1178.45003,318.981,1095.78485,297.153,319.000,0,0,60,1e-07,6.3
2023-10-17 13:57:50,1178.44705,318.980,1095.78843,297.154,319.000,0,0,60,1e-07,6.3
2023-10-17 13:57:51,1178.44437,318.980,1095.79171,297.155,319.000,0,0,60,1e-07,6.3
2023-10-17 13:57:53,1178.44079,318.979,1095.79081,297.154,319.000,0,0,60,1e-07,6.3
2023-10-17 13:57:55,1178.43811,318.978,1095.792,297.155,319.000,0,0,60,1e-07,6.3
2023-10-17 13:57:57,1178.43423,318.977,1095.7932,297.155,319.000,0,0,60,1e-07,6.3
2023-10-17 13:57:59,1178.43125,318.976,1095.79558,297.156,319.000,0,0,60,1e-07,6.3
2023-10-17 13:58:01,1178.42946,318.976,1095.79707,297.156,319.000,1,0,60,1e-07,6.3
2023-10-17 13:58:03,1178.44586,318.980,1095.79886,297.156,319.000,1,0,60,1e-07,6.3
2023-10-17 13:58:05,1178.46493,318.985,1095.80065,297.157,319.000,1,0,60,1e-07,6.3
2023-10-17 13:58:07,1178.46702,318.985,1095.80244,297.157,319.000,1,0,60,1e-07,6.3
2023-10-17 13:58:09,1178.46344,318.984,1095.80363,297.158,319.000,0,0,60,1e-07,6.3
2023-10-17 13:58:11,1178.46046,318.984,1095.80512,297.158,319.000,0,0,60,1e-07,6.3
2023-10-17 13:58:13,1178.4548,318.982,1095.8084,297.159,319.000,0,0,60,1e-07,6.3
2023-10-17 13:58:15,1178.45122,318.981,1095.8084,297.159,319.000,0,0,60,1e-07,6.3
2023-10-17 13:58:17,1178.44645,318.980,1095.8084,297.159,319.000,0,0,60,1e-07,6.3
2023-10-17 13:58:19,1178.44317,318.979,1095.80929,297.159,319.000,0,0,60,1e-07,6.3
2023-10-17 13:58:21,1178.4399,318.978,1095.80869,297.159,319.000,0,0,60,1e-07,6.3
2023-10-17 13:58:23,1178.43632,318.977,1095.80899,297.159,319.000,0,0,60,1e-07,6.3
2023-10-17 13:58:25,1178.43364,318.977,1095.81108,297.160,319.000,0,0,60,1e-07,6.3
2023-10-17 13:58:27,1178.43095,318.976,1095.81168,297.160,319.000,0,0,60,1e-07,6.3
2023-10-17 13:58:29,1178.42797,318.975,1095.81406,297.160,319.000,0,0,60,1e-07,6.3
2023-10-17 13:58:31,1178.42499,318.974,1095.81227,297.160,319.000,0,0,60,1e-07,6.3
2023-10-17 13:58:33,1178.42171,318.974,1095.81376,297.160,319.000,0,0,60,1e-07,6.3
2023-10-17 13:58:35,1178.41814,318.973,1095.81495,297.161,319.000,0,0,60,1e-07,6.3
2023-10-17 13:58:36,1178.41545,318.972,1095.81406,297.160,319.000,0,0,60,1e-07,6.3
2023-10-17 13:58:38,1178.41247,318.971,1095.81466,297.161,319.000,0,0,60,1e-07,6.3
2023-10-17 13:58:40,1178.4083,318.970,1095.81406,297.160,319.000,0,0,60,1e-07,6.3
2023-10-17 13:58:42,1178.40681,318.970,1095.81674,297.161,319.000,0,0,60,1e-07,6.3
2023-10-17 13:58:44,1178.40234,318.969,1095.81823,297.161,319.000,0,0,60,1e-07,6.3
2023-10-17 13:58:46,1178.39817,318.968,1095.82002,297.162,319.000,0,0,60,1e-07,6.3
2023-10-17 13:58:48,1178.39608,318.967,1095.82151,297.162,319.000,0,0,60,1e-07,6.3
2023-10-17 13:58:50,1178.3931,318.966,1095.82419,297.163,319.000,0,0,60,1e-07,6.3
2023-10-17 13:58:52,1178.38923,318.965,1095.82509,297.163,319.000,0,0,60,1e-07,6.3
2023-10-17 13:58:54,1178.38476,318.964,1095.82688,297.164,319.000,0,0,60,1e-07,6.3
2023-10-17 13:58:56,1178.38207,318.963,1095.82956,297.164,319.000,0,0,60,1e-07,6.3
2023-10-17 13:58:58,1178.3776,318.962,1095.82896,297.164,319.000,0,0,60,1e-07,6.3
2023-10-17 13:59:00,1178.37343,318.961,1095.82777,297.164,319.000,0,0,60,1e-07,6.3
2023-10-17 13:59:02,1178.37075,318.960,1095.83135,297.165,319.000,1,1,60,1e-07,6.3
2023-10-17 13:59:04,1178.38088,318.963,1095.83045,297.165,319.000,1,0,60,1e-07,6.3
2023-10-17 13:59:06,1178.43304,318.977,1095.83015,297.164,319.000,1,0,60,1e-07,6.3
2023-10-17 13:59:08,1178.45748,318.983,1095.83165,297.165,319.000,1,0,60,1e-07,6.3
2023-10-17 13:59:10,1178.45867,318.983,1095.83314,297.165,319.000,1,0,60,1e-07,6.3
2023-10-17 13:59:12,1178.45182,318.981,1095.83582,297.166,319.000,0,0,60,1e-07,6.3
2023-10-17 13:59:14,1178.44645,318.980,1095.83552,297.166,319.000,0,0,60,1e-07,6.3
2023-10-17 13:59:16,1178.44139,318.979,1095.83731,297.166,319.000,0,0,60,1e-07,6.3
2023-10-17 13:59:18,1178.43602,318.977,1095.8385,297.167,319.000,0,0,60,1e-07,6.3
2023-10-17 13:59:20,1178.43304,318.977,1095.83939,297.167,319.000,0,0,60,1e-07,6.3
2023-10-17 13:59:21,1178.43036,318.976,1095.84059,297.167,319.000,0,0,60,1e-07,6.3
2023-10-17 13:59:23,1178.42887,318.975,1095.8382,297.167,319.000,0,0,60,1e-07,6.3
2023-10-17 13:59:25,1178.42469,318.974,1095.84029,297.167,319.000,0,0,60,1e-07,6.3
2023-10-17 13:59:27,1178.4238,318.974,1095.84118,297.167,319.000,0,0,60,1e-07,6.3
2023-10-17 13:59:29,1178.42171,318.974,1095.83939,297.167,319.000,0,0,60,1e-07,6.3
2023-10-17 13:59:31,1178.41844,318.973,1095.83999,297.167,319.000,0,0,60,1e-07,6.3
2023-10-17 13:59:33,1178.41635,318.972,1095.8382,297.167,319.000,0,0,60,1e-07,6.3
2023-10-17 13:59:35,1178.41486,318.972,1095.84088,297.167,319.000,0,0,60,1e-07,6.3
2023-10-17 13:59:37,1178.41218,318.971,1095.83582,297.166,319.000,0,0,60,1e-07,6.3
2023-10-17 13:59:39,1178.4083,318.970,1095.83284,297.165,319.000,0,0,60,1e-07,6.3
2023-10-17 13:59:41,1178.40651,318.970,1095.83075,297.165,319.000,0,0,60,1e-07,6.3
2023-10-17 13:59:43,1178.40443,318.969,1095.82777,297.164,319.000,0,0,60,1e-07,6.3
2023-10-17 13:59:45,1178.40085,318.968,1095.82866,297.164,319.000,0,0,60,1e-07,6.3
2023-10-17 13:59:47,1178.39906,318.968,1095.82777,297.164,319.000,0,0,60,1e-07,6.3
2023-10-17 13:59:49,1178.39429,318.967,1095.82777,297.164,319.000,0,0,60,1e-07,6.3
2023-10-17 13:59:51,1178.39161,318.966,1095.82747,297.164,319.000,0,0,60,1e-07,6.3
2023-10-17 13:59:53,1178.38863,318.965,1095.82777,297.164,319.000,0,0,60,1e-07,6.3
2023-10-17 13:59:55,1178.38625,318.964,1095.82837,297.164,319.000,0,0,60,1e-07,6.3
2023-10-17 13:59:57,1178.38297,318.964,1095.82807,297.164,319.000,0,0,60,1e-07,6.3
2023-10-17 13:59:59,1178.37999,318.963,1095.83015,297.164,319.000,0,0,60,1e-07,6.3
2023-10-17 14:00:01,1178.37552,318.962,1095.83045,297.165,319.000,0,0,60,1e-07,6.3
2023-10-17 14:00:03,1178.37134,318.961,1095.83015,297.164,319.000,1,1,60,1e-07,6.3
2023-10-17 14:00:05,1178.37701,318.962,1095.83194,297.165,319.000,1,0,60,1e-07,6.3
2023-10-17 14:00:07,1178.42857,318.975,1095.83373,297.165,319.000,1,0,60,1e-07,6.3
2023-10-17 14:00:09,1178.45778,318.983,1095.83165,297.165,319.000,1,0,60,1e-07,6.3
2023-10-17 14:00:11,1178.46314,318.984,1095.83373,297.165,319.000,1,0,60,1e-07,6.3
2023-10-17 14:00:13,1178.45778,318.983,1095.83314,297.165,319.000,0,0,60,1e-07,6.3
2023-10-17 14:00:14,1178.45212,318.982,1095.83015,297.164,319.000,0,0,60,1e-07,6.3
2023-10-17 14:00:16,1178.44496,318.980,1095.82986,297.164,319.000,0,0,60,1e-07,6.3
2023-10-17 14:00:18,1178.44109,318.979,1095.82866,297.164,319.000,0,0,60,1e-07,6.3
2023-10-17 14:00:20,1178.43841,318.978,1095.82896,297.164,319.000,0,0,60,1e-07,6.3
2023-10-17 14:00:22,1178.43513,318.977,1095.83015,297.164,319.000,0,0,60,1e-07,6.3
2023-10-17 14:00:24,1178.43185,318.976,1095.83135,297.165,319.000,0,0,60,1e-07,6.3
2023-10-17 14:00:26,1178.43006,318.976,1095.83015,297.164,319.000,0,0,60,1e-07,6.3
2023-10-17 14:00:28,1178.42827,318.975,1095.83135,297.165,319.000,0,0,60,1e-07,6.3
2023-10-17 14:00:30,1178.42678,318.975,1095.83165,297.165,319.000,0,0,60,1e-07,6.3
2023-10-17 14:00:32,1178.4235,318.974,1095.83015,297.164,319.000,0,0,60,1e-07,6.3
2023-10-17 14:00:34,1178.42261,318.974,1095.83015,297.164,319.000,0,0,60,1e-07,6.3
2023-10-17 14:00:36,1178.41993,318.973,1095.82658,297.164,319.000,0,0,60,1e-07,6.3
2023-10-17 14:00:38,1178.41754,318.973,1095.8236,297.163,319.000,0,0,60,1e-07,6.3
2023-10-17 14:00:40,1178.41635,318.972,1095.82181,297.162,319.000,0,0,60,1e-07,6.3
2023-10-17 14:00:42,1178.41247,318.971,1095.81913,297.162,319.000,0,0,60,1e-07,6.3
2023-10-17 14:00:46,1178.40711,318.970,1095.81317,297.160,319.000,0,0,60,1e-07,6.3
2023-10-17 14:00:48,1178.40502,318.969,1095.81078,297.160,319.000,0,0,60,1e-07,6.3
2023-10-17 14:00:50,1178.40115,318.968,1095.80691,297.159,319.000,0,0,60,1e-07,6.3
2023-10-17 14:00:52,1178.39876,318.968,1095.80691,297.159,319.000,0,0,60,1e-07,6.3
2023-10-17 14:00:54,1178.39638,318.967,1095.80601,297.158,319.000,0,0,60,1e-07,6.3
2023-10-17 14:00:56,1178.3925,318.966,1095.80422,297.158,319.000,0,0,60,1e-07,6.3
2023-10-17 14:00:58,1178.39131,318.966,1095.80214,297.157,319.000,0,0,60,1e-07,6.3
2023-10-17 14:01:00,1178.38744,318.965,1095.80035,297.157,319.000,0,0,60,1e-07,6.3
2023-10-17 14:01:01,1178.38356,318.964,1095.80095,297.157,319.000,0,0,60,1e-07,6.3
2023-10-17 14:01:04,1178.38028,318.963,1095.80333,297.158,319.000,0,0,60,1e-07,6.3
2023-10-17 14:01:05,1178.3773,318.962,1095.80244,297.157,319.000,1,1,60,1e-07,6.3
2023-10-17 14:01:07,1178.37552,318.962,1095.79945,297.157,319.000,1,0,60,1e-07,6.3
2023-10-17 14:01:09,1178.40472,318.969,1095.79916,297.157,319.000,1,0,60,1e-07,6.3
2023-10-17 14:01:11,1178.41933,318.973,1095.79886,297.156,319.000,1,0,60,1e-07,6.3
2023-10-17 14:01:13,1178.41993,318.973,1095.79737,297.156,319.000,1,0,60,1e-07,6.3
2023-10-17 14:01:15,1178.41456,318.972,1095.79558,297.156,319.000,0,0,60,1e-07,6.3
2023-10-17 14:01:17,1178.40979,318.971,1095.79528,297.156,319.000,0,0,60,1e-07,6.3
2023-10-17 14:01:19,1178.40681,318.970,1095.7932,297.155,319.000,0,0,60,1e-07,6.3
2023-10-17 14:01:21,1178.40234,318.969,1095.79469,297.155,319.000,0,0,60,1e-07,6.3
2023-10-17 14:01:23,1178.39847,318.968,1095.79409,297.155,319.000,0,0,60,1e-07,6.3
2023-10-17 14:01:25,1178.39399,318.966,1095.79051,297.154,319.000,0,0,60,1e-07,6.3
2023-10-17 14:01:27,1178.39221,318.966,1095.78813,297.154,319.000,0,0,60,1e-07,6.3
2023-10-17 14:01:29,1178.38803,318.965,1095.78694,297.153,319.000,0,0,60,1e-07,6.3
2023-10-17 14:01:31,1178.38595,318.964,1095.78396,297.153,319.000,0,0,60,1e-07,6.3
2023-10-17 14:01:33,1178.38207,318.963,1095.78425,297.153,319.000,0,0,60,1e-07,6.3
2023-10-17 14:01:35,1178.37969,318.963,1095.78008,297.152,319.000,0,0,60,1e-07,6.3
2023-10-17 14:01:37,1178.3782,318.962,1095.77889,297.151,319.000,0,0,60,1e-07,6.3
2023-10-17 14:01:39,1178.37522,318.962,1095.7771,297.151,319.000,0,0,8.19,1.54e-07,1.65
2023-10-17 14:01:41,1178.37134,318.961,1095.77203,297.150,319.000,0,0,8.19,1.54e-07,1.65
2023-10-17 14:01:43,1178.36836,318.960,1095.76995,297.149,319.000,0,0,8.19,1.54e-07,1.65
2023-10-17 14:01:45,1178.36479,318.959,1095.76458,297.148,319.000,0,0,8.19,1.54e-07,1.65
2023-10-17 14:01:46,1178.3621,318.958,1095.7625,297.147,319.000,0,0,8.19,1.54e-07,1.65
2023-10-17 14:01:48,1178.36002,318.958,1095.75952,297.146,319.000,0,0,8.19,1.54e-07,1.65
2023-10-17 14:01:50,1178.35584,318.957,1095.75564,297.145,319.000,0,0,8.19,1.54e-07,1.65
2023-10-17 14:01:52,1178.35197,318.956,1095.75475,297.145,319.000,0,0,8.19,1.54e-07,1.65
2023-10-17 14:01:54,1178.35078,318.955,1095.75355,297.145,319.000,0,0,8.19,1.54e-07,1.65
2023-10-17 14:01:56,1178.34482,318.954,1095.75117,297.144,319.000,0,0,8.19,1.54e-07,1.65
2023-10-17 14:01:58,1178.34213,318.953,1095.75028,297.144,319.000,0,0,8.19,1.54e-07,1.65
2023-10-17 14:02:00,1178.33915,318.952,1095.74938,297.144,319.000,0,0,8.19,1.54e-07,1.65
2023-10-17 14:02:02,1178.33498,318.951,1095.74431,297.142,319.000,0,0,8.19,1.54e-07,1.65
2023-10-17 14:02:04,1178.3323,318.950,1095.74431,297.142,319.000,0,0,8.19,1.54e-07,1.65
2023-10-17 14:02:06,1178.32902,318.950,1095.74372,297.142,319.000,1,0,8.19,1.54e-07,1.65
2023-10-17 14:02:08,1178.3472,318.954,1095.74312,297.142,319.000,1,0,8.19,1.54e-07,1.65
2023-10-17 14:02:10,1178.36687,318.959,1095.73895,297.141,319.000,1,0,8.19,1.54e-07,1.65
2023-10-17 14:02:12,1178.36985,318.960,1095.73627,297.140,319.000,1,0,8.19,1.54e-07,1.65
2023-10-17 14:02:14,1178.36628,318.959,1095.73537,297.140,319.000,0,0,8.19,1.54e-07,1.65
2023-10-17 14:02:16,1178.3627,318.958,1095.73418,297.140,319.000,0,0,8.19,1.54e-07,1.65
2023-10-17 14:02:18,1178.35674,318.957,1095.73269,297.139,319.000,0,0,8.19,1.54e-07,1.65
2023-10-17 14:02:20,1178.35257,318.956,1095.72703,297.138,319.000,0,0,8.19,1.54e-07,1.65
2023-10-17 14:02:22,1178.34809,318.955,1095.72882,297.138,319.000,0,0,8.19,1.54e-07,1.65
2023-10-17 14:02:24,1178.34422,318.954,1095.72852,297.138,319.000,0,0,8.19,1.54e-07,1.65
2023-10-17 14:02:26,1178.34273,318.953,1095.72792,297.138,319.000,0,0,8.19,1.54e-07,1.65
2023-10-17 14:02:28,1178.33826,318.952,1095.72703,297.138,319.000,0,0,8.19,1.54e-07,1.65
2023-10-17 14:02:30,1178.33558,318.951,1095.72643,297.138,319.000,0,0,8.19,1.54e-07,1.65
2023-10-17 14:02:32,1178.33289,318.951,1095.72434,297.137,319.000,0,0,8.19,1.54e-07,1.65
2023-10-17 14:02:33,1178.33111,318.950,1095.72464,297.137,319.000,0,0,8.19,1.54e-07,1.65
2023-10-17 14:02:35,1178.32723,318.949,1095.72434,297.137,319.000,0,0,8.19,1.54e-07,1.65
2023-10-17 14:02:37,1178.32485,318.949,1095.72345,297.137,319.000,0,0,8.19,1.54e-07,1.65
2023-10-17 14:02:39,1178.32067,318.947,1095.72107,297.136,319.000,0,0,8.19,1.54e-07,1.65
2023-10-17 14:02:41,1178.31888,318.947,1095.71749,297.136,319.000,0,0,8.19,1.54e-07,1.65
2023-10-17 14:02:43,1178.31501,318.946,1095.7154,297.135,319.000,0,0,8.19,1.54e-07,1.65
2023-10-17 14:02:45,1178.31173,318.945,1095.71123,297.134,319.000,0,0,8.19,1.54e-07,1.65
2023-10-17 14:02:47,1178.30965,318.945,1095.70944,297.133,319.000,0,0,8.19,1.54e-07,1.65
2023-10-17 14:02:49,1178.30547,318.944,1095.70765,297.133,319.000,0,0,8.19,1.54e-07,1.65
2023-10-17 14:02:51,1178.30249,318.943,1095.70348,297.132,319.000,0,0,8.19,1.54e-07,1.65
2023-10-17 14:02:53,1178.29921,318.942,1095.69901,297.131,319.000,0,0,8.19,1.54e-07,1.65
2023-10-17 14:02:55,1178.29593,318.941,1095.69633,297.130,319.000,0,0,8.19,1.54e-07,1.65
2023-10-17 14:02:57,1178.29236,318.940,1095.69126,297.129,319.000,0,0,8.19,1.54e-07,1.65
2023-10-17 14:02:59,1178.28938,318.939,1095.69037,297.129,319.000,0,0,8.19,1.54e-07,1.65
2023-10-17 14:03:01,1178.28461,318.938,1095.68619,297.127,319.000,0,0,8.19,1.54e-07,1.65
2023-10-17 14:03:03,1178.28193,318.937,1095.6856,297.127,319.000,0,0,8.19,1.54e-07,1.65
2023-10-17 14:03:05,1178.27865,318.937,1095.68411,297.127,319.000,0,0,8.19,1.54e-07,1.65
2023-10-17 14:03:07,1178.27507,318.936,1095.67844,297.125,319.000,1,0,8.19,1.54e-07,1.65
2023-10-17 14:03:09,1178.28312,318.938,1095.67338,297.124,319.000,1,0,8.19,1.54e-07,1.65
2023-10-17 14:03:11,1178.30488,318.943,1095.67099,297.124,319.000,1,0,8.19,1.54e-07,1.65
2023-10-17 14:03:13,1178.31114,318.945,1095.66831,297.123,319.000,1,0,8.19,1.54e-07,1.65
2023-10-17 14:03:15,1178.30786,318.944,1095.66622,297.122,319.000,1,0,8.19,1.54e-07,1.65
2023-10-17 14:03:17,1178.30398,318.943,1095.66533,297.122,319.000,0,0,8.19,1.54e-07,1.65
2023-10-17 14:03:19,1178.29921,318.942,1095.66533,297.122,319.000,0,0,8.19,1.54e-07,1.65
2023-10-17 14:03:20,1178.29474,318.941,1095.66533,297.122,319.000,0,0,8.19,1.54e-07,1.65
2023-10-17 14:03:22,1178.28997,318.939,1095.66473,297.122,319.000,0,0,8.19,1.54e-07,1.65
2023-10-17 14:03:24,1178.28789,318.939,1095.66146,297.121,319.000,0,0,8.19,1.54e-07,1.65
2023-10-17 14:03:26,1178.28342,318.938,1095.66086,297.121,319.000,0,0,8.19,1.54e-07,1.65
2023-10-17 14:03:28,1178.28044,318.937,1095.65758,297.120,319.000,0,0,8.19,1.54e-07,1.65
2023-10-17 14:03:30,1178.27775,318.936,1095.65341,297.119,319.000,0,0,8.19,1.54e-07,1.65
2023-10-17 14:03:32,1178.27298,318.935,1095.64894,297.118,319.000,0,0,8.19,1.54e-07,1.65
2023-10-17 14:03:34,1178.2712,318.935,1095.64566,297.117,319.000,0,0,8.19,1.54e-07,1.65
2023-10-17 14:03:36,1178.26792,318.934,1095.64298,297.116,319.000,0,0,8.19,1.54e-07,1.65
2023-10-17 14:03:38,1178.26523,318.933,1095.64029,297.116,319.000,0,0,8.19,1.54e-07,1.65
2023-10-17 14:03:40,1178.26225,318.932,1095.63612,297.115,319.000,0,0,8.19,1.54e-07,1.65
2023-10-17 14:03:42,1178.25957,318.932,1095.63344,297.114,319.000,0,0,8.19,1.54e-07,1.65
2023-10-17 14:03:44,1178.2548,318.930,1095.63105,297.113,319.000,0,0,8.19,1.54e-07,1.65
2023-10-17 14:03:46,1178.25391,318.930,1095.62837,297.113,319.000,0,0,8.19,1.54e-07,1.65
2023-10-17 14:03:48,1178.25003,318.929,1095.62777,297.112,319.000,0,0,8.19,1.54e-07,1.65
2023-10-17 14:03:50,1178.24854,318.929,1095.62301,297.111,319.000,0,0,8.19,1.54e-07,1.65
2023-10-17 14:03:52,1178.24407,318.928,1095.62062,297.111,319.000,0,0,8.19,1.54e-07,1.65
2023-10-17 14:03:54,1178.23901,318.926,1095.61377,297.109,319.000,0,0,8.19,1.54e-07,1.65
2023-10-17 14:03:56,1178.23632,318.926,1095.60959,297.108,319.000,0,0,8.19,1.54e-07,1.65
2023-10-17 14:03:58,1178.23245,318.925,1095.60363,297.106,319.000,0,0,8.19,1.54e-07,1.65
2023-10-17 14:04:00,1178.22738,318.923,1095.59916,297.105,319.000,0,0,8.19,1.54e-07,1.65
2023-10-17 14:04:02,1178.22559,318.923,1095.59171,297.103,319.000,0,0,8.19,1.54e-07,1.65
2023-10-17 14:04:04,1178.22172,318.922,1095.59082,297.103,319.000,0,0,8.19,1.54e-07,1.65
2023-10-17 14:04:06,1178.21844,318.921,1095.58724,297.102,319.000,0,0,8.19,1.54e-07,1.65
2023-10-17 14:04:08,1178.21457,318.920,1095.58426,297.101,319.000,1,1,8.19,1.54e-07,1.65
2023-10-17 14:04:09,1178.21963,318.921,1095.57979,297.100,319.000,1,0,8.19,1.54e-07,1.65
2023-10-17 14:04:11,1178.24646,318.928,1095.57681,297.099,319.000,1,0,8.19,1.54e-07,1.65
2023-10-17 14:04:13,1178.25719,318.931,1095.57293,297.098,319.000,1,0,8.19,1.54e-07,1.65
2023-10-17 14:04:15,1178.2545,318.930,1095.56995,297.098,319.000,1,0,8.19,1.54e-07,1.65
2023-10-17 14:04:17,1178.25033,318.929,1095.56965,297.098,319.000,0,0,8.19,1.54e-07,1.65
2023-10-17 14:04:19,1178.24497,318.928,1095.56906,297.097,319.000,0,0,8.19,1.54e-07,1.65
2023-10-17 14:04:21,1178.24079,318.927,1095.56906,297.097,319.000,0,0,8.19,1.54e-07,1.65
2023-10-17 14:04:23,1178.23722,318.926,1095.56995,297.098,319.000,0,0,8.19,1.54e-07,1.65
2023-10-17 14:04:25,1178.23394,318.925,1095.57144,297.098,319.000,0,0,8.19,1.54e-07,1.65
2023-10-17 14:04:27,1178.23006,318.924,1095.57353,297.099,319.000,0,0,8.19,1.54e-07,1.65
2023-10-17 14:04:29,1178.22619,318.923,1095.578,297.100,319.000,0,0,8.19,1.54e-07,1.65
2023-10-17 14:04:31,1178.225,318.923,1095.5777,297.100,319.000,0,0,8.19,1.54e-07,1.65
2023-10-17 14:04:33,1178.22231,318.922,1095.58009,297.100,319.000,0,0,8.19,1.54e-07,1.65
2023-10-17 14:04:35,1178.21695,318.921,1095.58158,297.101,319.000,0,0,8.19,1.54e-07,1.65
2023-10-17 14:04:37,1178.21546,318.920,1095.58456,297.101,319.000,0,0,8.19,1.54e-07,1.65
2023-10-17 14:04:39,1178.21218,318.919,1095.58515,297.101,319.000,0,0,8.19,1.54e-07,1.65
2023-10-17 14:04:41,1178.2089,318.918,1095.58873,297.102,319.000,0,0,8.19,1.54e-07,1.65
2023-10-17 14:04:43,1178.20533,318.918,1095.59201,297.103,319.000,0,0,8.19,1.54e-07,1.65
2023-10-17 14:04:45,1178.20264,318.917,1095.59558,297.104,319.000,0,0,8.19,1.54e-07,1.65
2023-10-17 14:04:47,1178.20026,318.916,1095.59797,297.105,319.000,0,0,8.19,1.54e-07,1.65
2023-10-17 14:04:49,1178.19579,318.915,1095.59648,297.104,319.000,0,0,8.19,1.54e-07,1.65
2023-10-17 14:04:51,1178.1934,318.914,1095.59797,297.105,319.000,0,0,8.19,1.54e-07,1.65
2023-10-17 14:04:53,1178.19042,318.914,1095.59827,297.105,319.000,0,0,8.19,1.54e-07,1.65
2023-10-17 14:04:55,1178.18655,318.913,1095.59946,297.105,319.000,0,0,8.19,1.54e-07,1.65
2023-10-17 14:04:57,1178.18267,318.912,1095.59946,297.105,319.000,0,0,8.19,1.54e-07,1.65
2023-10-17 14:04:59,1178.17969,318.911,1095.59827,297.105,319.000,0,0,8.19,1.54e-07,1.65
2023-10-17 14:05:00,1178.17731,318.910,1095.59827,297.105,319.000,0,0,8.19,1.54e-07,1.65
2023-10-17 14:05:02,1178.17403,318.909,1095.59678,297.104,319.000,0,0,8.19,1.54e-07,1.65
2023-10-17 14:05:04,1178.17016,318.908,1095.59558,297.104,319.000,0,0,8.19,1.54e-07,1.65
2023-10-17 14:05:06,1178.16658,318.907,1095.5929,297.103,319.000,0,0,8.19,1.54e-07,1.65
2023-10-17 14:05:08,1178.16241,318.906,1095.58992,297.103,319.000,1,1,8.19,1.54e-07,1.65
2023-10-17 14:05:10,1178.1633,318.907,1095.58903,297.102,319.000,1,0,8.19,1.54e-07,1.65
2023-10-17 14:05:12,1178.19191,318.914,1095.58903,297.102,319.000,1,0,8.19,1.54e-07,1.65
2023-10-17 14:05:14,1178.20175,318.917,1095.58754,297.102,319.000,1,0,8.19,1.54e-07,1.65
2023-10-17 14:05:16,1178.20026,318.916,1095.58485,297.101,319.000,1,0,8.19,1.54e-07,1.65
2023-10-17 14:05:18,1178.19579,318.915,1095.58277,297.101,319.000,0,0,8.19,1.54e-07,1.65
2023-10-17 14:05:20,1178.19132,318.914,1095.58128,297.101,319.000,0,0,8.19,1.54e-07,1.65
2023-10-17 14:05:22,1178.18595,318.913,1095.57979,297.100,319.000,0,0,8.19,1.54e-07,1.65
2023-10-17 14:05:24,1178.18387,318.912,1095.5783,297.100,319.000,0,0,8.19,1.54e-07,1.65
2023-10-17 14:05:26,1178.1779,318.910,1095.578,297.100,319.000,0,0,8.19,1.54e-07,1.65
2023-10-17 14:05:28,1178.17522,318.910,1095.5777,297.100,319.000,0,0,8.19,1.54e-07,1.65
2023-10-17 14:05:30,1178.17254,318.909,1095.57711,297.099,319.000,0,0,8.19,1.54e-07,1.65
2023-10-17 14:05:32,1178.17016,318.908,1095.58009,297.100,319.000,0,0,8.19,1.54e-07,1.65
2023-10-17 14:05:34,1178.16598,318.907,1095.57979,297.100,319.000,0,0,8.19,1.54e-07,1.65
2023-10-17 14:05:36,1178.1639,318.907,1095.58366,297.101,319.000,0,0,8.19,1.54e-07,1.65
2023-10-17 14:05:38,1178.16032,318.906,1095.58366,297.101,319.000,0,0,8.19,1.54e-07,1.65
2023-10-17 14:05:40,1178.15764,318.905,1095.58635,297.102,319.000,0,0,8.19,1.54e-07,1.65
2023-10-17 14:05:42,1178.15376,318.904,1095.59082,297.103,319.000,0,0,8.19,1.54e-07,1.65
2023-10-17 14:05:44,1178.15227,318.904,1095.58754,297.102,319.000,0,0,8.19,1.54e-07,1.65
2023-10-17 14:05:46,1178.1475,318.903,1095.58545,297.102,319.000,0,0,8.19,1.54e-07,1.65
2023-10-17 14:05:47,1178.14422,318.902,1095.58426,297.101,319.000,0,0,8.19,1.54e-07,1.65
2023-10-17 14:05:49,1178.14363,318.902,1095.58336,297.101,319.000,0,0,8.19,1.54e-07,1.65
2023-10-17 14:05:51,1178.13886,318.900,1095.58068,297.100,319.000,0,0,8.19,1.54e-07,1.65
2023-10-17 14:05:53,1178.13588,318.900,1095.57919,297.100,319.000,0,0,8.19,1.54e-07,1.65
2023-10-17 14:05:55,1178.1323,318.899,1095.578,297.100,319.000,0,0,8.19,1.54e-07,1.65
2023-10-17 14:05:57,1178.12962,318.898,1095.57472,297.099,319.000,0,0,8.19,1.54e-07,1.65
2023-10-17 14:05:59,1178.12664,318.897,1095.57144,297.098,319.000,0,0,8.19,1.54e-07,1.65
2023-10-17 14:06:01,1178.12306,318.896,1095.57353,297.099,319.000,0,0,8.19,1.54e-07,1.65
2023-10-17 14:06:03,1178.11919,318.895,1095.57383,297.099,319.000,0,0,8.19,1.54e-07,1.65
2023-10-17 14:06:05,1178.11561,318.894,1095.57234,297.098,319.000,0,0,8.19,1.54e-07,1.65
2023-10-17 14:06:07,1178.11203,318.893,1095.57174,297.098,319.000,0,0,8.19,1.54e-07,1.65
2023-10-17 14:06:09,1178.10816,318.892,1095.56906,297.097,319.000,1,1,8.19,1.54e-07,1.65
2023-10-17 14:06:11,1178.10488,318.891,1095.55356,297.093,319.000,1,0,8.19,1.54e-07,1.65
2023-10-17 14:06:13,1178.132,318.899,1095.56399,297.096,319.000,1,0,8.19,1.54e-07,1.65
2023-10-17 14:06:15,1178.14631,318.902,1095.56131,297.095,319.000,1,0,8.19,1.54e-07,1.65
2023-10-17 14:06:17,1178.1472,318.902,1095.56012,297.095,319.000,1,0,8.19,1.54e-07,1.65
2023-10-17 14:06:19,1178.14482,318.902,1095.55982,297.095,319.000,0,0,8.19,1.54e-07,1.65
2023-10-17 14:06:21,1178.13767,318.900,1095.56012,297.095,319.000,0,0,8.19,1.54e-07,1.65
2023-10-17 14:06:23,1178.13349,318.899,1095.55892,297.095,319.000,0,0,8.19,1.54e-07,1.65
2023-10-17 14:06:25,1178.12992,318.898,1095.56071,297.095,319.000,0,0,8.19,1.54e-07,1.65
2023-10-17 14:06:27,1178.12604,318.897,1095.56131,297.095,319.000,0,0,8.19,1.54e-07,1.65
2023-10-17 14:06:29,1178.12217,318.896,1095.5631,297.096,319.000,0,0,8.19,1.54e-07,1.65
2023-10-17 14:06:31,1178.11829,318.895,1095.56429,297.096,319.000,0,0,8.19,1.54e-07,1.65
2023-10-17 14:06:33,1178.11531,318.894,1095.5622,297.096,319.000,0,0,8.19,1.54e-07,1.65
2023-10-17 14:06:35,1178.11293,318.894,1095.56161,297.095,319.000,0,0,8.19,1.54e-07,1.65
2023-10-17 14:06:36,1178.10995,318.893,1095.56101,297.095,319.000,0,0,8.19,1.54e-07,1.65
2023-10-17 14:06:38,1178.10667,318.892,1095.55982,297.095,319.000,0,0,8.19,1.54e-07,1.65
2023-10-17 14:06:40,1178.10339,318.891,1095.55565,297.094,319.000,0,0,8.19,1.54e-07,1.65
2023-10-17 14:06:42,1178.09922,318.890,1095.55117,297.093,319.000,0,0,8.19,1.54e-07,1.65
2023-10-17 14:06:44,1178.09803,318.890,1095.54879,297.092,319.000,0,0,8.19,1.54e-07,1.65
2023-10-17 14:06:46,1178.09445,318.889,1095.5473,297.092,319.000,0,0,8.19,1.54e-07,1.65
2023-10-17 14:06:48,1178.09147,318.888,1095.5467,297.092,319.000,0,0,8.19,1.54e-07,1.65
2023-10-17 14:06:50,1178.08849,318.887,1095.54432,297.091,319.000,0,0,8.19,1.54e-07,1.65
2023-10-17 14:06:52,1178.08461,318.886,1095.54283,297.091,319.000,0,0,8.19,1.54e-07,1.65
2023-10-17 14:06:54,1178.08223,318.886,1095.54164,297.090,319.000,0,0,8.19,1.54e-07,1.65
2023-10-17 14:06:56,1178.07835,318.885,1095.53866,297.090,319.000,0,0,8.19,1.54e-07,1.65
2023-10-17 14:06:58,1178.07418,318.884,1095.53866,297.090,319.000,0,0,8.19,1.54e-07,1.65
2023-10-17 14:07:00,1178.07388,318.883,1095.53925,297.090,319.000,0,0,8.19,1.54e-07,1.65
2023-10-17 14:07:02,1178.06882,318.882,1095.53776,297.089,319.000,0,0,8.19,1.54e-07,1.65
2023-10-17 14:07:04,1178.06613,318.881,1095.53806,297.089,319.000,0,0,8.19,1.54e-07,1.65
2023-10-17 14:07:06,1178.06196,318.880,1095.53687,297.089,319.000,0,0,8.19,1.54e-07,1.65
2023-10-17 14:07:08,1178.05838,318.879,1095.53687,297.089,319.000,0,0,8.19,1.54e-07,1.65
2023-10-17 14:07:10,1178.05451,318.878,1095.53776,297.089,319.000,0,0,8.19,1.54e-07,1.65
2023-10-17 14:07:12,1178.05004,318.877,1095.53657,297.089,319.000,1,0,8.19,1.54e-07,1.65
2023-10-17 14:07:14,1178.06554,318.881,1095.53806,297.089,319.000,1,0,8.19,1.54e-07,1.65
2023-10-17 14:07:16,1178.0867,318.887,1095.53806,297.089,319.000,1,0,8.19,1.54e-07,1.65
2023-10-17 14:07:17,1178.09087,318.888,1095.53955,297.090,319.000,1,0,8.19,1.54e-07,1.65
