time,sample_holder_res,sample_holder_temp,exhaust_res,exhaust_temp,target_temp,cooling_active,heating_active,proportional,integral,derivative
2023-11-24 20:45:43,1299.3051,350.462,1086.83245,294.852,355.101,0,0,80,5e-07,3
2023-11-24 20:45:47,1299.24131,350.446,1086.89236,294.867,355.101,0,1,80,5e-07,3
2023-11-24 20:45:51,1299.19482,350.433,1086.91918,294.874,355.101,0,1,80,5e-07,3
2023-11-24 20:45:55,1299.30331,350.462,1086.94303,294.880,355.101,0,1,80,5e-07,3
2023-11-24 20:46:00,1299.45532,350.502,1086.92842,294.876,355.101,0,1,80,5e-07,3
2023-11-24 20:46:04,1299.7951,350.591,1086.94332,294.880,355.101,0,1,80,5e-07,3
2023-11-24 20:46:08,1299.97781,350.638,1086.95226,294.882,355.101,0,1,80,5e-07,3
2023-11-24 20:46:12,1300.17065,350.689,1086.95525,294.883,355.101,0,1,80,5e-07,3
2023-11-24 20:46:16,1300.37035,350.741,1086.95614,294.883,355.101,0,1,80,5e-07,3
2023-11-24 20:46:20,1300.57511,350.795,1086.95852,294.884,355.101,0,1,80,5e-07,3
2023-11-24 20:46:24,1300.78435,350.849,1086.9621,294.885,355.101,0,1,80,5e-07,3
2023-11-24 20:46:29,1301.20848,350.960,1086.96329,294.885,355.101,0,1,80,5e-07,3
2023-11-24 20:46:33,1301.4207,351.016,1086.96329,294.885,355.101,0,1,80,5e-07,3
2023-11-24 20:46:37,1301.63232,351.071,1086.96419,294.885,355.101,0,1,80,5e-07,3
2023-11-24 20:46:41,1301.84692,351.128,1086.96389,294.885,355.101,0,1,80,5e-07,3
2023-11-24 20:46:46,1302.05943,351.183,1086.96478,294.886,355.101,0,1,80,5e-07,3
2023-11-24 20:46:50,1302.27165,351.239,1086.96419,294.885,355.101,0,1,80,5e-07,3
2023-11-24 20:46:54,1302.69369,351.349,1086.9624,294.885,355.101,0,1,80,5e-07,3
2023-11-24 20:46:58,1302.90293,351.404,1086.96329,294.885,355.101,0,1,80,5e-07,3
2023-11-24 20:47:02,1303.11187,351.459,1086.9627,294.885,355.101,0,1,80,5e-07,3
2023-11-24 20:47:07,1303.32021,351.513,1086.9618,294.885,355.101,0,1,80,5e-07,3
2023-11-24 20:47:11,1303.52527,351.567,1086.96508,294.886,355.101,0,1,80,5e-07,3
2023-11-24 20:47:15,1303.72974,351.621,1086.9624,294.885,355.101,0,1,80,5e-07,3
2023-11-24 20:47:19,1304.13628,351.727,1086.9618,294.885,355.101,0,1,80,5e-07,3
2023-11-24 20:47:23,1304.33837,351.780,1086.96091,294.885,355.101,0,1,80,5e-07,3
2023-11-24 20:47:27,1304.54045,351.833,1086.95912,294.884,355.101,0,1,80,5e-07,3
2023-11-24 20:47:32,1304.74134,351.885,1086.95823,294.884,355.101,0,1,80,5e-07,3
2023-11-24 20:47:36,1304.94253,351.938,1086.95912,294.884,355.101,0,1,80,5e-07,3
2023-11-24 20:47:40,1305.14163,351.990,1086.95793,294.884,355.101,0,1,80,5e-07,3
2023-11-24 20:47:44,1305.53655,352.094,1086.95733,294.884,355.101,0,1,80,5e-07,3
2023-11-24 20:47:48,1305.73476,352.146,1086.95703,294.884,355.101,0,1,80,5e-07,3
2023-11-24 20:47:52,1305.93237,352.197,1086.95674,294.883,355.101,0,1,80,5e-07,3
2023-11-24 20:47:57,1306.13058,352.249,1086.95763,294.884,355.101,0,1,80,5e-07,3
2023-11-24 20:48:01,1306.32819,352.301,1086.95614,294.883,355.101,0,1,80,5e-07,3
2023-11-24 20:48:05,1306.5255,352.353,1086.95525,294.883,355.101,0,1,80,5e-07,3
2023-11-24 20:48:09,1306.92042,352.456,1086.95495,294.883,355.101,0,1,80,5e-07,3
2023-11-24 20:48:13,1307.11654,352.507,1086.95435,294.883,355.101,0,1,80,5e-07,3
2023-11-24 20:48:17,1307.31177,352.558,1086.95495,294.883,355.101,0,1,80,5e-07,3
2023-11-24 20:48:22,1307.50938,352.610,1086.95614,294.883,355.101,0,1,80,5e-07,3
2023-11-24 20:48:26,1307.7055,352.662,1086.95793,294.884,355.101,0,1,80,5e-07,3
2023-11-24 20:48:30,1307.90192,352.713,1086.95674,294.883,355.101,0,1,80,5e-07,3
2023-11-24 20:48:34,1308.29118,352.815,1086.95674,294.883,355.101,0,1,80,5e-07,3
2023-11-24 20:48:38,1308.48611,352.866,1086.95763,294.884,355.101,0,1,80,5e-07,3
2023-11-24 20:48:43,1308.67895,352.917,1086.95912,294.884,355.101,0,1,80,5e-07,3
2023-11-24 20:48:47,1308.87418,352.968,1086.95972,294.884,355.101,0,1,80,5e-07,3
2023-11-24 20:48:51,1309.07209,353.020,1087.01814,294.899,355.101,0,1,80,5e-07,3
2023-11-24 20:48:55,1309.26851,353.071,1086.97074,294.887,355.101,0,1,80,5e-07,3
2023-11-24 20:49:00,1309.65538,353.172,1086.96478,294.886,355.101,0,1,80,5e-07,3
2023-11-24 20:49:04,1309.84852,353.223,1086.9621,294.885,355.101,0,1,80,5e-07,3
2023-11-24 20:49:08,1310.04166,353.274,1086.96091,294.885,355.101,0,1,80,5e-07,3
2023-11-24 20:49:12,1310.23391,353.324,1086.95942,294.884,355.101,0,1,80,5e-07,3
2023-11-24 20:49:16,1310.42586,353.374,1086.95793,294.884,355.101,0,1,80,5e-07,3
2023-11-24 20:49:20,1310.6184,353.425,1086.95793,294.884,355.101,0,1,80,5e-07,3
2023-11-24 20:49:25,1310.99902,353.524,1086.95823,294.884,355.101,0,1,80,5e-07,3
2023-11-24 20:49:29,1311.19007,353.574,1086.95882,294.884,355.101,0,1,80,5e-07,3
2023-11-24 20:49:33,1311.38262,353.625,1086.95912,294.884,355.101,0,1,80,5e-07,3
2023-11-24 20:49:37,1311.57367,353.675,1086.96031,294.884,355.101,0,1,80,5e-07,3
2023-11-24 20:49:41,1311.76443,353.725,1086.9621,294.885,355.101,0,1,80,5e-07,3
2023-11-24 20:49:45,1311.95637,353.775,1086.95942,294.884,355.101,0,1,80,5e-07,3
2023-11-24 20:49:50,1312.33908,353.875,1086.95823,294.884,355.101,0,1,80,5e-07,3
2023-11-24 20:49:54,1312.52894,353.925,1086.95882,294.884,355.101,0,1,80,5e-07,3
2023-11-24 20:49:58,1312.72029,353.975,1086.96091,294.885,355.101,0,1,80,5e-07,3
2023-11-24 20:50:02,1312.91194,354.025,1086.95972,294.884,355.101,0,1,80,5e-07,3
2023-11-24 20:50:06,1313.1015,354.075,1086.95823,294.884,355.101,0,1,80,5e-07,3
2023-11-24 20:50:10,1313.29256,354.125,1086.95793,294.884,355.101,0,1,80,5e-07,3
2023-11-24 20:50:15,1313.67437,354.225,1086.95823,294.884,355.101,0,1,80,5e-07,3
2023-11-24 20:50:19,1313.86423,354.275,1086.95942,294.884,355.101,0,1,80,5e-07,3
2023-11-24 20:50:23,1314.05558,354.325,1086.95823,294.884,355.101,0,1,80,5e-07,3
2023-11-24 20:50:27,1314.24425,354.375,1086.95882,294.884,355.101,0,1,80,5e-07,3
2023-11-24 20:50:32,1314.43411,354.424,1086.95823,294.884,355.101,0,1,80,5e-07,3
2023-11-24 20:50:36,1314.62308,354.474,1086.95793,294.884,355.101,0,1,80,5e-07,3
2023-11-24 20:50:40,1315.00161,354.573,1086.95733,294.884,355.101,0,1,80,5e-07,3
2023-11-24 20:50:44,1315.19177,354.623,1086.95674,294.883,355.101,0,1,80,5e-07,3
2023-11-24 20:50:48,1315.38074,354.672,1086.95763,294.884,355.101,0,1,80,5e-07,3
2023-11-24 20:50:53,1315.5703,354.722,1086.95793,294.884,355.101,0,1,80,5e-07,3
2023-11-24 20:50:57,1315.75986,354.772,1086.95823,294.884,355.101,0,1,80,5e-07,3
2023-11-24 20:51:01,1315.94883,354.821,1086.95942,294.884,355.101,0,1,80,5e-07,3
2023-11-24 20:51:05,1316.32617,354.920,1086.95882,294.884,355.101,0,1,80,5e-07,3
2023-11-24 20:51:09,1316.51365,354.969,1086.95733,294.884,355.101,0,1,80,5e-07,3
2023-11-24 20:51:13,1316.70291,355.019,1086.95763,294.884,355.101,0,1,80,5e-07,3
2023-11-24 20:51:18,1316.89218,355.069,1086.95644,294.883,355.101,0,1,80,5e-07,3
2023-11-24 20:51:22,1317.08025,355.118,1086.95584,294.883,355.101,0,1,80,5e-07,3
2023-11-24 20:51:26,1317.27131,355.168,1086.95435,294.883,355.101,0,1,80,5e-07,3
2023-11-24 20:51:30,1317.64656,355.266,1086.95316,294.883,355.101,0,1,80,5e-07,3
2023-11-24 20:51:34,1317.83344,355.315,1086.95286,294.882,355.101,0,1,80,5e-07,3
2023-11-24 20:51:38,1318.02062,355.364,1086.95435,294.883,355.101,0,1,80,5e-07,3
2023-11-24 20:51:43,1318.20839,355.413,1086.95346,294.883,355.101,0,1,80,5e-07,3
2023-11-24 20:51:47,1318.39647,355.463,1086.95435,294.883,355.101,0,1,80,5e-07,3
2023-11-24 20:51:51,1318.58454,355.512,1086.95316,294.883,355.101,1,0,80,5e-07,3
2023-11-24 20:51:55,1318.85011,355.582,1086.95048,294.882,355.101,1,0,80,5e-07,3
2023-11-24 20:51:59,1318.80033,355.569,1086.94869,294.881,355.101,1,0,80,5e-07,3
2023-11-24 20:52:03,1318.7288,355.550,1086.94899,294.881,355.101,1,0,80,5e-07,3
2023-11-24 20:52:08,1318.65458,355.530,1086.9475,294.881,355.101,1,0,80,5e-07,3
2023-11-24 20:52:12,1318.57947,355.511,1086.94928,294.882,355.101,1,0,80,5e-07,3
2023-11-24 20:52:16,1318.50436,355.491,1086.94779,294.881,355.101,1,0,80,5e-07,3
2023-11-24 20:52:20,1318.35235,355.451,1086.94809,294.881,355.101,1,0,80,5e-07,3
2023-11-24 20:52:24,1318.27635,355.431,1086.94779,294.881,355.101,1,0,80,5e-07,3
2023-11-24 20:52:28,1318.20482,355.413,1086.94809,294.881,355.101,0,0,80,5e-07,3
2023-11-24 20:52:33,1318.13,355.393,1086.94571,294.881,355.101,0,0,80,5e-07,3
2023-11-24 20:52:37,1318.05638,355.374,1086.94452,294.880,355.101,0,0,80,5e-07,3
2023-11-24 20:52:41,1317.98425,355.355,1086.94571,294.881,355.101,0,0,80,5e-07,3
2023-11-24 20:52:45,1317.84536,355.318,1086.94571,294.881,355.101,0,0,80,5e-07,3
2023-11-24 20:52:49,1317.77979,355.301,1086.94511,294.880,355.101,0,0,80,5e-07,3
2023-11-24 20:52:54,1317.71392,355.284,1086.94511,294.880,355.101,0,0,80,5e-07,3
2023-11-24 20:52:58,1317.64984,355.267,1086.94481,294.880,355.101,0,0,80,5e-07,3
2023-11-24 20:53:02,1317.58635,355.250,1086.94511,294.880,355.101,0,0,80,5e-07,3
2023-11-24 20:53:06,1317.52525,355.234,1086.94422,294.880,355.101,0,0,80,5e-07,3
2023-11-24 20:53:10,1317.40781,355.204,1086.94511,294.880,355.101,0,0,80,5e-07,3
2023-11-24 20:53:15,1317.35118,355.189,1086.94541,294.881,355.101,0,0,80,5e-07,3
2023-11-24 20:53:19,1317.29485,355.174,1086.94869,294.881,355.101,0,0,80,5e-07,3
2023-11-24 20:53:23,1317.24001,355.160,1086.9466,294.881,355.101,0,0,80,5e-07,3
2023-11-24 20:53:27,1317.18666,355.146,1086.9466,294.881,355.101,0,0,80,5e-07,3
2023-11-24 20:53:31,1317.13569,355.132,1086.9466,294.881,355.101,0,0,80,5e-07,3
2023-11-24 20:53:35,1317.04448,355.108,1086.9466,294.881,355.101,0,0,80,5e-07,3
2023-11-24 20:53:40,1316.99858,355.096,1086.9472,294.881,355.101,0,0,80,5e-07,3
2023-11-24 20:53:44,1316.95149,355.084,1086.94809,294.881,355.101,0,0,80,5e-07,3
2023-11-24 20:53:48,1316.9038,355.072,1086.9469,294.881,355.101,0,0,80,5e-07,3
2023-11-24 20:53:52,1316.8582,355.060,1086.94601,294.881,355.101,0,1,80,5e-07,3
2023-11-24 20:53:56,1316.81975,355.050,1086.9469,294.881,355.101,0,0,80,5e-07,3
2023-11-24 20:54:01,1316.91871,355.075,1086.9469,294.881,355.101,0,0,80,5e-07,3
2023-11-24 20:54:05,1316.86446,355.061,1086.94601,294.881,355.101,0,0,80,5e-07,3
2023-11-24 20:54:09,1316.8123,355.048,1086.94481,294.880,355.101,0,0,80,5e-07,3
2023-11-24 20:54:13,1316.7667,355.036,1086.94273,294.880,355.101,0,0,80,5e-07,3
2023-11-24 20:54:17,1316.72616,355.025,1086.94183,294.880,355.101,0,0,80,5e-07,3
2023-11-24 20:54:21,1316.68801,355.015,1086.94213,294.880,355.101,0,0,80,5e-07,3
2023-11-24 20:54:26,1316.6135,354.995,1086.94213,294.880,355.101,0,0,80,5e-07,3
2023-11-24 20:54:30,1316.57773,354.986,1086.94153,294.880,355.101,0,0,80,5e-07,3
2023-11-24 20:54:34,1316.54047,354.976,1086.94064,294.879,355.101,0,0,80,5e-07,3
2023-11-24 20:54:38,1316.50381,354.967,1086.93885,294.879,355.101,0,0,80,5e-07,3
2023-11-24 20:54:42,1316.46715,354.957,1086.93945,294.879,355.101,0,0,80,5e-07,3
2023-11-24 20:54:46,1316.43109,354.948,1086.93855,294.879,355.101,0,0,80,5e-07,3
2023-11-24 20:54:51,1316.35776,354.928,1086.93855,294.879,355.101,0,0,80,5e-07,3
2023-11-24 20:54:55,1316.32051,354.919,1086.93885,294.879,355.101,0,0,80,5e-07,3
2023-11-24 20:54:59,1316.28474,354.909,1086.94094,294.879,355.101,0,0,80,5e-07,3
2023-11-24 20:55:03,1316.24748,354.900,1086.93945,294.879,355.101,0,0,80,5e-07,3
2023-11-24 20:55:07,1316.20993,354.890,1086.93975,294.879,355.101,0,0,80,5e-07,3
2023-11-24 20:55:11,1316.17416,354.880,1086.93885,294.879,355.101,0,0,80,5e-07,3
2023-11-24 20:55:16,1316.10084,354.861,1086.93915,294.879,355.101,0,0,80,5e-07,3
2023-11-24 20:55:20,1316.06507,354.852,1086.94034,294.879,355.101,0,0,80,5e-07,3
2023-11-24 20:55:24,1316.0299,354.843,1086.94183,294.880,355.101,0,0,80,5e-07,3
2023-11-24 20:55:28,1315.99324,354.833,1086.94094,294.879,355.101,0,0,80,5e-07,3
2023-11-24 20:55:32,1315.95777,354.824,1086.94303,294.880,355.101,0,0,80,5e-07,3
2023-11-24 20:55:37,1315.92201,354.814,1086.94511,294.880,355.101,0,0,80,5e-07,3
2023-11-24 20:55:41,1315.85107,354.796,1086.94422,294.880,355.101,0,0,80,5e-07,3
2023-11-24 20:55:45,1315.815,354.786,1086.94452,294.880,355.101,0,0,80,5e-07,3
2023-11-24 20:55:49,1315.78073,354.777,1086.9466,294.881,355.101,0,0,80,5e-07,3
2023-11-24 20:55:53,1315.74556,354.768,1086.94601,294.881,355.101,0,1,80,5e-07,3
2023-11-24 20:55:57,1315.72231,354.762,1086.9469,294.881,355.101,0,1,80,5e-07,3
2023-11-24 20:56:02,1315.83945,354.793,1086.9472,294.881,355.101,0,1,80,5e-07,3
2023-11-24 20:56:06,1316.17863,354.881,1086.9469,294.881,355.101,0,1,80,5e-07,3
2023-11-24 20:56:10,1316.34733,354.926,1086.94869,294.881,355.101,0,1,80,5e-07,3
2023-11-24 20:56:14,1316.53153,354.974,1086.94899,294.881,355.101,0,1,80,5e-07,3
2023-11-24 20:56:18,1316.72855,355.026,1086.95226,294.882,355.101,0,1,80,5e-07,3
2023-11-24 20:56:23,1316.93897,355.081,1086.95256,294.882,355.101,0,1,80,5e-07,3
2023-11-24 20:56:27,1317.15804,355.138,1086.95018,294.882,355.101,0,0,80,5e-07,3
2023-11-24 20:56:31,1317.40871,355.204,1086.95226,294.882,355.101,0,0,80,5e-07,3
2023-11-24 20:56:35,1317.38785,355.198,1086.95226,294.882,355.101,0,0,80,5e-07,3
2023-11-24 20:56:39,1317.36191,355.192,1086.95376,294.883,355.101,0,0,80,5e-07,3
2023-11-24 20:56:43,1317.33807,355.185,1086.95316,294.883,355.101,0,0,80,5e-07,3
2023-11-24 20:56:48,1317.31452,355.179,1086.95495,294.883,355.101,0,0,80,5e-07,3
2023-11-24 20:56:52,1317.28859,355.172,1086.95525,294.883,355.101,0,0,80,5e-07,3
2023-11-24 20:56:56,1317.23107,355.157,1086.95525,294.883,355.101,0,0,80,5e-07,3
2023-11-24 20:57:00,1317.19858,355.149,1086.95614,294.883,355.101,0,0,80,5e-07,3
2023-11-24 20:57:04,1317.16281,355.139,1086.95733,294.884,355.101,0,0,80,5e-07,3
2023-11-24 20:57:09,1317.12526,355.130,1086.95763,294.884,355.101,0,0,80,5e-07,3
2023-11-24 20:57:13,1317.08681,355.120,1086.95882,294.884,355.101,0,0,80,5e-07,3
2023-11-24 20:57:17,1317.04657,355.109,1086.95763,294.884,355.101,0,0,80,5e-07,3
2023-11-24 20:57:21,1317.00782,355.099,1087.01724,294.899,355.101,0,0,80,5e-07,3
2023-11-24 20:57:25,1316.92318,355.077,1086.98088,294.890,355.101,0,0,80,5e-07,3
2023-11-24 20:57:29,1316.88294,355.066,1086.96836,294.886,355.101,0,0,80,5e-07,3
2023-11-24 20:57:33,1316.8427,355.056,1086.96508,294.886,355.101,0,0,80,5e-07,3
2023-11-24 20:57:37,1316.80127,355.045,1086.9618,294.885,355.101,0,0,80,5e-07,3
2023-11-24 20:57:41,1316.76223,355.034,1086.96031,294.884,355.101,0,0,80,5e-07,3
2023-11-24 20:57:46,1316.72139,355.024,1086.9618,294.885,355.101,0,0,80,5e-07,3
2023-11-24 20:57:50,1316.64271,355.003,1086.96061,294.884,355.101,0,0,80,5e-07,3
2023-11-24 20:57:54,1316.60336,354.993,1086.96121,294.885,355.101,0,1,80,5e-07,3
2023-11-24 20:57:58,1316.59531,354.991,1086.9615,294.885,355.101,0,1,80,5e-07,3
2023-11-24 20:58:02,1316.73808,355.028,1086.96329,294.885,355.101,0,1,80,5e-07,3
2023-11-24 20:58:07,1316.90738,355.072,1086.96121,294.885,355.101,0,0,80,5e-07,3
2023-11-24 20:58:11,1317.07399,355.116,1086.96121,294.885,355.101,0,0,80,5e-07,3
2023-11-24 20:58:15,1317.10857,355.125,1086.96001,294.884,355.101,0,0,80,5e-07,3
2023-11-24 20:58:19,1317.06684,355.114,1086.96001,294.884,355.101,0,0,80,5e-07,3
2023-11-24 20:58:23,1317.03465,355.106,1086.96001,294.884,355.101,0,0,80,5e-07,3
2023-11-24 20:58:28,1317.00633,355.098,1086.95942,294.884,355.101,0,0,80,5e-07,3
2023-11-24 20:58:32,1316.97921,355.091,1086.96001,294.884,355.101,0,0,80,5e-07,3
2023-11-24 20:58:36,1316.95149,355.084,1086.95972,294.884,355.101,0,0,80,5e-07,3
2023-11-24 20:58:40,1316.89456,355.069,1086.96091,294.885,355.101,0,0,80,5e-07,3
2023-11-24 20:58:44,1316.86356,355.061,1086.95793,294.884,355.101,0,0,80,5e-07,3
2023-11-24 20:58:48,1316.83346,355.053,1086.95882,294.884,355.101,0,0,80,5e-07,3
2023-11-24 20:58:53,1316.80187,355.045,1086.95763,294.884,355.101,0,0,80,5e-07,3
2023-11-24 20:58:57,1316.76819,355.036,1086.95703,294.884,355.101,0,0,80,5e-07,3
2023-11-24 20:59:01,1316.7348,355.027,1086.95644,294.883,355.101,0,0,80,5e-07,3
2023-11-24 20:59:05,1316.66625,355.009,1086.95763,294.884,355.101,0,0,80,5e-07,3
2023-11-24 20:59:09,1316.63049,355.000,1086.95882,294.884,355.101,0,0,80,5e-07,3
2023-11-24 20:59:13,1316.59621,354.991,1086.95852,294.884,355.101,0,0,80,5e-07,3
2023-11-24 20:59:18,1316.56104,354.982,1086.95823,294.884,355.101,0,0,80,5e-07,3
2023-11-24 20:59:22,1316.52557,354.972,1086.95733,294.884,355.101,0,0,80,5e-07,3
2023-11-24 20:59:26,1316.4898,354.963,1086.96001,294.884,355.101,0,0,80,5e-07,3
2023-11-24 20:59:30,1316.41946,354.945,1086.95852,294.884,355.101,0,0,80,5e-07,3
2023-11-24 20:59:34,1316.3837,354.935,1086.96091,294.885,355.101,0,0,80,5e-07,3
2023-11-24 20:59:38,1316.34763,354.926,1086.96359,294.885,355.101,0,0,80,5e-07,3
2023-11-24 20:59:43,1316.31335,354.917,1086.96299,294.885,355.101,0,0,80,5e-07,3
2023-11-24 20:59:47,1316.27789,354.908,1086.96359,294.885,355.101,0,0,80,5e-07,3
2023-11-24 20:59:51,1316.24242,354.898,1086.96449,294.885,355.101,0,0,80,5e-07,3
2023-11-24 20:59:55,1316.17267,354.880,1086.96568,294.886,355.101,0,0,80,5e-07,3
2023-11-24 20:59:59,1316.14018,354.871,1086.96598,294.886,355.101,0,1,80,5e-07,3
2023-11-24 21:00:03,1316.11485,354.865,1086.96627,294.886,355.101,0,1,80,5e-07,3
2023-11-24 21:00:08,1316.23288,354.896,1086.96657,294.886,355.101,0,1,80,5e-07,3
2023-11-24 21:00:12,1316.40486,354.941,1086.96925,294.887,355.101,0,1,80,5e-07,3
2023-11-24 21:00:16,1316.57177,354.985,1086.96985,294.887,355.101,0,1,80,5e-07,3
2023-11-24 21:00:20,1316.87429,355.064,1086.97045,294.887,355.101,0,0,80,5e-07,3
2023-11-24 21:00:24,1316.86148,355.060,1086.97283,294.888,355.101,0,0,80,5e-07,3
2023-11-24 21:00:29,1316.82601,355.051,1086.97074,294.887,355.101,0,0,80,5e-07,3
2023-11-24 21:00:33,1316.79918,355.044,1086.96925,294.887,355.101,0,0,80,5e-07,3
2023-11-24 21:00:37,1316.77623,355.038,1086.96955,294.887,355.101,0,0,80,5e-07,3
2023-11-24 21:00:41,1316.75477,355.032,1086.97074,294.887,355.101,0,0,80,5e-07,3
2023-11-24 21:00:45,1316.70858,355.020,1086.96925,294.887,355.101,0,0,80,5e-07,3
2023-11-24 21:00:49,1316.68205,355.013,1086.97015,294.887,355.101,0,0,80,5e-07,3
2023-11-24 21:00:54,1316.65522,355.006,1086.97074,294.887,355.101,0,0,80,5e-07,3
2023-11-24 21:00:58,1316.62691,354.999,1086.97045,294.887,355.101,0,0,80,5e-07,3
2023-11-24 21:01:02,1316.59621,354.991,1086.97164,294.887,355.101,0,0,80,5e-07,3
2023-11-24 21:01:06,1316.56432,354.983,1086.97343,294.888,355.101,0,0,80,5e-07,3
2023-11-24 21:01:10,1316.49994,354.966,1086.97402,294.888,355.101,0,0,80,5e-07,3
2023-11-24 21:01:15,1316.46536,354.957,1086.97402,294.888,355.101,0,0,80,5e-07,3
2023-11-24 21:01:19,1316.43138,354.948,1086.97462,294.888,355.101,0,0,80,5e-07,3
2023-11-24 21:01:23,1316.39711,354.939,1086.97343,294.888,355.101,0,0,80,5e-07,3
2023-11-24 21:01:27,1316.36253,354.930,1086.97313,294.888,355.101,0,0,80,5e-07,3
2023-11-24 21:01:31,1316.32796,354.921,1086.97313,294.888,355.101,0,0,80,5e-07,3
2023-11-24 21:01:36,1316.25792,354.902,1086.97223,294.887,355.101,0,0,80,5e-07,3
2023-11-24 21:01:40,1316.22573,354.894,1086.97372,294.888,355.101,0,0,80,5e-07,3
2023-11-24 21:01:44,1316.18817,354.884,1086.97343,294.888,355.101,0,0,80,5e-07,3
2023-11-24 21:01:48,1316.1533,354.875,1086.97432,294.888,355.101,0,0,80,5e-07,3
2023-11-24 21:01:52,1316.11843,354.866,1086.97432,294.888,355.101,0,0,80,5e-07,3
2023-11-24 21:01:56,1316.08445,354.857,1086.9773,294.889,355.101,0,0,80,5e-07,3
2023-11-24 21:02:01,1316.0147,354.839,1086.977,294.889,355.101,0,1,80,5e-07,3
2023-11-24 21:02:05,1315.97953,354.829,1086.977,294.889,355.101,0,1,80,5e-07,3
2023-11-24 21:02:09,1316.04451,354.846,1086.9776,294.889,355.101,0,1,80,5e-07,3
2023-11-24 21:02:13,1316.21351,354.891,1086.97492,294.888,355.101,0,1,80,5e-07,3
2023-11-24 21:02:17,1316.3834,354.935,1086.97462,294.888,355.101,0,1,80,5e-07,3
2023-11-24 21:02:21,1316.55239,354.979,1086.97641,294.889,355.101,0,0,80,5e-07,3
2023-11-24 21:02:26,1316.72974,355.026,1086.97611,294.888,355.101,0,0,80,5e-07,3
2023-11-24 21:02:30,1316.69487,355.017,1086.9776,294.889,355.101,0,0,80,5e-07,3
2023-11-24 21:02:34,1316.66357,355.009,1086.9776,294.889,355.101,0,0,80,5e-07,3
2023-11-24 21:02:38,1316.63913,355.002,1086.9773,294.889,355.101,0,0,80,5e-07,3
2023-11-24 21:02:42,1316.61797,354.997,1086.9773,294.889,355.101,0,0,80,5e-07,3
2023-11-24 21:02:46,1316.59472,354.991,1086.9779,294.889,355.101,0,0,80,5e-07,3
2023-11-24 21:02:51,1316.54584,354.978,1086.97611,294.888,355.101,0,0,80,5e-07,3
2023-11-24 21:02:55,1316.51961,354.971,1086.9773,294.889,355.101,0,0,80,5e-07,3
2023-11-24 21:02:59,1316.491,354.963,1086.9782,294.889,355.101,0,0,80,5e-07,3
2023-11-24 21:03:03,1316.46208,354.956,1086.97909,294.889,355.101,0,0,80,5e-07,3
2023-11-24 21:03:07,1316.42989,354.947,1086.97641,294.889,355.101,0,0,80,5e-07,3
2023-11-24 21:03:12,1316.398,354.939,1086.9776,294.889,355.101,0,0,80,5e-07,3
2023-11-24 21:03:16,1316.33303,354.922,1086.977,294.889,355.101,0,0,80,5e-07,3
2023-11-24 21:03:20,1316.29815,354.913,1086.9782,294.889,355.101,0,0,80,5e-07,3
2023-11-24 21:03:24,1316.26447,354.904,1086.97909,294.889,355.101,0,0,80,5e-07,3
2023-11-24 21:03:28,1316.23109,354.895,1086.97969,294.889,355.101,0,0,80,5e-07,3
2023-11-24 21:03:32,1316.19562,354.886,1086.97909,294.889,355.101,0,0,80,5e-07,3
2023-11-24 21:03:37,1316.16075,354.877,1086.97939,294.889,355.101,0,0,80,5e-07,3
2023-11-24 21:03:41,1316.09249,354.859,1086.98088,294.890,355.101,0,0,80,5e-07,3
2023-11-24 21:03:45,1316.05673,354.850,1086.9782,294.889,355.101,0,0,80,5e-07,3
2023-11-24 21:03:49,1316.02305,354.841,1086.98088,294.890,355.101,0,0,80,5e-07,3
2023-11-24 21:03:53,1315.98758,354.831,1086.97879,294.889,355.101,0,0,80,5e-07,3
2023-11-24 21:03:58,1315.95449,354.823,1086.97849,294.889,355.101,0,0,80,5e-07,3
2023-11-24 21:04:02,1315.91903,354.813,1086.97998,294.889,355.101,0,1,80,5e-07,3
2023-11-24 21:04:06,1316.05762,354.850,1086.97969,294.889,355.101,0,1,80,5e-07,3
2023-11-24 21:04:10,1316.23169,354.895,1086.98028,294.890,355.101,0,1,80,5e-07,3
2023-11-24 21:04:14,1316.40039,354.940,1086.98147,294.890,355.101,0,1,80,5e-07,3
2023-11-24 21:04:19,1316.57445,354.985,1086.98118,294.890,355.101,0,1,80,5e-07,3
2023-11-24 21:04:23,1316.76103,355.034,1086.97998,294.889,355.101,0,1,80,5e-07,3
2023-11-24 21:04:27,1316.96192,355.087,1086.97998,294.889,355.101,0,1,80,5e-07,3
2023-11-24 21:04:31,1317.39083,355.199,1086.97849,294.889,355.101,0,0,80,5e-07,3
2023-11-24 21:04:35,1317.49157,355.226,1086.97939,294.889,355.101,0,0,80,5e-07,3
2023-11-24 21:04:39,1317.48024,355.223,1086.97939,294.889,355.101,0,0,80,5e-07,3
2023-11-24 21:04:44,1317.45491,355.216,1086.97849,294.889,355.101,0,0,80,5e-07,3
2023-11-24 21:04:48,1317.43136,355.210,1086.97849,294.889,355.101,0,0,80,5e-07,3
2023-11-24 21:04:52,1317.4096,355.204,1086.97939,294.889,355.101,0,0,80,5e-07,3
2023-11-24 21:04:56,1317.36013,355.191,1086.977,294.889,355.101,0,0,80,5e-07,3
2023-11-24 21:05:00,1317.33241,355.184,1086.97641,294.889,355.101,0,0,80,5e-07,3
2023-11-24 21:05:04,1317.30051,355.176,1086.97611,294.888,355.101,0,0,80,5e-07,3
2023-11-24 21:05:09,1317.26713,355.167,1086.97551,294.888,355.101,0,0,80,5e-07,3
2023-11-24 21:05:13,1317.23137,355.157,1086.97581,294.888,355.101,0,0,80,5e-07,3
2023-11-24 21:05:17,1317.19351,355.147,1086.97551,294.888,355.101,0,0,80,5e-07,3
2023-11-24 21:05:21,1317.11661,355.127,1086.97372,294.888,355.101,0,0,80,5e-07,3
2023-11-24 21:05:25,1317.07817,355.117,1086.97522,294.888,355.101,0,0,80,5e-07,3
2023-11-24 21:05:29,1317.03823,355.107,1086.97492,294.888,355.101,0,0,80,5e-07,3
2023-11-24 21:05:34,1316.99799,355.096,1086.97492,294.888,355.101,0,0,80,5e-07,3
2023-11-24 21:05:38,1316.95864,355.086,1086.97343,294.888,355.101,0,0,80,5e-07,3
2023-11-24 21:05:42,1316.91871,355.075,1086.97164,294.887,355.101,0,0,80,5e-07,3
2023-11-24 21:05:46,1316.83972,355.055,1086.97104,294.887,355.101,0,0,80,5e-07,3
2023-11-24 21:05:50,1316.80068,355.045,1086.97164,294.887,355.101,0,0,80,5e-07,3
2023-11-24 21:05:55,1316.76133,355.034,1086.97045,294.887,355.101,0,0,80,5e-07,3
2023-11-24 21:05:59,1316.72348,355.024,1086.97104,294.887,355.101,0,0,80,5e-07,3
2023-11-24 21:06:03,1316.68622,355.015,1086.97015,294.887,355.101,0,1,80,5e-07,3
2023-11-24 21:06:07,1316.75686,355.033,1086.97045,294.887,355.101,0,0,80,5e-07,3
2023-11-24 21:06:11,1316.97414,355.090,1086.96985,294.887,355.101,0,0,80,5e-07,3
2023-11-24 21:06:15,1316.9202,355.076,1086.96747,294.886,355.101,0,0,80,5e-07,3
2023-11-24 21:06:20,1316.86804,355.062,1086.96747,294.886,355.101,0,0,80,5e-07,3
2023-11-24 21:06:24,1316.82839,355.052,1086.96747,294.886,355.101,0,0,80,5e-07,3
2023-11-24 21:06:28,1316.79561,355.043,1086.96627,294.886,355.101,0,0,80,5e-07,3
2023-11-24 21:06:32,1316.7661,355.035,1086.96538,294.886,355.101,0,0,80,5e-07,3
2023-11-24 21:06:36,1316.70858,355.020,1086.96449,294.885,355.101,0,0,80,5e-07,3
2023-11-24 21:06:41,1316.67966,355.013,1086.96359,294.885,355.101,0,0,80,5e-07,3
2023-11-24 21:06:45,1316.65105,355.005,1086.9627,294.885,355.101,0,0,80,5e-07,3
2023-11-24 21:06:49,1316.62065,354.997,1086.96389,294.885,355.101,0,0,80,5e-07,3
2023-11-24 21:06:53,1316.58876,354.989,1086.96329,294.885,355.101,0,0,80,5e-07,3
2023-11-24 21:06:57,1316.55657,354.981,1086.9618,294.885,355.101,0,0,97.7,6.58e-07,5.35
2023-11-24 21:07:01,1316.49249,354.964,1086.96091,294.885,355.101,0,0,97.7,6.58e-07,5.35
2023-11-24 21:07:06,1316.46,354.955,1086.95823,294.884,355.000,0,0,97.7,6.58e-07,5.35
2023-11-24 21:07:10,1316.42662,354.946,1086.96031,294.884,355.000,0,0,97.7,6.58e-07,5.35
2023-11-24 21:07:14,1316.39323,354.938,1086.96001,294.884,355.000,0,0,97.7,6.58e-07,5.35
2023-11-24 21:07:18,1316.36074,354.929,1086.95852,294.884,355.000,0,0,97.7,6.58e-07,5.35
2023-11-24 21:07:22,1316.32617,354.920,1086.95733,294.884,355.000,0,0,97.7,6.58e-07,5.35
2023-11-24 21:07:27,1316.25941,354.903,1086.95733,294.884,355.000,0,0,97.7,6.58e-07,5.35
2023-11-24 21:07:31,1316.22543,354.894,1086.95674,294.883,355.000,0,0,97.7,6.58e-07,5.35
2023-11-24 21:07:35,1316.19205,354.885,1086.95644,294.883,355.000,0,0,97.7,6.58e-07,5.35
2023-11-24 21:07:39,1316.15836,354.876,1086.95376,294.883,355.000,0,0,97.7,6.58e-07,5.35
2023-11-24 21:07:43,1316.12558,354.868,1086.95316,294.883,355.000,0,0,97.7,6.58e-07,5.35
2023-11-24 21:07:47,1316.091,354.859,1086.95107,294.882,355.000,0,0,97.7,6.58e-07,5.35
2023-11-24 21:07:52,1316.02454,354.841,1086.95018,294.882,355.000,0,0,97.7,6.58e-07,5.35
2023-11-24 21:07:56,1315.99145,354.832,1086.94899,294.881,355.000,0,0,97.7,6.58e-07,5.35
2023-11-24 21:08:00,1315.95807,354.824,1086.94869,294.881,355.000,0,0,97.7,6.58e-07,5.35
2023-11-24 21:08:04,1315.92767,354.816,1086.9475,294.881,355.000,0,1,97.7,6.58e-07,5.35
2023-11-24 21:08:08,1316.02782,354.842,1086.9466,294.881,355.000,0,1,97.7,6.58e-07,5.35
2023-11-24 21:08:12,1316.20069,354.887,1086.94541,294.881,355.000,0,1,97.7,6.58e-07,5.35
2023-11-24 21:08:17,1316.5366,354.975,1086.94422,294.880,355.000,0,1,97.7,6.58e-07,5.35
2023-11-24 21:08:21,1316.71722,355.023,1086.94452,294.880,355.000,0,0,97.7,6.58e-07,5.35
2023-11-24 21:08:25,1316.87579,355.064,1086.94422,294.880,355.000,0,0,97.7,6.58e-07,5.35
2023-11-24 21:08:29,1316.88711,355.067,1086.94511,294.880,355.000,0,0,97.7,6.58e-07,5.35
2023-11-24 21:08:33,1316.85552,355.059,1086.94332,294.880,355.000,0,0,97.7,6.58e-07,5.35
2023-11-24 21:08:37,1316.82988,355.052,1086.94064,294.879,355.000,0,0,97.7,6.58e-07,5.35
2023-11-24 21:08:42,1316.79144,355.042,1086.94332,294.880,355.000,0,0,97.7,6.58e-07,5.35
2023-11-24 21:08:46,1316.77176,355.037,1086.94332,294.880,355.000,0,0,97.7,6.58e-07,5.35
2023-11-24 21:08:50,1316.74881,355.031,1086.94094,294.879,355.000,0,0,97.7,6.58e-07,5.35
2023-11-24 21:08:54,1316.72288,355.024,1086.93915,294.879,355.000,0,0,97.7,6.58e-07,5.35
2023-11-24 21:08:58,1316.69636,355.017,1086.94094,294.879,355.000,0,0,97.7,6.58e-07,5.35
2023-11-24 21:09:03,1316.66804,355.010,1086.94034,294.879,355.000,0,0,97.7,6.58e-07,5.35
2023-11-24 21:09:07,1316.60753,354.994,1086.94064,294.879,355.000,0,0,97.7,6.58e-07,5.35
2023-11-24 21:09:11,1316.57475,354.985,1086.93975,294.879,355.000,0,0,97.7,6.58e-07,5.35
2023-11-24 21:09:15,1316.54047,354.976,1086.93945,294.879,355.000,0,0,97.7,6.58e-07,5.35
2023-11-24 21:09:19,1316.50679,354.967,1086.93885,294.879,355.000,0,0,97.7,6.58e-07,5.35
2023-11-24 21:09:24,1316.47192,354.958,1086.94034,294.879,355.000,0,0,97.7,6.58e-07,5.35
2023-11-24 21:09:28,1316.43794,354.949,1086.94004,294.879,355.000,0,0,97.7,6.58e-07,5.35
2023-11-24 21:09:32,1316.3682,354.931,1086.93975,294.879,355.000,0,0,97.7,6.58e-07,5.35
2023-11-24 21:09:36,1316.33273,354.922,1086.94124,294.879,355.000,0,0,97.7,6.58e-07,5.35
2023-11-24 21:09:40,1316.29726,354.913,1086.93975,294.879,355.000,0,0,97.7,6.58e-07,5.35
2023-11-24 21:09:45,1316.26209,354.903,1086.93945,294.879,355.000,0,0,97.7,6.58e-07,5.35
2023-11-24 21:09:49,1316.22543,354.894,1086.93796,294.879,355.000,0,0,97.7,6.58e-07,5.35
2023-11-24 21:09:53,1316.19115,354.885,1086.93796,294.879,355.000,0,0,97.7,6.58e-07,5.35
2023-11-24 21:09:57,1316.12051,354.866,1086.93706,294.878,355.000,0,0,97.7,6.58e-07,5.35
2023-11-24 21:10:01,1316.08594,354.857,1086.93796,294.879,355.000,0,0,97.7,6.58e-07,5.35
2023-11-24 21:10:05,1316.06358,354.851,1086.93766,294.879,355.000,0,1,97.7,6.58e-07,5.35
2023-11-24 21:10:10,1316.18549,354.883,1086.93736,294.878,355.000,0,1,97.7,6.58e-07,5.35
2023-11-24 21:10:14,1316.35925,354.929,1086.93557,294.878,355.000,0,1,97.7,6.58e-07,5.35
2023-11-24 21:10:18,1316.52706,354.973,1086.93587,294.878,355.000,0,0,97.7,6.58e-07,5.35
2023-11-24 21:10:22,1316.79799,355.044,1086.93468,294.878,355.000,0,0,97.7,6.58e-07,5.35
2023-11-24 21:10:26,1316.77325,355.037,1086.93408,294.878,355.000,0,0,97.7,6.58e-07,5.35
2023-11-24 21:10:30,1316.73808,355.028,1086.93498,294.878,355.000,0,0,97.7,6.58e-07,5.35
2023-11-24 21:10:35,1316.71036,355.021,1086.93438,294.878,355.000,0,0,97.7,6.58e-07,5.35
2023-11-24 21:10:39,1316.68771,355.015,1086.93349,294.877,355.000,0,0,97.7,6.58e-07,5.35
2023-11-24 21:10:43,1316.66595,355.009,1086.93498,294.878,355.000,0,0,97.7,6.58e-07,5.35
2023-11-24 21:10:47,1316.61826,354.997,1086.93766,294.879,355.000,0,0,97.7,6.58e-07,5.35
2023-11-24 21:10:51,1316.59293,354.990,1086.93557,294.878,355.000,0,0,97.7,6.58e-07,5.35
2023-11-24 21:10:55,1316.56521,354.983,1086.93379,294.878,355.000,0,0,97.7,6.58e-07,5.35
2023-11-24 21:11:00,1316.53719,354.975,1086.93259,294.877,355.000,0,0,97.7,6.58e-07,5.35
2023-11-24 21:11:04,1316.50649,354.967,1086.93289,294.877,355.000,0,0,97.7,6.58e-07,5.35
2023-11-24 21:11:08,1316.47579,354.959,1086.93349,294.877,355.000,0,0,97.7,6.58e-07,5.35
2023-11-24 21:11:12,1316.41231,354.943,1086.93379,294.878,355.000,0,0,97.7,6.58e-07,5.35
2023-11-24 21:11:16,1316.37803,354.934,1086.93468,294.878,355.000,0,0,97.7,6.58e-07,5.35
2023-11-24 21:11:21,1316.34465,354.925,1086.93438,294.878,355.000,0,0,97.7,6.58e-07,5.35
2023-11-24 21:11:25,1316.31097,354.916,1086.93587,294.878,355.000,0,0,97.7,6.58e-07,5.35
2023-11-24 21:11:29,1316.27669,354.907,1086.93468,294.878,355.000,0,0,97.7,6.58e-07,5.35
2023-11-24 21:11:33,1316.24212,354.898,1086.93259,294.877,355.000,0,0,97.7,6.58e-07,5.35
2023-11-24 21:11:37,1316.17476,354.880,1086.93319,294.877,355.000,0,0,97.7,6.58e-07,5.35
2023-11-24 21:11:42,1316.14167,354.872,1086.93349,294.877,355.000,0,0,97.7,6.58e-07,5.35
2023-11-24 21:11:46,1316.1065,354.863,1086.93259,294.877,355.000,0,0,97.7,6.58e-07,5.35
2023-11-24 21:11:50,1316.07163,354.853,1086.93379,294.878,355.000,0,0,97.7,6.58e-07,5.35
2023-11-24 21:11:54,1316.03735,354.844,1086.9323,294.877,355.000,0,0,97.7,6.58e-07,5.35
2023-11-24 21:11:58,1316.00367,354.836,1086.93498,294.878,355.000,0,0,97.7,6.58e-07,5.35
2023-11-24 21:12:02,1315.93542,354.818,1086.93528,294.878,355.000,0,0,97.7,6.58e-07,5.35
2023-11-24 21:12:07,1315.92439,354.815,1086.93647,294.878,355.000,0,1,97.7,6.58e-07,5.35
2023-11-24 21:12:11,1316.06478,354.852,1086.93647,294.878,355.000,0,1,97.7,6.58e-07,5.35
2023-11-24 21:12:15,1316.23795,354.897,1086.93528,294.878,355.000,0,1,97.7,6.58e-07,5.35
2023-11-24 21:12:19,1316.40635,354.941,1086.93557,294.878,355.000,0,1,97.7,6.58e-07,5.35
2023-11-24 21:12:23,1316.57743,354.986,1086.93528,294.878,355.000,0,0,97.7,6.58e-07,5.35
2023-11-24 21:12:28,1316.83227,355.053,1086.93438,294.878,355.000,0,0,97.7,6.58e-07,5.35
2023-11-24 21:12:32,1316.80783,355.046,1086.93379,294.878,355.000,0,0,97.7,6.58e-07,5.35
2023-11-24 21:12:36,1316.77743,355.038,1086.93528,294.878,355.000,0,0,97.7,6.58e-07,5.35
2023-11-24 21:12:40,1316.75537,355.033,1086.93468,294.878,355.000,0,0,97.7,6.58e-07,5.35
2023-11-24 21:12:44,1316.73659,355.028,1086.93468,294.878,355.000,0,0,97.7,6.58e-07,5.35
2023-11-24 21:12:48,1316.71573,355.022,1086.93677,294.878,355.000,0,0,97.7,6.58e-07,5.35
2023-11-24 21:12:53,1316.66923,355.010,1086.93617,294.878,355.000,0,0,97.7,6.58e-07,5.35
2023-11-24 21:12:57,1316.6433,355.003,1086.93736,294.878,355.000,0,0,97.7,6.58e-07,5.35
2023-11-24 21:13:01,1316.61469,354.996,1086.93736,294.878,355.000,0,0,97.7,6.58e-07,5.35
2023-11-24 21:13:05,1316.58518,354.988,1086.93617,294.878,355.000,0,0,97.7,6.58e-07,5.35
2023-11-24 21:13:09,1316.55478,354.980,1086.93498,294.878,355.000,0,0,97.7,6.58e-07,5.35
2023-11-24 21:13:13,1316.52169,354.971,1086.93438,294.878,355.000,0,0,97.7,6.58e-07,5.35
2023-11-24 21:13:18,1316.45702,354.954,1086.93408,294.878,355.000,0,0,97.7,6.58e-07,5.35
2023-11-24 21:13:22,1316.42244,354.945,1086.93289,294.877,355.000,0,0,97.7,6.58e-07,5.35
2023-11-24 21:13:26,1316.38787,354.936,1086.93468,294.878,355.000,0,0,97.7,6.58e-07,5.35
2023-11-24 21:13:30,1316.35329,354.927,1086.93408,294.878,355.000,0,0,97.7,6.58e-07,5.35
2023-11-24 21:13:34,1316.31931,354.918,1086.93319,294.877,355.000,0,0,97.7,6.58e-07,5.35
2023-11-24 21:13:38,1316.28414,354.909,1086.93349,294.877,355.000,0,0,97.7,6.58e-07,5.35
2023-11-24 21:13:43,1316.21351,354.891,1086.932,294.877,355.000,0,0,97.7,6.58e-07,5.35
2023-11-24 21:13:47,1316.17804,354.881,1086.9317,294.877,355.000,0,0,97.7,6.58e-07,5.35
2023-11-24 21:13:51,1316.14376,354.872,1086.9317,294.877,355.000,0,0,97.7,6.58e-07,5.35
2023-11-24 21:13:55,1316.10859,354.863,1086.92961,294.876,355.000,0,0,97.7,6.58e-07,5.35
2023-11-24 21:13:59,1316.07431,354.854,1086.92991,294.877,355.000,0,0,97.7,6.58e-07,5.35
2023-11-24 21:14:04,1316.03914,354.845,1086.92693,294.876,355.000,0,0,97.7,6.58e-07,5.35
2023-11-24 21:14:08,1316.01113,354.838,1086.92574,294.875,355.000,0,1,97.7,6.58e-07,5.35
2023-11-24 21:14:12,1316.16313,354.877,1086.92604,294.876,355.000,0,1,97.7,6.58e-07,5.35
2023-11-24 21:14:16,1316.3366,354.923,1086.92663,294.876,355.000,0,1,97.7,6.58e-07,5.35
2023-11-24 21:14:20,1316.50381,354.967,1086.92663,294.876,355.000,0,1,97.7,6.58e-07,5.35
2023-11-24 21:14:25,1316.67728,355.012,1086.92604,294.876,355.000,0,0,97.7,6.58e-07,5.35
2023-11-24 21:14:29,1316.80664,355.046,1086.92425,294.875,355.000,0,0,97.7,6.58e-07,5.35
2023-11-24 21:14:33,1316.76074,355.034,1086.92365,294.875,355.000,0,0,97.7,6.58e-07,5.35
2023-11-24 21:14:37,1316.73451,355.027,1086.92514,294.875,355.000,0,0,97.7,6.58e-07,5.35
2023-11-24 21:14:41,1316.71364,355.022,1086.92157,294.874,355.000,0,0,97.7,6.58e-07,5.35
2023-11-24 21:14:46,1316.69218,355.016,1086.92067,294.874,355.000,0,0,97.7,6.58e-07,5.35
2023-11-24 21:14:50,1316.67072,355.010,1086.92067,294.874,355.000,0,0,97.7,6.58e-07,5.35
2023-11-24 21:14:54,1316.64658,355.004,1086.92007,294.874,355.000,0,0,97.7,6.58e-07,5.35
2023-11-24 21:14:58,1316.59472,354.991,1086.91769,294.873,355.000,0,0,97.7,6.58e-07,5.35
2023-11-24 21:15:02,1316.56461,354.983,1086.91739,294.873,355.000,0,0,97.7,6.58e-07,5.35
2023-11-24 21:15:06,1316.53541,354.975,1086.9165,294.873,355.000,0,0,97.7,6.58e-07,5.35
2023-11-24 21:15:11,1316.50381,354.967,1086.91739,294.873,355.000,0,0,97.7,6.58e-07,5.35
2023-11-24 21:15:15,1316.47162,354.958,1086.9165,294.873,355.000,0,0,97.7,6.58e-07,5.35
2023-11-24 21:15:19,1316.43913,354.950,1086.91709,294.873,355.000,0,0,97.7,6.58e-07,5.35
2023-11-24 21:15:23,1316.37177,354.932,1086.91501,294.873,355.000,0,0,97.7,6.58e-07,5.35
2023-11-24 21:15:27,1316.33809,354.923,1086.91233,294.872,355.000,0,0,97.7,6.58e-07,5.35
2023-11-24 21:15:31,1316.30292,354.914,1086.91352,294.872,355.000,0,0,97.7,6.58e-07,5.35
2023-11-24 21:15:36,1316.26894,354.905,1086.91262,294.872,355.000,0,0,97.7,6.58e-07,5.35
2023-11-24 21:15:40,1316.23646,354.897,1086.91233,294.872,355.000,0,0,97.7,6.58e-07,5.35
2023-11-24 21:15:44,1316.19979,354.887,1086.91113,294.872,355.000,0,0,97.7,6.58e-07,5.35
2023-11-24 21:15:48,1316.13214,354.869,1086.91233,294.872,355.000,0,0,97.7,6.58e-07,5.35
2023-11-24 21:15:52,1316.09637,354.860,1086.91084,294.872,355.000,0,0,97.7,6.58e-07,5.35
2023-11-24 21:15:56,1316.06269,354.851,1086.90905,294.871,355.000,0,0,97.7,6.58e-07,5.35
2023-11-24 21:16:01,1316.02901,354.842,1086.90845,294.871,355.000,0,0,97.7,6.58e-07,5.35
2023-11-24 21:16:05,1315.99503,354.833,1086.90726,294.871,355.000,0,0,97.7,6.58e-07,5.35
2023-11-24 21:16:09,1315.96046,354.824,1086.90726,294.871,355.000,0,1,97.7,6.58e-07,5.35
2023-11-24 21:16:13,1316.17506,354.881,1086.90696,294.871,355.000,0,1,97.7,6.58e-07,5.35
2023-11-24 21:16:17,1316.34554,354.925,1086.90845,294.871,355.000,0,1,97.7,6.58e-07,5.35
2023-11-24 21:16:21,1316.51395,354.969,1086.90785,294.871,355.000,0,1,97.7,6.58e-07,5.35
2023-11-24 21:16:26,1316.69159,355.016,1086.90666,294.871,355.000,0,0,97.7,6.58e-07,5.35
2023-11-24 21:16:30,1316.83644,355.054,1086.90487,294.870,355.000,0,0,97.7,6.58e-07,5.35
2023-11-24 21:16:34,1316.83436,355.053,1086.90309,294.870,355.000,0,0,97.7,6.58e-07,5.35
2023-11-24 21:16:38,1316.77683,355.038,1086.90428,294.870,355.000,0,0,97.7,6.58e-07,5.35
2023-11-24 21:16:42,1316.75507,355.033,1086.90458,294.870,355.000,0,0,97.7,6.58e-07,5.35
2023-11-24 21:16:46,1316.73689,355.028,1086.90309,294.870,355.000,0,0,97.7,6.58e-07,5.35
2023-11-24 21:16:51,1316.71543,355.022,1086.90368,294.870,355.000,0,0,97.7,6.58e-07,5.35
2023-11-24 21:16:55,1316.69188,355.016,1086.90309,294.870,355.000,0,0,97.7,6.58e-07,5.35
2023-11-24 21:16:59,1316.66625,355.009,1086.90279,294.870,355.000,0,0,97.7,6.58e-07,5.35
2023-11-24 21:17:03,1316.61022,354.995,1086.90309,294.870,355.000,0,0,97.7,6.58e-07,5.35
2023-11-24 21:17:08,1316.58071,354.987,1086.90309,294.870,355.000,0,0,97.7,6.58e-07,5.35
2023-11-24 21:17:12,1316.54941,354.979,1086.90279,294.870,355.000,0,0,97.7,6.58e-07,5.35
2023-11-24 21:17:16,1316.51722,354.970,1086.9016,294.869,355.000,0,0,97.7,6.58e-07,5.35
2023-11-24 21:17:20,1316.48414,354.962,1086.90011,294.869,355.000,0,0,97.7,6.58e-07,5.35
2023-11-24 21:17:24,1316.45046,354.953,1086.89891,294.869,355.000,0,0,97.7,6.58e-07,5.35
2023-11-24 21:17:28,1316.3831,354.935,1086.89981,294.869,355.000,0,0,97.7,6.58e-07,5.35
2023-11-24 21:17:33,1316.34882,354.926,1086.89772,294.868,355.000,0,0,97.7,6.58e-07,5.35
2023-11-24 21:17:37,1316.31335,354.917,1086.89891,294.869,355.000,0,0,97.7,6.58e-07,5.35
2023-11-24 21:17:41,1316.27908,354.908,1086.89861,294.869,355.000,0,0,97.7,6.58e-07,5.35
2023-11-24 21:17:45,1316.2445,354.899,1086.89861,294.869,355.000,0,0,97.7,6.58e-07,5.35
2023-11-24 21:17:49,1316.21023,354.890,1086.89712,294.868,355.000,0,0,97.7,6.58e-07,5.35
2023-11-24 21:17:54,1316.14167,354.872,1086.89772,294.868,355.000,0,0,97.7,6.58e-07,5.35
2023-11-24 21:17:58,1316.1065,354.863,1086.89712,294.868,355.000,0,0,97.7,6.58e-07,5.35
2023-11-24 21:18:02,1316.07252,354.854,1086.89414,294.867,355.000,0,0,97.7,6.58e-07,5.35
2023-11-24 21:18:06,1316.03795,354.845,1086.89414,294.867,355.000,0,0,97.7,6.58e-07,5.35
2023-11-24 21:18:10,1316.00427,354.836,1086.89385,294.867,355.000,0,1,97.7,6.58e-07,5.35
2023-11-24 21:18:14,1316.08743,354.858,1086.89385,294.867,355.000,0,1,97.7,6.58e-07,5.35
2023-11-24 21:18:19,1316.4293,354.947,1086.89325,294.867,355.000,0,1,97.7,6.58e-07,5.35
2023-11-24 21:18:23,1316.59919,354.992,1086.89236,294.867,355.000,0,1,97.7,6.58e-07,5.35
2023-11-24 21:18:27,1316.76968,355.036,1086.89236,294.867,355.000,0,0,97.7,6.58e-07,5.35
2023-11-24 21:18:31,1316.80783,355.046,1086.89206,294.867,355.000,0,0,97.7,6.58e-07,5.35
2023-11-24 21:18:35,1316.77504,355.038,1086.89206,294.867,355.000,0,0,97.7,6.58e-07,5.35
2023-11-24 21:18:39,1316.74464,355.030,1086.89146,294.867,355.000,0,0,97.7,6.58e-07,5.35
2023-11-24 21:18:44,1316.70142,355.019,1086.88878,294.866,355.000,0,0,97.7,6.58e-07,5.35
2023-11-24 21:18:48,1316.68056,355.013,1086.88788,294.866,355.000,0,0,97.7,6.58e-07,5.35
2023-11-24 21:18:52,1316.6594,355.007,1086.88729,294.866,355.000,0,0,97.7,6.58e-07,5.35
2023-11-24 21:18:56,1316.63287,355.001,1086.8858,294.865,355.000,0,0,97.7,6.58e-07,5.35
2023-11-24 21:19:00,1316.60664,354.994,1086.8852,294.865,355.000,0,0,97.7,6.58e-07,5.35
2023-11-24 21:19:04,1316.57862,354.986,1086.88669,294.865,355.000,0,0,97.7,6.58e-07,5.35
2023-11-24 21:19:09,1316.51931,354.971,1086.88639,294.865,355.000,0,0,97.7,6.58e-07,5.35
2023-11-24 21:19:13,1316.48921,354.963,1086.8861,294.865,355.000,0,0,97.7,6.58e-07,5.35
2023-11-24 21:19:17,1316.45731,354.955,1086.8855,294.865,355.000,0,0,97.7,6.58e-07,5.35
2023-11-24 21:19:21,1316.42363,354.946,1086.88699,294.866,355.000,0,0,97.7,6.58e-07,5.35
2023-11-24 21:19:25,1316.39085,354.937,1086.88669,294.865,355.000,0,0,97.7,6.58e-07,5.35
2023-11-24 21:19:30,1316.35717,354.928,1086.88461,294.865,355.000,0,0,97.7,6.58e-07,5.35
2023-11-24 21:19:34,1316.28981,354.911,1086.88341,294.865,355.000,0,0,97.7,6.58e-07,5.35
2023-11-24 21:19:38,1316.25523,354.902,1086.88133,294.864,355.000,0,0,97.7,6.58e-07,5.35
2023-11-24 21:19:42,1316.22125,354.893,1086.88103,294.864,355.000,0,0,97.7,6.58e-07,5.35
2023-11-24 21:19:46,1316.18728,354.884,1086.87924,294.864,355.000,0,0,97.7,6.58e-07,5.35
2023-11-24 21:19:51,1316.1536,354.875,1086.87864,294.863,355.000,0,0,97.7,6.58e-07,5.35
2023-11-24 21:19:55,1316.11902,354.866,1086.87775,294.863,355.000,0,0,97.7,6.58e-07,5.35
2023-11-24 21:19:59,1316.05196,354.848,1086.87626,294.863,355.000,0,0,97.7,6.58e-07,5.35
2023-11-24 21:20:03,1316.01798,354.839,1086.87417,294.862,355.000,0,0,97.7,6.58e-07,5.35
2023-11-24 21:20:07,1315.984,354.830,1086.87626,294.863,355.000,0,1,97.7,6.58e-07,5.35
2023-11-24 21:20:11,1315.96105,354.824,1086.87507,294.862,355.000,0,1,97.7,6.58e-07,5.35
2023-11-24 21:20:16,1316.08355,354.857,1086.87417,294.862,355.000,0,1,97.7,6.58e-07,5.35
2023-11-24 21:20:20,1316.25732,354.902,1086.87149,294.862,355.000,0,1,97.7,6.58e-07,5.35
2023-11-24 21:20:24,1316.5977,354.991,1086.8703,294.861,355.000,0,1,97.7,6.58e-07,5.35
2023-11-24 21:20:28,1316.7816,355.040,1086.86911,294.861,355.000,0,0,97.7,6.58e-07,5.35
2023-11-24 21:20:32,1316.88502,355.067,1086.86762,294.861,355.000,0,0,97.7,6.58e-07,5.35
2023-11-24 21:20:37,1316.86684,355.062,1086.86791,294.861,355.000,0,0,97.7,6.58e-07,5.35
2023-11-24 21:20:41,1316.83644,355.054,1086.86583,294.860,355.000,0,0,97.7,6.58e-07,5.35
2023-11-24 21:20:45,1316.8126,355.048,1086.86672,294.860,355.000,0,0,97.7,6.58e-07,5.35
2023-11-24 21:20:49,1316.77504,355.038,1086.86583,294.860,355.000,0,0,97.7,6.58e-07,5.35
2023-11-24 21:20:53,1316.75418,355.032,1086.86464,294.860,355.000,0,0,97.7,6.58e-07,5.35
2023-11-24 21:20:57,1316.73004,355.026,1086.86344,294.859,355.000,0,0,97.7,6.58e-07,5.35
2023-11-24 21:21:02,1316.7053,355.020,1086.86195,294.859,355.000,0,0,97.7,6.58e-07,5.35
2023-11-24 21:21:06,1316.68026,355.013,1086.85987,294.859,355.000,0,0,97.7,6.58e-07,5.35
2023-11-24 21:21:10,1316.65135,355.005,1086.86106,294.859,355.000,0,0,97.7,6.58e-07,5.35
2023-11-24 21:21:14,1316.58965,354.989,1086.85838,294.858,355.000,0,0,97.7,6.58e-07,5.35
2023-11-24 21:21:18,1316.55836,354.981,1086.86136,294.859,355.000,0,0,97.7,6.58e-07,5.35
2023-11-24 21:21:22,1316.52527,354.972,1086.86166,294.859,355.000,0,0,97.7,6.58e-07,5.35
2023-11-24 21:21:27,1316.4904,354.963,1086.86106,294.859,355.000,0,0,97.7,6.58e-07,5.35
2023-11-24 21:21:31,1316.45612,354.954,1086.86017,294.859,355.000,0,0,97.7,6.58e-07,5.35
2023-11-24 21:21:35,1316.42125,354.945,1086.86315,294.859,355.000,0,0,97.7,6.58e-07,5.35
2023-11-24 21:21:39,1316.353,354.927,1086.86285,294.859,355.000,0,0,97.7,6.58e-07,5.35
2023-11-24 21:21:43,1316.31812,354.918,1086.86255,294.859,355.000,0,0,97.7,6.58e-07,5.35
2023-11-24 21:21:47,1316.28325,354.909,1086.86225,294.859,355.000,0,0,97.7,6.58e-07,5.35
2023-11-24 21:21:52,1316.24927,354.900,1086.86136,294.859,355.000,0,0,97.7,6.58e-07,5.35
2023-11-24 21:21:56,1316.2144,354.891,1086.86166,294.859,355.000,0,0,97.7,6.58e-07,5.35
2023-11-24 21:22:00,1316.17923,354.882,1086.86166,294.859,355.000,0,0,97.7,6.58e-07,5.35
2023-11-24 21:22:04,1316.11038,354.864,1086.86017,294.859,355.000,0,0,97.7,6.58e-07,5.35
2023-11-24 21:22:08,1316.077,354.855,1086.86017,294.859,355.000,0,1,97.7,6.58e-07,5.35
2023-11-24 21:22:12,1316.07103,354.853,1086.85868,294.858,355.000,0,1,97.7,6.58e-07,5.35
2023-11-24 21:22:17,1316.21291,354.890,1086.86017,294.859,355.000,0,1,97.7,6.58e-07,5.35
2023-11-24 21:22:21,1316.38668,354.936,1086.85987,294.859,355.000,0,1,97.7,6.58e-07,5.35
2023-11-24 21:22:25,1316.55478,354.980,1086.85718,294.858,355.000,0,0,97.7,6.58e-07,5.35
2023-11-24 21:22:29,1316.7965,355.043,1086.85718,294.858,355.000,0,0,97.7,6.58e-07,5.35
2023-11-24 21:22:33,1316.76699,355.036,1086.85629,294.858,355.000,0,0,97.7,6.58e-07,5.35
2023-11-24 21:22:38,1316.73361,355.027,1086.8548,294.857,355.000,0,0,97.7,6.58e-07,5.35
2023-11-24 21:22:42,1316.70798,355.020,1086.85271,294.857,355.000,0,0,97.7,6.58e-07,5.35
2023-11-24 21:22:46,1316.68682,355.015,1086.85063,294.856,355.000,0,0,97.7,6.58e-07,5.35
2023-11-24 21:22:50,1316.66566,355.009,1086.84884,294.856,355.000,0,0,97.7,6.58e-07,5.35
2023-11-24 21:22:54,1316.61916,354.997,1086.84884,294.856,355.000,0,0,97.7,6.58e-07,5.35
2023-11-24 21:22:59,1316.59263,354.990,1086.84824,294.856,355.000,0,0,97.7,6.58e-07,5.35
2023-11-24 21:23:03,1316.56611,354.983,1086.84765,294.855,355.000,0,0,97.7,6.58e-07,5.35
2023-11-24 21:23:07,1316.53779,354.976,1086.84616,294.855,355.000,0,0,97.7,6.58e-07,5.35
2023-11-24 21:23:11,1316.51126,354.969,1086.84318,294.854,355.000,0,0,97.7,6.58e-07,5.35
2023-11-24 21:23:15,1316.48205,354.961,1086.84079,294.854,355.000,0,0,97.7,6.58e-07,5.35
2023-11-24 21:23:20,1316.41946,354.945,1086.8393,294.853,355.000,0,0,97.7,6.58e-07,5.35
2023-11-24 21:23:24,1316.38697,354.936,1086.83692,294.853,355.000,0,0,97.7,6.58e-07,5.35
2023-11-24 21:23:28,1316.35478,354.928,1086.83692,294.853,355.000,0,0,97.7,6.58e-07,5.35
2023-11-24 21:23:32,1316.3214,354.919,1086.83483,294.852,355.000,0,0,97.7,6.58e-07,5.35
2023-11-24 21:23:36,1316.28802,354.910,1086.83602,294.852,355.000,0,0,97.7,6.58e-07,5.35
2023-11-24 21:23:40,1316.25404,354.901,1086.83245,294.852,355.000,0,0,97.7,6.58e-07,5.35
2023-11-24 21:23:45,1316.18638,354.884,1086.83304,294.852,355.000,0,0,97.7,6.58e-07,5.35
2023-11-24 21:23:49,1316.15449,354.875,1086.82976,294.851,355.000,0,0,97.7,6.58e-07,5.35
2023-11-24 21:23:53,1316.11992,354.866,1086.82947,294.851,355.000,0,0,97.7,6.58e-07,5.35
2023-11-24 21:23:57,1316.08564,354.857,1086.82708,294.850,355.000,0,0,97.7,6.58e-07,5.35
2023-11-24 21:24:01,1316.05256,354.848,1086.82589,294.850,355.000,0,0,97.7,6.58e-07,5.35
2023-11-24 21:24:05,1316.01887,354.840,1086.82112,294.849,355.000,0,0,97.7,6.58e-07,5.35
2023-11-24 21:24:10,1315.95211,354.822,1086.8238,294.849,355.000,0,1,97.7,6.58e-07,5.35
2023-11-24 21:24:14,1315.97029,354.827,1086.82172,294.849,355.000,0,1,97.7,6.58e-07,5.35
2023-11-24 21:24:18,1316.12767,354.868,1086.82023,294.848,355.000,0,1,97.7,6.58e-07,5.35
2023-11-24 21:24:22,1316.30113,354.914,1086.82052,294.848,355.000,0,1,97.7,6.58e-07,5.35
2023-11-24 21:24:26,1316.46864,354.957,1086.81993,294.848,355.000,0,1,97.7,6.58e-07,5.35
2023-11-24 21:24:30,1316.6442,355.004,1086.82052,294.848,355.000,0,0,97.7,6.58e-07,5.35
2023-11-24 21:24:35,1316.83108,355.052,1086.82201,294.849,355.000,0,0,97.7,6.58e-07,5.35
2023-11-24 21:24:39,1316.79918,355.044,1086.81874,294.848,355.000,0,0,97.7,6.58e-07,5.35
2023-11-24 21:24:43,1316.77266,355.037,1086.81784,294.848,355.000,0,0,97.7,6.58e-07,5.35
2023-11-24 21:24:47,1316.75179,355.032,1086.81844,294.848,355.000,0,0,97.7,6.58e-07,5.35
2023-11-24 21:24:51,1316.73302,355.027,1086.81576,294.847,355.000,0,0,97.7,6.58e-07,5.35
2023-11-24 21:24:55,1316.71364,355.022,1086.81456,294.847,355.000,0,0,97.7,6.58e-07,5.35
2023-11-24 21:25:00,1316.66715,355.010,1086.81486,294.847,355.000,0,0,97.7,6.58e-07,5.35
2023-11-24 21:25:04,1316.63525,355.001,1086.80264,294.844,355.000,0,0,97.7,6.58e-07,5.35
2023-11-24 21:25:08,1316.61022,354.995,1086.8095,294.846,355.000,0,0,97.7,6.58e-07,5.35
2023-11-24 21:25:13,1316.5825,354.987,1086.81218,294.846,355.000,0,0,97.7,6.58e-07,5.35
2023-11-24 21:25:17,1316.5512,354.979,1086.81069,294.846,355.000,0,0,97.7,6.58e-07,5.35
2023-11-24 21:25:21,1316.51961,354.971,1086.8095,294.846,355.000,0,0,97.7,6.58e-07,5.35
2023-11-24 21:25:25,1316.45553,354.954,1086.80979,294.846,355.000,0,0,97.7,6.58e-07,5.35
2023-11-24 21:25:29,1316.42214,354.945,1086.8083,294.845,355.000,0,0,97.7,6.58e-07,5.35
2023-11-24 21:25:33,1316.38846,354.936,1086.8083,294.845,355.000,0,0,97.7,6.58e-07,5.35
2023-11-24 21:25:38,1316.35508,354.928,1086.80711,294.845,355.000,0,0,97.7,6.58e-07,5.35
2023-11-24 21:25:42,1316.32021,354.919,1086.80383,294.844,355.000,0,0,97.7,6.58e-07,5.35
2023-11-24 21:25:46,1316.28653,354.910,1086.80383,294.844,355.000,0,0,97.7,6.58e-07,5.35
2023-11-24 21:25:50,1316.21768,354.892,1086.80324,294.844,355.000,0,0,97.7,6.58e-07,5.35
2023-11-24 21:25:54,1316.18489,354.883,1086.80324,294.844,355.000,0,0,97.7,6.58e-07,5.35
2023-11-24 21:25:58,1316.15032,354.874,1086.80264,294.844,355.000,0,0,97.7,6.58e-07,5.35
2023-11-24 21:26:03,1316.11694,354.865,1086.80264,294.844,355.000,0,0,97.7,6.58e-07,5.35
2023-11-24 21:26:07,1316.08176,354.856,1086.80175,294.844,355.000,0,0,97.7,6.58e-07,5.35
2023-11-24 21:26:11,1316.04749,354.847,1086.80145,294.844,355.000,0,1,97.7,6.58e-07,5.35
2023-11-24 21:26:15,1316.0603,354.850,1086.79817,294.843,355.000,0,1,97.7,6.58e-07,5.35
2023-11-24 21:26:19,1316.22871,354.895,1086.79728,294.842,355.000,0,1,97.7,6.58e-07,5.35
2023-11-24 21:26:23,1316.40039,354.940,1086.79698,294.842,355.000,0,1,97.7,6.58e-07,5.35
2023-11-24 21:26:28,1316.56938,354.984,1086.79579,294.842,355.000,0,0,97.7,6.58e-07,5.35
2023-11-24 21:26:32,1316.74375,355.030,1086.794,294.842,355.000,0,0,97.7,6.58e-07,5.35
2023-11-24 21:26:36,1316.79948,355.044,1086.7931,294.841,355.000,0,0,97.7,6.58e-07,5.35
2023-11-24 21:26:40,1316.73689,355.028,1086.79251,294.841,355.000,0,0,97.7,6.58e-07,5.35
2023-11-24 21:26:44,1316.71484,355.022,1086.7931,294.841,355.000,0,0,97.7,6.58e-07,5.35
2023-11-24 21:26:48,1316.69397,355.017,1086.79131,294.841,355.000,0,0,97.7,6.58e-07,5.35
2023-11-24 21:26:53,1316.6746,355.011,1086.79102,294.841,355.000,0,0,97.7,6.58e-07,5.35
2023-11-24 21:26:57,1316.65016,355.005,1086.78833,294.840,355.000,0,0,97.7,6.58e-07,5.35
2023-11-24 21:27:01,1316.62691,354.999,1086.78714,294.840,355.000,0,0,97.7,6.58e-07,5.35
2023-11-24 21:27:05,1316.57326,354.985,1086.78625,294.840,355.000,0,0,97.7,6.58e-07,5.35
2023-11-24 21:27:10,1316.54554,354.978,1086.78327,294.839,355.000,0,0,97.7,6.58e-07,5.35
2023-11-24 21:27:14,1316.51603,354.970,1086.78178,294.838,355.000,0,0,97.7,6.58e-07,5.35
2023-11-24 21:27:18,1316.48563,354.962,1086.78088,294.838,355.000,0,0,97.7,6.58e-07,5.35
2023-11-24 21:27:22,1316.45582,354.954,1086.77939,294.838,355.000,0,0,97.7,6.58e-07,5.35
2023-11-24 21:27:26,1316.42274,354.945,1086.77641,294.837,355.000,0,0,97.7,6.58e-07,5.35
2023-11-24 21:27:30,1316.35627,354.928,1086.77611,294.837,355.000,0,0,97.7,6.58e-07,5.35
2023-11-24 21:27:35,1316.32289,354.919,1086.77671,294.837,355.000,0,0,97.7,6.58e-07,5.35
2023-11-24 21:27:39,1316.28981,354.911,1086.77671,294.837,355.000,0,0,97.7,6.58e-07,5.35
2023-11-24 21:27:43,1316.25613,354.902,1086.7776,294.837,355.000,0,0,97.7,6.58e-07,5.35
2023-11-24 21:27:47,1316.22215,354.893,1086.77731,294.837,355.000,0,0,97.7,6.58e-07,5.35
2023-11-24 21:27:51,1316.18757,354.884,1086.77492,294.837,355.000,0,0,97.7,6.58e-07,5.35
2023-11-24 21:27:56,1316.12111,354.866,1086.77403,294.837,355.000,0,0,97.7,6.58e-07,5.35
2023-11-24 21:28:00,1316.08802,354.858,1086.77552,294.837,355.000,0,0,97.7,6.58e-07,5.35
2023-11-24 21:28:04,1316.05464,354.849,1086.77313,294.836,355.000,0,0,97.7,6.58e-07,5.35
2023-11-24 21:28:08,1316.02066,354.840,1086.77462,294.837,355.000,0,0,97.7,6.58e-07,5.35
2023-11-24 21:28:12,1315.98758,354.831,1086.77045,294.836,355.000,0,1,97.7,6.58e-07,5.35
2023-11-24 21:28:16,1315.95479,354.823,1086.77164,294.836,355.000,0,1,97.7,6.58e-07,5.35
2023-11-24 21:28:21,1316.20248,354.888,1086.77105,294.836,355.000,0,1,97.7,6.58e-07,5.35
2023-11-24 21:28:25,1316.37475,354.933,1086.77254,294.836,355.000,0,1,97.7,6.58e-07,5.35
2023-11-24 21:28:29,1316.54286,354.977,1086.77045,294.836,355.000,0,1,97.7,6.58e-07,5.35
2023-11-24 21:28:33,1316.72437,355.025,1086.77075,294.836,355.000,0,0,97.7,6.58e-07,5.35
2023-11-24 21:28:37,1316.85254,355.058,1086.77075,294.836,355.000,0,0,97.7,6.58e-07,5.35
2023-11-24 21:28:41,1316.8424,355.055,1086.76926,294.835,355.000,0,0,97.7,6.58e-07,5.35
2023-11-24 21:28:46,1316.78696,355.041,1086.76956,294.835,355.000,0,0,97.7,6.58e-07,5.35
2023-11-24 21:28:50,1316.76729,355.036,1086.76777,294.835,355.000,0,0,97.7,6.58e-07,5.35
2023-11-24 21:28:54,1316.74792,355.031,1086.76628,294.835,355.000,0,0,97.7,6.58e-07,5.35
2023-11-24 21:28:58,1316.72795,355.025,1086.76628,294.835,355.000,0,0,97.7,6.58e-07,5.35
2023-11-24 21:29:02,1316.7056,355.020,1086.76509,294.834,355.000,0,0,97.7,6.58e-07,5.35
2023-11-24 21:29:06,1316.67966,355.013,1086.76419,294.834,355.000,0,0,97.7,6.58e-07,5.35
2023-11-24 21:29:11,1316.62482,354.998,1086.7624,294.834,355.000,0,0,97.7,6.58e-07,5.35
2023-11-24 21:29:15,1316.59651,354.991,1086.7633,294.834,355.000,0,0,97.7,6.58e-07,5.35
2023-11-24 21:29:19,1316.56491,354.983,1086.7624,294.834,355.000,0,0,97.7,6.58e-07,5.35
2023-11-24 21:29:23,1316.53332,354.974,1086.763,294.834,355.000,0,0,97.7,6.58e-07,5.35
2023-11-24 21:29:27,1316.50232,354.966,1086.76151,294.833,355.000,0,0,97.7,6.58e-07,5.35
2023-11-24 21:29:32,1316.46834,354.957,1086.75942,294.833,355.000,0,0,97.7,6.58e-07,5.35
2023-11-24 21:29:36,1316.40128,354.940,1086.75853,294.833,355.000,0,0,97.7,6.58e-07,5.35
2023-11-24 21:29:40,1316.3673,354.931,1086.76032,294.833,355.000,0,0,97.7,6.58e-07,5.35
2023-11-24 21:29:44,1316.33392,354.922,1086.75763,294.832,355.000,0,0,97.7,6.58e-07,5.35
2023-11-24 21:29:48,1316.29905,354.913,1086.75793,294.832,355.000,0,0,97.7,6.58e-07,5.35
2023-11-24 21:29:52,1316.26537,354.904,1086.75853,294.833,355.000,0,0,97.7,6.58e-07,5.35
2023-11-24 21:29:57,1316.23139,354.895,1086.75555,294.832,355.000,0,0,97.7,6.58e-07,5.35
2023-11-24 21:30:01,1316.16343,354.878,1086.75525,294.832,355.000,0,0,97.7,6.58e-07,5.35
2023-11-24 21:30:05,1316.12945,354.869,1086.75436,294.831,355.000,0,0,97.7,6.58e-07,5.35
2023-11-24 21:30:09,1316.09577,354.860,1086.75436,294.831,355.000,0,0,97.7,6.58e-07,5.35
2023-11-24 21:30:13,1316.0612,354.851,1086.75406,294.831,355.000,0,0,97.7,6.58e-07,5.35
2023-11-24 21:30:18,1316.0299,354.843,1086.75346,294.831,355.000,0,1,97.7,6.58e-07,5.35
2023-11-24 21:30:22,1316.11097,354.864,1086.75108,294.831,355.000,0,1,97.7,6.58e-07,5.35
2023-11-24 21:30:26,1316.45553,354.954,1086.75018,294.830,355.000,0,1,97.7,6.58e-07,5.35
2023-11-24 21:30:30,1316.62572,354.999,1086.75138,294.831,355.000,0,0,97.7,6.58e-07,5.35
2023-11-24 21:30:34,1316.77802,355.039,1086.74959,294.830,355.000,0,0,97.7,6.58e-07,5.35
2023-11-24 21:30:38,1316.7822,355.040,1086.7478,294.830,355.000,0,0,97.7,6.58e-07,5.35
2023-11-24 21:30:43,1316.74732,355.031,1086.7469,294.830,355.000,0,0,97.7,6.58e-07,5.35
2023-11-24 21:30:47,1316.71841,355.023,1086.74541,294.829,355.000,0,0,97.7,6.58e-07,5.35
2023-11-24 21:30:51,1316.67728,355.012,1086.74482,294.829,355.000,0,0,97.7,6.58e-07,5.35
2023-11-24 21:30:55,1316.65612,355.007,1086.74482,294.829,355.000,0,0,97.7,6.58e-07,5.35
2023-11-24 21:30:59,1316.63257,355.000,1086.74363,294.829,355.000,0,0,97.7,6.58e-07,5.35
2023-11-24 21:31:04,1316.60962,354.994,1086.74273,294.828,355.000,0,0,97.7,6.58e-07,5.35
2023-11-24 21:31:08,1316.58309,354.987,1086.73975,294.828,355.000,0,0,97.7,6.58e-07,5.35
2023-11-24 21:31:12,1316.55597,354.980,1086.73856,294.827,355.000,0,0,97.7,6.58e-07,5.35
2023-11-24 21:31:16,1316.49815,354.965,1086.73707,294.827,355.000,0,0,97.7,6.58e-07,5.35
2023-11-24 21:31:20,1316.46775,354.957,1086.73766,294.827,355.000,0,0,97.7,6.58e-07,5.35
2023-11-24 21:31:24,1316.43526,354.949,1086.73737,294.827,355.000,0,0,97.7,6.58e-07,5.35
2023-11-24 21:31:29,1316.40426,354.941,1086.73558,294.827,355.000,0,0,97.7,6.58e-07,5.35
2023-11-24 21:31:33,1316.37147,354.932,1086.73379,294.826,355.000,0,0,97.7,6.58e-07,5.35
2023-11-24 21:31:37,1316.33839,354.923,1086.73319,294.826,355.000,0,0,97.7,6.58e-07,5.35
2023-11-24 21:31:41,1316.27222,354.906,1086.73111,294.825,355.000,0,0,97.7,6.58e-07,5.35
2023-11-24 21:31:45,1316.23973,354.898,1086.73021,294.825,355.000,0,0,97.7,6.58e-07,5.35
2023-11-24 21:31:49,1316.20665,354.889,1086.72932,294.825,355.000,0,0,97.7,6.58e-07,5.35
2023-11-24 21:31:54,1316.17327,354.880,1086.73141,294.826,355.000,0,0,97.7,6.58e-07,5.35
2023-11-24 21:31:58,1316.14018,354.871,1086.73081,294.825,355.000,0,0,97.7,6.58e-07,5.35
2023-11-24 21:32:02,1316.10621,354.863,1086.72902,294.825,355.000,0,0,97.7,6.58e-07,5.35
2023-11-24 21:32:06,1316.04063,354.845,1086.72902,294.825,355.000,0,0,97.7,6.58e-07,5.35
2023-11-24 21:32:10,1316.00755,354.837,1086.72872,294.825,355.000,0,0,97.7,6.58e-07,5.35
2023-11-24 21:32:14,1315.97417,354.828,1086.72693,294.824,355.000,0,0,97.7,6.58e-07,5.35
2023-11-24 21:32:19,1315.94406,354.820,1086.72604,294.824,355.000,0,1,97.7,6.58e-07,5.35
2023-11-24 21:32:23,1316.03735,354.844,1086.72723,294.824,355.000,0,1,97.7,6.58e-07,5.35
2023-11-24 21:32:27,1316.21231,354.890,1086.72783,294.825,355.000,0,1,97.7,6.58e-07,5.35
2023-11-24 21:32:31,1316.55538,354.980,1086.72813,294.825,355.000,0,1,97.7,6.58e-07,5.35
2023-11-24 21:32:35,1316.73779,355.028,1086.72455,294.824,355.000,0,0,97.7,6.58e-07,5.35
2023-11-24 21:32:40,1316.87996,355.065,1086.72634,294.824,355.000,0,0,97.7,6.58e-07,5.35
2023-11-24 21:32:44,1316.87459,355.064,1086.72544,294.824,355.000,0,0,97.7,6.58e-07,5.35
2023-11-24 21:32:48,1316.84509,355.056,1086.72723,294.824,355.000,0,0,97.7,6.58e-07,5.35
2023-11-24 21:32:52,1316.81945,355.049,1086.72574,294.824,355.000,0,0,97.7,6.58e-07,5.35
2023-11-24 21:32:56,1316.78339,355.040,1086.72544,294.824,355.000,0,0,97.7,6.58e-07,5.35
2023-11-24 21:33:00,1316.76401,355.035,1086.72664,294.824,355.000,0,0,97.7,6.58e-07,5.35
2023-11-24 21:33:05,1316.74106,355.029,1086.72574,294.824,355.000,0,0,97.7,6.58e-07,5.35
2023-11-24 21:33:09,1316.71722,355.023,1086.72544,294.824,355.000,0,0,97.7,6.58e-07,5.35
2023-11-24 21:33:13,1316.6898,355.015,1086.72515,294.824,355.000,0,0,97.7,6.58e-07,5.35
2023-11-24 21:33:17,1316.66178,355.008,1086.72366,294.824,355.000,0,0,97.7,6.58e-07,5.35
2023-11-24 21:33:21,1316.60157,354.992,1086.72276,294.823,355.000,0,0,97.7,6.58e-07,5.35
2023-11-24 21:33:26,1316.56998,354.984,1086.72068,294.823,355.000,0,0,97.7,6.58e-07,5.35
2023-11-24 21:33:30,1316.53868,354.976,1086.72008,294.823,355.000,0,0,97.7,6.58e-07,5.35
2023-11-24 21:33:34,1316.5053,354.967,1086.71948,294.822,355.000,0,0,97.7,6.58e-07,5.35
2023-11-24 21:33:38,1316.47162,354.958,1086.71829,294.822,355.000,0,0,97.7,6.58e-07,5.35
2023-11-24 21:33:42,1316.43764,354.949,1086.7162,294.822,355.000,0,0,97.7,6.58e-07,5.35
2023-11-24 21:33:47,1316.36998,354.932,1086.71471,294.821,355.000,0,0,97.7,6.58e-07,5.35
2023-11-24 21:33:51,1316.33571,354.923,1086.71382,294.821,355.000,0,0,97.7,6.58e-07,5.35
2023-11-24 21:33:55,1316.30203,354.914,1086.71352,294.821,355.000,0,0,97.7,6.58e-07,5.35
2023-11-24 21:33:59,1316.26775,354.905,1086.71322,294.821,355.000,0,0,97.7,6.58e-07,5.35
2023-11-24 21:34:03,1316.23407,354.896,1086.71263,294.821,355.000,0,0,97.7,6.58e-07,5.35
2023-11-24 21:34:07,1316.1995,354.887,1086.70905,294.820,355.000,0,0,97.7,6.58e-07,5.35
2023-11-24 21:34:12,1316.13303,354.870,1086.70637,294.819,355.000,0,0,97.7,6.58e-07,5.35
2023-11-24 21:34:16,1316.09875,354.861,1086.70458,294.819,355.000,0,0,97.7,6.58e-07,5.35
2023-11-24 21:34:20,1316.07014,354.853,1086.70488,294.819,355.000,0,1,97.7,6.58e-07,5.35
2023-11-24 21:34:24,1316.17267,354.880,1086.70339,294.818,355.000,0,1,97.7,6.58e-07,5.35
2023-11-24 21:34:28,1316.34852,354.926,1086.701,294.818,355.000,0,1,97.7,6.58e-07,5.35
2023-11-24 21:34:32,1316.51663,354.970,1086.69832,294.817,355.000,0,1,97.7,6.58e-07,5.35
2023-11-24 21:34:37,1316.83525,355.054,1086.69832,294.817,355.000,0,0,97.7,6.58e-07,5.35
2023-11-24 21:34:41,1316.83078,355.052,1086.69743,294.817,355.000,0,0,97.7,6.58e-07,5.35
2023-11-24 21:34:45,1316.7962,355.043,1086.69594,294.816,355.000,0,0,97.7,6.58e-07,5.35
2023-11-24 21:34:49,1316.76849,355.036,1086.69623,294.817,355.000,0,0,97.7,6.58e-07,5.35
2023-11-24 21:34:53,1316.74762,355.031,1086.69415,294.816,355.000,0,0,97.7,6.58e-07,5.35
2023-11-24 21:34:57,1316.72735,355.025,1086.69176,294.815,355.000,0,0,97.7,6.58e-07,5.35
2023-11-24 21:35:02,1316.68384,355.014,1086.68968,294.815,355.000,0,0,97.7,6.58e-07,5.35
2023-11-24 21:35:06,1316.6591,355.007,1086.68849,294.815,355.000,0,0,97.7,6.58e-07,5.35
2023-11-24 21:35:10,1316.63347,355.001,1086.68878,294.815,355.000,0,0,97.7,6.58e-07,5.35
2023-11-24 21:35:14,1316.60783,354.994,1086.6867,294.814,355.000,0,0,97.7,6.58e-07,5.35
2023-11-24 21:35:18,1316.57862,354.986,1086.6861,294.814,355.000,0,0,97.7,6.58e-07,5.35
2023-11-24 21:35:22,1316.54792,354.978,1086.68401,294.813,355.000,0,0,97.7,6.58e-07,5.35
2023-11-24 21:35:27,1316.48652,354.962,1086.68372,294.813,355.000,0,0,97.7,6.58e-07,5.35
2023-11-24 21:35:31,1316.45404,354.954,1086.68372,294.813,355.000,0,0,97.7,6.58e-07,5.35
2023-11-24 21:35:35,1316.42155,354.945,1086.68252,294.813,355.000,0,0,97.7,6.58e-07,5.35
2023-11-24 21:35:39,1316.38846,354.936,1086.68163,294.813,355.000,0,0,97.7,6.58e-07,5.35
2023-11-24 21:35:43,1316.35627,354.928,1086.68163,294.813,355.000,0,0,97.7,6.58e-07,5.35
2023-11-24 21:35:48,1316.32319,354.919,1086.67835,294.812,355.000,0,0,97.7,6.58e-07,5.35
2023-11-24 21:35:52,1316.25672,354.902,1086.67865,294.812,355.000,0,0,97.7,6.58e-07,5.35
2023-11-24 21:35:56,1316.22453,354.894,1086.67746,294.812,355.000,0,0,97.7,6.58e-07,5.35
2023-11-24 21:36:00,1316.19085,354.885,1086.67627,294.811,355.000,0,0,97.7,6.58e-07,5.35
2023-11-24 21:36:04,1316.15777,354.876,1086.67537,294.811,355.000,0,0,97.7,6.58e-07,5.35
2023-11-24 21:36:09,1316.12349,354.867,1086.67388,294.811,355.000,0,0,97.7,6.58e-07,5.35
2023-11-24 21:36:13,1316.09071,354.858,1086.67507,294.811,355.000,0,0,97.7,6.58e-07,5.35
2023-11-24 21:36:17,1316.02484,354.841,1086.67507,294.811,355.000,0,0,97.7,6.58e-07,5.35
2023-11-24 21:36:21,1316.00964,354.837,1086.67418,294.811,355.000,0,1,97.7,6.58e-07,5.35
2023-11-24 21:36:25,1316.14257,354.872,1086.67477,294.811,355.000,0,1,97.7,6.58e-07,5.35
2023-11-24 21:36:30,1316.31753,354.918,1086.67477,294.811,355.000,0,1,97.7,6.58e-07,5.35
2023-11-24 21:36:34,1316.48623,354.962,1086.67448,294.811,355.000,0,1,97.7,6.58e-07,5.35
2023-11-24 21:36:38,1316.65999,355.008,1086.67328,294.811,355.000,0,0,97.7,6.58e-07,5.35
2023-11-24 21:36:42,1316.81647,355.049,1086.67239,294.810,355.000,0,0,97.7,6.58e-07,5.35
2023-11-24 21:36:46,1316.78309,355.040,1086.67328,294.811,355.000,0,0,97.7,6.58e-07,5.35
2023-11-24 21:36:50,1316.75626,355.033,1086.67507,294.811,355.000,0,0,97.7,6.58e-07,5.35
2023-11-24 21:36:55,1316.7351,355.027,1086.67537,294.811,355.000,0,0,97.7,6.58e-07,5.35
2023-11-24 21:36:59,1316.71692,355.023,1086.67448,294.811,355.000,0,0,97.7,6.58e-07,5.35
2023-11-24 21:37:03,1316.69576,355.017,1086.67179,294.810,355.000,0,0,97.7,6.58e-07,5.35
2023-11-24 21:37:07,1316.65045,355.005,1086.67239,294.810,355.000,0,0,97.7,6.58e-07,5.35
2023-11-24 21:37:11,1316.62452,354.998,1086.67179,294.810,355.000,0,0,97.7,6.58e-07,5.35
2023-11-24 21:37:15,1316.598,354.991,1086.67179,294.810,355.000,0,0,97.7,6.58e-07,5.35
2023-11-24 21:37:20,1316.56938,354.984,1086.6706,294.810,355.000,0,0,97.7,6.58e-07,5.35
2023-11-24 21:37:24,1316.53988,354.976,1086.67179,294.810,355.000,0,0,97.7,6.58e-07,5.35
2023-11-24 21:37:28,1316.50918,354.968,1086.6712,294.810,355.000,0,0,97.7,6.58e-07,5.35
2023-11-24 21:37:32,1316.44778,354.952,1086.66941,294.810,355.000,0,0,97.7,6.58e-07,5.35
2023-11-24 21:37:36,1316.4141,354.943,1086.66971,294.810,355.000,0,0,97.7,6.58e-07,5.35
2023-11-24 21:37:40,1316.38131,354.935,1086.66911,294.810,355.000,0,0,97.7,6.58e-07,5.35
2023-11-24 21:37:45,1316.34882,354.926,1086.66911,294.810,355.000,0,0,97.7,6.58e-07,5.35
2023-11-24 21:37:49,1316.31574,354.917,1086.67001,294.810,355.000,0,0,97.7,6.58e-07,5.35
2023-11-24 21:37:53,1316.28236,354.909,1086.66881,294.809,355.000,0,0,97.7,6.58e-07,5.35
2023-11-24 21:37:57,1316.21708,354.892,1086.66911,294.810,355.000,0,0,97.7,6.58e-07,5.35
2023-11-24 21:38:01,1316.18281,354.883,1086.66911,294.810,355.000,0,0,97.7,6.58e-07,5.35
2023-11-24 21:38:05,1316.14942,354.874,1086.66881,294.809,355.000,0,0,97.7,6.58e-07,5.35
2023-11-24 21:38:10,1316.11664,354.865,1086.66941,294.810,355.000,0,0,97.7,6.58e-07,5.35
2023-11-24 21:38:14,1316.08415,354.857,1086.6706,294.810,355.000,0,0,97.7,6.58e-07,5.35
2023-11-24 21:38:18,1316.05047,354.848,1086.6712,294.810,355.000,0,0,97.7,6.58e-07,5.35
2023-11-24 21:38:22,1316.00576,354.836,1086.6706,294.810,355.000,0,1,97.7,6.58e-07,5.35
2023-11-24 21:38:26,1316.14227,354.872,1086.67179,294.810,355.000,0,1,97.7,6.58e-07,5.35
2023-11-24 21:38:31,1316.31604,354.918,1086.6703,294.810,355.000,0,1,97.7,6.58e-07,5.35
2023-11-24 21:38:35,1316.48503,354.962,1086.66881,294.809,355.000,0,1,97.7,6.58e-07,5.35
2023-11-24 21:38:39,1316.6594,355.007,1086.66852,294.809,355.000,0,0,97.7,6.58e-07,5.35
2023-11-24 21:38:43,1316.83346,355.053,1086.67179,294.810,355.000,0,0,97.7,6.58e-07,5.35
2023-11-24 21:38:47,1316.83644,355.054,1086.6703,294.810,355.000,0,0,97.7,6.58e-07,5.35
2023-11-24 21:38:51,1316.80932,355.047,1086.66971,294.810,355.000,0,0,97.7,6.58e-07,5.35
2023-11-24 21:38:56,1316.78726,355.041,1086.66792,294.809,355.000,0,0,97.7,6.58e-07,5.35
2023-11-24 21:39:00,1316.76878,355.036,1086.66822,294.809,355.000,0,0,97.7,6.58e-07,5.35
2023-11-24 21:39:04,1316.74852,355.031,1086.66762,294.809,355.000,0,0,97.7,6.58e-07,5.35
2023-11-24 21:39:08,1316.72765,355.025,1086.66494,294.808,355.000,0,0,97.7,6.58e-07,5.35
2023-11-24 21:39:12,1316.67937,355.013,1086.66375,294.808,355.000,0,0,97.7,6.58e-07,5.35
2023-11-24 21:39:17,1316.65224,355.006,1086.66226,294.808,355.000,0,0,97.7,6.58e-07,5.35
2023-11-24 21:39:21,1316.62363,354.998,1086.66285,294.808,355.000,0,0,97.7,6.58e-07,5.35
2023-11-24 21:39:25,1316.59442,354.990,1086.66136,294.808,355.000,0,0,97.7,6.58e-07,5.35
2023-11-24 21:39:29,1316.56432,354.983,1086.66166,294.808,355.000,0,0,97.7,6.58e-07,5.35
2023-11-24 21:39:33,1316.53213,354.974,1086.66017,294.807,355.000,0,0,97.7,6.58e-07,5.35
2023-11-24 21:39:38,1316.46864,354.957,1086.65987,294.807,355.000,0,0,97.7,6.58e-07,5.35
2023-11-24 21:39:42,1316.43436,354.949,1086.66047,294.807,355.000,0,0,97.7,6.58e-07,5.35
2023-11-24 21:39:46,1316.40158,354.940,1086.66017,294.807,355.000,0,0,97.7,6.58e-07,5.35
2023-11-24 21:39:50,1316.3676,354.931,1086.65868,294.807,355.000,0,0,97.7,6.58e-07,5.35
2023-11-24 21:39:54,1316.33481,354.922,1086.65838,294.807,355.000,0,0,97.7,6.58e-07,5.35
2023-11-24 21:39:58,1316.30084,354.914,1086.65719,294.806,355.000,0,0,97.7,6.58e-07,5.35
2023-11-24 21:40:03,1316.23497,354.896,1086.65779,294.807,355.000,0,0,97.7,6.58e-07,5.35
2023-11-24 21:40:07,1316.20128,354.887,1086.656,294.806,355.000,0,0,97.7,6.58e-07,5.35
2023-11-24 21:40:11,1316.16701,354.878,1086.6563,294.806,355.000,0,0,97.7,6.58e-07,5.35
2023-11-24 21:40:15,1316.13541,354.870,1086.656,294.806,355.000,0,0,97.7,6.58e-07,5.35
2023-11-24 21:40:19,1316.10084,354.861,1086.6557,294.806,355.000,0,0,97.7,6.58e-07,5.35
2023-11-24 21:40:23,1316.06805,354.853,1086.65242,294.805,355.000,0,1,97.7,6.58e-07,5.35
2023-11-24 21:40:28,1316.23079,354.895,1086.65302,294.805,355.000,0,1,97.7,6.58e-07,5.35
2023-11-24 21:40:32,1316.40486,354.941,1086.65093,294.805,355.000,0,1,97.7,6.58e-07,5.35
2023-11-24 21:40:36,1316.57534,354.985,1086.65212,294.805,355.000,0,1,97.7,6.58e-07,5.35
2023-11-24 21:40:40,1316.7503,355.031,1086.65033,294.805,355.000,0,0,97.7,6.58e-07,5.35
2023-11-24 21:40:44,1316.82422,355.051,1086.65033,294.805,355.000,0,0,97.7,6.58e-07,5.35
2023-11-24 21:40:48,1316.79591,355.043,1086.64944,294.804,355.000,0,0,97.7,6.58e-07,5.35
2023-11-24 21:40:53,1316.74017,355.029,1086.64825,294.804,355.000,0,0,97.7,6.58e-07,5.35
2023-11-24 21:40:57,1316.7196,355.023,1086.64795,294.804,355.000,0,0,97.7,6.58e-07,5.35
2023-11-24 21:41:01,1316.69993,355.018,1086.64795,294.804,355.000,0,0,97.7,6.58e-07,5.35
2023-11-24 21:41:05,1316.67907,355.013,1086.64706,294.804,355.000,0,0,97.7,6.58e-07,5.35
2023-11-24 21:41:09,1316.65582,355.007,1086.64378,294.803,355.000,0,0,97.7,6.58e-07,5.35
2023-11-24 21:41:14,1316.63108,355.000,1086.64527,294.803,355.000,0,0,97.7,6.58e-07,5.35
2023-11-24 21:41:18,1316.57803,354.986,1086.64288,294.803,355.000,0,0,97.7,6.58e-07,5.35
2023-11-24 21:41:22,1316.54912,354.979,1086.64288,294.803,355.000,0,0,97.7,6.58e-07,5.35
2023-11-24 21:41:26,1316.51871,354.971,1086.64139,294.802,355.000,0,0,97.7,6.58e-07,5.35
2023-11-24 21:41:30,1316.48861,354.963,1086.64139,294.802,355.000,0,0,97.7,6.58e-07,5.35
2023-11-24 21:41:35,1316.45761,354.955,1086.63931,294.802,355.000,0,0,97.7,6.58e-07,5.35
2023-11-24 21:41:39,1316.42572,354.946,1086.63633,294.801,355.000,0,0,97.7,6.58e-07,5.35
2023-11-24 21:41:43,1316.36074,354.929,1086.63364,294.800,355.000,0,0,97.7,6.58e-07,5.35
2023-11-24 21:41:47,1316.32885,354.921,1086.63126,294.800,355.000,0,0,97.7,6.58e-07,5.35
2023-11-24 21:41:51,1316.29785,354.913,1086.63096,294.800,355.000,0,0,97.7,6.58e-07,5.35
2023-11-24 21:41:56,1316.26447,354.904,1086.63096,294.800,355.000,0,0,97.7,6.58e-07,5.35
2023-11-24 21:42:00,1316.23079,354.895,1086.62768,294.799,355.000,0,0,97.7,6.58e-07,5.35
2023-11-24 21:42:04,1316.19741,354.886,1086.62589,294.798,355.000,0,0,97.7,6.58e-07,5.35
2023-11-24 21:42:08,1316.13124,354.869,1086.62291,294.798,355.000,0,0,97.7,6.58e-07,5.35
2023-11-24 21:42:12,1316.09995,354.861,1086.62381,294.798,355.000,0,0,97.7,6.58e-07,5.35
2023-11-24 21:42:16,1316.06627,354.852,1086.6256,294.798,355.000,0,0,97.7,6.58e-07,5.35
2023-11-24 21:42:21,1316.03288,354.843,1086.62351,294.798,355.000,0,0,97.7,6.58e-07,5.35
2023-11-24 21:42:25,1316.00189,354.835,1086.62202,294.797,355.000,0,1,97.7,6.58e-07,5.35
2023-11-24 21:42:29,1316.03288,354.843,1086.62083,294.797,355.000,0,1,97.7,6.58e-07,5.35
2023-11-24 21:42:33,1316.37147,354.932,1086.62023,294.797,355.000,0,1,97.7,6.58e-07,5.35
2023-11-24 21:42:37,1316.54226,354.977,1086.61785,294.796,355.000,0,1,97.7,6.58e-07,5.35
2023-11-24 21:42:41,1316.7205,355.024,1086.61904,294.797,355.000,0,0,97.7,6.58e-07,5.35
2023-11-24 21:42:46,1316.86953,355.063,1086.61963,294.797,355.000,0,0,97.7,6.58e-07,5.35
2023-11-24 21:42:50,1316.86982,355.063,1086.62023,294.797,355.000,0,0,97.7,6.58e-07,5.35
2023-11-24 21:42:54,1316.83763,355.054,1086.61874,294.797,355.000,0,0,97.7,6.58e-07,5.35
2023-11-24 21:42:58,1316.79412,355.043,1086.61844,294.797,355.000,0,0,97.7,6.58e-07,5.35
2023-11-24 21:43:02,1316.77534,355.038,1086.61844,294.797,355.000,0,0,97.7,6.58e-07,5.35
2023-11-24 21:43:06,1316.75567,355.033,1086.61606,294.796,355.000,0,0,97.7,6.58e-07,5.35
2023-11-24 21:43:11,1316.7348,355.027,1086.61695,294.796,355.000,0,0,97.7,6.58e-07,5.35
2023-11-24 21:43:15,1316.71126,355.021,1086.61665,294.796,355.000,0,0,97.7,6.58e-07,5.35
2023-11-24 21:43:19,1316.68563,355.014,1086.61665,294.796,355.000,0,0,97.7,6.58e-07,5.35
2023-11-24 21:43:23,1316.62959,355.000,1086.61546,294.796,355.000,0,0,97.7,6.58e-07,5.35
2023-11-24 21:43:27,1316.60068,354.992,1086.61278,294.795,355.000,0,0,97.7,6.58e-07,5.35
2023-11-24 21:43:31,1316.57117,354.984,1086.61308,294.795,355.000,0,0,97.7,6.58e-07,5.35
2023-11-24 21:43:36,1316.53749,354.976,1086.61278,294.795,355.000,0,0,97.7,6.58e-07,5.35
2023-11-24 21:43:40,1316.50649,354.967,1086.61278,294.795,355.000,0,0,97.7,6.58e-07,5.35
2023-11-24 21:43:44,1316.47281,354.959,1086.61159,294.795,355.000,0,0,97.7,6.58e-07,5.35
2023-11-24 21:43:48,1316.40814,354.942,1086.61129,294.795,355.000,0,0,97.7,6.58e-07,5.35
2023-11-24 21:43:52,1316.37416,354.933,1086.61159,294.795,355.000,0,0,97.7,6.58e-07,5.35
2023-11-24 21:43:57,1316.34107,354.924,1086.61039,294.794,355.000,0,0,97.7,6.58e-07,5.35
2023-11-24 21:44:01,1316.30739,354.915,1086.6092,294.794,355.000,0,0,97.7,6.58e-07,5.35
2023-11-24 21:44:05,1316.27401,354.906,1086.60861,294.794,355.000,0,0,97.7,6.58e-07,5.35
2023-11-24 21:44:09,1316.24093,354.898,1086.60592,294.793,355.000,0,0,97.7,6.58e-07,5.35
2023-11-24 21:44:13,1316.17446,354.880,1086.60652,294.793,355.000,0,0,97.7,6.58e-07,5.35
2023-11-24 21:44:18,1316.14108,354.872,1086.60443,294.793,355.000,0,0,97.7,6.58e-07,5.35
2023-11-24 21:44:22,1316.10829,354.863,1086.60324,294.793,355.000,0,0,97.7,6.58e-07,5.35
2023-11-24 21:44:26,1316.07491,354.854,1086.60056,294.792,355.000,0,1,97.7,6.58e-07,5.35
2023-11-24 21:44:30,1316.12349,354.867,1086.59937,294.792,355.000,0,1,97.7,6.58e-07,5.35
2023-11-24 21:44:34,1316.29249,354.911,1086.59668,294.791,355.000,0,1,97.7,6.58e-07,5.35
2023-11-24 21:44:39,1316.63764,355.002,1086.59639,294.791,355.000,0,1,97.7,6.58e-07,5.35
2023-11-24 21:44:43,1316.80842,355.047,1086.5949,294.790,355.000,0,0,97.7,6.58e-07,5.35
2023-11-24 21:44:47,1316.84598,355.056,1086.59072,294.789,355.000,0,0,97.7,6.58e-07,5.35
2023-11-24 21:44:51,1316.81379,355.048,1086.59341,294.790,355.000,0,0,97.7,6.58e-07,5.35
2023-11-24 21:44:55,1316.78369,355.040,1086.5943,294.790,355.000,0,0,97.7,6.58e-07,5.35
2023-11-24 21:44:59,1316.76163,355.034,1086.59072,294.789,355.000,0,0,97.7,6.58e-07,5.35
2023-11-24 21:45:04,1316.72229,355.024,1086.58983,294.789,355.000,0,0,97.7,6.58e-07,5.35
2023-11-24 21:45:08,1316.70291,355.019,1086.58953,294.789,355.000,0,0,97.7,6.58e-07,5.35
2023-11-24 21:45:12,1316.67937,355.013,1086.58715,294.788,355.000,0,0,97.7,6.58e-07,5.35
2023-11-24 21:45:16,1316.65373,355.006,1086.58744,294.789,355.000,0,0,97.7,6.58e-07,5.35
2023-11-24 21:45:20,1316.62661,354.999,1086.58625,294.788,355.000,0,0,97.7,6.58e-07,5.35
2023-11-24 21:45:24,1316.59949,354.992,1086.58655,294.788,355.000,0,0,97.7,6.58e-07,5.35
