time,sample_holder_res,sample_holder_temp,exhaust_res,exhaust_temp,target_temp,cooling_active,heating_active,proportional,integral,derivative
2023-11-15 09:34:18,847.624488,234.294,1009.75701,275.103,-1.000,0,0,60,4e-06,4
2023-11-15 09:34:20,847.63492,234.297,1009.86311,275.130,-1.000,0,0,60,4e-06,4
2023-11-15 09:34:22,847.642073,234.299,1009.96028,275.155,-1.000,0,0,60,4e-06,4
2023-11-15 09:34:24,847.646842,234.300,1010.04999,275.178,-1.000,0,0,60,4e-06,4
2023-11-15 09:34:26,847.648928,234.301,1010.13941,275.201,-1.000,0,0,60,4e-06,4
2023-11-15 09:34:28,847.649823,234.301,1010.22585,275.223,-1.000,0,0,60,4e-06,4
2023-11-15 09:34:30,847.651909,234.301,1010.30781,275.244,-1.000,0,0,60,4e-06,4
2023-11-15 09:34:32,847.652803,234.302,1010.39037,275.265,-1.000,0,0,60,4e-06,4
2023-11-15 09:34:34,847.654293,234.302,1010.46966,275.285,-1.000,0,0,60,4e-06,4
2023-11-15 09:34:36,847.657572,234.303,1010.55132,275.306,-1.000,0,0,60,4e-06,4
2023-11-15 09:34:38,847.656678,234.303,1010.62971,275.326,-1.000,0,0,60,4e-06,4
2023-11-15 09:34:40,847.65936,234.303,1010.70721,275.346,-1.000,0,0,60,4e-06,4
2023-11-15 09:34:42,847.660255,234.303,1010.78232,275.365,-1.000,0,0,60,4e-06,4
2023-11-15 09:34:44,847.660851,234.304,1010.86458,275.386,-1.000,0,0,60,4e-06,4
2023-11-15 09:34:46,847.663533,234.304,1010.93492,275.404,234.000,0,0,60,4e-06,4
2023-11-15 09:34:48,847.664725,234.305,1011.01093,275.423,234.000,0,0,60,4e-06,4
2023-11-15 09:34:50,847.668004,234.305,1010.77338,275.363,234.000,1,0,60,4e-06,4
2023-11-15 09:34:52,847.668898,234.306,1007.99401,274.653,234.000,1,0,60,4e-06,4
2023-11-15 09:34:54,847.669494,234.306,1004.21615,273.688,234.000,1,0,60,4e-06,4
2023-11-15 09:34:56,847.673965,234.307,1000.50744,272.741,234.000,1,0,60,4e-06,4
2023-11-15 09:34:58,847.676052,234.307,997.203492,271.897,234.000,1,0,60,4e-06,4
2023-11-15 09:34:59,847.677244,234.308,992.978253,270.819,234.000,1,0,60,4e-06,4
2023-11-15 09:35:02,847.679032,234.308,987.801918,269.499,234.000,1,0,60,4e-06,4
2023-11-15 09:35:03,847.67784,234.308,981.840205,267.979,234.000,1,0,60,4e-06,4
2023-11-15 09:35:05,847.677244,234.308,975.970891,266.483,234.000,1,0,60,4e-06,4
2023-11-15 09:35:07,847.673369,234.307,969.285797,264.780,234.000,1,0,60,4e-06,4
2023-11-15 09:35:09,847.666514,234.305,963.200094,263.230,234.000,1,0,60,4e-06,4
2023-11-15 09:35:11,847.661447,234.304,957.221393,261.708,234.000,0,0,60,4e-06,4
2023-11-15 09:35:13,847.651611,234.301,958.498562,262.033,234.000,0,0,60,4e-06,4
2023-11-15 09:35:15,847.640285,234.298,962.26092,262.991,234.000,0,0,60,4e-06,4
2023-11-15 09:35:17,847.625084,234.295,964.547604,263.573,234.000,0,0,60,4e-06,4
2023-11-15 09:35:19,847.610777,234.291,965.985425,263.939,234.000,0,0,60,4e-06,4
2023-11-15 09:35:21,847.594682,234.287,967.014314,264.201,234.000,0,0,60,4e-06,4
2023-11-15 09:35:23,847.576501,234.282,967.784192,264.397,234.000,0,0,60,4e-06,4
2023-11-15 09:35:25,847.555339,234.277,968.411302,264.557,234.000,0,0,60,4e-06,4
2023-11-15 09:35:27,847.535369,234.272,968.976713,264.701,234.000,0,0,60,4e-06,4
2023-11-15 09:35:29,847.513313,234.266,969.504272,264.835,234.000,0,0,60,4e-06,4
2023-11-15 09:35:31,847.487382,234.260,970.014544,264.965,234.000,0,0,60,4e-06,4
2023-11-15 09:35:33,847.462942,234.254,970.50574,265.090,234.000,0,0,60,4e-06,4
2023-11-15 09:35:35,847.438203,234.247,970.985908,265.213,234.000,0,0,60,4e-06,4
2023-11-15 09:35:37,847.413762,234.241,971.46071,265.333,234.000,0,0,60,4e-06,4
2023-11-15 09:35:39,847.387534,234.235,971.92985,265.453,234.000,0,0,60,4e-06,4
2023-11-15 09:35:41,847.35892,234.227,972.390644,265.570,234.000,0,0,60,4e-06,4
2023-11-15 09:35:43,847.333883,234.221,972.852333,265.688,234.000,0,0,60,4e-06,4
2023-11-15 09:35:45,847.308847,234.215,973.304782,265.803,234.000,0,0,60,4e-06,4
2023-11-15 09:35:47,847.279339,234.207,973.749481,265.917,234.000,0,0,60,4e-06,4
2023-11-15 09:35:49,847.254005,234.201,974.193584,266.030,234.000,0,0,60,4e-06,4
2023-11-15 09:35:51,847.225987,234.194,974.635005,266.142,234.000,0,0,60,4e-06,4
2023-11-15 09:35:52,847.19946,234.187,975.065397,266.252,234.000,0,0,60,4e-06,4
2023-11-15 09:35:54,847.172635,234.180,975.490425,266.360,234.000,0,0,60,4e-06,4
2023-11-15 09:35:56,847.146406,234.174,975.916347,266.469,234.000,0,0,60,4e-06,4
2023-11-15 09:35:58,847.120476,234.167,976.330048,266.574,234.000,0,0,60,4e-06,4
2023-11-15 09:36:00,847.093054,234.160,976.736298,266.678,234.000,0,0,60,4e-06,4
2023-11-15 09:36:02,847.066825,234.154,977.132116,266.779,234.000,0,0,60,4e-06,4
2023-11-15 09:36:04,847.040299,234.147,977.527934,266.879,234.000,0,0,60,4e-06,4
2023-11-15 09:36:06,847.01407,234.140,977.914811,266.978,234.000,0,0,60,4e-06,4
2023-11-15 09:36:08,846.988139,234.134,978.297216,267.075,234.000,0,0,60,4e-06,4
2023-11-15 09:36:10,846.962506,234.127,978.66919,267.170,234.000,0,0,60,4e-06,4
2023-11-15 09:36:12,846.939556,234.121,979.039375,267.265,234.000,0,0,60,4e-06,4
2023-11-15 09:36:14,846.914817,234.115,979.403003,267.357,234.000,0,0,60,4e-06,4
2023-11-15 09:36:16,846.893059,234.110,979.765439,267.450,234.000,0,0,60,4e-06,4
2023-11-15 09:36:18,846.868022,234.103,980.119529,267.540,234.000,0,0,60,4e-06,4
2023-11-15 09:36:20,846.844476,234.097,980.467957,267.629,234.000,0,0,60,4e-06,4
2023-11-15 09:36:22,846.821228,234.091,980.807144,267.715,234.000,0,0,60,4e-06,4
2023-11-15 09:36:24,846.799469,234.086,981.146928,267.802,234.000,0,0,60,4e-06,4
2023-11-15 09:36:26,846.778009,234.081,981.475385,267.886,234.000,0,0,60,4e-06,4
2023-11-15 09:36:28,846.756549,234.075,981.799372,267.968,234.000,0,0,60,4e-06,4
2023-11-15 09:36:30,846.735984,234.070,982.12008,268.050,234.000,0,0,60,4e-06,4
2023-11-15 09:36:32,846.716908,234.065,982.434231,268.130,234.000,0,0,60,4e-06,4
2023-11-15 09:36:34,846.69515,234.060,982.740334,268.208,234.000,0,0,60,4e-06,4
2023-11-15 09:36:36,846.676372,234.055,983.046437,268.286,234.000,0,0,60,4e-06,4
2023-11-15 09:36:38,846.656105,234.050,983.347176,268.363,234.000,0,0,60,4e-06,4
2023-11-15 09:36:39,846.639115,234.045,983.643145,268.438,234.000,0,0,60,4e-06,4
2023-11-15 09:36:41,846.618848,234.040,983.932557,268.512,234.000,0,0,60,4e-06,4
2023-11-15 09:36:43,846.599474,234.035,984.213326,268.584,234.000,0,0,60,4e-06,4
2023-11-15 09:36:45,846.581591,234.031,984.49171,268.655,234.000,0,0,60,4e-06,4
2023-11-15 09:36:47,846.564601,234.027,984.768008,268.725,234.000,0,0,60,4e-06,4
2023-11-15 09:36:49,846.54791,234.022,985.036258,268.793,234.000,0,0,60,4e-06,4
2023-11-15 09:36:51,846.53271,234.019,985.303018,268.861,234.000,1,0,60,4e-06,4
2023-11-15 09:36:53,846.516614,234.015,982.468507,268.139,234.000,0,0,60,4e-06,4
2023-11-15 09:36:55,846.501414,234.011,982.293548,268.094,234.000,0,0,60,4e-06,4
2023-11-15 09:36:57,846.486809,234.007,983.120057,268.305,234.000,0,0,60,4e-06,4
2023-11-15 09:36:59,846.472502,234.003,983.694113,268.451,234.000,0,0,60,4e-06,4
2023-11-15 09:37:01,846.456109,233.999,984.134043,268.563,234.000,0,0,60,4e-06,4
2023-11-15 09:37:03,846.440014,233.995,984.501546,268.657,234.000,0,0,60,4e-06,4
2023-11-15 09:37:05,846.425409,233.991,984.826725,268.740,234.000,0,0,60,4e-06,4
2023-11-15 09:37:07,846.409612,233.987,985.12478,268.816,234.000,0,0,60,4e-06,4
2023-11-15 09:37:09,846.397392,233.984,985.402568,268.887,234.000,0,0,60,4e-06,4
2023-11-15 09:37:11,846.382787,233.981,985.668434,268.955,234.000,0,0,60,4e-06,4
2023-11-15 09:37:13,846.367587,233.977,985.932512,269.022,234.000,0,0,60,4e-06,4
2023-11-15 09:37:15,846.353876,233.973,986.186157,269.087,234.000,0,0,60,4e-06,4
2023-11-15 09:37:17,846.340762,233.970,986.434139,269.150,234.000,0,0,60,4e-06,4
2023-11-15 09:37:19,846.328243,233.967,986.680036,269.213,234.000,0,0,60,4e-06,4
2023-11-15 09:37:20,846.31334,233.963,986.917884,269.273,234.000,0,0,60,4e-06,4
2023-11-15 09:37:23,846.30112,233.960,987.158713,269.335,234.000,0,0,60,4e-06,4
2023-11-15 09:37:24,846.287708,233.957,987.39686,269.395,234.000,0,0,60,4e-06,4
2023-11-15 09:37:26,846.276978,233.954,987.632622,269.456,234.000,0,0,60,4e-06,4
2023-11-15 09:37:28,846.263863,233.951,987.867192,269.515,234.000,0,0,60,4e-06,4
2023-11-15 09:37:30,846.251643,233.948,988.099675,269.575,234.000,0,0,60,4e-06,4
2023-11-15 09:37:32,846.241509,233.945,988.330967,269.634,234.000,0,0,60,4e-06,4
2023-11-15 09:37:34,846.229289,233.942,988.562258,269.693,234.000,0,0,60,4e-06,4
2023-11-15 09:37:36,846.217366,233.939,988.789376,269.751,234.000,0,0,60,4e-06,4
2023-11-15 09:37:38,846.208425,233.937,989.017985,269.809,234.000,0,0,60,4e-06,4
2023-11-15 09:37:40,846.197695,233.934,989.245998,269.867,234.000,0,0,60,4e-06,4
2023-11-15 09:37:42,846.188157,233.932,989.469838,269.924,234.000,0,0,60,4e-06,4
2023-11-15 09:37:44,846.177725,233.929,989.69338,269.981,234.000,0,0,60,4e-06,4
2023-11-15 09:37:46,846.167293,233.926,989.907086,270.036,234.000,0,0,60,4e-06,4
2023-11-15 09:37:48,846.158351,233.924,990.126753,270.092,234.000,0,0,60,4e-06,4
2023-11-15 09:37:50,846.148516,233.922,990.344632,270.147,234.000,0,0,60,4e-06,4
2023-11-15 09:37:52,846.141362,233.920,990.557145,270.202,234.000,0,0,60,4e-06,4
2023-11-15 09:37:54,846.133315,233.918,990.768467,270.255,234.000,0,0,60,4e-06,4
2023-11-15 09:37:56,846.124969,233.916,990.983961,270.310,234.000,0,0,60,4e-06,4
2023-11-15 09:37:58,846.11722,233.914,991.195581,270.364,234.000,0,0,60,4e-06,4
2023-11-15 09:38:00,846.107682,233.911,991.409287,270.419,234.000,0,0,60,4e-06,4
2023-11-15 09:38:02,846.100231,233.909,991.619714,270.473,234.000,0,0,60,4e-06,4
2023-11-15 09:38:04,846.094866,233.908,991.829546,270.526,234.000,0,0,60,4e-06,4
2023-11-15 09:38:06,846.08652,233.906,992.038483,270.579,234.000,0,0,60,4e-06,4
2023-11-15 09:38:08,846.081751,233.905,992.245929,270.632,234.000,0,0,60,4e-06,4
2023-11-15 09:38:10,846.075492,233.903,992.4498,270.684,234.000,0,0,60,4e-06,4
2023-11-15 09:38:11,846.069829,233.902,992.650987,270.736,234.000,0,0,60,4e-06,4
2023-11-15 09:38:13,846.063272,233.900,992.847406,270.786,234.000,0,0,60,4e-06,4
2023-11-15 09:38:15,846.058503,233.899,993.043527,270.836,234.000,0,0,60,4e-06,4
2023-11-15 09:38:17,846.051946,233.897,993.231898,270.884,234.000,0,0,60,4e-06,4
2023-11-15 09:38:19,846.047475,233.896,993.422356,270.933,234.000,0,0,60,4e-06,4
2023-11-15 09:38:21,846.042408,233.895,993.608641,270.980,234.000,0,0,60,4e-06,4
2023-11-15 09:38:23,846.036447,233.893,993.794031,271.027,234.000,0,0,60,4e-06,4
2023-11-15 09:38:25,846.033466,233.892,993.980018,271.075,234.000,0,0,60,4e-06,4
2023-11-15 09:38:27,846.027803,233.891,994.164217,271.122,234.000,0,0,60,4e-06,4
2023-11-15 09:38:29,846.024226,233.890,994.34454,271.168,234.000,0,0,60,4e-06,4
2023-11-15 09:38:31,846.019755,233.889,994.520393,271.213,234.000,0,0,60,4e-06,4
2023-11-15 09:38:33,846.017073,233.888,994.691179,271.256,234.000,0,0,60,4e-06,4
2023-11-15 09:38:35,846.013496,233.887,994.865542,271.301,234.000,0,0,60,4e-06,4
2023-11-15 09:38:37,846.010814,233.887,995.041097,271.346,234.000,0,0,60,4e-06,4
2023-11-15 09:38:39,846.006641,233.886,995.212777,271.389,234.000,0,0,60,4e-06,4
2023-11-15 09:38:41,846.004257,233.885,995.378198,271.432,234.000,0,0,60,4e-06,4
2023-11-15 09:38:43,846.002766,233.885,995.546003,271.474,234.000,0,0,60,4e-06,4
2023-11-15 09:38:45,845.999488,233.884,995.710828,271.517,234.000,0,0,60,4e-06,4
2023-11-15 09:38:47,845.99919,233.884,995.873269,271.558,234.000,0,0,60,4e-06,4
2023-11-15 09:38:49,845.995613,233.883,996.030046,271.598,234.000,0,0,60,4e-06,4
2023-11-15 09:38:51,845.993825,233.882,996.185929,271.638,234.000,0,0,60,4e-06,4
2023-11-15 09:38:53,845.99293,233.882,996.336745,271.676,234.000,0,1,60,4e-06,4
2023-11-15 09:38:55,845.996805,233.883,996.48935,271.715,234.000,0,1,60,4e-06,4
2023-11-15 09:38:57,846.015285,233.888,996.635993,271.753,234.000,0,1,60,4e-06,4
2023-11-15 09:38:58,846.044494,233.895,996.782339,271.790,234.000,0,1,60,4e-06,4
2023-11-15 09:39:00,846.082943,233.905,996.923915,271.826,234.000,0,0,60,4e-06,4
2023-11-15 09:39:02,846.124373,233.915,997.064001,271.862,234.000,0,0,60,4e-06,4
2023-11-15 09:39:04,846.161332,233.925,997.197828,271.896,234.000,0,0,60,4e-06,4
2023-11-15 09:39:06,846.183984,233.930,997.336126,271.931,234.000,0,0,60,4e-06,4
2023-11-15 09:39:08,846.198887,233.934,997.466675,271.965,234.000,0,0,60,4e-06,4
2023-11-15 09:39:10,846.213194,233.938,997.599012,271.998,234.000,0,0,60,4e-06,4
2023-11-15 09:39:12,846.220049,233.940,997.727176,272.031,234.000,0,0,60,4e-06,4
2023-11-15 09:39:14,846.229885,233.942,997.851167,272.063,234.000,0,0,60,4e-06,4
2023-11-15 09:39:16,846.239423,233.944,997.97784,272.095,234.000,0,0,60,4e-06,4
2023-11-15 09:39:18,846.250749,233.947,998.097659,272.126,234.000,0,0,60,4e-06,4
2023-11-15 09:39:20,846.257604,233.949,998.217477,272.156,234.000,0,0,60,4e-06,4
2023-11-15 09:39:22,846.26744,233.952,998.335806,272.186,234.000,0,0,60,4e-06,4
2023-11-15 09:39:24,846.27817,233.954,998.451451,272.216,234.000,0,0,60,4e-06,4
2023-11-15 09:39:26,846.291284,233.958,998.566501,272.245,234.000,0,0,60,4e-06,4
2023-11-15 09:39:28,846.302908,233.961,998.679166,272.274,234.000,0,0,60,4e-06,4
2023-11-15 09:39:30,846.314831,233.964,998.791533,272.303,234.000,0,0,60,4e-06,4
2023-11-15 09:39:32,846.326753,233.967,998.90241,272.331,234.000,0,0,60,4e-06,4
2023-11-15 09:39:34,846.338377,233.969,999.010902,272.359,234.000,0,0,60,4e-06,4
2023-11-15 09:39:36,846.351194,233.973,999.122077,272.387,234.000,0,0,60,4e-06,4
2023-11-15 09:39:38,846.362222,233.976,999.232357,272.415,234.000,0,0,60,4e-06,4
2023-11-15 09:39:40,846.37325,233.978,999.344724,272.444,234.000,0,0,60,4e-06,4
2023-11-15 09:39:42,846.38398,233.981,999.452024,272.471,234.000,0,0,60,4e-06,4
2023-11-15 09:39:44,846.394114,233.984,999.562901,272.500,234.000,0,0,60,4e-06,4
2023-11-15 09:39:45,846.405738,233.987,999.672586,272.528,234.000,0,0,60,4e-06,4
2023-11-15 09:39:47,846.41617,233.989,999.777799,272.555,234.000,0,0,60,4e-06,4
2023-11-15 09:39:49,846.425409,233.991,999.878542,272.580,234.000,0,0,60,4e-06,4
2023-11-15 09:39:51,846.434053,233.994,999.983458,272.607,234.000,0,0,60,4e-06,4
2023-11-15 09:39:53,846.444187,233.996,1000.08748,272.634,234.000,0,0,60,4e-06,4
2023-11-15 09:39:55,846.452532,233.998,1000.18643,272.659,234.000,0,0,60,4e-06,4
2023-11-15 09:39:57,846.462964,234.001,1000.29046,272.685,234.000,0,0,60,4e-06,4
2023-11-15 09:39:59,846.471012,234.003,1000.39239,272.711,234.000,0,0,60,4e-06,4
2023-11-15 09:40:01,846.479358,234.005,1000.4985,272.739,234.000,0,0,60,4e-06,4
2023-11-15 09:40:03,846.488299,234.007,1000.60431,272.766,234.000,0,0,60,4e-06,4
2023-11-15 09:40:05,846.498135,234.010,1000.70535,272.791,234.000,0,0,60,4e-06,4
2023-11-15 09:40:07,846.506183,234.012,1000.80967,272.818,234.000,0,0,60,4e-06,4
2023-11-15 09:40:09,846.513634,234.014,1000.91041,272.844,234.000,0,0,60,4e-06,4
2023-11-15 09:40:11,846.521979,234.016,1001.02039,272.872,234.000,0,0,60,4e-06,4
2023-11-15 09:40:13,846.530325,234.018,1001.12114,272.898,234.000,0,0,60,4e-06,4
2023-11-15 09:40:15,846.536584,234.020,1001.22367,272.924,234.000,0,0,60,4e-06,4
2023-11-15 09:40:17,846.544334,234.022,1001.32799,272.950,234.000,0,0,60,4e-06,4
2023-11-15 09:40:19,846.550891,234.023,1001.43111,272.977,234.000,0,0,60,4e-06,4
2023-11-15 09:40:21,846.558938,234.025,1001.53484,273.003,234.000,0,0,60,4e-06,4
2023-11-15 09:40:23,846.56639,234.027,1001.63767,273.029,234.000,0,0,60,4e-06,4
2023-11-15 09:40:25,846.572351,234.029,1001.73871,273.055,234.000,0,0,60,4e-06,4
2023-11-15 09:40:27,846.5801,234.031,1001.83826,273.081,234.000,0,0,60,4e-06,4
2023-11-15 09:40:29,846.58636,234.032,1001.93692,273.106,234.000,0,0,60,4e-06,4
2023-11-15 09:40:30,846.593215,234.034,1002.04064,273.132,234.000,0,0,60,4e-06,4
2023-11-15 09:40:32,846.601262,234.036,1002.13989,273.158,234.000,0,0,60,4e-06,4
2023-11-15 09:40:34,846.606627,234.037,1002.23974,273.183,234.000,0,0,60,4e-06,4
2023-11-15 09:40:36,846.613483,234.039,1002.34227,273.209,234.000,0,0,60,4e-06,4
2023-11-15 09:40:38,846.62004,234.041,1002.43735,273.234,234.000,0,0,60,4e-06,4
2023-11-15 09:40:40,846.626001,234.042,1002.53869,273.259,234.000,0,0,60,4e-06,4
2023-11-15 09:40:42,846.632558,234.044,1002.63615,273.284,234.000,0,0,60,4e-06,4
2023-11-15 09:40:44,846.639115,234.045,1002.73481,273.310,234.000,0,0,60,4e-06,4
2023-11-15 09:40:46,846.645375,234.047,1002.83436,273.335,234.000,0,0,60,4e-06,4
2023-11-15 09:40:48,846.653422,234.049,1002.93272,273.360,234.000,0,0,60,4e-06,4
2023-11-15 09:40:50,846.659085,234.051,1003.03018,273.385,234.000,0,0,60,4e-06,4
2023-11-15 09:40:52,846.664152,234.052,1003.12407,273.409,234.000,0,0,60,4e-06,4
2023-11-15 09:40:54,846.669219,234.053,1003.48979,273.502,234.000,1,0,60,4e-06,4
2023-11-15 09:40:56,846.677565,234.055,1003.13659,273.412,234.000,1,0,60,4e-06,4
2023-11-15 09:40:58,846.682334,234.056,1000.63382,272.773,234.000,0,0,60,4e-06,4
2023-11-15 09:41:00,846.688891,234.058,1001.06033,272.882,234.000,0,0,60,4e-06,4
2023-11-15 09:41:02,846.694554,234.059,1001.45526,272.983,234.000,0,0,60,4e-06,4
2023-11-15 09:41:04,846.700515,234.061,1001.70086,273.046,234.000,0,0,60,4e-06,4
2023-11-15 09:41:06,846.704986,234.062,1001.86806,273.088,234.000,0,0,60,4e-06,4
2023-11-15 09:41:08,846.710947,234.064,1002.0001,273.122,234.000,0,0,60,4e-06,4
2023-11-15 09:41:10,846.716014,234.065,1002.11277,273.151,234.000,0,0,60,4e-06,4
2023-11-15 09:41:12,846.720485,234.066,1002.21828,273.178,234.000,0,0,60,4e-06,4
2023-11-15 09:41:14,846.723167,234.067,1002.32171,273.204,234.000,0,0,60,4e-06,4
2023-11-15 09:41:16,846.726446,234.068,1002.41887,273.229,234.000,0,0,60,4e-06,4
2023-11-15 09:41:18,846.731513,234.069,1002.53064,273.257,234.000,0,0,60,4e-06,4
2023-11-15 09:41:19,846.733301,234.069,1002.6439,273.286,234.000,0,0,60,4e-06,4
2023-11-15 09:41:21,846.737772,234.070,1002.75567,273.315,234.000,0,0,60,4e-06,4
2023-11-15 09:41:23,846.739858,234.071,1002.87013,273.344,234.000,0,0,60,4e-06,4
2023-11-15 09:41:25,846.744031,234.072,1002.9822,273.373,234.000,0,0,60,4e-06,4
2023-11-15 09:41:29,846.749694,234.073,1003.21319,273.432,234.000,0,0,60,4e-06,4
2023-11-15 09:41:31,846.755357,234.075,1003.33688,273.463,234.000,0,0,60,4e-06,4
2023-11-15 09:41:33,846.758934,234.076,1003.45611,273.494,234.000,0,0,60,4e-06,4
2023-11-15 09:41:37,846.763703,234.077,1003.69992,273.556,234.000,0,0,60,4e-06,4
2023-11-15 09:41:39,846.766981,234.078,1003.82122,273.587,234.000,0,0,60,4e-06,4
2023-11-15 09:41:43,846.772048,234.079,1004.06503,273.649,234.000,0,0,60,4e-06,4
2023-11-15 09:41:45,846.776221,234.080,1004.18575,273.680,234.000,0,0,60,4e-06,4
2023-11-15 09:41:47,846.778307,234.081,1004.30676,273.711,234.000,0,0,60,4e-06,4
2023-11-15 09:41:51,846.783374,234.082,1004.55027,273.773,234.000,0,0,60,4e-06,4
2023-11-15 09:41:53,846.788441,234.083,1004.67307,273.804,234.000,0,0,60,4e-06,4
2023-11-15 09:41:55,846.790826,234.084,1004.79706,273.836,234.000,0,0,60,4e-06,4
2023-11-15 09:42:01,846.798277,234.086,1005.16784,273.931,234.000,0,0,60,4e-06,4
2023-11-15 09:42:03,846.801556,234.086,1005.29302,273.963,234.000,0,0,60,4e-06,4
2023-11-15 09:42:06,846.808113,234.088,1005.54548,274.027,234.000,0,0,60,4e-06,4
2023-11-15 09:42:08,846.811094,234.089,1005.67155,274.059,234.000,0,0,60,4e-06,4
2023-11-15 09:42:10,846.814372,234.090,1005.79644,274.091,234.000,0,0,60,4e-06,4
2023-11-15 09:42:14,846.821824,234.092,1006.0483,274.156,234.000,0,0,60,4e-06,4
2023-11-15 09:42:16,846.8254,234.093,1006.17288,274.188,234.000,0,0,60,4e-06,4
2023-11-15 09:42:18,846.828977,234.093,1006.29896,274.220,234.000,0,0,60,4e-06,4
2023-11-15 09:42:22,846.835832,234.095,1006.54873,274.284,234.000,0,0,60,4e-06,4
2023-11-15 09:42:24,846.840601,234.096,1006.66796,274.314,234.000,0,0,60,4e-06,4
2023-11-15 09:42:30,846.850139,234.099,1007.03397,274.407,234.000,0,0,60,4e-06,4
2023-11-15 09:42:47,846.888588,234.108,1008.1174,274.684,234.000,0,0,60,4e-06,4
2023-11-15 09:43:03,846.926739,234.118,1009.09025,274.933,234.000,0,0,60,4e-06,4
2023-11-15 09:43:17,846.961612,234.127,1009.95313,275.153,234.000,0,0,60,4e-06,4
2023-11-15 09:43:23,846.979793,234.132,1010.32391,275.248,234.000,1,0,60,4e-06,4
2023-11-15 09:43:25,846.986648,234.133,1010.68545,275.340,234.000,1,0,60,4e-06,4
2023-11-15 09:43:30,847.00334,234.137,1001.42247,272.974,234.000,1,0,60,4e-06,4
2023-11-15 09:43:32,847.010493,234.139,996.800222,271.795,234.000,0,0,60,4e-06,4
2023-11-15 09:43:36,847.018242,234.141,999.855294,272.574,234.000,0,0,60,4e-06,4
2023-11-15 09:43:38,847.020925,234.142,1000.56973,272.757,234.000,0,0,60,4e-06,4
2023-11-15 09:43:40,847.0248,234.143,1000.99595,272.866,234.000,0,0,60,4e-06,4
2023-11-15 09:43:42,847.025992,234.143,1001.27732,272.937,234.000,0,0,60,4e-06,4
2023-11-15 09:43:44,847.028376,234.144,1001.48477,272.990,234.000,0,0,60,4e-06,4
2023-11-15 09:43:46,847.027482,234.144,1001.65734,273.034,234.000,0,0,60,4e-06,4
2023-11-15 09:43:48,847.029867,234.144,1001.82544,273.077,234.000,0,0,60,4e-06,4
2023-11-15 09:43:50,847.030463,234.144,1001.99057,273.120,234.000,0,0,60,4e-06,4
2023-11-15 09:43:52,847.030761,234.144,1002.15807,273.162,234.000,0,0,60,4e-06,4
2023-11-15 09:43:54,847.031953,234.145,1002.32826,273.206,234.000,0,0,60,4e-06,4
2023-11-15 09:43:56,847.030463,234.144,1002.5062,273.251,234.000,0,0,60,4e-06,4
2023-11-15 09:44:02,847.027184,234.144,1003.05552,273.391,234.000,0,0,60,4e-06,4
2023-11-15 09:44:04,847.025992,234.143,1003.24568,273.440,234.000,0,0,60,4e-06,4
2023-11-15 09:44:06,847.0248,234.143,1003.43405,273.488,234.000,0,0,60,4e-06,4
2023-11-15 09:44:08,847.025098,234.143,1003.62659,273.537,234.000,0,0,60,4e-06,4
2023-11-15 09:44:10,847.024502,234.143,1003.81526,273.585,234.000,0,0,60,4e-06,4
2023-11-15 09:44:14,847.020627,234.142,1004.19141,273.681,234.000,0,0,60,4e-06,4
2023-11-15 09:44:16,847.019435,234.142,1004.37769,273.729,234.000,0,0,60,4e-06,4
2023-11-15 09:44:20,847.017348,234.141,1004.74043,273.822,234.000,0,0,60,4e-06,4
2023-11-15 09:44:21,847.016454,234.141,1004.91986,273.868,234.000,0,0,60,4e-06,4
2023-11-15 09:44:23,847.01556,234.141,1005.09035,273.911,234.000,0,0,60,4e-06,4
2023-11-15 09:44:25,847.013175,234.140,1005.26143,273.955,234.000,0,0,60,4e-06,4
2023-11-15 09:44:27,847.011387,234.140,1005.42924,273.998,234.000,0,0,60,4e-06,4
2023-11-15 09:44:29,847.009897,234.139,1005.59495,274.040,234.000,0,0,60,4e-06,4
2023-11-15 09:44:31,847.008407,234.139,1005.75531,274.081,234.000,0,0,60,4e-06,4
2023-11-15 09:44:33,847.008109,234.139,1005.91238,274.121,234.000,0,0,60,4e-06,4
2023-11-15 09:44:35,847.010195,234.139,1006.06529,274.160,234.000,0,0,60,4e-06,4
2023-11-15 09:44:37,847.008705,234.139,1006.21879,274.199,234.000,0,0,60,4e-06,4
2023-11-15 09:44:39,847.008109,234.139,1006.36573,274.237,234.000,0,0,60,4e-06,4
2023-11-15 09:44:41,847.008407,234.139,1006.51326,274.274,234.000,0,0,60,4e-06,4
2023-11-15 09:44:43,847.006916,234.138,1006.65067,274.310,234.000,0,0,60,4e-06,4
2023-11-15 09:44:45,847.00483,234.138,1006.79254,274.346,234.000,0,0,60,4e-06,4
2023-11-15 09:44:47,847.00483,234.138,1006.92756,274.380,234.000,0,0,60,4e-06,4
2023-11-15 09:44:49,847.004234,234.138,1007.05781,274.414,234.000,0,0,60,4e-06,4
2023-11-15 09:44:51,847.002147,234.137,1007.18657,274.446,234.000,0,0,60,4e-06,4
2023-11-15 09:44:53,847.001551,234.137,1007.3052,274.477,234.000,0,0,60,4e-06,4
2023-11-15 09:44:55,847.003042,234.137,1007.42681,274.508,234.000,0,0,60,4e-06,4
2023-11-15 09:44:57,847.00334,234.137,1007.54662,274.538,234.000,0,0,60,4e-06,4
2023-11-15 09:44:59,847.003638,234.138,1007.66197,274.568,234.000,0,0,60,4e-06,4
2023-11-15 09:45:01,847.003936,234.138,1007.77642,274.597,234.000,0,0,60,4e-06,4
2023-11-15 09:45:03,847.004532,234.138,1007.8876,274.625,234.000,0,0,60,4e-06,4
2023-11-15 09:45:05,847.005724,234.138,1007.99609,274.653,234.000,0,0,60,4e-06,4
2023-11-15 09:45:06,847.006022,234.138,1008.10131,274.680,234.000,0,0,60,4e-06,4
2023-11-15 09:45:09,847.005724,234.138,1008.20413,274.706,234.000,0,0,60,4e-06,4
2023-11-15 09:45:10,847.00781,234.139,1008.30786,274.733,234.000,0,0,60,4e-06,4
2023-11-15 09:45:12,847.007512,234.139,1008.40592,274.758,234.000,0,0,60,4e-06,4
2023-11-15 09:45:14,847.009301,234.139,1008.50636,274.784,234.000,0,0,60,4e-06,4
2023-11-15 09:45:16,847.010195,234.139,1008.6074,274.809,234.000,0,0,60,4e-06,4
2023-11-15 09:45:18,847.012281,234.140,1008.70248,274.834,234.000,1,0,60,4e-06,4
2023-11-15 09:45:20,847.014368,234.140,1007.85481,274.617,234.000,1,0,60,4e-06,4
2023-11-15 09:45:22,847.014964,234.140,1004.82925,273.844,234.000,1,0,60,4e-06,4
2023-11-15 09:45:24,847.016454,234.141,1001.04662,272.879,234.000,1,0,60,4e-06,4
2023-11-15 09:45:26,847.018242,234.141,997.193954,271.895,234.000,1,0,60,4e-06,4
2023-11-15 09:45:28,847.021819,234.142,992.816408,270.778,234.000,1,0,60,4e-06,4
2023-11-15 09:45:30,847.024204,234.143,989.344952,269.892,234.000,0,0,60,4e-06,4
2023-11-15 09:45:32,847.024502,234.143,991.927904,270.551,234.000,0,0,60,4e-06,4
2023-11-15 09:45:34,847.024502,234.143,993.390762,270.924,234.000,0,0,60,4e-06,4
2023-11-15 09:45:36,847.022117,234.142,994.257508,271.146,234.000,0,0,60,4e-06,4
2023-11-15 09:45:38,847.019137,234.141,994.814574,271.288,234.000,0,0,60,4e-06,4
2023-11-15 09:45:40,847.019137,234.141,995.214267,271.390,234.000,0,0,60,4e-06,4
2023-11-15 09:45:42,847.012579,234.140,995.532293,271.471,234.000,0,0,60,4e-06,4
2023-11-15 09:45:44,847.010195,234.139,995.812167,271.542,234.000,0,0,60,4e-06,4
2023-11-15 09:45:46,847.004234,234.138,996.076245,271.610,234.000,0,0,60,4e-06,4
2023-11-15 09:45:48,846.999167,234.136,996.336745,271.676,234.000,0,0,60,4e-06,4
2023-11-15 09:45:50,846.9941,234.135,996.595756,271.742,234.000,0,0,60,4e-06,4
2023-11-15 09:45:52,846.989629,234.134,996.859237,271.810,234.000,0,0,60,4e-06,4
2023-11-15 09:45:54,846.982476,234.132,997.12242,271.877,234.000,0,0,60,4e-06,4
2023-11-15 09:45:56,846.975024,234.130,997.392757,271.946,234.000,0,0,65.8,4.53e-07,2.85
2023-11-15 09:45:57,846.968765,234.129,997.66518,272.015,234.000,0,0,65.8,4.53e-07,2.85
2023-11-15 09:45:59,846.963698,234.127,997.936411,272.085,234.000,0,0,65.8,4.53e-07,2.85
2023-11-15 09:46:01,846.956545,234.126,998.203469,272.153,234.000,0,0,65.8,4.53e-07,2.85
2023-11-15 09:46:03,846.952074,234.125,998.470825,272.221,234.000,0,0,65.8,4.53e-07,2.85
2023-11-15 09:46:05,846.944623,234.123,998.737585,272.289,234.000,0,0,65.8,4.53e-07,2.85
2023-11-15 09:46:07,846.938065,234.121,999.001066,272.356,234.000,0,0,65.8,4.53e-07,2.85
2023-11-15 09:46:09,846.93121,234.119,999.26574,272.424,234.000,0,0,65.8,4.53e-07,2.85
2023-11-15 09:46:11,846.925845,234.118,999.527135,272.491,234.000,0,0,65.8,4.53e-07,2.85
2023-11-15 09:46:13,846.918692,234.116,999.786741,272.557,234.000,0,0,65.8,4.53e-07,2.85
2023-11-15 09:46:15,846.911836,234.114,1000.0389,272.621,234.000,0,0,65.8,4.53e-07,2.85
2023-11-15 09:46:17,846.906173,234.113,1000.28747,272.685,234.000,0,0,65.8,4.53e-07,2.85
2023-11-15 09:46:19,846.898424,234.111,1000.53128,272.747,234.000,0,0,65.8,4.53e-07,2.85
2023-11-15 09:46:21,846.893357,234.110,1000.76854,272.808,234.000,0,0,65.8,4.53e-07,2.85
2023-11-15 09:46:23,846.891867,234.109,1001.00639,272.868,234.000,0,0,65.8,4.53e-07,2.85
2023-11-15 09:46:25,846.884415,234.107,1001.23499,272.927,234.000,0,0,65.8,4.53e-07,2.85
2023-11-15 09:46:27,846.878156,234.106,1001.46003,272.984,234.000,0,0,65.8,4.53e-07,2.85
2023-11-15 09:46:29,846.873089,234.105,1001.67671,273.039,234.000,0,0,65.8,4.53e-07,2.85
2023-11-15 09:46:31,846.86832,234.103,1001.89549,273.095,234.000,0,0,65.8,4.53e-07,2.85
2023-11-15 09:46:33,846.861465,234.102,1002.1074,273.149,234.000,0,0,65.8,4.53e-07,2.85
2023-11-15 09:46:35,846.858484,234.101,1002.31515,273.202,234.000,0,0,65.8,4.53e-07,2.85
2023-11-15 09:46:37,846.853716,234.100,1002.51574,273.254,234.000,0,0,65.8,4.53e-07,2.85
2023-11-15 09:46:38,846.848649,234.098,1002.71454,273.304,234.000,0,0,65.8,4.53e-07,2.85
2023-11-15 09:46:41,846.84537,234.098,1002.91126,273.355,234.000,0,0,65.8,4.53e-07,2.85
2023-11-15 09:46:42,846.838813,234.096,1003.1044,273.404,234.000,0,0,65.8,4.53e-07,2.85
2023-11-15 09:46:44,846.835534,234.095,1003.2883,273.451,234.000,0,0,65.8,4.53e-07,2.85
2023-11-15 09:46:46,846.831958,234.094,1003.4728,273.498,234.000,0,0,65.8,4.53e-07,2.85
2023-11-15 09:46:48,846.826891,234.093,1003.65223,273.544,234.000,0,0,65.8,4.53e-07,2.85
2023-11-15 09:46:50,846.825102,234.092,1003.82331,273.587,234.000,0,0,65.8,4.53e-07,2.85
2023-11-15 09:46:52,846.821526,234.092,1003.99469,273.631,234.000,0,0,65.8,4.53e-07,2.85
2023-11-15 09:46:54,846.817949,234.091,1004.15773,273.673,234.000,0,0,65.8,4.53e-07,2.85
2023-11-15 09:46:56,846.816161,234.090,1004.32017,273.714,234.000,0,0,65.8,4.53e-07,2.85
2023-11-15 09:46:58,846.81169,234.089,1004.47248,273.753,234.000,0,0,65.8,4.53e-07,2.85
2023-11-15 09:47:00,846.809901,234.089,1004.6218,273.791,234.000,0,0,65.8,4.53e-07,2.85
2023-11-15 09:47:02,846.807219,234.088,1004.76517,273.828,234.000,0,0,65.8,4.53e-07,2.85
2023-11-15 09:47:04,846.805431,234.087,1004.90734,273.864,234.000,0,0,65.8,4.53e-07,2.85
2023-11-15 09:47:06,846.804834,234.087,1005.04504,273.899,234.000,0,0,65.8,4.53e-07,2.85
2023-11-15 09:47:08,846.802152,234.087,1005.18364,273.935,234.000,0,0,65.8,4.53e-07,2.85
2023-11-15 09:47:10,846.801556,234.086,1005.31508,273.968,234.000,0,0,65.8,4.53e-07,2.85
2023-11-15 09:47:12,846.799767,234.086,1005.44712,274.002,234.000,0,0,65.8,4.53e-07,2.85
2023-11-15 09:47:14,846.800364,234.086,1005.57588,274.035,234.000,0,0,65.8,4.53e-07,2.85
2023-11-15 09:47:16,846.797681,234.086,1005.70106,274.067,234.000,0,0,65.8,4.53e-07,2.85
2023-11-15 09:47:18,846.796787,234.085,1005.82207,274.098,234.000,0,0,65.8,4.53e-07,2.85
2023-11-15 09:47:20,846.796489,234.085,1005.93772,274.127,234.000,1,0,65.8,4.53e-07,2.85
2023-11-15 09:47:22,846.793806,234.085,1004.19439,273.682,234.000,1,0,65.8,4.53e-07,2.85
2023-11-15 09:47:24,846.793508,234.084,1000.76138,272.806,234.000,1,0,65.8,4.53e-07,2.85
2023-11-15 09:47:25,846.795595,234.085,997.403785,271.949,234.000,1,0,65.8,4.53e-07,2.85
2023-11-15 09:47:28,846.793508,234.084,993.142183,270.861,234.000,0,0,65.8,4.53e-07,2.85
2023-11-15 09:47:29,846.79321,234.084,993.138309,270.860,234.000,0,0,65.8,4.53e-07,2.85
2023-11-15 09:47:31,846.792614,234.084,994.695948,271.258,234.000,0,0,65.8,4.53e-07,2.85
2023-11-15 09:47:33,846.792018,234.084,995.594586,271.487,234.000,0,0,65.8,4.53e-07,2.85
2023-11-15 09:47:35,846.788739,234.083,996.151951,271.629,234.000,0,0,65.8,4.53e-07,2.85
2023-11-15 09:47:37,846.783672,234.082,996.527799,271.725,234.000,0,0,65.8,4.53e-07,2.85
2023-11-15 09:47:39,846.780692,234.081,996.807077,271.796,234.000,0,0,65.8,4.53e-07,2.85
2023-11-15 09:47:41,846.777413,234.080,997.039859,271.856,234.000,0,0,65.8,4.53e-07,2.85
2023-11-15 09:47:43,846.772346,234.079,997.253863,271.910,234.000,0,0,65.8,4.53e-07,2.85
2023-11-15 09:47:45,846.76877,234.078,997.458031,271.962,234.000,0,0,65.8,4.53e-07,2.85
2023-11-15 09:47:47,846.764001,234.077,997.660411,272.014,234.000,0,0,65.8,4.53e-07,2.85
2023-11-15 09:47:49,846.757444,234.075,997.859214,272.065,234.000,0,0,65.8,4.53e-07,2.85
2023-11-15 09:47:51,846.753569,234.074,998.063681,272.117,234.000,0,0,65.8,4.53e-07,2.85
2023-11-15 09:47:53,846.74731,234.073,998.27381,272.171,234.000,0,0,65.8,4.53e-07,2.85
2023-11-15 09:47:55,846.742541,234.072,998.483939,272.224,234.000,0,0,65.8,4.53e-07,2.85
2023-11-15 09:47:57,846.734791,234.070,998.692876,272.278,234.000,0,0,65.8,4.53e-07,2.85
2023-11-15 09:47:59,846.732109,234.069,998.91314,272.334,234.000,0,0,65.8,4.53e-07,2.85
2023-11-15 09:48:01,846.724955,234.067,999.131018,272.389,234.000,0,0,65.8,4.53e-07,2.85
2023-11-15 09:48:03,846.717802,234.065,999.349791,272.445,234.000,0,0,65.8,4.53e-07,2.85
2023-11-15 09:48:05,846.711245,234.064,999.56767,272.501,234.000,0,0,65.8,4.53e-07,2.85
2023-11-15 09:48:07,846.704986,234.062,999.784953,272.556,234.000,0,0,65.8,4.53e-07,2.85
2023-11-15 09:48:09,846.69813,234.060,1000.00432,272.612,234.000,0,0,65.8,4.53e-07,2.85
2023-11-15 09:48:11,846.693064,234.059,1000.21743,272.667,234.000,0,0,65.8,4.53e-07,2.85
2023-11-15 09:48:13,846.687102,234.058,1000.43084,272.721,234.000,0,0,65.8,4.53e-07,2.85
2023-11-15 09:48:15,846.682035,234.056,1000.64604,272.776,234.000,0,0,65.8,4.53e-07,2.85
