time,sample_holder_res,sample_holder_temp,exhaust_res,exhaust_temp,target_temp,cooling_active,heating_active,proportional,integral,derivative
2023-10-17 14:07:56,1178.01546,318.868,1095.47457,297.073,-1.000,0,0,0,0,0
2023-10-17 14:07:58,1178.01666,318.869,1095.4862,297.076,-1.000,0,0,0,0,0
2023-10-17 14:08:00,1178.01695,318.869,1095.49037,297.077,-1.000,0,0,0,0,0
2023-10-17 14:08:02,1178.01368,318.868,1095.49186,297.078,-1.000,0,0,0,0,0
2023-10-17 14:08:04,1178.01159,318.867,1095.49335,297.078,-1.000,0,0,0,0,0
2023-10-17 14:08:06,1178.00712,318.866,1095.49276,297.078,-1.000,0,0,0,0,0
2023-10-17 14:08:08,1178.00354,318.865,1095.49186,297.078,-1.000,0,0,0,0,0
2023-10-17 14:08:10,1178.00116,318.865,1095.49127,297.077,-1.000,0,0,0,0,0
2023-10-17 14:08:12,1178.00056,318.864,1095.49395,297.078,-1.000,0,0,0,0,0
2023-10-17 14:08:14,1177.99341,318.863,1095.49335,297.078,-1.000,0,0,0,0,0
2023-10-17 14:08:16,1177.98983,318.862,1095.49335,297.078,-1.000,0,0,0,0,0
2023-10-17 14:08:18,1177.98566,318.861,1095.49365,297.078,-1.000,0,0,0,0,0
2023-10-17 14:08:20,1177.98327,318.860,1095.49514,297.078,-1.000,0,0,0,0,0
2023-10-17 14:08:22,1177.97493,318.858,1095.48978,297.077,-1.000,0,0,0,0,0
2023-10-17 14:08:24,1177.97433,318.858,1095.49454,297.078,-1.000,0,0,0,0,0
2023-10-17 14:08:26,1177.97165,318.857,1095.49574,297.079,-1.000,0,0,0,0,0
2023-10-17 14:08:28,1177.96897,318.856,1095.49752,297.079,-1.000,0,0,0,0,0
2023-10-17 14:08:30,1177.9639,318.855,1095.49901,297.079,-1.000,0,0,0,0,0
2023-10-17 14:08:34,1177.95615,318.853,1095.5008,297.080,-1.000,0,0,0,0,0
2023-10-17 14:08:36,1177.95347,318.852,1095.50349,297.080,-1.000,0,0,0,0,0
2023-10-17 14:08:38,1177.94989,318.851,1095.50408,297.081,-1.000,0,0,0,0,0
2023-10-17 14:08:40,1177.94602,318.850,1095.50349,297.080,-1.000,0,0,0,0,0
2023-10-17 14:08:44,1177.93797,318.848,1095.50617,297.081,-1.000,0,0,0,0,0
2023-10-17 14:08:46,1177.9335,318.847,1095.50825,297.082,-1.000,0,0,0,0,0
2023-10-17 14:08:47,1177.93082,318.846,1095.51124,297.082,-1.000,0,0,0,0,0
2023-10-17 14:08:49,1177.93022,318.846,1095.51124,297.082,-1.000,0,0,0,0,0
2023-10-17 14:08:51,1177.92426,318.845,1095.51332,297.083,-1.000,0,0,0,0,0
2023-10-17 14:08:53,1177.92038,318.844,1095.51869,297.084,-1.000,0,0,0,0,0
2023-10-17 14:08:55,1177.91502,318.842,1095.5166,297.084,-1.000,0,0,0,0,0
2023-10-17 14:08:57,1177.91263,318.842,1095.51869,297.084,-1.000,0,0,0,0,0
2023-10-17 14:08:59,1177.90816,318.840,1095.51869,297.084,-1.000,0,0,0,0,0
2023-10-17 14:09:01,1177.90518,318.840,1095.51749,297.084,-1.000,0,0,0,0,0
2023-10-17 14:09:03,1177.90012,318.838,1095.51839,297.084,-1.000,0,0,0,0,0
2023-10-17 14:09:05,1177.89684,318.838,1095.51988,297.085,-1.000,0,0,0,0,0
2023-10-17 14:09:07,1177.89267,318.836,1095.52047,297.085,-1.000,0,0,0,0,0
2023-10-17 14:09:09,1177.88879,318.835,1095.52018,297.085,-1.000,0,0,0,0,0
2023-10-17 14:09:11,1177.88641,318.835,1095.51839,297.084,-1.000,0,0,0,0,0
2023-10-17 14:09:13,1177.88134,318.834,1095.52316,297.086,-1.000,0,0,0,0,0
2023-10-17 14:09:15,1177.87776,318.833,1095.52316,297.086,-1.000,0,0,0,0,0
2023-10-17 14:09:17,1177.87419,318.832,1095.52286,297.085,-1.000,0,0,0,0,0
2023-10-17 14:09:19,1177.87061,318.831,1095.52018,297.085,-1.000,0,0,0,0,0
2023-10-17 14:09:21,1177.86703,318.830,1095.51839,297.084,-1.000,0,0,0,0,0
2023-10-17 14:09:23,1177.86316,318.829,1095.51928,297.085,-1.000,0,0,0,0,0
2023-10-17 14:09:25,1177.85988,318.828,1095.51869,297.084,-1.000,0,0,0,0,0
2023-10-17 14:09:27,1177.85571,318.827,1095.51839,297.084,-1.000,0,0,0,0,0
2023-10-17 14:09:29,1177.85273,318.826,1095.51809,297.084,-1.000,0,0,0,0,0
2023-10-17 14:09:31,1177.84885,318.825,1095.51749,297.084,-1.000,0,0,0,0,0
2023-10-17 14:09:33,1177.84527,318.824,1095.51511,297.083,-1.000,0,0,0,0,0
2023-10-17 14:09:34,1177.8408,318.823,1095.51332,297.083,-1.000,0,0,0,0,0
2023-10-17 14:09:38,1177.83365,318.821,1095.51183,297.083,-1.000,0,0,0,0,0
2023-10-17 14:09:40,1177.83007,318.820,1095.51243,297.083,-1.000,0,0,0,0,0
2023-10-17 14:09:44,1177.82232,318.818,1095.51392,297.083,-1.000,0,0,0,0,0
2023-10-17 14:09:46,1177.81934,318.817,1095.51779,297.084,-1.000,0,0,0,0,0
2023-10-17 14:09:48,1177.81487,318.816,1095.51869,297.084,-1.000,0,0,0,0,0
2023-10-17 14:09:50,1177.8113,318.815,1095.52107,297.085,-1.000,0,0,0,0,0
2023-10-17 14:09:52,1177.80802,318.815,1095.52107,297.085,-1.000,0,0,0,0,0
2023-10-17 14:09:54,1177.80414,318.814,1095.52435,297.086,-1.000,0,0,0,0,0
2023-10-17 14:09:56,1177.79937,318.812,1095.52673,297.086,-1.000,0,0,0,0,0
2023-10-17 14:09:58,1177.7958,318.811,1095.52852,297.087,-1.000,0,0,0,0,0
2023-10-17 14:10:00,1177.79222,318.810,1095.52822,297.087,-1.000,0,0,0,0,0
2023-10-17 14:10:04,1177.78596,318.809,1095.5315,297.088,-1.000,0,0,0,0,0
2023-10-17 14:10:06,1177.78149,318.808,1095.53419,297.088,-1.000,0,0,0,0,0
2023-10-17 14:10:08,1177.77762,318.807,1095.53568,297.089,-1.000,0,0,0,0,0
2023-10-17 14:10:10,1177.77374,318.806,1095.53776,297.089,-1.000,0,0,0,0,0
2023-10-17 14:10:12,1177.77016,318.805,1095.53895,297.090,-1.000,0,0,0,0,0
2023-10-17 14:10:14,1177.7654,318.803,1095.54164,297.090,-1.000,0,0,0,0,0
2023-10-17 14:10:16,1177.76241,318.803,1095.54074,297.090,-1.000,0,0,0,0,0
2023-10-17 14:10:18,1177.75973,318.802,1095.54193,297.090,-1.000,0,0,0,0,0
2023-10-17 14:10:19,1177.75437,318.801,1095.54343,297.091,-1.000,0,0,0,0,0
2023-10-17 14:10:22,1177.75109,318.800,1095.54462,297.091,-1.000,0,0,0,0,0
2023-10-17 14:10:23,1177.74662,318.799,1095.54819,297.092,-1.000,0,0,0,0,0
2023-10-17 14:10:25,1177.74423,318.798,1095.54998,297.092,-1.000,0,0,0,0,0
2023-10-17 14:10:27,1177.74006,318.797,1095.55445,297.094,-1.000,0,0,0,0,0
2023-10-17 14:10:29,1177.73619,318.796,1095.55892,297.095,-1.000,0,0,0,0,0
2023-10-17 14:10:31,1177.73201,318.795,1095.55922,297.095,-1.000,0,0,0,0,0
2023-10-17 14:10:33,1177.72814,318.794,1095.56339,297.096,-1.000,0,0,0,0,0
2023-10-17 14:10:35,1177.72456,318.793,1095.56339,297.096,-1.000,0,0,0,0,0
2023-10-17 14:10:37,1177.72188,318.792,1095.56489,297.096,-1.000,0,0,0,0,0
2023-10-17 14:10:39,1177.718,318.791,1095.56638,297.097,-1.000,0,0,0,0,0
2023-10-17 14:10:41,1177.71234,318.790,1095.56638,297.097,-1.000,0,0,0,0,0
2023-10-17 14:10:43,1177.70906,318.789,1095.56906,297.097,-1.000,0,0,0,0,0
2023-10-17 14:10:45,1177.70608,318.788,1095.56995,297.098,-1.000,0,0,0,0,0
2023-10-17 14:10:47,1177.70161,318.787,1095.57055,297.098,-1.000,0,0,0,0,0
2023-10-17 14:10:49,1177.69774,318.786,1095.57144,297.098,-1.000,0,0,0,0,0
2023-10-17 14:10:51,1177.69476,318.785,1095.56965,297.098,-1.000,0,0,0,0,0
2023-10-17 14:10:53,1177.68999,318.784,1095.56846,297.097,-1.000,0,0,0,0,0
2023-10-17 14:10:55,1177.6876,318.783,1095.56787,297.097,-1.000,0,0,0,0,0
2023-10-17 14:10:57,1177.68313,318.782,1095.56608,297.097,-1.000,0,0,0,0,0
2023-10-17 14:10:59,1177.67896,318.781,1095.56518,297.096,-1.000,0,0,0,0,0
2023-10-17 14:11:01,1177.67657,318.780,1095.56369,297.096,-1.000,0,0,0,0,0
2023-10-17 14:11:03,1177.6724,318.779,1095.56399,297.096,-1.000,0,0,0,0,0
2023-10-17 14:11:05,1177.66704,318.778,1095.5631,297.096,-1.000,0,0,0,0,0
2023-10-17 14:11:07,1177.66495,318.777,1095.5622,297.096,-1.000,0,0,0,0,0
2023-10-17 14:11:08,1177.66018,318.776,1095.56131,297.095,-1.000,0,0,0,0,0
2023-10-17 14:11:10,1177.6575,318.776,1095.55982,297.095,-1.000,0,1,0,0,0
2023-10-17 14:11:12,1177.65392,318.775,1095.55565,297.094,-1.000,0,1,0,0,0
2023-10-17 14:11:14,1177.70042,318.787,1095.55117,297.093,-1.000,0,1,0,0,0
2023-10-17 14:11:16,1177.79997,318.812,1095.55058,297.093,-1.000,0,1,0,0,0
2023-10-17 14:11:18,1177.92009,318.844,1095.54611,297.091,-1.000,0,1,0,0,0
2023-10-17 14:11:20,1178.04467,318.876,1095.54313,297.091,-1.000,0,1,0,0,0
2023-10-17 14:11:22,1178.1633,318.907,1095.54164,297.090,-1.000,0,1,0,0,0
2023-10-17 14:11:24,1178.2855,318.938,1095.53866,297.090,-1.000,0,1,0,0,0
2023-10-17 14:11:26,1178.40294,318.969,1095.53687,297.089,-1.000,0,1,0,0,0
2023-10-17 14:11:28,1178.52335,319.000,1095.53687,297.089,-1.000,0,1,0,0,0
2023-10-17 14:11:30,1178.64943,319.033,1095.53389,297.088,-1.000,0,1,56.2,1.72e-07,1.74
2023-10-17 14:11:32,1178.77938,319.066,1095.53389,297.088,-1.000,0,0,56.2,1.72e-07,1.74
2023-10-17 14:11:34,1178.90248,319.098,1095.5327,297.088,319.000,0,0,56.2,1.72e-07,1.74
2023-10-17 14:11:36,1178.96269,319.114,1095.53299,297.088,319.000,0,0,56.2,1.72e-07,1.74
2023-10-17 14:11:38,1178.98623,319.120,1095.53061,297.087,319.000,0,0,56.2,1.72e-07,1.74
2023-10-17 14:11:40,1178.99666,319.123,1095.52912,297.087,319.000,0,0,56.2,1.72e-07,1.74
2023-10-17 14:11:42,1179.0071,319.125,1095.52733,297.087,319.000,0,0,56.2,1.72e-07,1.74
2023-10-17 14:11:44,1179.02081,319.129,1095.52584,297.086,319.000,1,0,56.2,1.72e-07,1.74
2023-10-17 14:11:46,1179.03511,319.133,1095.52495,297.086,319.000,1,0,56.2,1.72e-07,1.74
2023-10-17 14:11:48,1179.05091,319.137,1095.52346,297.086,319.000,1,0,56.2,1.72e-07,1.74
2023-10-17 14:11:50,1179.06551,319.141,1095.52316,297.086,319.000,1,0,56.2,1.72e-07,1.74
2023-10-17 14:11:52,1179.07952,319.144,1095.51928,297.085,319.000,1,0,56.2,1.72e-07,1.74
2023-10-17 14:11:53,1179.09383,319.148,1095.5172,297.084,319.000,0,0,56.2,1.72e-07,1.74
2023-10-17 14:11:56,1179.10605,319.151,1095.51511,297.083,319.000,0,0,56.2,1.72e-07,1.74
2023-10-17 14:11:58,1179.11738,319.154,1095.51571,297.084,319.000,0,0,56.2,1.72e-07,1.74
2023-10-17 14:11:59,1179.12721,319.157,1095.51481,297.083,319.000,0,0,56.2,1.72e-07,1.74
2023-10-17 14:12:01,1179.13615,319.159,1095.51243,297.083,319.000,0,0,56.2,1.72e-07,1.74
2023-10-17 14:12:03,1179.14331,319.161,1095.51302,297.083,319.000,0,0,56.2,1.72e-07,1.74
2023-10-17 14:12:05,1179.15016,319.163,1095.51332,297.083,319.000,0,0,56.2,1.72e-07,1.74
2023-10-17 14:12:07,1179.15434,319.164,1095.51153,297.083,319.000,0,0,56.2,1.72e-07,1.74
2023-10-17 14:12:09,1179.15851,319.165,1095.50736,297.081,319.000,0,0,56.2,1.72e-07,1.74
2023-10-17 14:12:11,1179.16208,319.166,1095.51094,297.082,319.000,0,0,56.2,1.72e-07,1.74
2023-10-17 14:12:13,1179.16447,319.166,1095.51183,297.083,319.000,0,0,56.2,1.72e-07,1.74
2023-10-17 14:12:15,1179.16507,319.166,1095.51213,297.083,319.000,0,0,56.2,1.72e-07,1.74
2023-10-17 14:12:17,1179.16507,319.166,1095.51004,297.082,319.000,0,0,56.2,1.72e-07,1.74
2023-10-17 14:12:19,1179.16536,319.166,1095.51004,297.082,319.000,0,0,56.2,1.72e-07,1.74
2023-10-17 14:12:21,1179.16447,319.166,1095.50736,297.081,319.000,0,0,56.2,1.72e-07,1.74
2023-10-17 14:12:23,1179.16596,319.167,1095.50796,297.082,319.000,0,0,56.2,1.72e-07,1.74
2023-10-17 14:12:25,1179.16387,319.166,1095.50766,297.082,319.000,0,0,56.2,1.72e-07,1.74
2023-10-17 14:12:27,1179.16208,319.166,1095.50557,297.081,319.000,0,0,56.2,1.72e-07,1.74
2023-10-17 14:12:29,1179.1591,319.165,1095.50349,297.080,319.000,0,0,56.2,1.72e-07,1.74
2023-10-17 14:12:31,1179.15881,319.165,1095.50438,297.081,319.000,0,0,56.2,1.72e-07,1.74
2023-10-17 14:12:33,1179.15583,319.164,1095.50378,297.081,319.000,0,0,56.2,1.72e-07,1.74
2023-10-17 14:12:35,1179.15255,319.163,1095.50319,297.080,319.000,0,0,56.2,1.72e-07,1.74
2023-10-17 14:12:37,1179.14837,319.162,1095.50408,297.081,319.000,0,0,56.2,1.72e-07,1.74
2023-10-17 14:12:39,1179.1451,319.161,1095.50438,297.081,319.000,0,0,56.2,1.72e-07,1.74
2023-10-17 14:12:41,1179.14182,319.160,1095.50319,297.080,319.000,0,0,56.2,1.72e-07,1.74
2023-10-17 14:12:43,1179.13913,319.160,1095.50378,297.081,319.000,0,0,56.2,1.72e-07,1.74
2023-10-17 14:12:45,1179.13854,319.159,1095.50468,297.081,319.000,1,0,56.2,1.72e-07,1.74
2023-10-17 14:12:46,1179.13258,319.158,1095.50319,297.080,319.000,1,0,56.2,1.72e-07,1.74
2023-10-17 14:12:48,1179.1284,319.157,1095.50229,297.080,319.000,1,0,56.2,1.72e-07,1.74
2023-10-17 14:12:50,1179.12364,319.156,1095.502,297.080,319.000,1,0,56.2,1.72e-07,1.74
2023-10-17 14:12:52,1179.11887,319.154,1095.50349,297.080,319.000,1,0,56.2,1.72e-07,1.74
2023-10-17 14:12:54,1179.11529,319.153,1095.5014,297.080,319.000,0,0,56.2,1.72e-07,1.74
2023-10-17 14:12:56,1179.11052,319.152,1095.49961,297.079,319.000,0,0,56.2,1.72e-07,1.74
2023-10-17 14:12:58,1179.10575,319.151,1095.49723,297.079,319.000,0,0,56.2,1.72e-07,1.74
2023-10-17 14:13:00,1179.10158,319.150,1095.49723,297.079,319.000,0,0,56.2,1.72e-07,1.74
2023-10-17 14:13:02,1179.09651,319.149,1095.49663,297.079,319.000,0,0,56.2,1.72e-07,1.74
2023-10-17 14:13:04,1179.09323,319.148,1095.49633,297.079,319.000,0,0,56.2,1.72e-07,1.74
2023-10-17 14:13:06,1179.08757,319.146,1095.49812,297.079,319.000,0,0,56.2,1.72e-07,1.74
2023-10-17 14:13:08,1179.08399,319.145,1095.49842,297.079,319.000,0,0,56.2,1.72e-07,1.74
2023-10-17 14:13:10,1179.07803,319.144,1095.49842,297.079,319.000,0,0,56.2,1.72e-07,1.74
2023-10-17 14:13:12,1179.07386,319.143,1095.49901,297.079,319.000,0,0,56.2,1.72e-07,1.74
2023-10-17 14:13:14,1179.06909,319.141,1095.49812,297.079,319.000,0,0,56.2,1.72e-07,1.74
2023-10-17 14:13:16,1179.0673,319.141,1095.49842,297.079,319.000,0,0,56.2,1.72e-07,1.74
2023-10-17 14:13:18,1179.06015,319.139,1095.49693,297.079,319.000,0,0,56.2,1.72e-07,1.74
2023-10-17 14:13:20,1179.05687,319.138,1095.49752,297.079,319.000,0,0,56.2,1.72e-07,1.74
2023-10-17 14:13:22,1179.05061,319.137,1095.49723,297.079,319.000,0,0,56.2,1.72e-07,1.74
2023-10-17 14:13:24,1179.04674,319.136,1095.49991,297.080,319.000,0,0,56.2,1.72e-07,1.74
2023-10-17 14:13:26,1179.04167,319.134,1095.49872,297.079,319.000,0,0,56.2,1.72e-07,1.74
2023-10-17 14:13:28,1179.0366,319.133,1095.49782,297.079,319.000,0,0,56.2,1.72e-07,1.74
2023-10-17 14:13:30,1179.03303,319.132,1095.49603,297.079,319.000,0,0,56.2,1.72e-07,1.74
2023-10-17 14:13:31,1179.02766,319.131,1095.49633,297.079,319.000,0,0,56.2,1.72e-07,1.74
2023-10-17 14:13:33,1179.02408,319.130,1095.49872,297.079,319.000,0,0,56.2,1.72e-07,1.74
2023-10-17 14:13:35,1179.01961,319.129,1095.5008,297.080,319.000,0,0,56.2,1.72e-07,1.74
2023-10-17 14:13:37,1179.01455,319.127,1095.5017,297.080,319.000,0,0,56.2,1.72e-07,1.74
2023-10-17 14:13:39,1179.01097,319.126,1095.50319,297.080,319.000,0,0,56.2,1.72e-07,1.74
2023-10-17 14:13:41,1179.0065,319.125,1095.5017,297.080,319.000,0,0,56.2,1.72e-07,1.74
2023-10-17 14:13:43,1179.00143,319.124,1095.50408,297.081,319.000,0,0,56.2,1.72e-07,1.74
2023-10-17 14:13:45,1178.99756,319.123,1095.50289,297.080,319.000,1,0,56.2,1.72e-07,1.74
2023-10-17 14:13:47,1178.99219,319.122,1095.50259,297.080,319.000,1,0,56.2,1.72e-07,1.74
2023-10-17 14:13:49,1178.98832,319.121,1095.5014,297.080,319.000,1,0,56.2,1.72e-07,1.74
2023-10-17 14:13:51,1178.98295,319.119,1095.49752,297.079,319.000,1,0,56.2,1.72e-07,1.74
2023-10-17 14:13:53,1178.97938,319.118,1095.49723,297.079,319.000,1,0,56.2,1.72e-07,1.74
2023-10-17 14:13:55,1178.9752,319.117,1095.49514,297.078,319.000,0,0,56.2,1.72e-07,1.74
2023-10-17 14:13:57,1178.96984,319.116,1095.49454,297.078,319.000,0,0,56.2,1.72e-07,1.74
2023-10-17 14:13:59,1178.96596,319.115,1095.49425,297.078,319.000,0,0,56.2,1.72e-07,1.74
2023-10-17 14:14:01,1178.96209,319.114,1095.49305,297.078,319.000,0,0,56.2,1.72e-07,1.74
2023-10-17 14:14:03,1178.95792,319.113,1095.49305,297.078,319.000,0,0,56.2,1.72e-07,1.74
2023-10-17 14:14:05,1178.95285,319.111,1095.49127,297.077,319.000,0,0,56.2,1.72e-07,1.74
2023-10-17 14:14:07,1178.94868,319.110,1095.49395,297.078,319.000,0,0,56.2,1.72e-07,1.74
2023-10-17 14:14:09,1178.9445,319.109,1095.49186,297.078,319.000,0,0,56.2,1.72e-07,1.74
2023-10-17 14:14:11,1178.93914,319.108,1095.49037,297.077,319.000,0,0,56.2,1.72e-07,1.74
2023-10-17 14:14:13,1178.93526,319.107,1095.49007,297.077,319.000,0,0,56.2,1.72e-07,1.74
2023-10-17 14:14:15,1178.93079,319.106,1095.48948,297.077,319.000,0,0,56.2,1.72e-07,1.74
2023-10-17 14:14:17,1178.92632,319.104,1095.49067,297.077,319.000,0,0,56.2,1.72e-07,1.74
2023-10-17 14:14:19,1178.92185,319.103,1095.49067,297.077,319.000,0,0,56.2,1.72e-07,1.74
2023-10-17 14:14:21,1178.91738,319.102,1095.49186,297.078,319.000,0,0,56.2,1.72e-07,1.74
2023-10-17 14:14:22,1178.9141,319.101,1095.48978,297.077,319.000,0,0,56.2,1.72e-07,1.74
2023-10-17 14:14:24,1178.90963,319.100,1095.48978,297.077,319.000,0,0,56.2,1.72e-07,1.74
2023-10-17 14:14:26,1178.90516,319.099,1095.49127,297.077,319.000,0,0,56.2,1.72e-07,1.74
2023-10-17 14:14:28,1178.90039,319.098,1095.49156,297.077,319.000,0,0,56.2,1.72e-07,1.74
2023-10-17 14:14:30,1178.89711,319.097,1095.49216,297.078,319.000,0,0,56.2,1.72e-07,1.74
2023-10-17 14:14:32,1178.89324,319.096,1095.48888,297.077,319.000,0,0,56.2,1.72e-07,1.74
2023-10-17 14:14:34,1178.88728,319.094,1095.48828,297.077,319.000,0,0,56.2,1.72e-07,1.74
2023-10-17 14:14:36,1178.884,319.093,1095.4859,297.076,319.000,0,0,56.2,1.72e-07,1.74
2023-10-17 14:14:38,1178.88161,319.093,1095.48441,297.076,319.000,0,0,56.2,1.72e-07,1.74
2023-10-17 14:14:40,1178.87595,319.091,1095.48411,297.076,319.000,0,0,56.2,1.72e-07,1.74
2023-10-17 14:14:42,1178.87088,319.090,1095.48203,297.075,319.000,0,0,56.2,1.72e-07,1.74
2023-10-17 14:14:44,1178.8679,319.089,1095.48083,297.075,319.000,0,0,56.2,1.72e-07,1.74
2023-10-17 14:14:46,1178.86284,319.088,1095.48054,297.075,319.000,0,0,56.2,1.72e-07,1.74
2023-10-17 14:14:48,1178.85896,319.087,1095.47905,297.074,319.000,1,0,56.2,1.72e-07,1.74
2023-10-17 14:14:50,1178.85598,319.086,1095.47964,297.074,319.000,1,0,56.2,1.72e-07,1.74
2023-10-17 14:14:52,1178.85211,319.085,1095.47875,297.074,319.000,1,0,56.2,1.72e-07,1.74
2023-10-17 14:14:54,1178.84734,319.084,1095.48024,297.075,319.000,1,0,56.2,1.72e-07,1.74
2023-10-17 14:14:56,1178.84406,319.083,1095.48352,297.075,319.000,0,0,56.2,1.72e-07,1.74
2023-10-17 14:14:58,1178.83899,319.082,1095.48441,297.076,319.000,0,0,56.2,1.72e-07,1.74
2023-10-17 14:15:00,1178.83452,319.081,1095.48501,297.076,319.000,0,0,56.2,1.72e-07,1.74
2023-10-17 14:15:02,1178.83094,319.080,1095.48501,297.076,319.000,0,0,56.2,1.72e-07,1.74
2023-10-17 14:15:04,1178.82677,319.079,1095.48411,297.076,319.000,0,0,56.2,1.72e-07,1.74
2023-10-17 14:15:06,1178.8229,319.078,1095.48173,297.075,319.000,0,0,56.2,1.72e-07,1.74
2023-10-17 14:15:08,1178.81783,319.076,1095.48203,297.075,319.000,0,0,56.2,1.72e-07,1.74
2023-10-17 14:15:10,1178.81276,319.075,1095.47875,297.074,319.000,0,0,56.2,1.72e-07,1.74
2023-10-17 14:15:11,1178.81068,319.074,1095.47755,297.074,319.000,0,0,56.2,1.72e-07,1.74
2023-10-17 14:15:13,1178.8065,319.073,1095.47577,297.073,319.000,0,0,56.2,1.72e-07,1.74
2023-10-17 14:15:15,1178.80203,319.072,1095.47517,297.073,319.000,0,0,56.2,1.72e-07,1.74
2023-10-17 14:15:17,1178.79816,319.071,1095.47279,297.073,319.000,0,0,56.2,1.72e-07,1.74
2023-10-17 14:15:19,1178.79518,319.070,1095.47487,297.073,319.000,0,0,56.2,1.72e-07,1.74
2023-10-17 14:15:21,1178.78981,319.069,1095.47457,297.073,319.000,0,0,56.2,1.72e-07,1.74
2023-10-17 14:15:23,1178.78624,319.068,1095.47308,297.073,319.000,0,0,56.2,1.72e-07,1.74
2023-10-17 14:15:25,1178.78296,319.067,1095.46951,297.072,319.000,0,0,56.2,1.72e-07,1.74
2023-10-17 14:15:27,1178.77759,319.066,1095.46951,297.072,319.000,0,0,56.2,1.72e-07,1.74
2023-10-17 14:15:29,1178.77461,319.065,1095.47249,297.073,319.000,0,0,56.2,1.72e-07,1.74
2023-10-17 14:15:31,1178.77014,319.064,1095.4701,297.072,319.000,0,0,56.2,1.72e-07,1.74
2023-10-17 14:15:33,1178.76627,319.063,1095.46682,297.071,319.000,0,0,56.2,1.72e-07,1.74
2023-10-17 14:15:35,1178.76209,319.062,1095.46384,297.070,319.000,0,0,56.2,1.72e-07,1.74
2023-10-17 14:15:37,1178.75882,319.061,1095.46355,297.070,319.000,0,0,56.2,1.72e-07,1.74
2023-10-17 14:15:39,1178.75673,319.060,1095.46265,297.070,319.000,0,0,56.2,1.72e-07,1.74
2023-10-17 14:15:41,1178.75196,319.059,1095.46235,297.070,319.000,0,0,56.2,1.72e-07,1.74
2023-10-17 14:15:43,1178.74809,319.058,1095.46086,297.070,319.000,0,0,56.2,1.72e-07,1.74
2023-10-17 14:15:45,1178.74332,319.057,1095.45967,297.069,319.000,0,0,56.2,1.72e-07,1.74
2023-10-17 14:15:47,1178.73914,319.056,1095.4555,297.068,319.000,0,0,56.2,1.72e-07,1.74
2023-10-17 14:15:49,1178.73497,319.055,1095.4558,297.068,319.000,1,0,56.2,1.72e-07,1.74
2023-10-17 14:15:51,1178.7308,319.054,1095.45341,297.068,319.000,1,0,56.2,1.72e-07,1.74
2023-10-17 14:15:53,1178.72752,319.053,1095.44894,297.066,319.000,1,0,56.2,1.72e-07,1.74
2023-10-17 14:15:55,1178.72364,319.052,1095.44656,297.066,319.000,1,0,56.2,1.72e-07,1.74
2023-10-17 14:15:56,1178.71947,319.051,1095.44536,297.066,319.000,0,0,56.2,1.72e-07,1.74
2023-10-17 14:15:58,1178.7144,319.050,1095.44238,297.065,319.000,0,0,56.2,1.72e-07,1.74
2023-10-17 14:16:00,1178.71083,319.049,1095.44119,297.064,319.000,0,0,56.2,1.72e-07,1.74
2023-10-17 14:16:02,1178.70695,319.048,1095.44387,297.065,319.000,0,0,56.2,1.72e-07,1.74
2023-10-17 14:16:04,1178.70248,319.046,1095.44209,297.065,319.000,0,0,56.2,1.72e-07,1.74
2023-10-17 14:16:06,1178.69891,319.046,1095.4403,297.064,319.000,0,0,56.2,1.72e-07,1.74
2023-10-17 14:16:08,1178.69444,319.044,1095.4397,297.064,319.000,0,0,56.2,1.72e-07,1.74
2023-10-17 14:16:10,1178.69086,319.043,1095.43791,297.064,319.000,0,0,56.2,1.72e-07,1.74
2023-10-17 14:16:12,1178.6846,319.042,1095.43314,297.062,319.000,0,0,56.2,1.72e-07,1.74
2023-10-17 14:16:14,1178.684,319.042,1095.43642,297.063,319.000,0,0,56.2,1.72e-07,1.74
2023-10-17 14:16:16,1178.68043,319.041,1095.43642,297.063,319.000,0,0,56.2,1.72e-07,1.74
2023-10-17 14:16:18,1178.67596,319.040,1095.43404,297.063,319.000,0,0,56.2,1.72e-07,1.74
2023-10-17 14:16:20,1178.67178,319.038,1095.43434,297.063,319.000,0,0,56.2,1.72e-07,1.74
2023-10-17 14:16:22,1178.66731,319.037,1095.43314,297.062,319.000,0,0,56.2,1.72e-07,1.74
2023-10-17 14:16:24,1178.66374,319.036,1095.43463,297.063,319.000,0,0,56.2,1.72e-07,1.74
2023-10-17 14:16:26,1178.65897,319.035,1095.43493,297.063,319.000,0,0,56.2,1.72e-07,1.74
2023-10-17 14:16:28,1178.65658,319.035,1095.43672,297.063,319.000,0,0,56.2,1.72e-07,1.74
2023-10-17 14:16:30,1178.65301,319.034,1095.43762,297.064,319.000,0,0,56.2,1.72e-07,1.74
2023-10-17 14:16:32,1178.64913,319.033,1095.43851,297.064,319.000,0,0,56.2,1.72e-07,1.74
2023-10-17 14:16:34,1178.64496,319.032,1095.43851,297.064,319.000,0,0,56.2,1.72e-07,1.74
2023-10-17 14:16:36,1178.64168,319.031,1095.44,297.064,319.000,0,0,56.2,1.72e-07,1.74
2023-10-17 14:16:38,1178.63691,319.029,1095.44417,297.065,319.000,0,0,56.2,1.72e-07,1.74
2023-10-17 14:16:40,1178.63304,319.028,1095.44507,297.065,319.000,0,0,56.2,1.72e-07,1.74
2023-10-17 14:16:42,1178.62916,319.027,1095.45013,297.067,319.000,0,0,56.2,1.72e-07,1.74
2023-10-17 14:16:44,1178.62529,319.026,1095.44805,297.066,319.000,0,0,56.2,1.72e-07,1.74
2023-10-17 14:16:46,1178.62111,319.025,1095.44745,297.066,319.000,0,0,56.2,1.72e-07,1.74
2023-10-17 14:16:48,1178.61724,319.024,1095.44685,297.066,319.000,0,0,56.2,1.72e-07,1.74
2023-10-17 14:16:50,1178.61366,319.023,1095.44685,297.066,319.000,1,0,56.2,1.72e-07,1.74
2023-10-17 14:16:52,1178.60949,319.022,1095.44715,297.066,319.000,1,0,56.2,1.72e-07,1.74
2023-10-17 14:16:54,1178.60681,319.022,1095.44477,297.065,319.000,1,0,56.2,1.72e-07,1.74
2023-10-17 14:16:56,1178.60263,319.021,1095.44387,297.065,319.000,1,0,56.2,1.72e-07,1.74
2023-10-17 14:16:57,1178.59727,319.019,1095.44238,297.065,319.000,0,0,56.2,1.72e-07,1.74
2023-10-17 14:16:59,1178.59459,319.018,1095.4394,297.064,319.000,0,0,56.2,1.72e-07,1.74
2023-10-17 14:17:01,1178.59012,319.017,1095.43434,297.063,319.000,0,0,56.2,1.72e-07,1.74
2023-10-17 14:17:03,1178.58564,319.016,1095.43285,297.062,319.000,0,0,56.2,1.72e-07,1.74
2023-10-17 14:17:05,1178.58326,319.016,1095.43106,297.062,319.000,0,0,56.2,1.72e-07,1.74
2023-10-17 14:17:07,1178.57819,319.014,1095.43046,297.062,319.000,0,0,56.2,1.72e-07,1.74
2023-10-17 14:17:09,1178.57521,319.013,1095.42867,297.061,319.000,0,0,56.2,1.72e-07,1.74
2023-10-17 14:17:11,1178.57193,319.013,1095.42838,297.061,319.000,0,0,56.2,1.72e-07,1.74
2023-10-17 14:17:13,1178.56836,319.012,1095.42778,297.061,319.000,0,0,56.2,1.72e-07,1.74
2023-10-17 14:17:15,1178.56389,319.010,1095.42689,297.061,319.000,0,0,56.2,1.72e-07,1.74
2023-10-17 14:17:17,1178.56061,319.010,1095.42748,297.061,319.000,0,0,56.2,1.72e-07,1.74
2023-10-17 14:17:19,1178.55465,319.008,1095.42838,297.061,319.000,0,0,56.2,1.72e-07,1.74
2023-10-17 14:17:21,1178.55226,319.007,1095.42957,297.061,319.000,0,0,56.2,1.72e-07,1.74
2023-10-17 14:17:23,1178.54869,319.007,1095.43136,297.062,319.000,0,0,56.2,1.72e-07,1.74
2023-10-17 14:17:25,1178.54392,319.005,1095.43106,297.062,319.000,0,0,56.2,1.72e-07,1.74
2023-10-17 14:17:27,1178.54362,319.005,1095.43225,297.062,319.000,0,0,56.2,1.72e-07,1.74
2023-10-17 14:17:29,1178.53766,319.004,1095.43016,297.062,319.000,0,0,56.2,1.72e-07,1.74
2023-10-17 14:17:31,1178.53378,319.003,1095.43344,297.062,319.000,0,0,56.2,1.72e-07,1.74
2023-10-17 14:17:33,1178.52961,319.002,1095.43344,297.062,319.000,0,0,56.2,1.72e-07,1.74
2023-10-17 14:17:35,1178.52395,319.000,1095.43195,297.062,319.000,0,0,56.2,1.72e-07,1.74
2023-10-17 14:17:37,1178.52007,318.999,1095.43136,297.062,319.000,0,0,56.2,1.72e-07,1.74
2023-10-17 14:17:39,1178.51799,318.999,1095.43016,297.062,319.000,0,0,56.2,1.72e-07,1.74
2023-10-17 14:17:41,1178.51381,318.998,1095.42957,297.061,319.000,0,0,56.2,1.72e-07,1.74
2023-10-17 14:17:43,1178.50964,318.996,1095.42778,297.061,319.000,0,0,56.2,1.72e-07,1.74
2023-10-17 14:17:44,1178.50577,318.995,1095.42808,297.061,319.000,0,0,56.2,1.72e-07,1.74
2023-10-17 14:17:46,1178.50219,318.995,1095.42718,297.061,319.000,0,0,56.2,1.72e-07,1.74
2023-10-17 14:17:48,1178.49891,318.994,1095.42659,297.061,319.000,0,0,56.2,1.72e-07,1.74
2023-10-17 14:17:50,1178.49414,318.992,1095.42748,297.061,319.000,1,1,56.2,1.72e-07,1.74
2023-10-17 14:17:52,1178.49504,318.993,1095.42808,297.061,319.000,1,0,56.2,1.72e-07,1.74
2023-10-17 14:17:54,1178.54183,319.005,1095.43046,297.062,319.000,1,0,56.2,1.72e-07,1.74
2023-10-17 14:17:56,1178.56836,319.012,1095.42897,297.061,319.000,1,0,56.2,1.72e-07,1.74
2023-10-17 14:17:58,1178.57283,319.013,1095.42897,297.061,319.000,1,0,56.2,1.72e-07,1.74
2023-10-17 14:18:00,1178.56866,319.012,1095.42897,297.061,319.000,0,0,56.2,1.72e-07,1.74
2023-10-17 14:18:02,1178.5621,319.010,1095.42927,297.061,319.000,0,0,56.2,1.72e-07,1.74
2023-10-17 14:18:04,1178.55584,319.008,1095.42718,297.061,319.000,0,0,56.2,1.72e-07,1.74
2023-10-17 14:18:06,1178.55137,319.007,1095.42599,297.061,319.000,0,0,56.2,1.72e-07,1.74
2023-10-17 14:18:08,1178.5472,319.006,1095.42718,297.061,319.000,0,0,56.2,1.72e-07,1.74
2023-10-17 14:18:10,1178.54243,319.005,1095.42718,297.061,319.000,0,0,56.2,1.72e-07,1.74
2023-10-17 14:18:12,1178.54064,319.004,1095.4248,297.060,319.000,0,0,56.2,1.72e-07,1.74
2023-10-17 14:18:14,1178.53825,319.004,1095.42539,297.060,319.000,0,0,56.2,1.72e-07,1.74
2023-10-17 14:18:16,1178.53498,319.003,1095.42241,297.060,319.000,0,0,56.2,1.72e-07,1.74
2023-10-17 14:18:18,1178.53319,319.003,1095.42182,297.059,319.000,0,0,56.2,1.72e-07,1.74
2023-10-17 14:18:20,1178.5305,319.002,1095.42063,297.059,319.000,0,0,56.2,1.72e-07,1.74
2023-10-17 14:18:22,1178.52842,319.001,1095.42241,297.060,319.000,0,0,56.2,1.72e-07,1.74
2023-10-17 14:18:24,1178.52544,319.001,1095.42063,297.059,319.000,0,0,56.2,1.72e-07,1.74
2023-10-17 14:18:26,1178.52305,319.000,1095.42629,297.061,319.000,0,0,56.2,1.72e-07,1.74
2023-10-17 14:18:28,1178.52156,319.000,1095.42361,297.060,319.000,0,0,56.2,1.72e-07,1.74
2023-10-17 14:18:30,1178.51828,318.999,1095.4239,297.060,319.000,0,0,56.2,1.72e-07,1.74
2023-10-17 14:18:32,1178.5153,318.998,1095.42659,297.061,319.000,0,0,56.2,1.72e-07,1.74
2023-10-17 14:18:34,1178.51322,318.997,1095.42629,297.061,319.000,0,0,56.2,1.72e-07,1.74
2023-10-17 14:18:36,1178.50994,318.997,1095.42718,297.061,319.000,0,0,56.2,1.72e-07,1.74
2023-10-17 14:18:37,1178.50547,318.995,1095.42778,297.061,319.000,0,0,56.2,1.72e-07,1.74
2023-10-17 14:18:39,1178.50338,318.995,1095.42957,297.061,319.000,0,0,56.2,1.72e-07,1.74
2023-10-17 14:18:41,1178.49921,318.994,1095.43076,297.062,319.000,0,0,56.2,1.72e-07,1.74
2023-10-17 14:18:43,1178.49682,318.993,1095.43136,297.062,319.000,0,0,56.2,1.72e-07,1.74
2023-10-17 14:18:45,1178.49444,318.992,1095.43344,297.062,319.000,0,0,56.2,1.72e-07,1.74
2023-10-17 14:18:47,1178.49086,318.992,1095.43583,297.063,319.000,0,0,56.2,1.72e-07,1.74
2023-10-17 14:18:49,1178.48788,318.991,1095.43762,297.064,319.000,0,0,56.2,1.72e-07,1.74
2023-10-17 14:18:51,1178.48431,318.990,1095.44,297.064,319.000,1,1,56.2,1.72e-07,1.74
2023-10-17 14:18:53,1178.48431,318.990,1095.44477,297.065,319.000,1,0,56.2,1.72e-07,1.74
2023-10-17 14:18:55,1178.50875,318.996,1095.44566,297.066,319.000,1,0,56.2,1.72e-07,1.74
2023-10-17 14:18:57,1178.52156,319.000,1095.44596,297.066,319.000,1,0,56.2,1.72e-07,1.74
2023-10-17 14:18:59,1178.52335,319.000,1095.44566,297.066,319.000,1,0,56.2,1.72e-07,1.74
2023-10-17 14:19:01,1178.51918,318.999,1095.44685,297.066,319.000,0,0,56.2,1.72e-07,1.74
2023-10-17 14:19:03,1178.51381,318.998,1095.44715,297.066,319.000,0,0,56.2,1.72e-07,1.74
2023-10-17 14:19:05,1178.50875,318.996,1095.44656,297.066,319.000,0,0,56.2,1.72e-07,1.74
2023-10-17 14:19:07,1178.50547,318.995,1095.44805,297.066,319.000,0,0,56.2,1.72e-07,1.74
2023-10-17 14:19:09,1178.501,318.994,1095.44894,297.066,319.000,0,0,56.2,1.72e-07,1.74
2023-10-17 14:19:11,1178.49802,318.993,1095.44805,297.066,319.000,0,0,56.2,1.72e-07,1.74
2023-10-17 14:19:13,1178.49504,318.993,1095.45013,297.067,319.000,0,0,56.2,1.72e-07,1.74
2023-10-17 14:19:15,1178.49235,318.992,1095.45103,297.067,319.000,0,0,56.2,1.72e-07,1.74
2023-10-17 14:19:17,1178.48997,318.991,1095.45103,297.067,319.000,0,0,56.2,1.72e-07,1.74
2023-10-17 14:19:18,1178.4858,318.990,1095.44924,297.067,319.000,0,0,56.2,1.72e-07,1.74
2023-10-17 14:19:20,1178.48371,318.990,1095.45073,297.067,319.000,0,0,56.2,1.72e-07,1.74
2023-10-17 14:19:22,1178.48103,318.989,1095.45043,297.067,319.000,0,0,56.2,1.72e-07,1.74
2023-10-17 14:19:24,1178.47775,318.988,1095.45133,297.067,319.000,0,0,56.2,1.72e-07,1.74
2023-10-17 14:19:26,1178.47536,318.988,1095.45371,297.068,319.000,0,0,56.2,1.72e-07,1.74
2023-10-17 14:19:28,1178.47209,318.987,1095.4552,297.068,319.000,0,0,56.2,1.72e-07,1.74
2023-10-17 14:19:30,1178.4697,318.986,1095.45431,297.068,319.000,0,0,56.2,1.72e-07,1.74
2023-10-17 14:19:32,1178.46553,318.985,1095.4546,297.068,319.000,0,0,56.2,1.72e-07,1.74
2023-10-17 14:19:34,1178.46255,318.984,1095.4546,297.068,319.000,0,0,56.2,1.72e-07,1.74
2023-10-17 14:19:36,1178.45748,318.983,1095.45192,297.067,319.000,0,0,56.2,1.72e-07,1.74
2023-10-17 14:19:38,1178.4545,318.982,1095.44984,297.067,319.000,0,0,56.2,1.72e-07,1.74
2023-10-17 14:19:40,1178.45152,318.981,1095.44984,297.067,319.000,0,0,56.2,1.72e-07,1.74
2023-10-17 14:19:42,1178.44794,318.980,1095.44954,297.067,319.000,0,0,56.2,1.72e-07,1.74
2023-10-17 14:19:44,1178.44526,318.980,1095.44864,297.066,319.000,0,0,56.2,1.72e-07,1.74
2023-10-17 14:19:46,1178.44288,318.979,1095.44805,297.066,319.000,0,0,56.2,1.72e-07,1.74
2023-10-17 14:19:48,1178.4387,318.978,1095.44656,297.066,319.000,0,0,56.2,1.72e-07,1.74
2023-10-17 14:19:50,1178.43453,318.977,1095.44507,297.065,319.000,0,0,56.2,1.72e-07,1.74
2023-10-17 14:19:52,1178.43185,318.976,1095.44626,297.066,319.000,0,0,56.2,1.72e-07,1.74
2023-10-17 14:19:54,1178.42708,318.975,1095.44209,297.065,319.000,1,0,56.2,1.72e-07,1.74
2023-10-17 14:19:56,1178.44794,318.980,1095.44089,297.064,319.000,1,0,56.2,1.72e-07,1.74
2023-10-17 14:19:58,1178.4706,318.986,1095.44209,297.065,319.000,1,0,56.2,1.72e-07,1.74
2023-10-17 14:20:00,1178.47536,318.988,1095.44119,297.064,319.000,1,0,56.2,1.72e-07,1.74
2023-10-17 14:20:02,1178.47209,318.987,1095.44119,297.064,319.000,0,0,56.2,1.72e-07,1.74
2023-10-17 14:20:04,1178.46583,318.985,1095.44119,297.064,319.000,0,0,56.2,1.72e-07,1.74
2023-10-17 14:20:05,1178.46046,318.984,1095.43851,297.064,319.000,0,0,56.2,1.72e-07,1.74
2023-10-17 14:20:08,1178.45688,318.983,1095.43672,297.063,319.000,0,0,56.2,1.72e-07,1.74
2023-10-17 14:20:09,1178.45301,318.982,1095.43583,297.063,319.000,0,0,56.2,1.72e-07,1.74
2023-10-17 14:20:11,1178.44943,318.981,1095.43642,297.063,319.000,0,0,56.2,1.72e-07,1.74
2023-10-17 14:20:13,1178.44586,318.980,1095.43583,297.063,319.000,0,0,56.2,1.72e-07,1.74
2023-10-17 14:20:15,1178.44317,318.979,1095.43493,297.063,319.000,0,0,56.2,1.72e-07,1.74
2023-10-17 14:20:17,1178.44109,318.979,1095.43553,297.063,319.000,0,0,56.2,1.72e-07,1.74
2023-10-17 14:20:19,1178.43841,318.978,1095.43314,297.062,319.000,0,0,56.2,1.72e-07,1.74
2023-10-17 14:20:21,1178.43513,318.977,1095.43583,297.063,319.000,0,0,56.2,1.72e-07,1.74
2023-10-17 14:20:23,1178.43185,318.976,1095.43463,297.063,319.000,0,0,56.2,1.72e-07,1.74
2023-10-17 14:20:25,1178.42917,318.976,1095.43136,297.062,319.000,0,0,56.2,1.72e-07,1.74
2023-10-17 14:20:27,1178.42618,318.975,1095.42838,297.061,319.000,0,0,56.2,1.72e-07,1.74
2023-10-17 14:20:29,1178.42171,318.974,1095.42629,297.061,319.000,0,0,56.2,1.72e-07,1.74
2023-10-17 14:20:31,1178.41844,318.973,1095.4248,297.060,319.000,0,0,56.2,1.72e-07,1.74
2023-10-17 14:20:33,1178.41605,318.972,1095.42241,297.060,319.000,0,0,56.2,1.72e-07,1.74
2023-10-17 14:20:35,1178.41665,318.972,1095.42241,297.060,319.000,0,0,56.2,1.72e-07,1.74
2023-10-17 14:20:37,1178.41009,318.971,1095.42152,297.059,319.000,0,0,56.2,1.72e-07,1.74
2023-10-17 14:20:39,1178.40741,318.970,1095.42182,297.059,319.000,0,0,56.2,1.72e-07,1.74
2023-10-17 14:20:41,1178.40353,318.969,1095.42122,297.059,319.000,0,0,56.2,1.72e-07,1.74
2023-10-17 14:20:43,1178.39966,318.968,1095.41794,297.058,319.000,0,0,56.2,1.72e-07,1.74
2023-10-17 14:20:45,1178.39638,318.967,1095.41586,297.058,319.000,0,0,56.2,1.72e-07,1.74
2023-10-17 14:20:47,1178.3931,318.966,1095.41437,297.058,319.000,0,0,56.2,1.72e-07,1.74
2023-10-17 14:20:49,1178.38952,318.965,1095.41139,297.057,319.000,0,0,56.2,1.72e-07,1.74
2023-10-17 14:20:51,1178.38654,318.965,1095.41109,297.057,319.000,0,0,56.2,1.72e-07,1.74
2023-10-17 14:20:53,1178.38267,318.964,1095.40841,297.056,319.000,0,0,56.2,1.72e-07,1.74
2023-10-17 14:20:54,1178.37879,318.963,1095.40721,297.056,319.000,1,1,56.2,1.72e-07,1.74
2023-10-17 14:20:56,1178.39012,318.965,1095.40393,297.055,319.000,1,0,56.2,1.72e-07,1.74
2023-10-17 14:20:58,1178.4551,318.982,1095.40334,297.055,319.000,1,0,56.2,1.72e-07,1.74
2023-10-17 14:21:00,1178.48729,318.991,1095.40006,297.054,319.000,1,0,56.2,1.72e-07,1.74
2023-10-17 14:21:02,1178.49295,318.992,1095.39887,297.054,319.000,1,0,56.2,1.72e-07,1.74
2023-10-17 14:21:04,1178.48848,318.991,1095.3932,297.052,319.000,0,0,56.2,1.72e-07,1.74
2023-10-17 14:21:06,1178.47954,318.989,1095.39112,297.052,319.000,0,0,56.2,1.72e-07,1.74
2023-10-17 14:21:08,1178.47387,318.987,1095.39022,297.051,319.000,0,0,56.2,1.72e-07,1.74
2023-10-17 14:21:10,1178.46791,318.986,1095.38963,297.051,319.000,0,0,56.2,1.72e-07,1.74
2023-10-17 14:21:12,1178.46463,318.985,1095.39022,297.051,319.000,0,0,56.2,1.72e-07,1.74
2023-10-17 14:21:14,1178.46165,318.984,1095.38963,297.051,319.000,0,0,56.2,1.72e-07,1.74
2023-10-17 14:21:16,1178.46016,318.984,1095.38963,297.051,319.000,0,0,56.2,1.72e-07,1.74
2023-10-17 14:21:18,1178.45867,318.983,1095.39082,297.052,319.000,0,0,56.2,1.72e-07,1.74
2023-10-17 14:21:20,1178.45838,318.983,1095.39112,297.052,319.000,0,0,56.2,1.72e-07,1.74
2023-10-17 14:21:22,1178.4542,318.982,1095.39291,297.052,319.000,0,0,56.2,1.72e-07,1.74
2023-10-17 14:21:24,1178.45301,318.982,1095.3938,297.052,319.000,0,0,56.2,1.72e-07,1.74
2023-10-17 14:21:26,1178.45092,318.981,1095.39142,297.052,319.000,0,0,56.2,1.72e-07,1.74
2023-10-17 14:21:28,1178.44824,318.981,1095.38993,297.051,319.000,0,0,56.2,1.72e-07,1.74
2023-10-17 14:21:30,1178.44675,318.980,1095.38963,297.051,319.000,0,0,56.2,1.72e-07,1.74
2023-10-17 14:21:32,1178.44496,318.980,1095.38903,297.051,319.000,0,0,56.2,1.72e-07,1.74
2023-10-17 14:21:34,1178.44317,318.979,1095.38903,297.051,319.000,0,0,56.2,1.72e-07,1.74
2023-10-17 14:21:36,1178.44019,318.978,1095.38784,297.051,319.000,0,0,56.2,1.72e-07,1.74
2023-10-17 14:21:38,1178.43781,318.978,1095.38814,297.051,319.000,0,0,56.2,1.72e-07,1.74
2023-10-17 14:21:39,1178.43572,318.977,1095.38903,297.051,319.000,0,0,56.2,1.72e-07,1.74
2023-10-17 14:21:41,1178.43244,318.976,1095.38963,297.051,319.000,0,0,56.2,1.72e-07,1.74
2023-10-17 14:21:43,1178.42917,318.976,1095.38724,297.051,319.000,0,0,56.2,1.72e-07,1.74
2023-10-17 14:21:45,1178.42618,318.975,1095.39231,297.052,319.000,0,0,56.2,1.72e-07,1.74
2023-10-17 14:21:47,1178.4241,318.974,1095.3947,297.053,319.000,0,0,56.2,1.72e-07,1.74
2023-10-17 14:21:49,1178.4241,318.974,1095.3935,297.052,319.000,0,0,56.2,1.72e-07,1.74
2023-10-17 14:21:51,1178.41814,318.973,1095.3932,297.052,319.000,0,0,56.2,1.72e-07,1.74
2023-10-17 14:21:53,1178.41545,318.972,1095.3941,297.052,319.000,0,0,56.2,1.72e-07,1.74
2023-10-17 14:21:55,1178.41128,318.971,1095.3944,297.052,319.000,1,1,56.2,1.72e-07,1.74
2023-10-17 14:21:57,1178.41396,318.972,1095.39589,297.053,319.000,1,0,56.2,1.72e-07,1.74
2023-10-17 14:21:59,1178.46463,318.985,1095.39678,297.053,319.000,1,0,56.2,1.72e-07,1.74
2023-10-17 14:22:01,1178.49682,318.993,1095.39827,297.053,319.000,1,0,56.2,1.72e-07,1.74
2023-10-17 14:22:03,1178.50219,318.995,1095.39917,297.054,319.000,1,0,56.2,1.72e-07,1.74
2023-10-17 14:22:05,1178.49772,318.993,1095.40036,297.054,319.000,0,0,56.2,1.72e-07,1.74
2023-10-17 14:22:07,1178.49176,318.992,1095.40095,297.054,319.000,0,0,56.2,1.72e-07,1.74
2023-10-17 14:22:09,1178.4852,318.990,1095.40215,297.054,319.000,0,0,56.2,1.72e-07,1.74
2023-10-17 14:22:11,1178.48013,318.989,1095.40602,297.055,319.000,0,0,56.2,1.72e-07,1.74
2023-10-17 14:22:13,1178.47656,318.988,1095.40572,297.055,319.000,0,0,56.2,1.72e-07,1.74
2023-10-17 14:22:15,1178.47358,318.987,1095.40811,297.056,319.000,0,0,56.2,1.72e-07,1.74
2023-10-17 14:22:17,1178.47179,318.987,1095.40751,297.056,319.000,0,0,56.2,1.72e-07,1.74
2023-10-17 14:22:19,1178.4694,318.986,1095.40781,297.056,319.000,0,0,56.2,1.72e-07,1.74
2023-10-17 14:22:21,1178.46821,318.986,1095.40811,297.056,319.000,0,0,56.2,1.72e-07,1.74
2023-10-17 14:22:23,1178.46553,318.985,1095.409,297.056,319.000,0,0,56.2,1.72e-07,1.74
2023-10-17 14:22:25,1178.46314,318.984,1095.41019,297.057,319.000,0,0,56.2,1.72e-07,1.74
2023-10-17 14:22:26,1178.46165,318.984,1095.41258,297.057,319.000,0,0,56.2,1.72e-07,1.74
2023-10-17 14:22:28,1178.45897,318.983,1095.41437,297.058,319.000,0,0,56.2,1.72e-07,1.74
2023-10-17 14:22:30,1178.45688,318.983,1095.41765,297.058,319.000,0,0,56.2,1.72e-07,1.74
2023-10-17 14:22:32,1178.4542,318.982,1095.41914,297.059,319.000,0,0,56.2,1.72e-07,1.74
2023-10-17 14:22:34,1178.45241,318.982,1095.4239,297.060,319.000,0,0,56.2,1.72e-07,1.74
2023-10-17 14:22:36,1178.44943,318.981,1095.42718,297.061,319.000,0,0,56.2,1.72e-07,1.74
2023-10-17 14:22:38,1178.44705,318.980,1095.42897,297.061,319.000,0,0,56.2,1.72e-07,1.74
2023-10-17 14:22:40,1178.44377,318.979,1095.43046,297.062,319.000,0,0,56.2,1.72e-07,1.74
2023-10-17 14:22:42,1178.44109,318.979,1095.42927,297.061,319.000,0,0,56.2,1.72e-07,1.74
2023-10-17 14:22:44,1178.43691,318.978,1095.43106,297.062,319.000,0,0,56.2,1.72e-07,1.74
2023-10-17 14:22:46,1178.43483,318.977,1095.43046,297.062,319.000,0,0,56.2,1.72e-07,1.74
2023-10-17 14:22:48,1178.43125,318.976,1095.43255,297.062,319.000,0,0,56.2,1.72e-07,1.74
2023-10-17 14:22:50,1178.42917,318.976,1095.43225,297.062,319.000,0,0,56.2,1.72e-07,1.74
2023-10-17 14:22:52,1178.42559,318.975,1095.43583,297.063,319.000,0,0,56.2,1.72e-07,1.74
2023-10-17 14:22:54,1178.42231,318.974,1095.43821,297.064,319.000,0,0,56.2,1.72e-07,1.74
2023-10-17 14:22:56,1178.41873,318.973,1095.43732,297.063,319.000,0,0,56.2,1.72e-07,1.74
2023-10-17 14:22:58,1178.41486,318.972,1095.43911,297.064,319.000,1,0,56.2,1.72e-07,1.74
2023-10-17 14:23:00,1178.439,318.978,1095.44209,297.065,319.000,1,0,56.2,1.72e-07,1.74
2023-10-17 14:23:02,1178.45569,318.982,1095.44119,297.064,319.000,1,0,56.2,1.72e-07,1.74
2023-10-17 14:23:04,1178.45838,318.983,1095.44447,297.065,319.000,1,0,56.2,1.72e-07,1.74
2023-10-17 14:23:06,1178.4551,318.982,1095.44685,297.066,319.000,0,0,56.2,1.72e-07,1.74
2023-10-17 14:23:08,1178.44973,318.981,1095.44864,297.066,319.000,0,0,56.2,1.72e-07,1.74
2023-10-17 14:23:10,1178.44496,318.980,1095.44984,297.067,319.000,0,0,56.2,1.72e-07,1.74
2023-10-17 14:23:12,1178.44139,318.979,1095.44805,297.066,319.000,0,0,56.2,1.72e-07,1.74
2023-10-17 14:23:14,1178.43721,318.978,1095.45073,297.067,319.000,0,0,56.2,1.72e-07,1.74
2023-10-17 14:23:16,1178.43393,318.977,1095.45222,297.067,319.000,0,0,56.2,1.72e-07,1.74
2023-10-17 14:23:17,1178.42976,318.976,1095.45282,297.067,319.000,0,0,56.2,1.72e-07,1.74
