time,sample_holder_res,sample_holder_temp,exhaust_res,exhaust_temp,target_temp,cooling_active,heating_active,proportional,integral,derivative
2023-10-24 23:13:43,900.56337,247.700,295.919333,98.882,-1.000,0,0,0,0,0
2023-10-24 23:13:44,900.520152,247.689,297.452234,99.243,-1.000,0,0,71,3.07e-07,5.92
2023-10-24 23:13:46,900.472761,247.677,298.974107,99.601,-1.000,0,0,71,3.07e-07,5.92
2023-10-24 23:13:48,900.425966,247.665,300.529958,99.968,100.000,0,0,71,3.07e-07,5.92
2023-10-24 23:13:50,900.381258,247.653,302.177611,100.357,100.000,0,0,71,3.07e-07,5.92
2023-10-24 23:13:52,900.338636,247.643,308.029638,101.737,100.000,1,0,71,3.07e-07,5.92
2023-10-24 23:13:54,900.295716,247.632,412.536048,126.619,100.000,1,0,71,3.07e-07,5.92
2023-10-24 23:13:56,900.244451,247.619,449.883632,135.609,100.000,1,0,71,3.07e-07,5.92
2023-10-24 23:13:58,900.171129,247.600,476.046373,141.935,100.000,1,0,71,3.07e-07,5.92
2023-10-24 23:14:00,900.068598,247.574,493.10351,146.072,100.000,1,0,71,3.07e-07,5.92
2023-10-24 23:14:02,899.933578,247.540,505.374468,149.054,100.000,1,0,71,3.07e-07,5.92
2023-10-24 23:14:04,899.768753,247.498,515.50598,151.520,100.000,1,0,71,3.07e-07,5.92
2023-10-24 23:14:06,899.577998,247.450,524.773131,153.778,100.000,1,0,71,3.07e-07,5.92
2023-10-24 23:14:08,899.361609,247.395,530.572105,155.192,100.000,1,0,71,3.07e-07,5.92
2023-10-24 23:14:10,899.125251,247.335,540.498555,157.616,100.000,1,0,71,3.07e-07,5.92
2023-10-24 23:14:12,898.870711,247.270,545.400977,158.814,100.000,1,0,71,3.07e-07,5.92
2023-10-24 23:14:14,898.603355,247.202,551.95433,160.417,100.000,1,0,71,3.07e-07,5.92
2023-10-24 23:14:16,898.320798,247.131,555.965564,161.399,100.000,1,0,71,3.07e-07,5.92
2023-10-24 23:14:18,898.027213,247.056,559.444472,162.251,100.000,1,0,71,3.07e-07,5.92
2023-10-24 23:14:20,897.722302,246.979,563.460476,163.234,100.000,1,0,71,3.07e-07,5.92
2023-10-24 23:14:22,897.409046,246.899,565.987691,163.854,100.000,1,0,71,3.07e-07,5.92
2023-10-24 23:14:23,897.087145,246.818,569.656459,164.753,100.000,1,0,71,3.07e-07,5.92
2023-10-24 23:14:25,896.757198,246.734,572.629268,165.482,100.000,1,0,71,3.07e-07,5.92
2023-10-24 23:14:27,896.420693,246.648,572.877846,165.543,100.000,1,0,71,3.07e-07,5.92
2023-10-24 23:14:29,896.080015,246.562,574.990466,166.062,100.000,1,0,71,3.07e-07,5.92
2023-10-24 23:14:31,895.737549,246.475,574.616704,165.970,100.000,1,0,71,3.07e-07,5.92
2023-10-24 23:14:34,895.386439,246.386,575.77167,166.253,100.000,1,0,71,3.07e-07,5.92
2023-10-24 23:14:36,894.959921,246.278,576.689682,166.479,100.000,1,0,71,3.07e-07,5.92
2023-10-24 23:14:38,894.603745,246.188,576.771945,166.499,100.000,1,0,71,3.07e-07,5.92
2023-10-24 23:14:40,894.243097,246.096,577.399353,166.653,100.000,1,0,71,3.07e-07,5.92
2023-10-24 23:14:41,893.879171,246.004,577.483405,166.673,100.000,1,0,71,3.07e-07,5.92
2023-10-24 23:14:43,893.513456,245.911,578.12959,166.832,100.000,1,0,71,3.07e-07,5.92
2023-10-24 23:14:45,893.145954,245.818,577.094442,166.578,100.000,1,0,71,3.07e-07,5.92
2023-10-24 23:14:47,892.777557,245.724,577.461945,166.668,100.000,1,0,71,3.07e-07,5.92
2023-10-24 23:14:49,892.406179,245.630,577.006813,166.556,100.000,1,0,71,3.07e-07,5.92
2023-10-24 23:14:51,892.033311,245.536,576.979392,166.550,100.000,1,0,71,3.07e-07,5.92
2023-10-24 23:14:53,891.657165,245.440,577.035725,166.563,100.000,1,0,71,3.07e-07,5.92
2023-10-24 23:14:55,891.281615,245.345,577.119479,166.584,100.000,1,0,71,3.07e-07,5.92
2023-10-24 23:14:57,890.904872,245.249,577.039003,166.564,100.000,1,0,71,3.07e-07,5.92
2023-10-24 23:14:59,890.523063,245.153,576.757341,166.495,100.000,1,0,71,3.07e-07,5.92
2023-10-24 23:15:01,890.137676,245.055,575.651256,166.224,100.000,1,0,71,3.07e-07,5.92
2023-10-24 23:15:03,889.746925,244.956,575.080777,166.084,100.000,1,0,71,3.07e-07,5.92
2023-10-24 23:15:05,889.355578,244.857,574.268873,165.885,100.000,1,0,71,3.07e-07,5.92
2023-10-24 23:15:07,888.962442,244.757,574.079906,165.838,100.000,1,0,71,3.07e-07,5.92
2023-10-24 23:15:09,888.565432,244.656,572.943419,165.559,100.000,1,0,71,3.07e-07,5.92
2023-10-24 23:15:11,888.163951,244.555,571.523779,165.211,100.000,1,0,71,3.07e-07,5.92
2023-10-24 23:15:13,887.759489,244.452,570.009656,164.840,100.000,1,0,71,3.07e-07,5.92
2023-10-24 23:15:15,887.349961,244.348,568.221917,164.401,100.000,1,0,71,3.07e-07,5.92
2023-10-24 23:15:17,886.934769,244.243,566.544757,163.990,100.000,1,0,71,3.07e-07,5.92
2023-10-24 23:15:19,886.512722,244.136,564.759999,163.553,100.000,1,0,71,3.07e-07,5.92
2023-10-24 23:15:21,886.084118,244.027,562.943349,163.108,100.000,1,0,71,3.07e-07,5.92
2023-10-24 23:15:23,885.651937,243.918,559.84953,162.350,100.000,1,0,71,3.07e-07,5.92
2023-10-24 23:15:25,885.215583,243.807,556.648708,161.566,100.000,1,0,71,3.07e-07,5.92
2023-10-24 23:15:27,884.773864,243.695,553.349231,160.759,100.000,1,0,71,3.07e-07,5.92
2023-10-24 23:15:28,884.320521,243.580,549.847075,159.902,100.000,1,0,71,3.07e-07,5.92
2023-10-24 23:15:30,883.858535,243.463,546.27428,159.028,100.000,1,0,71,3.07e-07,5.92
2023-10-24 23:15:32,883.390885,243.345,542.590907,158.128,100.000,1,0,71,3.07e-07,5.92
2023-10-24 23:15:34,882.919659,243.225,539.161179,157.290,100.000,1,0,71,3.07e-07,5.92
2023-10-24 23:15:36,882.435617,243.103,535.592855,156.418,100.000,1,0,71,3.07e-07,5.92
2023-10-24 23:15:38,881.95217,242.980,526.637768,154.233,100.000,1,0,71,3.07e-07,5.92
2023-10-24 23:15:40,881.461868,242.856,520.511529,152.739,100.000,1,0,71,3.07e-07,5.92
2023-10-24 23:15:42,880.966202,242.730,515.035946,151.405,100.000,1,0,71,3.07e-07,5.92
2023-10-24 23:15:44,880.463381,242.603,510.032186,150.187,100.000,1,0,71,3.07e-07,5.92
2023-10-24 23:15:46,879.955196,242.474,504.641846,148.876,100.000,1,0,71,3.07e-07,5.92
2023-10-24 23:15:48,879.439262,242.344,500.617497,147.897,100.000,1,0,71,3.07e-07,5.92
2023-10-24 23:15:50,878.919154,242.212,496.501943,146.897,100.000,1,0,71,3.07e-07,5.92
2023-10-24 23:15:52,878.39249,242.078,492.759852,145.988,100.000,1,0,71,3.07e-07,5.92
2023-10-24 23:15:54,877.859566,241.943,465.134551,139.294,100.000,1,0,71,3.07e-07,5.92
2023-10-24 23:15:56,877.32396,241.808,442.873359,133.917,100.000,1,0,71,3.07e-07,5.92
2023-10-24 23:15:58,876.766595,241.667,428.067736,130.351,100.000,1,0,71,3.07e-07,5.92
2023-10-24 23:16:00,876.166013,241.514,419.982376,128.407,100.000,1,0,71,3.07e-07,5.92
2023-10-24 23:16:02,875.549932,241.358,409.346851,125.853,100.000,1,0,71,3.07e-07,5.92
2023-10-24 23:16:04,874.926995,241.201,405.726367,124.985,100.000,1,0,71,3.07e-07,5.92
2023-10-24 23:16:06,874.313894,241.045,404.960066,124.801,100.000,1,0,71,3.07e-07,5.92
2023-10-24 23:16:08,873.715696,240.894,405.322502,124.888,100.000,1,0,71,3.07e-07,5.92
2023-10-24 23:16:10,873.128228,240.745,378.85306,118.554,100.000,1,0,71,3.07e-07,5.92
2023-10-24 23:16:12,872.538376,240.596,358.936674,113.805,100.000,1,0,71,3.07e-07,5.92
2023-10-24 23:16:14,871.928554,240.441,348.324397,111.281,100.000,1,0,71,3.07e-07,5.92
2023-10-24 23:16:16,871.301742,240.283,338.132081,108.861,100.000,1,0,71,3.07e-07,5.92
2023-10-24 23:16:17,870.659134,240.120,319.200173,104.377,100.000,1,0,71,3.07e-07,5.92
2023-10-24 23:16:19,870.002517,239.954,311.468606,102.549,100.000,1,0,71,3.07e-07,5.92
2023-10-24 23:16:21,869.334872,239.785,305.532527,101.148,100.000,1,0,71,3.07e-07,5.92
2023-10-24 23:16:23,868.666929,239.616,305.096173,101.045,100.000,1,0,71,3.07e-07,5.92
2023-10-24 23:16:25,868.017466,239.451,307.988506,101.728,100.000,1,0,71,3.07e-07,5.92
2023-10-24 23:16:27,867.390654,239.293,277.64285,94.583,100.000,1,0,71,3.07e-07,5.92
2023-10-24 23:16:29,866.750132,239.131,212.620487,79.405,100.000,1,0,71,3.07e-07,5.92
2023-10-24 23:16:31,866.091429,238.964,210.658684,78.950,100.000,1,0,71,3.07e-07,5.92
2023-10-24 23:16:33,865.422592,238.795,214.610308,79.867,100.000,1,0,71,3.07e-07,5.92
2023-10-24 23:16:35,864.747793,238.624,229.899974,83.421,100.000,1,0,71,3.07e-07,5.92
2023-10-24 23:16:37,864.067034,238.452,198.227671,76.070,100.000,1,0,71,3.07e-07,5.92
2023-10-24 23:16:39,863.389255,238.280,232.929711,84.126,100.000,1,0,71,3.07e-07,5.92
2023-10-24 23:16:41,862.723697,238.112,244.384592,86.797,100.000,1,0,71,3.07e-07,5.92
2023-10-24 23:16:43,862.076319,237.948,251.409469,88.438,100.000,1,0,71,3.07e-07,5.92
2023-10-24 23:16:45,861.451892,237.790,200.237461,76.535,100.000,1,0,71,3.07e-07,5.92
2023-10-24 23:16:47,860.815245,237.629,200.658316,76.633,100.000,1,0,71,3.07e-07,5.92
2023-10-24 23:16:49,860.159821,237.463,198.767748,76.195,100.000,1,0,71,3.07e-07,5.92
2023-10-24 23:16:51,859.497541,237.296,198.596068,76.155,100.000,1,0,71,3.07e-07,5.92
2023-10-24 23:16:53,858.829598,237.127,200.028822,76.487,100.000,1,0,71,3.07e-07,5.92
2023-10-24 23:16:55,858.163741,236.958,197.955844,76.007,100.000,1,0,71,3.07e-07,5.92
2023-10-24 23:16:57,857.500865,236.791,213.148642,79.528,100.000,1,0,71,3.07e-07,5.92
2023-10-24 23:16:59,856.837393,236.623,221.138624,81.383,100.000,1,0,71,3.07e-07,5.92
2023-10-24 23:17:01,856.186141,236.458,230.359576,83.528,100.000,1,0,71,3.07e-07,5.92
2023-10-24 23:17:02,855.558435,236.300,231.519311,83.798,100.000,1,0,71,3.07e-07,5.92
2023-10-24 23:17:05,854.943248,236.144,197.903088,75.995,100.000,1,0,71,3.07e-07,5.92
2023-10-24 23:17:06,854.312562,235.985,197.880734,75.990,100.000,1,0,71,3.07e-07,5.92
2023-10-24 23:17:08,853.669358,235.822,197.886695,75.991,100.000,1,0,71,3.07e-07,5.92
2023-10-24 23:17:10,853.018702,235.658,197.855399,75.984,100.000,1,0,71,3.07e-07,5.92
2023-10-24 23:17:12,852.365363,235.492,197.872984,75.988,100.000,1,0,71,3.07e-07,5.92
2023-10-24 23:17:14,851.71441,235.328,197.877753,75.989,100.000,1,0,71,3.07e-07,5.92
2023-10-24 23:17:16,851.068821,235.165,197.834237,75.979,100.000,1,0,71,3.07e-07,5.92
2023-10-24 23:17:18,850.424424,235.002,206.538361,77.995,100.000,1,0,71,3.07e-07,5.92
2023-10-24 23:17:20,849.796122,234.843,216.823372,80.381,100.000,1,0,71,3.07e-07,5.92
2023-10-24 23:17:22,849.193454,234.691,215.715201,80.123,100.000,1,0,71,3.07e-07,5.92
2023-10-24 23:17:24,848.602111,234.541,197.866725,75.987,100.000,1,0,71,3.07e-07,5.92
2023-10-24 23:17:26,847.988712,234.386,197.868216,75.987,100.000,1,0,71,3.07e-07,5.92
2023-10-24 23:17:28,847.361603,234.228,197.882224,75.990,100.000,1,0,71,3.07e-07,5.92
2023-10-24 23:17:30,846.729128,234.068,197.857187,75.984,100.000,1,0,71,3.07e-07,5.92
2023-10-24 23:17:32,846.094269,233.908,197.838112,75.980,100.000,1,0,71,3.07e-07,5.92
2023-10-24 23:17:34,845.460603,233.748,197.89057,75.992,100.000,1,0,71,3.07e-07,5.92
2023-10-24 23:17:36,844.82485,233.587,197.860764,75.985,100.000,1,0,71,3.07e-07,5.92
2023-10-24 23:17:38,844.195654,233.428,202.714901,77.109,100.000,1,0,71,3.07e-07,5.92
2023-10-24 23:17:40,843.574804,233.271,213.883946,79.698,100.000,1,0,71,3.07e-07,5.92
2023-10-24 23:17:42,842.976904,233.120,213.800788,79.679,100.000,1,0,71,3.07e-07,5.92
2023-10-24 23:17:44,842.383475,232.971,197.868812,75.987,100.000,1,0,71,3.07e-07,5.92
2023-10-24 23:17:46,841.779316,232.818,197.857784,75.985,100.000,1,0,71,3.07e-07,5.92
2023-10-24 23:17:48,841.168301,232.664,197.856889,75.984,100.000,1,0,71,3.07e-07,5.92
2023-10-24 23:17:50,840.554008,232.509,197.878051,75.989,100.000,1,0,71,3.07e-07,5.92
2023-10-24 23:17:52,839.938523,232.353,197.850928,75.983,100.000,1,0,71,3.07e-07,5.92
2023-10-24 23:17:53,839.326615,232.199,197.877455,75.989,100.000,1,0,71,3.07e-07,5.92
2023-10-24 23:17:55,838.713812,232.044,197.853313,75.984,100.000,1,0,71,3.07e-07,5.92
2023-10-24 23:17:57,838.104288,231.890,205.040928,77.648,100.000,1,0,71,3.07e-07,5.92
2023-10-24 23:17:59,837.505196,231.739,215.215361,80.007,100.000,1,0,71,3.07e-07,5.92
2023-10-24 23:18:01,836.925477,231.592,197.84765,75.982,100.000,1,0,71,3.07e-07,5.92
2023-10-24 23:18:03,836.345758,231.446,197.870302,75.988,100.000,1,0,71,3.07e-07,5.92
2023-10-24 23:18:05,835.752925,231.296,197.861062,75.985,100.000,1,0,71,3.07e-07,5.92
2023-10-24 23:18:07,835.153535,231.145,197.864937,75.986,100.000,1,0,71,3.07e-07,5.92
2023-10-24 23:18:09,834.553549,230.994,197.862552,75.986,100.000,1,0,71,3.07e-07,5.92
2023-10-24 23:18:11,833.95863,230.844,197.875369,75.989,100.000,1,0,71,3.07e-07,5.92
2023-10-24 23:18:13,833.360432,230.693,197.841391,75.981,100.000,1,0,71,3.07e-07,5.92
2023-10-24 23:18:15,832.758955,230.541,197.851226,75.983,100.000,1,0,71,3.07e-07,5.92
2023-10-24 23:18:17,832.162545,230.390,209.016993,78.569,100.000,1,0,71,3.07e-07,5.92
2023-10-24 23:18:19,831.584317,230.244,213.227031,79.546,100.000,1,0,71,3.07e-07,5.92
2023-10-24 23:18:21,831.026655,230.104,197.862552,75.986,100.000,1,0,71,3.07e-07,5.92
2023-10-24 23:18:23,830.455878,229.960,197.861658,75.986,100.000,1,0,71,3.07e-07,5.92
2023-10-24 23:18:25,829.876159,229.814,197.862851,75.986,100.000,1,0,71,3.07e-07,5.92
2023-10-24 23:18:27,829.292566,229.666,197.854803,75.984,100.000,1,0,71,3.07e-07,5.92
2023-10-24 23:18:29,828.706886,229.519,197.868812,75.987,100.000,1,0,71,3.07e-07,5.92
2023-10-24 23:18:31,828.12687,229.372,197.885205,75.991,100.000,0,0,71,3.07e-07,5.92
2023-10-24 23:18:33,827.541488,229.225,197.754656,75.961,100.000,0,0,71,3.07e-07,5.92
2023-10-24 23:18:35,826.965346,229.079,197.753762,75.961,100.000,0,0,71,3.07e-07,5.92
2023-10-24 23:18:37,826.40828,228.939,197.75406,75.961,100.000,0,0,71,3.07e-07,5.92
2023-10-24 23:18:39,825.881318,228.806,197.754954,75.961,100.000,0,0,71,3.07e-07,5.92
2023-10-24 23:18:40,825.390122,228.682,197.75555,75.961,100.000,0,0,71,3.07e-07,5.92
2023-10-24 23:18:42,824.93052,228.566,197.757041,75.961,100.000,0,0,71,3.07e-07,5.92
2023-10-24 23:18:44,824.496848,228.457,197.757041,75.961,100.000,0,0,71,3.07e-07,5.92
2023-10-24 23:18:46,824.087916,228.354,197.758233,75.962,100.000,0,0,71,3.07e-07,5.92
2023-10-24 23:18:48,823.697761,228.255,197.759425,75.962,100.000,0,0,71,3.07e-07,5.92
2023-10-24 23:18:50,823.331152,228.163,197.759425,75.962,100.000,0,0,71,3.07e-07,5.92
2023-10-24 23:18:52,822.984513,228.075,197.760319,75.962,100.000,0,0,71,3.07e-07,5.92
2023-10-24 23:18:54,822.656056,227.993,197.760617,75.962,100.000,0,0,71,3.07e-07,5.92
2023-10-24 23:18:56,822.346674,227.915,197.761512,75.962,100.000,0,0,71,3.07e-07,5.92
2023-10-24 23:18:58,822.055473,227.841,197.7633,75.963,100.000,0,0,71,3.07e-07,5.92
2023-10-24 23:19:00,821.779176,227.772,197.768367,75.964,100.000,0,0,71,3.07e-07,5.92
2023-10-24 23:19:02,821.518079,227.706,197.811287,75.974,100.000,0,0,71,3.07e-07,5.92
2023-10-24 23:19:04,821.272481,227.644,197.948989,76.006,100.000,0,0,71,3.07e-07,5.92
2023-10-24 23:19:06,821.042084,227.586,198.299502,76.087,100.000,0,0,71,3.07e-07,5.92
2023-10-24 23:19:08,820.824801,227.531,198.730491,76.187,100.000,0,0,71,3.07e-07,5.92
2023-10-24 23:19:10,820.61944,227.479,199.136741,76.281,100.000,0,0,71,3.07e-07,5.92
2023-10-24 23:19:12,820.425108,227.430,199.559086,76.378,100.000,0,0,71,3.07e-07,5.92
2023-10-24 23:19:14,820.244188,227.385,200.018092,76.485,100.000,0,0,71,3.07e-07,5.92
2023-10-24 23:19:16,820.07072,227.341,200.423746,76.578,100.000,0,0,71,3.07e-07,5.92
2023-10-24 23:19:18,819.907683,227.300,201.005551,76.713,100.000,0,0,71,3.07e-07,5.92
2023-10-24 23:19:20,819.755377,227.261,201.869317,76.913,100.000,0,0,71,3.07e-07,5.92
2023-10-24 23:19:22,819.61231,227.225,202.775406,77.123,100.000,0,0,71,3.07e-07,5.92
2023-10-24 23:19:24,819.476993,227.191,203.561081,77.305,100.000,0,0,71,3.07e-07,5.92
2023-10-24 23:19:26,819.350319,227.159,204.280886,77.472,100.000,0,0,71,3.07e-07,5.92
2023-10-24 23:19:27,819.229606,227.129,204.878488,77.610,100.000,0,0,71,3.07e-07,5.92
2023-10-24 23:19:29,819.119326,227.101,205.489502,77.752,100.000,0,0,71,3.07e-07,5.92
2023-10-24 23:19:31,819.013516,227.074,206.029281,77.877,100.000,0,0,71,3.07e-07,5.92
2023-10-24 23:19:33,818.913369,227.049,206.607212,78.011,100.000,0,0,71,3.07e-07,5.92
2023-10-24 23:19:35,818.82127,227.026,207.182757,78.144,100.000,0,0,71,3.07e-07,5.92
2023-10-24 23:19:37,818.73543,227.004,207.717469,78.268,100.000,0,0,71,3.07e-07,5.92
2023-10-24 23:19:39,818.655849,226.984,208.236981,78.388,100.000,0,0,71,3.07e-07,5.92
2023-10-24 23:19:41,818.580441,226.965,208.738012,78.505,100.000,0,0,71,3.07e-07,5.92
2023-10-24 23:19:43,818.509802,226.947,209.263187,78.626,100.000,0,0,71,3.07e-07,5.92
2023-10-24 23:19:45,818.445421,226.931,209.920102,78.779,100.000,0,0,71,3.07e-07,5.92
2023-10-24 23:19:47,818.384916,226.916,210.581487,78.932,100.000,0,0,71,3.07e-07,5.92
2023-10-24 23:19:49,818.327987,226.902,211.289966,79.096,100.000,0,0,71,3.07e-07,5.92
2023-10-24 23:19:51,818.275232,226.888,211.873261,79.232,100.000,0,0,71,3.07e-07,5.92
2023-10-24 23:19:53,818.225754,226.876,212.495602,79.376,100.000,0,0,71,3.07e-07,5.92
2023-10-24 23:19:55,818.181344,226.865,270.777432,92.972,100.000,1,0,71,3.07e-07,5.92
2023-10-24 23:19:57,818.13604,226.853,318.296468,104.163,100.000,1,0,71,3.07e-07,5.92
2023-10-24 23:19:59,818.081793,226.840,346.964667,110.958,100.000,1,0,71,3.07e-07,5.92
2023-10-24 23:20:01,817.99804,226.818,375.912442,117.852,100.000,1,0,71,3.07e-07,5.92
2023-10-24 23:20:03,817.887163,226.791,390.521349,121.343,100.000,1,0,71,3.07e-07,5.92
2023-10-24 23:20:05,817.748567,226.756,406.610997,125.197,100.000,1,0,71,3.07e-07,5.92
2023-10-24 23:20:07,817.587915,226.715,415.779491,127.397,100.000,1,0,71,3.07e-07,5.92
2023-10-24 23:20:09,817.404313,226.669,425.114897,129.641,100.000,1,0,71,3.07e-07,5.92
2023-10-24 23:20:11,817.207,226.619,432.723367,131.472,100.000,1,0,71,3.07e-07,5.92
2023-10-24 23:20:12,816.994188,226.565,441.293365,133.536,100.000,1,0,71,3.07e-07,5.92
2023-10-24 23:20:14,816.771242,226.509,446.243178,134.730,100.000,1,0,71,3.07e-07,5.92
2023-10-24 23:20:16,816.535778,226.450,451.341124,135.960,100.000,1,0,71,3.07e-07,5.92
2023-10-24 23:20:18,816.28869,226.388,457.188681,137.373,100.000,1,0,71,3.07e-07,5.92
2023-10-24 23:20:20,816.032362,226.323,459.149888,137.847,100.000,1,0,71,3.07e-07,5.92
2023-10-24 23:20:22,815.76888,226.257,462.816571,138.733,100.000,1,0,71,3.07e-07,5.92
2023-10-24 23:20:24,815.496159,226.188,464.957207,139.251,100.000,1,0,71,3.07e-07,5.92
2023-10-24 23:20:26,815.215391,226.117,467.462962,139.857,100.000,1,0,71,3.07e-07,5.92
2023-10-24 23:20:28,814.928661,226.045,467.738664,139.924,100.000,1,0,71,3.07e-07,5.92
2023-10-24 23:20:30,814.638057,225.972,469.655163,140.387,100.000,1,0,71,3.07e-07,5.92
2023-10-24 23:20:32,814.342385,225.897,471.236051,140.770,100.000,1,0,71,3.07e-07,5.92
2023-10-24 23:20:34,814.041647,225.822,471.088513,140.734,100.000,1,0,71,3.07e-07,5.92
2023-10-24 23:20:36,813.737034,225.745,471.563018,140.849,100.000,1,0,71,3.07e-07,5.92
2023-10-24 23:20:38,813.430037,225.667,470.883749,140.685,100.000,1,0,71,3.07e-07,5.92
2023-10-24 23:20:40,813.114694,225.588,471.328746,140.792,100.000,1,0,71,3.07e-07,5.92
2023-10-24 23:20:42,812.791899,225.507,470.935014,140.697,100.000,1,0,71,3.07e-07,5.92
2023-10-24 23:20:44,812.464634,225.424,469.87483,140.440,100.000,1,0,71,3.07e-07,5.92
2023-10-24 23:20:46,812.129619,225.340,470.050087,140.483,100.000,1,0,71,3.07e-07,5.92
2023-10-24 23:20:48,811.790134,225.254,468.555933,140.121,100.000,1,0,71,3.07e-07,5.92
2023-10-24 23:20:50,811.448264,225.168,461.417199,138.395,100.000,1,0,71,3.07e-07,5.92
2023-10-24 23:20:52,811.090299,225.078,455.509733,136.967,100.000,1,0,71,3.07e-07,5.92
2023-10-24 23:20:54,810.721007,224.985,450.981669,135.874,100.000,1,0,71,3.07e-07,5.92
2023-10-24 23:20:56,810.334131,224.888,447.46312,135.024,100.000,1,0,71,3.07e-07,5.92
2023-10-24 23:20:58,809.934736,224.787,444.471534,134.303,100.000,1,0,71,3.07e-07,5.92
2023-10-24 23:20:59,809.526996,224.684,441.700808,133.635,100.000,1,0,71,3.07e-07,5.92
2023-10-24 23:21:02,809.112996,224.580,417.765437,127.874,100.000,1,0,71,3.07e-07,5.92
2023-10-24 23:21:03,808.693036,224.474,391.727879,121.632,100.000,1,0,71,3.07e-07,5.92
2023-10-24 23:21:05,808.252509,224.363,370.763528,116.623,100.000,1,0,71,3.07e-07,5.92
2023-10-24 23:21:07,807.7634,224.240,363.268021,114.837,100.000,1,0,71,3.07e-07,5.92
2023-10-24 23:21:09,807.250148,224.111,360.435299,114.162,100.000,1,0,71,3.07e-07,5.92
2023-10-24 23:21:11,806.74077,223.983,359.252017,113.880,100.000,1,0,71,3.07e-07,5.92
2023-10-24 23:21:13,806.243911,223.858,359.765269,114.003,100.000,1,0,71,3.07e-07,5.92
2023-10-24 23:21:15,805.757484,223.735,314.92963,103.367,100.000,1,0,71,3.07e-07,5.92
2023-10-24 23:21:17,805.270163,223.613,244.690099,86.868,100.000,1,0,71,3.07e-07,5.92
2023-10-24 23:21:19,804.760786,223.484,214.933698,79.942,100.000,1,0,71,3.07e-07,5.92
2023-10-24 23:21:21,804.222795,223.349,237.986228,85.305,100.000,1,0,71,3.07e-07,5.92
2023-10-24 23:21:23,803.661854,223.208,246.695418,87.337,100.000,1,0,71,3.07e-07,5.92
2023-10-24 23:21:25,803.093462,223.065,254.699409,89.207,100.000,1,0,71,3.07e-07,5.92
2023-10-24 23:21:27,802.533713,222.924,264.580256,91.520,100.000,1,0,71,3.07e-07,5.92
2023-10-24 23:21:29,801.97605,222.784,268.379275,92.410,100.000,1,0,71,3.07e-07,5.92
2023-10-24 23:21:31,801.405572,222.640,199.082197,76.268,100.000,1,0,71,3.07e-07,5.92
2023-10-24 23:21:33,800.828237,222.495,207.010481,78.104,100.000,1,0,71,3.07e-07,5.92
2023-10-24 23:21:35,800.254182,222.350,205.054639,77.651,100.000,1,0,71,3.07e-07,5.92
2023-10-24 23:21:37,799.683703,222.207,214.91045,79.936,100.000,1,0,71,3.07e-07,5.92
2023-10-24 23:21:39,799.106965,222.062,220.772015,81.298,100.000,1,0,71,3.07e-07,5.92
2023-10-24 23:21:41,798.528141,221.916,210.624109,78.942,100.000,1,0,71,3.07e-07,5.92
2023-10-24 23:21:43,797.949317,221.770,222.307897,81.655,100.000,1,0,71,3.07e-07,5.92
2023-10-24 23:21:45,797.37854,221.627,227.62402,82.891,100.000,1,0,71,3.07e-07,5.92
2023-10-24 23:21:47,796.808359,221.483,197.924846,76.000,100.000,1,0,71,3.07e-07,5.92
2023-10-24 23:21:48,796.236688,221.340,197.873581,75.988,100.000,1,0,71,3.07e-07,5.92
2023-10-24 23:21:51,795.669488,221.197,197.867321,75.987,100.000,1,0,71,3.07e-07,5.92
2023-10-24 23:21:52,795.102586,221.054,197.868216,75.987,100.000,1,0,71,3.07e-07,5.92
2023-10-24 23:21:54,794.535982,220.912,197.882522,75.990,100.000,1,0,71,3.07e-07,5.92
2023-10-24 23:21:56,793.972358,220.770,197.844967,75.982,100.000,1,0,71,3.07e-07,5.92
2023-10-24 23:21:58,793.401581,220.626,199.186218,76.292,100.000,1,0,71,3.07e-07,5.92
2023-10-24 23:22:00,792.843919,220.486,212.088458,79.282,100.000,1,0,71,3.07e-07,5.92
2023-10-24 23:22:02,792.301159,220.350,215.650224,80.108,100.000,1,0,71,3.07e-07,5.92
2023-10-24 23:22:04,791.767937,220.216,197.865831,75.986,100.000,1,0,71,3.07e-07,5.92
2023-10-24 23:22:06,791.218621,220.078,197.857486,75.985,100.000,1,0,71,3.07e-07,5.92
2023-10-24 23:22:08,790.664833,219.938,197.873282,75.988,100.000,1,0,71,3.07e-07,5.92
2023-10-24 23:22:10,790.11492,219.800,197.869408,75.987,100.000,1,0,71,3.07e-07,5.92
2023-10-24 23:22:12,789.562623,219.661,197.873282,75.988,100.000,1,0,71,3.07e-07,5.92
2023-10-24 23:22:14,789.010325,219.522,197.852419,75.983,100.000,1,0,71,3.07e-07,5.92
2023-10-24 23:22:16,788.456239,219.383,197.830064,75.978,100.000,1,0,71,3.07e-07,5.92
2023-10-24 23:22:18,787.90573,219.245,199.725699,76.417,100.000,1,0,71,3.07e-07,5.92
2023-10-24 23:22:20,787.368932,219.110,213.867851,79.694,100.000,1,0,71,3.07e-07,5.92
2023-10-24 23:22:22,786.850017,218.979,197.859572,75.985,100.000,1,0,71,3.07e-07,5.92
2023-10-24 23:22:24,786.319775,218.846,197.865533,75.986,100.000,1,0,71,3.07e-07,5.92
2023-10-24 23:22:26,785.783573,218.711,197.858678,75.985,100.000,1,0,71,3.07e-07,5.92
2023-10-24 23:22:28,785.245582,218.576,197.864341,75.986,100.000,1,0,71,3.07e-07,5.92
2023-10-24 23:22:30,784.712361,218.442,197.870004,75.987,100.000,1,0,71,3.07e-07,5.92
2023-10-24 23:22:32,784.177648,218.308,197.849736,75.983,100.000,1,0,71,3.07e-07,5.92
2023-10-24 23:22:34,783.642936,218.174,197.854505,75.984,100.000,1,0,71,3.07e-07,5.92
2023-10-24 23:22:36,783.106734,218.039,197.873581,75.988,100.000,1,0,71,3.07e-07,5.92
2023-10-24 23:22:38,782.581262,217.907,207.11331,78.128,100.000,1,0,71,3.07e-07,5.92
2023-10-24 23:22:39,782.072182,217.779,206.882615,78.074,100.000,1,0,71,3.07e-07,5.92
2023-10-24 23:22:41,781.570852,217.653,197.855399,75.984,100.000,1,0,71,3.07e-07,5.92
2023-10-24 23:22:43,781.057004,217.524,197.857486,75.985,100.000,1,0,71,3.07e-07,5.92
2023-10-24 23:22:45,780.533618,217.393,197.85838,75.985,100.000,1,0,71,3.07e-07,5.92
2023-10-24 23:22:47,780.016193,217.263,197.855995,75.984,100.000,1,0,71,3.07e-07,5.92
2023-10-24 23:22:49,779.496086,217.132,197.884311,75.991,100.000,1,0,71,3.07e-07,5.92
2023-10-24 23:22:51,778.976277,217.001,197.881628,75.990,100.000,1,0,71,3.07e-07,5.92
2023-10-24 23:22:53,778.453785,216.870,197.86911,75.987,100.000,1,0,71,3.07e-07,5.92
2023-10-24 23:22:55,777.931591,216.739,197.834535,75.979,100.000,1,0,71,3.07e-07,5.92
2023-10-24 23:22:57,777.414166,216.609,198.515295,76.137,100.000,1,0,71,3.07e-07,5.92
2023-10-24 23:22:59,776.914029,216.484,204.257638,77.466,100.000,1,0,71,3.07e-07,5.92
2023-10-24 23:23:01,776.426409,216.361,197.866427,75.987,100.000,1,0,71,3.07e-07,5.92
2023-10-24 23:23:03,775.925974,216.235,197.868514,75.987,100.000,1,0,71,3.07e-07,5.92
2023-10-24 23:23:05,775.420769,216.109,197.872686,75.988,100.000,1,0,71,3.07e-07,5.92
2023-10-24 23:23:07,774.912584,215.981,197.856293,75.984,100.000,1,0,71,3.07e-07,5.92
2023-10-24 23:23:09,774.403803,215.853,197.875667,75.989,100.000,1,0,71,3.07e-07,5.92
2023-10-24 23:23:11,773.900983,215.727,197.868812,75.987,100.000,1,0,71,3.07e-07,5.92
2023-10-24 23:23:13,773.390711,215.599,197.825892,75.977,100.000,1,0,71,3.07e-07,5.92
2023-10-24 23:23:15,772.883718,215.472,198.182664,76.060,100.000,1,0,71,3.07e-07,5.92
2023-10-24 23:23:17,772.388051,215.347,209.962426,78.788,100.000,1,0,71,3.07e-07,5.92
2023-10-24 23:23:19,771.906691,215.227,197.849736,75.983,100.000,1,0,71,3.07e-07,5.92
2023-10-24 23:23:21,771.42086,215.105,197.860466,75.985,100.000,1,0,71,3.07e-07,5.92
2023-10-24 23:23:23,770.928174,214.981,197.868812,75.987,100.000,1,0,71,3.07e-07,5.92
2023-10-24 23:23:25,770.436084,214.857,197.866427,75.987,100.000,1,0,71,3.07e-07,5.92
2023-10-24 23:23:26,769.955022,214.737,197.862851,75.986,100.000,1,0,71,3.07e-07,5.92
2023-10-24 23:23:28,769.465912,214.614,197.877753,75.989,100.000,1,0,71,3.07e-07,5.92
2023-10-24 23:23:30,768.97412,214.491,197.880734,75.990,100.000,1,0,71,3.07e-07,5.92
2023-10-24 23:23:32,768.48054,214.367,197.828574,75.978,100.000,1,0,71,3.07e-07,5.92
2023-10-24 23:23:34,768.010506,214.249,197.938557,76.003,100.000,1,0,71,3.07e-07,5.92
2023-10-24 23:23:36,767.535107,214.130,211.74927,79.203,100.000,1,0,71,3.07e-07,5.92
2023-10-24 23:23:38,767.076995,214.015,197.871196,75.988,100.000,1,0,71,3.07e-07,5.92
2023-10-24 23:23:40,766.606067,213.897,197.868514,75.987,100.000,1,0,71,3.07e-07,5.92
2023-10-24 23:23:42,766.125601,213.776,197.864043,75.986,100.000,1,0,71,3.07e-07,5.92
2023-10-24 23:23:44,765.641856,213.655,197.865235,75.986,100.000,1,0,71,3.07e-07,5.92
2023-10-24 23:23:46,765.159602,213.534,197.871792,75.988,100.000,1,0,71,3.07e-07,5.92
2023-10-24 23:23:48,764.67556,213.412,197.884311,75.991,100.000,1,0,71,3.07e-07,5.92
2023-10-24 23:23:50,764.191517,213.291,197.856889,75.984,100.000,0,0,71,3.07e-07,5.92
2023-10-24 23:23:52,763.704792,213.169,197.75257,75.960,100.000,0,0,71,3.07e-07,5.92
2023-10-24 23:23:54,763.22671,213.049,197.752868,75.960,100.000,0,0,71,3.07e-07,5.92
2023-10-24 23:23:56,762.778136,212.936,197.754358,75.961,100.000,1,0,71,3.07e-07,5.92
2023-10-24 23:23:58,762.359964,212.832,199.155519,76.285,100.000,1,0,71,3.07e-07,5.92
2023-10-24 23:24:00,761.964146,212.732,219.592906,81.024,100.000,1,0,71,3.07e-07,5.92
2023-10-24 23:24:02,761.586509,212.638,223.286414,81.882,100.000,0,0,71,3.07e-07,5.92
2023-10-24 23:24:04,761.207382,212.543,218.785175,80.836,100.000,0,0,71,3.07e-07,5.92
2023-10-24 23:24:06,760.858359,212.455,218.18966,80.698,100.000,0,0,71,3.07e-07,5.92
2023-10-24 23:24:08,760.523642,212.371,217.710088,80.587,100.000,0,0,71,3.07e-07,5.92
2023-10-24 23:24:10,760.208299,212.292,217.288339,80.489,100.000,0,0,71,3.07e-07,5.92
2023-10-24 23:24:11,759.916205,212.219,216.965843,80.414,100.000,0,0,71,3.07e-07,5.92
2023-10-24 23:24:13,759.643782,212.151,216.699679,80.352,100.000,0,0,71,3.07e-07,5.92
2023-10-24 23:24:15,759.387156,212.086,216.507135,80.307,100.000,0,0,71,3.07e-07,5.92
2023-10-24 23:24:17,759.145432,212.026,216.382846,80.278,100.000,0,0,71,3.07e-07,5.92
2023-10-24 23:24:19,758.920102,211.969,216.313399,80.262,100.000,0,0,71,3.07e-07,5.92
2023-10-24 23:24:21,758.712357,211.917,216.304457,80.260,100.000,0,0,71,3.07e-07,5.92
2023-10-24 23:24:23,758.518323,211.869,216.354828,80.272,100.000,0,0,71,3.07e-07,5.92
2023-10-24 23:24:25,758.337999,211.823,216.463321,80.297,100.000,0,0,71,3.07e-07,5.92
2023-10-24 23:24:27,758.171386,211.782,216.618906,80.333,100.000,0,0,71,3.07e-07,5.92
2023-10-24 23:24:29,758.016993,211.743,216.820093,80.380,100.000,0,0,71,3.07e-07,5.92
2023-10-24 23:24:31,757.87333,211.707,217.071652,80.438,100.000,0,0,71,3.07e-07,5.92
2023-10-24 23:24:33,757.741291,211.674,217.364343,80.506,100.000,0,0,71,3.07e-07,5.92
2023-10-24 23:24:35,757.619089,211.643,217.696974,80.583,100.000,0,0,71,3.07e-07,5.92
2023-10-24 23:24:37,757.505827,211.615,218.064774,80.669,100.000,0,0,71,3.07e-07,5.92
2023-10-24 23:24:39,757.402402,211.589,218.476389,80.765,100.000,0,0,71,3.07e-07,5.92
2023-10-24 23:24:41,757.307322,211.565,218.916618,80.867,100.000,0,0,71,3.07e-07,5.92
2023-10-24 23:24:43,757.220886,211.543,219.391421,80.977,100.000,0,0,71,3.07e-07,5.92
2023-10-24 23:24:45,757.140709,211.523,219.89901,81.095,100.000,0,0,71,3.07e-07,5.92
2023-10-24 23:24:47,757.068281,211.505,220.425972,81.217,100.000,0,0,71,3.07e-07,5.92
2023-10-24 23:24:49,757.002411,211.489,220.974693,81.345,100.000,0,0,71,3.07e-07,5.92
2023-10-24 23:24:51,756.942204,211.473,221.54398,81.477,100.000,0,0,71,3.07e-07,5.92
2023-10-24 23:24:53,756.888554,211.460,222.142178,81.616,100.000,0,0,71,3.07e-07,5.92
2023-10-24 23:24:55,756.840269,211.448,222.762134,81.760,100.000,0,0,71,3.07e-07,5.92
2023-10-24 23:24:57,756.798243,211.437,223.42352,81.914,100.000,0,0,71,3.07e-07,5.92
2023-10-24 23:24:59,756.760092,211.428,224.099808,82.071,100.000,0,0,71,3.07e-07,5.92
2023-10-24 23:25:01,756.727306,211.420,224.787423,82.231,100.000,0,0,71,3.07e-07,5.92
2023-10-24 23:25:02,756.697798,211.412,225.513189,82.400,100.000,1,0,71,3.07e-07,5.92
2023-10-24 23:25:04,756.672165,211.406,292.131342,97.990,100.000,1,0,71,3.07e-07,5.92
2023-10-24 23:25:06,756.648023,211.400,329.50426,106.816,100.000,1,0,71,3.07e-07,5.92
2023-10-24 23:25:08,756.609276,211.390,353.413104,112.491,100.000,1,0,71,3.07e-07,5.92
2023-10-24 23:25:10,756.544299,211.374,372.783452,117.105,100.000,1,0,71,3.07e-07,5.92
2023-10-24 23:25:12,756.455479,211.351,382.693211,119.471,100.000,1,0,71,3.07e-07,5.92
2023-10-24 23:25:14,756.343708,211.323,392.971069,121.929,100.000,1,0,71,3.07e-07,5.92
2023-10-24 23:25:16,756.211073,211.290,402.712129,124.262,100.000,1,0,71,3.07e-07,5.92
2023-10-24 23:25:18,756.064728,211.254,407.430352,125.394,100.000,1,0,71,3.07e-07,5.92
2023-10-24 23:25:20,755.903181,211.213,414.029606,126.977,100.000,1,0,71,3.07e-07,5.92
2023-10-24 23:25:22,755.729713,211.170,420.91082,128.630,100.000,1,0,71,3.07e-07,5.92
2023-10-24 23:25:24,755.544024,211.123,424.031166,129.380,100.000,1,0,71,3.07e-07,5.92
2023-10-24 23:25:26,755.348798,211.074,427.185192,130.139,100.000,1,0,71,3.07e-07,5.92
2023-10-24 23:25:28,755.148206,211.024,430.946657,131.044,100.000,1,0,71,3.07e-07,5.92
2023-10-24 23:25:30,754.937481,210.971,433.601738,131.683,100.000,1,0,71,3.07e-07,5.92
2023-10-24 23:25:32,754.717515,210.916,434.548363,131.911,100.000,1,0,71,3.07e-07,5.92
2023-10-24 23:25:34,754.484436,210.858,435.165934,132.060,100.000,1,0,71,3.07e-07,5.92
2023-10-24 23:25:36,754.239434,210.796,433.467612,131.651,100.000,1,0,71,3.07e-07,5.92
2023-10-24 23:25:38,753.981914,210.732,433.014568,131.542,100.000,1,0,71,3.07e-07,5.92
2023-10-24 23:25:40,753.713962,210.665,432.102219,131.322,100.000,1,0,71,3.07e-07,5.92
2023-10-24 23:25:42,753.437366,210.595,417.416712,127.791,100.000,1,0,71,3.07e-07,5.92
2023-10-24 23:25:44,753.15004,210.523,401.016191,123.856,100.000,1,0,71,3.07e-07,5.92
2023-10-24 23:25:46,752.842744,210.446,384.215382,119.835,100.000,1,0,71,3.07e-07,5.92
2023-10-24 23:25:47,752.515181,210.364,377.76158,118.293,100.000,1,0,71,3.07e-07,5.92
2023-10-24 23:25:49,752.162879,210.276,374.092811,117.418,100.000,1,0,71,3.07e-07,5.92
2023-10-24 23:25:51,751.786733,210.182,372.125047,116.948,100.000,1,0,71,3.07e-07,5.92
2023-10-24 23:25:53,751.404625,210.086,370.885731,116.653,100.000,1,0,71,3.07e-07,5.92
2023-10-24 23:25:55,751.024604,209.991,312.076938,102.693,100.000,1,0,71,3.07e-07,5.92
2023-10-24 23:25:57,750.637132,209.894,242.947963,86.462,100.000,1,0,71,3.07e-07,5.92
2023-10-24 23:25:59,750.216873,209.788,207.234619,78.156,100.000,1,0,71,3.07e-07,5.92
2023-10-24 23:26:01,749.762338,209.675,239.19246,85.586,100.000,1,0,71,3.07e-07,5.92
2023-10-24 23:26:03,749.284554,209.555,242.400732,86.334,100.000,1,0,71,3.07e-07,5.92
2023-10-24 23:26:05,748.797531,209.433,248.738591,87.814,100.000,1,0,71,3.07e-07,5.92
2023-10-24 23:26:07,748.306633,209.310,223.257801,81.876,100.000,1,0,71,3.07e-07,5.92
2023-10-24 23:26:09,747.814841,209.187,225.51766,82.401,100.000,1,0,71,3.07e-07,5.92
2023-10-24 23:26:11,747.315896,209.062,234.774677,84.556,100.000,1,0,71,3.07e-07,5.92
2023-10-24 23:26:13,746.817547,208.937,206.57979,78.004,100.000,1,0,71,3.07e-07,5.92
2023-10-24 23:26:15,746.315621,208.812,201.152194,76.747,100.000,1,0,71,3.07e-07,5.92
2023-10-24 23:26:17,745.82055,208.688,197.91501,75.998,100.000,1,0,71,3.07e-07,5.92
2023-10-24 23:26:19,745.326075,208.564,197.872388,75.988,100.000,1,0,71,3.07e-07,5.92
2023-10-24 23:26:21,744.832793,208.440,197.863447,75.986,100.000,1,0,71,3.07e-07,5.92
2023-10-24 23:26:23,744.335934,208.316,197.872686,75.988,100.000,1,0,71,3.07e-07,5.92
2023-10-24 23:26:25,743.837585,208.191,198.643459,76.166,100.000,1,0,71,3.07e-07,5.92
2023-10-24 23:26:27,743.34311,208.067,211.823784,79.220,100.000,1,0,71,3.07e-07,5.92
2023-10-24 23:26:29,742.867413,207.948,215.510138,80.076,100.000,1,0,71,3.07e-07,5.92
2023-10-24 23:26:31,742.389033,207.829,197.876561,75.989,100.000,1,0,71,3.07e-07,5.92
2023-10-24 23:26:33,741.906183,207.708,197.865533,75.986,100.000,1,0,71,3.07e-07,5.92
2023-10-24 23:26:35,741.417968,207.586,197.867321,75.987,100.000,1,0,71,3.07e-07,5.92
2023-10-24 23:26:36,740.930646,207.464,197.866129,75.987,100.000,1,0,71,3.07e-07,5.92
2023-10-24 23:26:38,740.443325,207.342,197.868514,75.987,100.000,1,0,71,3.07e-07,5.92
2023-10-24 23:26:40,739.95362,207.219,197.830064,75.978,100.000,1,0,71,3.07e-07,5.92
2023-10-24 23:26:42,739.462126,207.096,197.828276,75.978,100.000,1,0,71,3.07e-07,5.92
2023-10-24 23:26:44,738.973612,206.974,199.544481,76.375,100.000,1,0,71,3.07e-07,5.92
2023-10-24 23:26:46,738.497319,206.855,210.994891,79.028,100.000,1,0,71,3.07e-07,5.92
2023-10-24 23:26:48,738.031756,206.738,197.876561,75.989,100.000,1,0,71,3.07e-07,5.92
2023-10-24 23:26:50,737.559337,206.620,197.862254,75.986,100.000,1,0,71,3.07e-07,5.92
2023-10-24 23:26:52,737.084236,206.501,197.84765,75.982,100.000,1,0,71,3.07e-07,5.92
2023-10-24 23:26:54,736.607943,206.382,197.868216,75.987,100.000,1,0,71,3.07e-07,5.92
2023-10-24 23:26:56,736.132544,206.263,197.881628,75.990,100.000,1,0,71,3.07e-07,5.92
2023-10-24 23:26:58,735.664001,206.146,197.861062,75.985,100.000,1,0,71,3.07e-07,5.92
2023-10-24 23:27:00,735.17966,206.025,197.837814,75.980,100.000,1,0,71,3.07e-07,5.92
2023-10-24 23:27:02,734.672369,205.898,197.864341,75.986,100.000,1,0,71,3.07e-07,5.92
2023-10-24 23:27:04,734.196374,205.779,207.223591,78.153,100.000,1,0,71,3.07e-07,5.92
2023-10-24 23:27:06,733.749588,205.667,197.816056,75.975,100.000,1,0,71,3.07e-07,5.92
2023-10-24 23:27:08,733.304591,205.556,197.858082,75.985,100.000,1,0,71,3.07e-07,5.92
2023-10-24 23:27:10,732.844989,205.441,197.854803,75.984,100.000,1,0,71,3.07e-07,5.92
2023-10-24 23:27:12,732.383002,205.326,197.8706,75.988,100.000,1,0,71,3.07e-07,5.92
2023-10-24 23:27:14,731.921612,205.210,197.85987,75.985,100.000,1,0,71,3.07e-07,5.92
2023-10-24 23:27:16,731.462308,205.095,197.896829,75.994,100.000,1,0,71,3.07e-07,5.92
2023-10-24 23:27:18,731.004792,204.981,197.839602,75.980,100.000,1,0,71,3.07e-07,5.92
2023-10-24 23:27:20,730.541316,204.865,197.82619,75.977,100.000,1,0,71,3.07e-07,5.92
2023-10-24 23:27:22,730.079627,204.750,197.861658,75.986,100.000,1,0,71,3.07e-07,5.92
2023-10-24 23:27:24,729.632245,204.638,204.761054,77.583,100.000,1,0,71,3.07e-07,5.92
2023-10-24 23:27:25,729.201257,204.530,197.8706,75.988,100.000,1,0,71,3.07e-07,5.92
2023-10-24 23:27:27,728.761624,204.420,197.855399,75.984,100.000,1,0,71,3.07e-07,5.92
2023-10-24 23:27:29,728.316925,204.309,197.862851,75.986,100.000,1,0,71,3.07e-07,5.92
2023-10-24 23:27:31,727.866265,204.197,197.851226,75.983,100.000,1,0,71,3.07e-07,5.92
2023-10-24 23:27:33,727.420969,204.085,197.855995,75.984,100.000,1,0,71,3.07e-07,5.92
2023-10-24 23:27:35,727.002797,203.981,197.892954,75.993,100.000,1,0,71,3.07e-07,5.92
2023-10-24 23:27:37,726.562867,203.871,197.841391,75.981,100.000,1,0,71,3.07e-07,5.92
2023-10-24 23:27:39,726.119062,203.760,197.833045,75.979,100.000,1,0,71,3.07e-07,5.92
2023-10-24 23:27:41,725.685987,203.652,209.031001,78.572,100.000,1,0,71,3.07e-07,5.92
2023-10-24 23:27:43,725.270795,203.548,197.857784,75.985,100.000,1,0,71,3.07e-07,5.92
2023-10-24 23:27:45,724.84845,203.442,197.855101,75.984,100.000,1,0,71,3.07e-07,5.92
2023-10-24 23:27:47,724.418653,203.335,197.864937,75.986,100.000,1,0,71,3.07e-07,5.92
2023-10-24 23:27:49,723.983194,203.226,197.872686,75.988,100.000,1,0,71,3.07e-07,5.92
2023-10-24 23:27:51,723.549821,203.118,197.86136,75.985,100.000,1,0,71,3.07e-07,5.92
2023-10-24 23:27:53,723.11615,203.010,197.866427,75.987,100.000,1,0,71,3.07e-07,5.92
2023-10-24 23:27:55,722.682478,202.901,197.868514,75.987,100.000,1,0,71,3.07e-07,5.92
2023-10-24 23:27:57,722.246423,202.792,197.835727,75.980,100.000,1,0,71,3.07e-07,5.92
2023-10-24 23:27:59,721.819905,202.686,201.895247,76.919,100.000,1,0,71,3.07e-07,5.92
2023-10-24 23:28:01,721.410674,202.584,209.19374,78.610,100.000,1,0,71,3.07e-07,5.92
2023-10-24 23:28:03,721.010683,202.484,197.868812,75.987,100.000,1,0,71,3.07e-07,5.92
2023-10-24 23:28:05,720.595194,202.380,197.869706,75.987,100.000,1,0,71,3.07e-07,5.92
2023-10-24 23:28:06,720.17255,202.274,197.860466,75.985,100.000,1,0,71,3.07e-07,5.92
2023-10-24 23:28:09,719.746629,202.168,197.859572,75.985,100.000,1,0,71,3.07e-07,5.92
2023-10-24 23:28:10,719.322793,202.062,197.879542,75.990,100.000,1,0,71,3.07e-07,5.92
2023-10-24 23:28:12,718.899852,201.957,197.855101,75.984,100.000,1,0,71,3.07e-07,5.92
2023-10-24 23:28:14,718.50165,201.857,197.890868,75.992,100.000,1,0,71,3.07e-07,5.92
2023-10-24 23:28:16,718.090333,201.754,197.83692,75.980,100.000,1,0,71,3.07e-07,5.92
2023-10-24 23:28:18,717.689746,201.654,200.36026,76.564,100.000,1,0,71,3.07e-07,5.92
2023-10-24 23:28:20,717.300783,201.557,197.813969,75.974,100.000,1,0,71,3.07e-07,5.92
2023-10-24 23:28:22,716.909138,201.460,197.871494,75.988,100.000,1,0,71,3.07e-07,5.92
2023-10-24 23:28:24,716.50557,201.359,197.867321,75.987,100.000,1,0,71,3.07e-07,5.92
2023-10-24 23:28:26,716.096041,201.257,197.856591,75.984,100.000,1,0,71,3.07e-07,5.92
2023-10-24 23:28:28,715.687407,201.155,197.864639,75.986,100.000,1,0,71,3.07e-07,5.92
2023-10-24 23:28:30,715.274003,201.051,197.864937,75.986,100.000,1,0,71,3.07e-07,5.92
2023-10-24 23:28:32,714.861494,200.948,197.878349,75.989,100.000,1,0,71,3.07e-07,5.92
2023-10-24 23:28:34,714.450177,200.846,197.828574,75.978,100.000,1,0,71,3.07e-07,5.92
2023-10-24 23:28:36,714.038264,200.743,198.714396,76.183,100.000,1,0,71,3.07e-07,5.92
2023-10-24 23:28:38,713.645129,200.645,207.50585,78.219,100.000,1,0,71,3.07e-07,5.92
2023-10-24 23:28:40,713.261531,200.549,197.870004,75.987,100.000,1,0,71,3.07e-07,5.92
2023-10-24 23:28:42,712.867501,200.451,197.878946,75.990,100.000,1,0,71,3.07e-07,5.92
2023-10-24 23:28:44,712.464231,200.350,197.876561,75.989,100.000,1,0,71,3.07e-07,5.92
2023-10-24 23:28:46,712.060068,200.249,197.861062,75.985,100.000,1,0,71,3.07e-07,5.92
2023-10-24 23:28:48,711.65501,200.148,197.866129,75.987,100.000,1,0,71,3.07e-07,5.92
2023-10-24 23:28:50,711.251144,200.047,197.874475,75.988,100.000,1,0,71,3.07e-07,5.92
2023-10-24 23:28:52,710.846385,199.946,197.824997,75.977,100.000,1,0,71,3.07e-07,5.92
2023-10-24 23:28:54,710.439538,199.845,197.881926,75.990,100.000,1,0,71,3.07e-07,5.92
2023-10-24 23:28:56,710.035673,199.744,209.522495,78.686,100.000,1,0,71,3.07e-07,5.92
2023-10-24 23:28:57,709.644028,199.646,197.863149,75.986,100.000,1,0,71,3.07e-07,5.92
2023-10-24 23:28:59,709.25119,199.548,197.866725,75.987,100.000,1,0,71,3.07e-07,5.92
2023-10-24 23:29:01,708.855372,199.450,197.878946,75.990,100.000,1,0,71,3.07e-07,5.92
2023-10-24 23:29:03,708.46164,199.351,197.879244,75.990,100.000,1,0,71,3.07e-07,5.92
2023-10-24 23:29:05,708.066418,199.253,197.869408,75.987,100.000,1,0,71,3.07e-07,5.92
2023-10-24 23:29:07,707.672686,199.155,197.885205,75.991,100.000,1,0,71,3.07e-07,5.92
2023-10-24 23:29:09,707.278657,199.056,197.836324,75.980,100.000,1,0,71,3.07e-07,5.92
2023-10-24 23:29:11,706.878368,198.957,197.828574,75.978,100.000,1,0,71,3.07e-07,5.92
2023-10-24 23:29:13,706.483146,198.858,204.837952,77.601,100.000,1,0,71,3.07e-07,5.92
2023-10-24 23:29:15,706.101932,198.763,197.857486,75.985,100.000,1,0,71,3.07e-07,5.92
2023-10-24 23:29:17,705.718037,198.667,197.860168,75.985,100.000,1,0,71,3.07e-07,5.92
2023-10-24 23:29:19,705.329372,198.570,197.866427,75.987,100.000,1,0,71,3.07e-07,5.92
2023-10-24 23:29:21,704.939217,198.473,197.86136,75.985,100.000,1,0,71,3.07e-07,5.92
2023-10-24 23:29:23,704.54936,198.376,197.860466,75.985,100.000,1,0,71,3.07e-07,5.92
2023-10-24 23:29:25,704.158311,198.278,197.89057,75.992,100.000,1,0,71,3.07e-07,5.92
2023-10-24 23:29:27,703.768752,198.181,197.902194,75.995,100.000,1,0,71,3.07e-07,5.92
2023-10-24 23:29:29,703.380087,198.084,197.831257,75.978,100.000,1,0,71,3.07e-07,5.92
2023-10-24 23:29:31,702.991422,197.987,197.874177,75.988,100.000,1,0,71,3.07e-07,5.92
2023-10-24 23:29:33,702.613785,197.893,206.924641,78.084,100.000,1,0,71,3.07e-07,5.92
2023-10-24 23:29:35,702.2436,197.801,197.875667,75.989,100.000,1,0,71,3.07e-07,5.92
2023-10-24 23:29:37,701.863281,197.706,197.854207,75.984,100.000,1,0,71,3.07e-07,5.92
2023-10-24 23:29:39,701.480875,197.611,197.875965,75.989,100.000,1,0,71,3.07e-07,5.92
2023-10-24 23:29:41,701.097278,197.515,197.865533,75.986,100.000,1,0,71,3.07e-07,5.92
2023-10-24 23:29:43,700.714872,197.420,197.855697,75.984,100.000,1,0,71,3.07e-07,5.92
2023-10-24 23:29:44,700.331274,197.324,197.867321,75.987,100.000,1,0,71,3.07e-07,5.92
2023-10-24 23:29:46,699.946782,197.228,197.853611,75.984,100.000,1,0,71,3.07e-07,5.92
2023-10-24 23:29:48,699.562588,197.133,197.842583,75.981,100.000,1,0,71,3.07e-07,5.92
2023-10-24 23:29:50,699.190317,197.040,208.083184,78.353,100.000,1,0,71,3.07e-07,5.92
2023-10-24 23:29:52,698.8556,196.956,197.862552,75.986,100.000,1,0,71,3.07e-07,5.92
2023-10-24 23:29:54,698.488693,196.865,197.875369,75.989,100.000,1,0,71,3.07e-07,5.92
2023-10-24 23:29:56,698.117018,196.772,197.866725,75.987,100.000,1,0,71,3.07e-07,5.92
2023-10-24 23:29:58,699.623988,197.148,197.873581,75.988,100.000,1,0,71,3.07e-07,5.92
2023-10-24 23:30:00,700.17241,197.285,197.859274,75.985,100.000,1,0,71,3.07e-07,5.92
2023-10-24 23:30:02,700.135153,197.275,197.86911,75.987,100.000,1,0,71,3.07e-07,5.92
2023-10-24 23:30:04,699.910717,197.219,197.863447,75.986,100.000,1,0,71,3.07e-07,5.92
2023-10-24 23:30:06,699.616238,197.146,197.827084,75.978,100.000,1,0,71,3.07e-07,5.92
2023-10-24 23:30:08,699.297617,197.067,200.201992,76.527,100.000,1,0,71,3.07e-07,5.92
2023-10-24 23:30:10,698.974226,196.986,197.851524,75.983,100.000,1,0,71,3.07e-07,5.92
2023-10-24 23:30:12,698.648451,196.905,197.861956,75.986,100.000,1,0,71,3.07e-07,5.92
2023-10-24 23:30:14,698.315225,196.822,197.86911,75.987,100.000,1,0,71,3.07e-07,5.92
2023-10-24 23:30:16,697.97872,196.738,197.869706,75.987,100.000,1,0,71,3.07e-07,5.92
2023-10-24 23:30:18,697.638936,196.653,197.868514,75.987,100.000,1,0,71,3.07e-07,5.92
2023-10-24 23:30:20,697.299451,196.569,197.878647,75.989,100.000,1,0,71,3.07e-07,5.92
2023-10-24 23:30:22,696.955196,196.483,197.873879,75.988,100.000,1,0,71,3.07e-07,5.92
2023-10-24 23:30:24,696.608259,196.397,197.824401,75.977,100.000,1,0,71,3.07e-07,5.92
2023-10-24 23:30:26,696.26013,196.310,198.283407,76.083,100.000,1,0,71,3.07e-07,5.92
2023-10-24 23:30:28,695.915578,196.224,202.530106,77.066,100.000,1,0,71,3.07e-07,5.92
2023-10-24 23:30:30,695.576688,196.140,197.863149,75.986,100.000,1,0,71,3.07e-07,5.92
2023-10-24 23:30:31,695.232434,196.054,197.865235,75.986,100.000,1,0,71,3.07e-07,5.92
2023-10-24 23:30:33,694.885795,195.967,197.868514,75.987,100.000,1,0,71,3.07e-07,5.92
2023-10-24 23:30:35,695.652096,196.158,197.861956,75.986,100.000,1,0,71,3.07e-07,5.92
2023-10-24 23:30:37,696.834782,196.453,197.869408,75.987,100.000,1,0,71,3.07e-07,5.92
2023-10-24 23:30:39,697.269645,196.561,197.873581,75.988,100.000,1,0,71,3.07e-07,5.92
2023-10-24 23:30:41,697.364725,196.585,197.843179,75.981,100.000,1,0,71,3.07e-07,5.92
2023-10-24 23:30:43,697.290211,196.566,197.828872,75.978,100.000,1,0,71,3.07e-07,5.92
2023-10-24 23:30:45,697.12628,196.526,203.317868,77.249,100.000,1,0,71,3.07e-07,5.92
2023-10-24 23:30:47,696.914661,196.473,197.864043,75.986,100.000,1,0,71,3.07e-07,5.92
2023-10-24 23:30:49,696.669659,196.412,197.861062,75.985,100.000,1,0,71,3.07e-07,5.92
2023-10-24 23:30:51,696.403197,196.345,197.866129,75.987,100.000,1,0,71,3.07e-07,5.92
2023-10-24 23:30:53,696.122726,196.276,197.867321,75.987,100.000,1,0,71,3.07e-07,5.92
2023-10-24 23:30:55,695.831526,196.203,197.860764,75.985,100.000,1,0,71,3.07e-07,5.92
2023-10-24 23:30:57,695.53198,196.128,197.868514,75.987,100.000,1,0,71,3.07e-07,5.92
2023-10-24 23:30:59,695.230049,196.053,197.860168,75.985,100.000,1,0,71,3.07e-07,5.92
2023-10-24 23:31:01,694.916793,195.975,197.834237,75.979,100.000,1,0,71,3.07e-07,5.92
2023-10-24 23:31:03,694.600853,195.896,199.818097,76.438,100.000,1,0,71,3.07e-07,5.92
2023-10-24 23:31:05,694.289683,195.819,197.855697,75.984,100.000,1,0,71,3.07e-07,5.92
2023-10-24 23:31:07,693.980897,195.742,197.875369,75.989,100.000,1,0,71,3.07e-07,5.92
2023-10-24 23:31:09,693.697148,195.671,197.874773,75.989,100.000,1,0,71,3.07e-07,5.92
2023-10-24 23:31:11,693.386872,195.594,197.866129,75.987,100.000,1,0,71,3.07e-07,5.92
2023-10-24 23:31:13,693.071231,195.515,197.865235,75.986,100.000,1,0,71,3.07e-07,5.92
2023-10-24 23:31:14,692.748735,195.435,197.874475,75.988,100.000,1,0,71,3.07e-07,5.92
2023-10-24 23:31:16,692.424748,195.354,197.87209,75.988,100.000,1,0,71,3.07e-07,5.92
2023-10-24 23:31:18,692.0948,195.272,197.821719,75.976,100.000,1,0,71,3.07e-07,5.92
2023-10-24 23:31:20,691.769025,195.191,197.82917,75.978,100.000,1,0,71,3.07e-07,5.92
2023-10-24 23:31:22,691.445635,195.111,197.8399,75.980,100.000,1,0,71,3.07e-07,5.92
2023-10-24 23:31:24,691.120754,195.030,197.874773,75.989,100.000,1,0,71,3.07e-07,5.92
2023-10-24 23:31:26,690.793787,194.948,197.864639,75.986,100.000,1,0,71,3.07e-07,5.92
2023-10-24 23:31:28,690.466521,194.867,197.87984,75.990,100.000,1,0,71,3.07e-07,5.92
2023-10-24 23:31:30,690.136276,194.785,197.862552,75.986,100.000,1,0,71,3.07e-07,5.92
2023-10-24 23:31:32,689.803943,194.702,197.878647,75.989,100.000,1,0,71,3.07e-07,5.92
2023-10-24 23:31:34,689.475784,194.620,197.849736,75.983,100.000,1,0,71,3.07e-07,5.92
2023-10-24 23:31:36,689.144942,194.538,197.866129,75.987,100.000,1,0,71,3.07e-07,5.92
2023-10-24 23:31:38,688.810821,194.455,197.829468,75.978,100.000,1,0,71,3.07e-07,5.92
2023-10-24 23:31:40,688.478787,194.372,199.968019,76.473,100.000,1,0,71,3.07e-07,5.92
2023-10-24 23:31:42,688.153012,194.291,197.869706,75.987,100.000,1,0,71,3.07e-07,5.92
2023-10-24 23:31:44,687.823065,194.209,197.861956,75.986,100.000,1,0,71,3.07e-07,5.92
2023-10-24 23:31:46,687.492819,194.127,197.867321,75.987,100.000,1,0,71,3.07e-07,5.92
2023-10-24 23:31:48,687.163765,194.045,197.860168,75.985,100.000,1,0,71,3.07e-07,5.92
2023-10-24 23:31:50,686.833221,193.962,197.865533,75.986,100.000,1,0,71,3.07e-07,5.92
2023-10-24 23:31:52,686.50536,193.881,197.874773,75.989,100.000,1,0,71,3.07e-07,5.92
2023-10-24 23:31:54,686.173922,193.798,197.858976,75.985,100.000,1,0,71,3.07e-07,5.92
2023-10-24 23:31:56,685.841292,193.715,197.830362,75.978,100.000,1,0,71,3.07e-07,5.92
2023-10-24 23:31:58,685.511344,193.633,204.926475,77.621,100.000,1,0,71,3.07e-07,5.92
2023-10-24 23:32:00,685.191828,193.554,197.874177,75.988,100.000,1,0,71,3.07e-07,5.92
2023-10-24 23:32:02,684.866947,193.473,197.873282,75.988,100.000,1,0,71,3.07e-07,5.92
2023-10-24 23:32:04,684.540278,193.392,197.87209,75.988,100.000,1,0,71,3.07e-07,5.92
2023-10-24 23:32:06,684.216291,193.311,197.860764,75.985,100.000,1,0,71,3.07e-07,5.92
2023-10-24 23:32:07,683.887238,193.229,197.864043,75.986,100.000,1,0,71,3.07e-07,5.92
2023-10-24 23:32:09,683.554906,193.147,197.885801,75.991,100.000,1,0,71,3.07e-07,5.92
2023-10-24 23:32:11,683.223766,193.064,197.839602,75.980,100.000,1,0,71,3.07e-07,5.92
2023-10-24 23:32:13,682.892328,192.982,197.862552,75.986,100.000,1,0,71,3.07e-07,5.92
2023-10-24 23:32:15,682.557909,192.898,205.943739,77.857,100.000,1,0,71,3.07e-07,5.92
2023-10-24 23:32:17,682.226471,192.816,197.862552,75.986,100.000,1,0,71,3.07e-07,5.92
2023-10-24 23:32:19,681.896821,192.734,197.867917,75.987,100.000,1,0,71,3.07e-07,5.92
2023-10-24 23:32:21,681.566873,192.652,197.867321,75.987,100.000,1,0,71,3.07e-07,5.92
2023-10-24 23:32:23,681.236926,192.570,197.861956,75.986,100.000,1,0,71,3.07e-07,5.92
2023-10-24 23:32:25,680.910853,192.489,197.861658,75.986,100.000,1,0,71,3.07e-07,5.92
2023-10-24 23:32:27,680.582991,192.407,197.868812,75.987,100.000,1,0,71,3.07e-07,5.92
2023-10-24 23:32:29,680.25662,192.326,197.862851,75.986,100.000,1,0,71,3.07e-07,5.92
2023-10-24 23:32:31,679.924884,192.244,197.828872,75.978,100.000,1,0,71,3.07e-07,5.92
2023-10-24 23:32:33,679.594638,192.161,203.382248,77.263,100.000,1,0,71,3.07e-07,5.92
2023-10-24 23:32:35,679.269757,192.081,197.85838,75.985,100.000,1,0,71,3.07e-07,5.92
2023-10-24 23:32:37,678.946069,192.000,197.868812,75.987,100.000,1,0,71,3.07e-07,5.92
2023-10-24 23:32:39,678.620592,191.919,197.879542,75.990,100.000,1,0,71,3.07e-07,5.92
2023-10-24 23:32:41,678.295711,191.838,197.865831,75.986,100.000,1,0,71,3.07e-07,5.92
2023-10-24 23:32:43,677.971128,191.758,197.85838,75.985,100.000,1,0,71,3.07e-07,5.92
2023-10-24 23:32:45,677.646247,191.677,197.88133,75.990,100.000,1,0,71,3.07e-07,5.92
2023-10-24 23:32:47,677.318386,191.595,197.89206,75.993,100.000,1,0,71,3.07e-07,5.92
2023-10-24 23:32:49,676.991121,191.514,197.834833,75.979,100.000,1,0,71,3.07e-07,5.92
2023-10-24 23:32:50,676.665644,191.433,198.469394,76.126,100.000,1,0,71,3.07e-07,5.92
2023-10-24 23:32:52,676.347618,191.354,197.855697,75.984,100.000,1,0,71,3.07e-07,5.92
2023-10-24 23:32:54,676.02691,191.274,197.857486,75.985,100.000,1,0,71,3.07e-07,5.92
2023-10-24 23:32:56,675.705904,191.194,197.880436,75.990,100.000,1,0,71,3.07e-07,5.92
2023-10-24 23:32:58,675.389667,191.116,197.868216,75.987,100.000,1,0,71,3.07e-07,5.92
2023-10-24 23:33:00,675.072834,191.037,197.857784,75.985,100.000,1,0,71,3.07e-07,5.92
2023-10-24 23:33:02,674.753318,190.958,197.883416,75.991,100.000,1,0,71,3.07e-07,5.92
2023-10-24 23:33:04,674.423072,190.876,197.901896,75.995,100.000,1,0,71,3.07e-07,5.92
2023-10-24 23:33:06,674.096701,190.794,197.834535,75.979,100.000,1,0,71,3.07e-07,5.92
2023-10-24 23:33:08,673.769436,190.713,197.832449,75.979,100.000,1,0,71,3.07e-07,5.92
2023-10-24 23:33:10,673.444257,190.632,197.866427,75.987,100.000,1,0,71,3.07e-07,5.92
2023-10-24 23:33:12,673.122059,190.552,197.860466,75.985,100.000,1,0,71,3.07e-07,5.92
2023-10-24 23:33:14,672.798966,190.472,197.875667,75.989,100.000,1,0,71,3.07e-07,5.92
2023-10-24 23:33:16,672.477662,190.392,197.867321,75.987,100.000,1,0,71,3.07e-07,5.92
2023-10-24 23:33:18,672.155762,190.312,197.868216,75.987,100.000,1,0,71,3.07e-07,5.92
2023-10-24 23:33:20,671.835352,190.232,197.883118,75.990,100.000,1,0,71,3.07e-07,5.92
2023-10-24 23:33:22,671.516432,190.153,197.86136,75.985,100.000,1,0,71,3.07e-07,5.92
2023-10-24 23:33:24,671.215992,190.078,197.81993,75.976,100.000,1,0,71,3.07e-07,5.92
2023-10-24 23:33:26,670.896178,189.999,198.107256,76.042,100.000,1,0,71,3.07e-07,5.92
2023-10-24 23:33:28,670.601103,189.926,197.867321,75.987,100.000,1,0,71,3.07e-07,5.92
2023-10-24 23:33:30,670.387099,189.873,197.871494,75.988,100.000,1,0,71,3.07e-07,5.92
2023-10-24 23:33:32,670.20439,189.827,197.873282,75.988,100.000,1,0,71,3.07e-07,5.92
2023-10-24 23:33:34,670.038969,189.786,197.881032,75.990,100.000,1,0,71,3.07e-07,5.92
2023-10-24 23:33:36,669.905142,189.753,197.872686,75.988,100.000,1,0,71,3.07e-07,5.92
2023-10-24 23:33:38,669.795458,189.726,197.865235,75.986,100.000,1,0,71,3.07e-07,5.92
2023-10-24 23:33:39,669.701868,189.702,197.870004,75.987,100.000,1,0,71,3.07e-07,5.92
2023-10-24 23:33:41,669.613048,189.680,197.819334,75.976,100.000,1,0,71,3.07e-07,5.92
2023-10-24 23:33:43,669.530486,189.660,199.94477,76.468,100.000,1,0,71,3.07e-07,5.92
2023-10-24 23:33:45,669.449713,189.640,197.875965,75.989,100.000,1,0,71,3.07e-07,5.92
2023-10-24 23:33:47,669.364171,189.618,197.868812,75.987,100.000,1,0,71,3.07e-07,5.92
2023-10-24 23:33:49,669.272966,189.596,197.883118,75.990,100.000,1,0,71,3.07e-07,5.92
2023-10-24 23:33:51,669.174309,189.571,197.876263,75.989,100.000,1,0,71,3.07e-07,5.92
2023-10-24 23:33:53,669.058366,189.542,197.874773,75.989,100.000,1,0,71,3.07e-07,5.92
2023-10-24 23:33:55,668.936759,189.512,197.86911,75.987,100.000,1,0,71,3.07e-07,5.92
2023-10-24 23:33:57,668.807105,189.480,197.844967,75.982,100.000,1,0,71,3.07e-07,5.92
2023-10-24 23:33:59,668.665826,189.445,197.817844,75.975,100.000,1,0,71,3.07e-07,5.92
2023-10-24 23:34:01,668.519481,189.409,197.817248,75.975,100.000,1,0,71,3.07e-07,5.92
2023-10-24 23:34:03,668.36479,189.370,197.8706,75.988,100.000,1,0,71,3.07e-07,5.92
2023-10-24 23:34:05,668.202946,189.330,197.85838,75.985,100.000,0,0,71,3.07e-07,5.92
2023-10-24 23:34:07,668.031564,189.287,197.854207,75.984,100.000,0,0,71,3.07e-07,5.92
2023-10-24 23:34:09,667.853028,189.243,197.755252,75.961,100.000,0,0,71,3.07e-07,5.92
2023-10-24 23:34:11,667.66257,189.196,197.754358,75.961,100.000,0,0,71,3.07e-07,5.92
2023-10-24 23:34:13,667.469132,189.148,197.754656,75.961,100.000,0,0,71,3.07e-07,5.92
2023-10-24 23:34:15,667.272415,189.099,197.754954,75.961,100.000,0,0,71,3.07e-07,5.92
2023-10-24 23:34:17,667.080766,189.051,197.754954,75.961,100.000,0,0,71,3.07e-07,5.92
2023-10-24 23:34:19,666.896567,189.005,197.755848,75.961,100.000,0,0,71,3.07e-07,5.92
2023-10-24 23:34:21,666.722204,188.962,197.757637,75.961,100.000,0,0,71,3.07e-07,5.92
2023-10-24 23:34:23,666.554101,188.920,197.755252,75.961,100.000,0,0,71,3.07e-07,5.92
2023-10-24 23:34:25,666.395237,188.881,197.756147,75.961,100.000,0,0,71,3.07e-07,5.92
2023-10-24 23:34:27,666.245315,188.844,197.757637,75.961,100.000,0,0,71,3.07e-07,5.92
2023-10-24 23:34:28,666.103143,188.808,197.759127,75.962,100.000,0,0,71,3.07e-07,5.92
2023-10-24 23:34:30,665.969017,188.775,197.760915,75.962,100.000,0,0,71,3.07e-07,5.92
2023-10-24 23:34:32,665.84294,188.744,197.759723,75.962,100.000,0,0,71,3.07e-07,5.92
2023-10-24 23:34:34,665.727592,188.715,197.760915,75.962,100.000,0,0,71,3.07e-07,5.92
2023-10-24 23:34:36,665.6191,188.688,197.760617,75.962,100.000,0,0,71,3.07e-07,5.92
2023-10-24 23:34:38,665.518357,188.663,197.760617,75.962,100.000,0,0,71,3.07e-07,5.92
2023-10-24 23:34:40,665.426854,188.640,197.762704,75.963,100.000,0,0,71,3.07e-07,5.92
2023-10-24 23:34:42,665.343994,188.620,197.7633,75.963,100.000,0,0,71,3.07e-07,5.92
2023-10-24 23:34:44,665.267692,188.601,197.7633,75.963,100.000,0,0,71,3.07e-07,5.92
2023-10-24 23:34:46,665.20212,188.585,197.764194,75.963,100.000,0,0,71,3.07e-07,5.92
2023-10-24 23:34:48,665.139826,188.569,197.763896,75.963,100.000,0,0,71,3.07e-07,5.92
2023-10-24 23:34:50,665.087666,188.556,197.765982,75.963,100.000,0,0,71,3.07e-07,5.92
2023-10-24 23:34:52,665.045343,188.546,197.765386,75.963,100.000,0,0,71,3.07e-07,5.92
2023-10-24 23:34:54,665.008682,188.537,197.765386,75.963,100.000,0,0,71,3.07e-07,5.92
2023-10-24 23:34:56,664.976194,188.528,197.765386,75.963,100.000,0,0,71,3.07e-07,5.92
2023-10-24 23:34:58,664.947282,188.521,197.765088,75.963,100.000,0,0,71,3.07e-07,5.92
2023-10-24 23:35:00,664.925524,188.516,197.76628,75.963,100.000,0,0,71,3.07e-07,5.92
2023-10-24 23:35:02,664.910621,188.512,197.767473,75.964,100.000,0,0,71,3.07e-07,5.92
2023-10-24 23:35:04,664.899891,188.510,197.767175,75.964,100.000,0,0,71,3.07e-07,5.92
2023-10-24 23:35:06,664.89095,188.507,197.767175,75.964,100.000,0,0,71,3.07e-07,5.92
2023-10-24 23:35:08,664.891248,188.507,197.768665,75.964,100.000,0,0,71,3.07e-07,5.92
2023-10-24 23:35:10,664.892738,188.508,197.768069,75.964,100.000,0,0,71,3.07e-07,5.92
2023-10-24 23:35:12,664.897805,188.509,197.768963,75.964,100.000,0,0,71,3.07e-07,5.92
2023-10-24 23:35:14,664.905554,188.511,197.769559,75.964,100.000,0,0,71,3.07e-07,5.92
2023-10-24 23:35:15,664.915986,188.514,197.768665,75.964,100.000,0,0,71,3.07e-07,5.92
2023-10-24 23:35:17,664.929995,188.517,197.769857,75.964,100.000,0,0,71,3.07e-07,5.92
2023-10-24 23:35:19,664.94758,188.521,197.769261,75.964,100.000,0,0,71,3.07e-07,5.92
2023-10-24 23:35:21,664.96904,188.527,197.770155,75.964,100.000,0,0,71,3.07e-07,5.92
2023-10-24 23:35:23,664.991394,188.532,197.772242,75.965,100.000,0,0,71,3.07e-07,5.92
2023-10-24 23:35:25,665.016431,188.538,197.777607,75.966,100.000,0,0,71,3.07e-07,5.92
2023-10-24 23:35:27,665.043256,188.545,197.796384,75.970,100.000,0,0,71,3.07e-07,5.92
2023-10-24 23:35:29,665.072466,188.552,197.820825,75.976,100.000,0,0,71,3.07e-07,5.92
2023-10-24 23:35:31,665.103165,188.560,197.839006,75.980,100.000,0,0,71,3.07e-07,5.92
2023-10-24 23:35:33,665.136846,188.568,197.845265,75.982,100.000,0,0,71,3.07e-07,5.92
2023-10-24 23:35:35,665.172016,188.577,197.850928,75.983,100.000,0,0,71,3.07e-07,5.92
2023-10-24 23:35:37,665.209273,188.586,197.866427,75.987,100.000,0,0,71,3.07e-07,5.92
2023-10-24 23:35:39,665.249213,188.596,197.876263,75.989,100.000,0,0,71,3.07e-07,5.92
2023-10-24 23:35:41,665.288854,188.606,197.888185,75.992,100.000,0,0,71,3.07e-07,5.92
2023-10-24 23:35:43,665.332668,188.617,197.903982,75.995,100.000,0,0,71,3.07e-07,5.92
2023-10-24 23:35:45,665.377377,188.628,197.941537,76.004,100.000,0,0,71,3.07e-07,5.92
2023-10-24 23:35:47,665.421489,188.639,197.975814,76.012,100.000,0,0,71,3.07e-07,5.92
2023-10-24 23:35:49,665.47037,188.651,198.069403,76.034,100.000,0,0,71,3.07e-07,5.92
2023-10-24 23:35:51,665.517165,188.663,198.241978,76.074,100.000,0,0,71,3.07e-07,5.92
2023-10-24 23:35:53,665.56694,188.675,198.824379,76.208,100.000,0,0,71,3.07e-07,5.92
2023-10-24 23:35:55,665.617312,188.688,199.357302,76.332,100.000,0,0,71,3.07e-07,5.92
2023-10-24 23:35:57,665.669471,188.701,200.032399,76.488,100.000,0,0,71,3.07e-07,5.92
2023-10-24 23:35:59,665.721333,188.714,200.580523,76.615,100.000,0,0,71,3.07e-07,5.92
2023-10-24 23:36:01,665.774685,188.727,201.177529,76.753,100.000,0,0,71,3.07e-07,5.92
2023-10-24 23:36:02,665.83072,188.741,201.764699,76.889,100.000,0,0,71,3.07e-07,5.92
2023-10-24 23:36:05,665.887648,188.755,202.739639,77.115,100.000,0,0,71,3.07e-07,5.92
2023-10-24 23:36:07,665.943087,188.769,203.973292,77.400,100.000,0,0,71,3.07e-07,5.92
2023-10-24 23:36:08,665.999717,188.783,205.106799,77.663,100.000,0,0,71,3.07e-07,5.92
2023-10-24 23:36:10,666.056646,188.797,206.196193,77.915,100.000,0,0,71,3.07e-07,5.92
2023-10-24 23:36:12,666.118343,188.812,207.207198,78.150,100.000,0,0,71,3.07e-07,5.92
2023-10-24 23:36:14,666.177358,188.827,208.126998,78.363,100.000,0,0,71,3.07e-07,5.92
2023-10-24 23:36:16,666.235181,188.841,208.998215,78.565,100.000,0,0,71,3.07e-07,5.92
2023-10-24 23:36:18,666.2936,188.856,209.899834,78.774,100.000,0,0,71,3.07e-07,5.92
2023-10-24 23:36:20,666.353807,188.871,210.72068,78.964,100.000,0,0,71,3.07e-07,5.92
2023-10-24 23:36:22,666.416399,188.886,211.682208,79.187,100.000,0,0,71,3.07e-07,5.92
2023-10-24 23:36:24,666.47601,188.901,212.476824,79.372,100.000,0,0,71,3.07e-07,5.92
2023-10-24 23:36:26,666.536516,188.916,213.229713,79.546,100.000,0,0,71,3.07e-07,5.92
2023-10-24 23:36:28,666.596127,188.931,214.062481,79.740,100.000,0,0,71,3.07e-07,5.92
2023-10-24 23:36:30,666.657824,188.946,214.947111,79.945,100.000,0,0,71,3.07e-07,5.92
2023-10-24 23:36:32,666.718032,188.961,215.689866,80.117,100.000,0,0,71,3.07e-07,5.92
2023-10-24 23:36:34,666.779729,188.976,216.56466,80.321,100.000,0,0,71,3.07e-07,5.92
2023-10-24 23:36:36,666.840235,188.991,217.581626,80.557,100.000,0,0,71,3.07e-07,5.92
2023-10-24 23:36:38,666.901038,189.007,218.584882,80.790,100.000,0,0,71,3.07e-07,5.92
2023-10-24 23:36:40,666.960649,189.021,219.769654,81.065,100.000,0,0,71,3.07e-07,5.92
2023-10-24 23:36:42,667.022049,189.037,230.109805,83.470,100.000,0,0,71,3.07e-07,5.92
2023-10-24 23:36:44,667.081958,189.051,235.49001,84.723,100.000,0,0,71,3.07e-07,5.92
2023-10-24 23:36:46,667.143655,189.067,237.162103,85.112,100.000,0,0,71,3.07e-07,5.92
2023-10-24 23:36:48,667.203266,189.082,238.402612,85.402,100.000,0,0,71,3.07e-07,5.92
2023-10-24 23:36:50,667.26407,189.097,239.494688,85.656,100.000,0,0,71,3.07e-07,5.92
2023-10-24 23:36:52,667.325767,189.112,240.512549,85.894,100.000,0,0,71,3.07e-07,5.92
2023-10-24 23:36:53,667.383888,189.126,241.450232,86.112,100.000,0,0,71,3.07e-07,5.92
2023-10-24 23:36:55,667.442903,189.141,242.392089,86.332,100.000,0,0,71,3.07e-07,5.92
2023-10-24 23:36:57,667.50162,189.156,243.272247,86.537,100.000,0,0,71,3.07e-07,5.92
2023-10-24 23:36:59,667.560933,189.170,244.094583,86.729,100.000,0,0,71,3.07e-07,5.92
2023-10-24 23:37:01,667.621439,189.185,244.90917,86.920,100.000,0,0,71,3.07e-07,5.92
2023-10-24 23:37:03,667.678964,189.200,245.681134,87.100,100.000,0,0,71,3.07e-07,5.92
2023-10-24 23:37:05,667.737681,189.214,246.438494,87.277,100.000,0,0,71,3.07e-07,5.92
2023-10-24 23:37:07,667.797888,189.229,247.207776,87.456,100.000,0,0,71,3.07e-07,5.92
2023-10-24 23:37:09,667.854816,189.243,247.896881,87.617,100.000,0,0,71,3.07e-07,5.92
2023-10-24 23:37:11,667.911149,189.257,248.632781,87.789,100.000,0,0,71,3.07e-07,5.92
2023-10-24 23:37:13,667.966885,189.271,249.415177,87.972,100.000,0,0,71,3.07e-07,5.92
2023-10-24 23:37:15,668.023218,189.285,250.157038,88.145,100.000,0,0,71,3.07e-07,5.92
2023-10-24 23:37:17,668.079551,189.299,250.899793,88.319,100.000,0,0,71,3.07e-07,5.92
2023-10-24 23:37:19,668.134393,189.313,251.637183,88.491,100.000,0,0,71,3.07e-07,5.92
2023-10-24 23:37:21,668.190129,189.327,252.380236,88.665,100.000,0,0,71,3.07e-07,5.92
2023-10-24 23:37:23,668.243183,189.340,253.125972,88.839,100.000,0,0,71,3.07e-07,5.92
2023-10-24 23:37:25,668.301304,189.354,253.904494,89.021,100.000,0,0,71,3.07e-07,5.92
2023-10-24 23:37:27,668.353762,189.367,254.719378,89.212,100.000,0,0,71,3.07e-07,5.92
2023-10-24 23:37:29,668.408008,189.381,255.598345,89.417,100.000,0,0,71,3.07e-07,5.92
2023-10-24 23:37:31,668.46136,189.394,256.530663,89.635,100.000,0,0,71,3.07e-07,5.92
2023-10-24 23:37:33,668.513222,189.407,257.450762,89.850,100.000,0,0,71,3.07e-07,5.92
2023-10-24 23:37:35,668.568362,189.421,258.508264,90.098,100.000,0,0,71,3.07e-07,5.92
2023-10-24 23:37:37,668.619926,189.433,259.60958,90.356,100.000,0,0,71,3.07e-07,5.92
2023-10-24 23:37:38,668.670893,189.446,260.735336,90.619,100.000,0,0,71,3.07e-07,5.92
2023-10-24 23:37:40,668.721861,189.459,261.860199,90.882,100.000,0,0,71,3.07e-07,5.92
2023-10-24 23:37:42,668.772232,189.471,263.058383,91.163,100.000,0,0,71,3.07e-07,5.92
2023-10-24 23:37:44,668.822008,189.484,264.268788,91.447,100.000,0,0,71,3.07e-07,5.92
2023-10-24 23:37:46,668.874465,189.497,265.534929,91.743,100.000,0,0,71,3.07e-07,5.92
2023-10-24 23:37:48,668.923048,189.509,266.837731,92.048,100.000,0,0,71,3.07e-07,5.92
2023-10-24 23:37:50,668.971333,189.521,268.243958,92.378,100.000,0,0,71,3.07e-07,5.92
2023-10-24 23:37:52,669.021109,189.533,269.623956,92.702,100.000,0,0,71,3.07e-07,5.92
2023-10-24 23:37:54,669.068798,189.545,270.973255,93.018,100.000,0,0,71,3.07e-07,5.92
2023-10-24 23:37:56,669.115592,189.557,272.290364,93.327,100.000,0,0,71,3.07e-07,5.92
2023-10-24 23:37:58,669.164176,189.569,273.561572,93.625,100.000,0,0,71,3.07e-07,5.92
2023-10-24 23:38:00,669.212461,189.581,274.844404,93.926,100.000,0,0,71,3.07e-07,5.92
2023-10-24 23:38:02,669.259255,189.592,276.093854,94.219,100.000,0,0,71,3.07e-07,5.92
2023-10-24 23:38:04,669.30605,189.604,277.328103,94.509,100.000,0,0,71,3.07e-07,5.92
2023-10-24 23:38:06,669.354633,189.616,278.553112,94.797,100.000,0,0,71,3.07e-07,5.92
2023-10-24 23:38:08,669.399044,189.627,279.752787,95.079,100.000,0,0,71,3.07e-07,5.92
2023-10-24 23:38:10,669.445838,189.639,280.942625,95.358,100.000,0,0,71,3.07e-07,5.92
2023-10-24 23:38:12,669.489354,189.649,282.104745,95.631,100.000,0,0,71,3.07e-07,5.92
2023-10-24 23:38:14,669.532573,189.660,283.273422,95.906,100.000,0,0,71,3.07e-07,5.92
2023-10-24 23:38:16,669.577281,189.671,284.411399,96.173,100.000,0,0,71,3.07e-07,5.92
2023-10-24 23:38:18,669.620797,189.682,285.546395,96.440,100.000,0,0,71,3.07e-07,5.92
2023-10-24 23:38:20,669.664313,189.693,286.674536,96.706,100.000,0,0,71,3.07e-07,5.92
2023-10-24 23:38:22,669.70932,189.704,287.804466,96.971,100.000,0,0,71,3.07e-07,5.92
2023-10-24 23:38:24,669.751942,189.715,288.914426,97.232,100.000,0,0,71,3.07e-07,5.92
2023-10-24 23:38:25,669.793371,189.725,290.022299,97.493,100.000,0,0,71,3.07e-07,5.92
2023-10-24 23:38:27,669.837484,189.736,291.123317,97.752,100.000,0,0,71,3.07e-07,5.92
2023-10-24 23:38:29,669.879509,189.746,292.214798,98.009,100.000,0,0,71,3.07e-07,5.92
2023-10-24 23:38:31,669.920343,189.757,293.299721,98.265,100.000,0,0,71,3.07e-07,5.92
2023-10-24 23:38:33,669.960581,189.767,294.367058,98.516,100.000,0,0,71,3.07e-07,5.92
2023-10-24 23:38:35,670.001116,189.777,295.460923,98.774,100.000,0,0,71,3.07e-07,5.92
2023-10-24 23:38:37,670.042546,189.787,296.507993,99.020,100.000,0,0,71,3.07e-07,5.92
2023-10-24 23:38:39,670.080995,189.796,297.569966,99.270,100.000,0,0,71,3.07e-07,5.92
2023-10-24 23:38:41,670.121233,189.806,298.616738,99.517,100.000,0,0,71,3.07e-07,5.92
2023-10-24 23:38:43,670.162364,189.817,299.673048,99.766,100.000,0,0,71,3.07e-07,5.92
2023-10-24 23:38:45,670.200814,189.826,300.724887,100.014,100.000,1,0,71,3.07e-07,5.92
2023-10-24 23:38:47,670.240157,189.836,419.723962,128.345,100.000,1,0,71,3.07e-07,5.92
2023-10-24 23:38:49,670.279202,189.846,466.094886,139.526,100.000,1,0,71,3.07e-07,5.92
2023-10-24 23:38:51,670.316161,189.855,489.566482,145.213,100.000,1,0,71,3.07e-07,5.92
2023-10-24 23:38:53,670.35014,189.863,503.725623,148.653,100.000,1,0,71,3.07e-07,5.92
2023-10-24 23:38:55,670.375772,189.870,511.694443,150.592,100.000,1,0,71,3.07e-07,5.92
2023-10-24 23:38:57,670.399617,189.876,515.490183,151.516,100.000,1,0,71,3.07e-07,5.92
2023-10-24 23:38:59,670.412433,189.879,516.820704,151.840,100.000,1,0,71,3.07e-07,5.92
2023-10-24 23:39:01,670.418394,189.880,517.689835,152.052,100.000,1,0,71,3.07e-07,5.92
2023-10-24 23:39:03,670.417202,189.880,517.243348,151.943,100.000,1,0,71,3.07e-07,5.92
2023-10-24 23:39:05,670.408559,189.878,515.819535,151.596,100.000,1,0,71,3.07e-07,5.92
2023-10-24 23:39:07,670.394848,189.874,515.826688,151.598,100.000,1,0,71,3.07e-07,5.92
2023-10-24 23:39:09,670.372196,189.869,516.167068,151.681,100.000,1,0,71,3.07e-07,5.92
2023-10-24 23:39:10,670.344477,189.862,515.87855,151.610,100.000,1,0,71,3.07e-07,5.92
2023-10-24 23:39:13,670.309902,189.853,516.683003,151.806,100.000,1,0,71,3.07e-07,5.92
2023-10-24 23:39:14,670.269068,189.843,516.141733,151.675,100.000,1,0,71,3.07e-07,5.92
2023-10-24 23:39:16,670.223466,189.832,517.336043,151.965,100.000,1,0,71,3.07e-07,5.92
2023-10-24 23:39:18,670.172498,189.819,517.287758,151.954,100.000,1,0,71,3.07e-07,5.92
2023-10-24 23:39:20,670.117656,189.806,518.333934,152.209,100.000,1,0,71,3.07e-07,5.92
2023-10-24 23:39:22,670.058343,189.791,519.786658,152.562,100.000,1,0,71,3.07e-07,5.92
2023-10-24 23:39:24,669.996049,189.775,520.935663,152.842,100.000,1,0,71,3.07e-07,5.92
2023-10-24 23:39:26,669.930477,189.759,521.407485,152.957,100.000,1,0,71,3.07e-07,5.92
2023-10-24 23:39:28,669.861924,189.742,522.093013,153.125,100.000,1,0,71,3.07e-07,5.92
2023-10-24 23:39:30,669.790391,189.724,522.061419,153.117,100.000,1,0,71,3.07e-07,5.92
2023-10-24 23:39:32,669.716473,189.706,524.267927,153.655,100.000,1,0,71,3.07e-07,5.92
2023-10-24 23:39:34,669.640469,189.687,524.620825,153.741,100.000,1,0,71,3.07e-07,5.92
2023-10-24 23:39:36,669.562378,189.668,524.661956,153.751,100.000,1,0,71,3.07e-07,5.92
2023-10-24 23:39:38,669.482201,189.648,526.044041,154.088,100.000,1,0,71,3.07e-07,5.92
2023-10-24 23:39:40,669.403514,189.628,526.429129,154.182,100.000,1,0,71,3.07e-07,5.92
2023-10-24 23:39:42,669.320059,189.607,527.91762,154.545,100.000,1,0,71,3.07e-07,5.92
2023-10-24 23:39:44,669.237497,189.587,528.023728,154.571,100.000,1,0,71,3.07e-07,5.92
2023-10-24 23:39:46,669.154638,189.566,529.120275,154.838,100.000,1,0,71,3.07e-07,5.92
2023-10-24 23:39:48,669.070884,189.546,529.387035,154.903,100.000,1,0,71,3.07e-07,5.92
2023-10-24 23:39:50,668.986236,189.524,530.595055,155.198,100.000,1,0,71,3.07e-07,5.92
2023-10-24 23:39:52,668.899502,189.503,530.881487,155.268,100.000,1,0,71,3.07e-07,5.92
2023-10-24 23:39:54,668.811874,189.481,531.728263,155.475,100.000,1,0,71,3.07e-07,5.92
2023-10-24 23:39:56,668.725735,189.460,532.143157,155.576,100.000,1,0,71,3.07e-07,5.92
2023-10-24 23:39:58,668.637511,189.438,533.080542,155.805,100.000,1,0,71,3.07e-07,5.92
2023-10-24 23:39:59,668.548988,189.416,533.590516,155.929,100.000,1,0,71,3.07e-07,5.92
2023-10-24 23:40:01,668.457485,189.393,533.538654,155.917,100.000,1,0,71,3.07e-07,5.92
2023-10-24 23:40:03,668.367472,189.371,533.843565,155.991,100.000,1,0,71,3.07e-07,5.92
2023-10-24 23:40:05,668.275969,189.348,533.625984,155.938,100.000,1,0,71,3.07e-07,5.92
2023-10-24 23:40:07,668.184168,189.325,533.78157,155.976,100.000,1,0,71,3.07e-07,5.92
2023-10-24 23:40:09,668.091175,189.302,534.388113,156.124,100.000,1,0,71,3.07e-07,5.92
2023-10-24 23:40:11,667.994605,189.278,534.103172,156.054,100.000,1,0,71,3.07e-07,5.92
2023-10-24 23:40:13,667.895352,189.254,533.987824,156.026,100.000,1,0,71,3.07e-07,5.92
2023-10-24 23:40:15,667.796099,189.229,532.964301,155.776,100.000,1,0,71,3.07e-07,5.92
2023-10-24 23:40:17,667.693568,189.203,532.236746,155.599,100.000,1,0,71,3.07e-07,5.92
2023-10-24 23:40:19,667.590441,189.178,531.211136,155.348,100.000,1,0,71,3.07e-07,5.92
2023-10-24 23:40:21,667.481949,189.151,530.613236,155.203,100.000,1,0,71,3.07e-07,5.92
2023-10-24 23:40:23,667.370178,189.123,528.970651,154.802,100.000,1,0,71,3.07e-07,5.92
2023-10-24 23:40:25,667.255128,189.094,527.447586,154.430,100.000,1,0,71,3.07e-07,5.92
2023-10-24 23:40:27,667.136204,189.065,525.140932,153.868,100.000,1,0,71,3.07e-07,5.92
2023-10-24 23:40:29,667.012809,189.034,522.749034,153.284,100.000,1,0,71,3.07e-07,5.92
2023-10-24 23:40:31,666.884943,189.003,520.414363,152.715,100.000,1,0,71,3.07e-07,5.92
2023-10-24 23:40:33,666.751116,188.969,517.769714,152.071,100.000,1,0,71,3.07e-07,5.92
2023-10-24 23:40:35,666.613116,188.935,514.859795,151.362,100.000,1,0,71,3.07e-07,5.92
2023-10-24 23:40:37,666.467963,188.899,512.112317,150.693,100.000,1,0,71,3.07e-07,5.92
2023-10-24 23:40:39,666.317147,188.862,508.352343,149.778,100.000,1,0,71,3.07e-07,5.92
2023-10-24 23:40:41,666.163052,188.823,504.049014,148.732,100.000,1,0,71,3.07e-07,5.92
2023-10-24 23:40:43,666.003294,188.784,499.665209,147.666,100.000,1,0,71,3.07e-07,5.92
2023-10-24 23:40:45,665.836085,188.742,493.203061,146.096,100.000,1,0,71,3.07e-07,5.92
2023-10-24 23:40:47,665.662318,188.699,486.650006,144.506,100.000,1,0,71,3.07e-07,5.92
2023-10-24 23:40:48,665.480802,188.654,481.486786,143.253,100.000,1,0,71,3.07e-07,5.92
2023-10-24 23:40:50,665.290344,188.607,476.223418,141.978,100.000,1,0,71,3.07e-07,5.92
2023-10-24 23:40:52,665.090349,188.557,466.023353,139.509,100.000,1,0,71,3.07e-07,5.92
2023-10-24 23:40:54,664.8832,188.505,438.146194,132.778,100.000,1,0,71,3.07e-07,5.92
2023-10-24 23:40:56,664.664725,188.451,420.835114,128.612,100.000,1,0,71,3.07e-07,5.92
2023-10-24 23:40:58,664.43105,188.393,410.305696,126.083,100.000,1,0,71,3.07e-07,5.92
2023-10-24 23:41:00,664.179192,188.331,402.936565,124.316,100.000,1,0,71,3.07e-07,5.92
2023-10-24 23:41:02,663.91273,188.264,397.605837,123.039,100.000,1,0,71,3.07e-07,5.92
2023-10-24 23:41:04,663.636731,188.196,394.835706,122.376,100.000,1,0,71,3.07e-07,5.92
2023-10-24 23:41:06,663.355068,188.126,388.244501,120.798,100.000,1,0,71,3.07e-07,5.92
2023-10-24 23:41:08,663.069829,188.055,375.991725,117.871,100.000,1,0,71,3.07e-07,5.92
2023-10-24 23:41:10,662.779224,187.983,365.491219,115.366,100.000,1,0,71,3.07e-07,5.92
2023-10-24 23:41:12,662.478188,187.908,361.270749,114.361,100.000,1,0,71,3.07e-07,5.92
2023-10-24 23:41:14,662.168806,187.831,357.856222,113.548,100.000,1,0,71,3.07e-07,5.92
2023-10-24 23:41:16,661.853761,187.753,354.275379,112.696,100.000,1,0,71,3.07e-07,5.92
2023-10-24 23:41:18,661.537226,187.675,352.580038,112.293,100.000,1,0,71,3.07e-07,5.92
2023-10-24 23:41:20,661.220392,187.596,342.281018,109.846,100.000,1,0,71,3.07e-07,5.92
2023-10-24 23:41:22,660.903261,187.517,319.995386,104.565,100.000,1,0,71,3.07e-07,5.92
2023-10-24 23:41:24,660.574804,187.436,260.589885,90.585,100.000,1,0,71,3.07e-07,5.92
2023-10-24 23:41:26,660.237703,187.352,260.604788,90.589,100.000,1,0,71,3.07e-07,5.92
2023-10-24 23:41:28,659.891362,187.266,268.556321,92.451,100.000,1,0,71,3.07e-07,5.92
2023-10-24 23:41:30,659.535185,187.178,249.68611,88.035,100.000,1,0,71,3.07e-07,5.92
2023-10-24 23:41:31,659.172749,187.088,257.414697,89.842,100.000,1,0,71,3.07e-07,5.92
2023-10-24 23:41:33,658.807631,186.997,263.037221,91.158,100.000,1,0,71,3.07e-07,5.92
2023-10-24 23:41:35,658.440128,186.906,205.956556,77.860,100.000,1,0,71,3.07e-07,5.92
2023-10-24 23:41:37,658.073817,186.815,199.13227,76.280,100.000,1,0,71,3.07e-07,5.92
2023-10-24 23:41:39,657.702738,186.723,198.104872,76.042,100.000,1,0,71,3.07e-07,5.92
2023-10-24 23:41:41,657.328082,186.630,199.208274,76.297,100.000,1,0,71,3.07e-07,5.92
2023-10-24 23:41:43,656.990683,186.546,200.497962,76.596,100.000,1,0,71,3.07e-07,5.92
2023-10-24 23:41:45,656.616027,186.453,199.87741,76.452,100.000,1,0,71,3.07e-07,5.92
2023-10-24 23:41:47,656.243159,186.361,215.042787,79.967,100.000,1,0,71,3.07e-07,5.92
2023-10-24 23:41:49,655.872973,186.269,222.242921,81.640,100.000,1,0,71,3.07e-07,5.92
2023-10-24 23:41:51,655.504576,186.178,234.461122,84.483,100.000,1,0,71,3.07e-07,5.92
2023-10-24 23:41:53,655.13767,186.087,197.918885,75.999,100.000,1,0,71,3.07e-07,5.92
2023-10-24 23:41:55,654.771359,185.996,197.888781,75.992,100.000,1,0,71,3.07e-07,5.92
2023-10-24 23:41:57,654.404154,185.905,197.883714,75.991,100.000,1,0,71,3.07e-07,5.92
2023-10-24 23:41:59,654.039036,185.814,197.867917,75.987,100.000,1,0,71,3.07e-07,5.92
2023-10-24 23:42:01,653.674514,185.724,197.870004,75.987,100.000,1,0,71,3.07e-07,5.92
2023-10-24 23:42:03,653.309396,185.633,197.843477,75.981,100.000,1,0,71,3.07e-07,5.92
2023-10-24 23:42:05,652.941893,185.542,197.832151,75.979,100.000,1,0,71,3.07e-07,5.92
2023-10-24 23:42:07,652.571707,185.450,200.974255,76.706,100.000,1,0,71,3.07e-07,5.92
2023-10-24 23:42:09,652.20033,185.358,213.773367,79.673,100.000,1,0,71,3.07e-07,5.92
2023-10-24 23:42:11,651.831933,185.267,219.697226,81.048,100.000,1,0,71,3.07e-07,5.92
2023-10-24 23:42:13,651.468901,185.177,197.863447,75.986,100.000,1,0,71,3.07e-07,5.92
2023-10-24 23:42:15,651.11183,185.088,197.859572,75.985,100.000,1,0,71,3.07e-07,5.92
2023-10-24 23:42:17,650.750288,184.999,197.859572,75.985,100.000,1,0,71,3.07e-07,5.92
2023-10-24 23:42:18,650.387555,184.909,197.863149,75.986,100.000,1,0,71,3.07e-07,5.92
2023-10-24 23:42:20,650.027503,184.819,197.860168,75.985,100.000,1,0,71,3.07e-07,5.92
2023-10-24 23:42:22,649.664769,184.729,197.889974,75.992,100.000,1,0,71,3.07e-07,5.92
2023-10-24 23:42:24,649.306208,184.641,197.880734,75.990,100.000,1,0,71,3.07e-07,5.92
2023-10-24 23:42:26,648.945561,184.551,197.846457,75.982,100.000,1,0,71,3.07e-07,5.92
2023-10-24 23:42:28,648.590874,184.463,199.517954,76.369,100.000,1,0,71,3.07e-07,5.92
2023-10-24 23:42:30,648.240361,184.376,202.311929,77.016,100.000,1,0,71,3.07e-07,5.92
2023-10-24 23:42:32,647.891337,184.290,197.859572,75.985,100.000,1,0,71,3.07e-07,5.92
2023-10-24 23:42:34,647.543804,184.204,197.867321,75.987,100.000,1,0,71,3.07e-07,5.92
2023-10-24 23:42:36,647.197463,184.118,197.8706,75.988,100.000,1,0,71,3.07e-07,5.92
2023-10-24 23:42:38,646.850824,184.032,197.877455,75.989,100.000,1,0,71,3.07e-07,5.92
2023-10-24 23:42:40,646.504186,183.946,197.877753,75.989,100.000,1,0,71,3.07e-07,5.92
2023-10-24 23:42:42,646.158739,183.860,197.886099,75.991,100.000,1,0,71,3.07e-07,5.92
2023-10-24 23:42:44,645.812994,183.775,197.849438,75.983,100.000,1,0,71,3.07e-07,5.92
2023-10-24 23:42:46,645.46874,183.689,198.456578,76.123,100.000,1,0,71,3.07e-07,5.92
2023-10-24 23:42:48,645.130744,183.606,208.834582,78.527,100.000,1,0,71,3.07e-07,5.92
2023-10-24 23:42:50,644.790365,183.521,197.864341,75.986,100.000,1,0,71,3.07e-07,5.92
2023-10-24 23:42:52,644.458331,183.439,197.862851,75.986,100.000,1,0,71,3.07e-07,5.92
2023-10-24 23:42:54,644.12272,183.356,197.876561,75.989,100.000,1,0,71,3.07e-07,5.92
2023-10-24 23:42:56,643.788003,183.273,197.87209,75.988,100.000,1,0,71,3.07e-07,5.92
2023-10-24 23:42:58,643.450902,183.189,197.86911,75.987,100.000,1,0,71,3.07e-07,5.92
2023-10-24 23:43:00,643.114993,183.106,197.877157,75.989,100.000,1,0,71,3.07e-07,5.92
2023-10-24 23:43:02,642.781469,183.024,197.857486,75.985,100.000,1,0,71,3.07e-07,5.92
2023-10-24 23:43:04,642.447646,182.941,197.828574,75.978,100.000,1,0,71,3.07e-07,5.92
2023-10-24 23:43:06,642.1174,182.859,199.987988,76.478,100.000,1,0,71,3.07e-07,5.92
2023-10-24 23:43:08,641.789539,182.778,197.856591,75.984,100.000,1,0,71,3.07e-07,5.92
2023-10-24 23:43:09,641.4736,182.700,197.866427,75.987,100.000,1,0,71,3.07e-07,5.92
2023-10-24 23:43:11,641.147527,182.619,197.870898,75.988,100.000,1,0,71,3.07e-07,5.92
2023-10-24 23:43:13,640.82056,182.538,197.864043,75.986,100.000,1,0,71,3.07e-07,5.92
2023-10-24 23:43:15,640.497467,182.458,197.863745,75.986,100.000,1,0,71,3.07e-07,5.92
2023-10-24 23:43:17,640.17974,182.379,197.880734,75.990,100.000,1,0,71,3.07e-07,5.92
2023-10-24 23:43:19,639.857541,182.299,197.884907,75.991,100.000,1,0,71,3.07e-07,5.92
2023-10-24 23:43:21,639.537429,182.220,197.833641,75.979,100.000,1,0,71,3.07e-07,5.92
2023-10-24 23:43:23,639.215827,182.140,198.018436,76.022,100.000,1,0,71,3.07e-07,5.92
2023-10-24 23:43:25,638.897504,182.062,197.866129,75.987,100.000,1,0,71,3.07e-07,5.92
2023-10-24 23:43:27,638.582459,181.984,197.854803,75.984,100.000,1,0,71,3.07e-07,5.92
2023-10-24 23:43:29,638.267414,181.906,197.863149,75.986,100.000,1,0,71,3.07e-07,5.92
2023-10-24 23:43:31,637.952369,181.828,197.865831,75.986,100.000,1,0,71,3.07e-07,5.92
2023-10-24 23:43:33,637.63792,181.750,197.86136,75.985,100.000,1,0,71,3.07e-07,5.92
2023-10-24 23:43:35,637.330922,181.674,197.860466,75.985,100.000,1,0,71,3.07e-07,5.92
2023-10-24 23:43:37,637.024819,181.598,197.883118,75.990,100.000,1,0,71,3.07e-07,5.92
2023-10-24 23:43:39,636.715437,181.521,197.831555,75.979,100.000,1,0,71,3.07e-07,5.92
2023-10-24 23:43:41,636.405459,181.445,197.854505,75.984,100.000,1,0,71,3.07e-07,5.92
2023-10-24 23:43:43,636.099654,181.369,197.816056,75.975,100.000,1,0,71,3.07e-07,5.92
2023-10-24 23:43:45,635.798021,181.294,197.867321,75.987,100.000,1,0,71,3.07e-07,5.92
2023-10-24 23:43:47,635.496687,181.220,197.85838,75.985,100.000,1,0,71,3.07e-07,5.92
2023-10-24 23:43:49,635.194458,181.145,197.871196,75.988,100.000,1,0,71,3.07e-07,5.92
2023-10-24 23:43:51,634.894614,181.071,197.855101,75.984,100.000,1,0,71,3.07e-07,5.92
2023-10-24 23:43:53,634.59626,180.997,197.870302,75.988,100.000,1,0,71,3.07e-07,5.92
2023-10-24 23:43:55,634.298503,180.923,197.881628,75.990,100.000,1,0,71,3.07e-07,5.92
2023-10-24 23:43:56,633.998957,180.849,197.844371,75.982,100.000,1,0,71,3.07e-07,5.92
2023-10-24 23:43:58,633.69941,180.775,197.844073,75.981,100.000,1,0,71,3.07e-07,5.92
2023-10-24 23:44:00,633.400759,180.701,197.855697,75.984,100.000,1,0,71,3.07e-07,5.92
2023-10-24 23:44:02,633.106577,180.628,197.858082,75.985,100.000,1,0,71,3.07e-07,5.92
2023-10-24 23:44:04,632.810012,180.555,197.857784,75.985,100.000,1,0,71,3.07e-07,5.92
2023-10-24 23:44:06,632.516725,180.482,197.876859,75.989,100.000,1,0,71,3.07e-07,5.92
2023-10-24 23:44:08,632.222842,180.409,197.862254,75.986,100.000,1,0,71,3.07e-07,5.92
2023-10-24 23:44:10,631.927767,180.336,197.861956,75.986,100.000,1,0,71,3.07e-07,5.92
2023-10-24 23:44:12,631.633586,180.264,197.873581,75.988,100.000,1,0,71,3.07e-07,5.92
2023-10-24 23:44:14,631.341789,180.191,197.848246,75.982,100.000,1,0,71,3.07e-07,5.92
2023-10-24 23:44:16,631.04731,180.119,198.085796,76.037,100.000,1,0,71,3.07e-07,5.92
2023-10-24 23:44:18,630.755811,180.047,205.131537,77.669,100.000,1,0,71,3.07e-07,5.92
2023-10-24 23:44:20,630.469082,179.976,197.854505,75.984,100.000,1,0,71,3.07e-07,5.92
2023-10-24 23:44:22,630.182054,179.905,197.871494,75.988,100.000,1,0,71,3.07e-07,5.92
2023-10-24 23:44:24,629.894132,179.833,197.870004,75.987,100.000,1,0,71,3.07e-07,5.92
2023-10-24 23:44:26,629.610681,179.763,197.85987,75.985,100.000,1,0,71,3.07e-07,5.92
2023-10-24 23:44:28,629.329316,179.694,197.869408,75.987,100.000,1,0,71,3.07e-07,5.92
2023-10-24 23:44:30,629.045567,179.623,197.851226,75.983,100.000,1,0,71,3.07e-07,5.92
2023-10-24 23:44:32,628.76152,179.553,197.845563,75.982,100.000,1,0,71,3.07e-07,5.92
2023-10-24 23:44:34,628.477175,179.483,197.834237,75.979,100.000,1,0,71,3.07e-07,5.92
2023-10-24 23:44:36,628.190743,179.412,198.059865,76.031,100.000,1,0,71,3.07e-07,5.92
2023-10-24 23:44:38,627.901927,179.341,197.872984,75.988,100.000,1,0,71,3.07e-07,5.92
2023-10-24 23:44:40,627.618178,179.270,197.866427,75.987,100.000,1,0,71,3.07e-07,5.92
2023-10-24 23:44:42,627.335025,179.200,197.85987,75.985,100.000,1,0,71,3.07e-07,5.92
2023-10-24 23:44:44,627.054256,179.131,197.861658,75.986,100.000,1,0,71,3.07e-07,5.92
2023-10-24 23:44:45,626.772892,179.061,197.888185,75.992,100.000,1,0,71,3.07e-07,5.92
2023-10-24 23:44:47,626.494508,178.993,197.878349,75.989,100.000,1,0,71,3.07e-07,5.92
2023-10-24 23:44:49,626.213143,178.923,197.838112,75.980,100.000,1,0,71,3.07e-07,5.92
2023-10-24 23:44:51,625.931778,178.853,197.835727,75.980,100.000,1,0,71,3.07e-07,5.92
2023-10-24 23:44:53,625.651308,178.784,208.16038,78.371,100.000,1,0,71,3.07e-07,5.92
2023-10-24 23:44:55,625.379481,178.717,197.858976,75.985,100.000,1,0,71,3.07e-07,5.92
2023-10-24 23:44:57,625.110635,178.650,197.867619,75.987,100.000,1,0,71,3.07e-07,5.92
2023-10-24 23:44:59,624.840596,178.584,197.868514,75.987,100.000,1,0,71,3.07e-07,5.92
2023-10-24 23:45:01,624.568173,178.516,197.877753,75.989,100.000,1,0,71,3.07e-07,5.92
2023-10-24 23:45:03,624.296942,178.449,197.864639,75.986,100.000,1,0,71,3.07e-07,5.92
2023-10-24 23:45:05,624.030182,178.383,197.885503,75.991,100.000,1,0,71,3.07e-07,5.92
2023-10-24 23:45:07,623.761038,178.317,197.877157,75.989,100.000,1,0,71,3.07e-07,5.92
2023-10-24 23:45:09,623.496066,178.251,197.826488,75.977,100.000,1,0,71,3.07e-07,5.92
2023-10-24 23:45:11,623.240633,178.188,197.846159,75.982,100.000,1,0,71,3.07e-07,5.92
