time,sample_holder_res,sample_holder_temp,exhaust_res,exhaust_temp,target_temp,cooling_active,heating_active,proportional,integral,derivative
2023-11-24 17:17:55,1313.02997,354.056,1087.74718,295.087,355.100,0,0,80,5e-06,3
2023-11-24 17:17:59,1312.98198,354.044,1087.80888,295.102,355.100,0,0,80,5e-06,3
2023-11-24 17:18:03,1312.92982,354.030,1087.83928,295.110,355.100,0,0,80,5e-06,3
2023-11-24 17:18:07,1312.87468,354.016,1087.85537,295.114,355.100,0,0,80,5e-06,3
2023-11-24 17:18:12,1312.82103,354.002,1087.86551,295.117,355.100,0,1,80,5e-06,3
2023-11-24 17:18:16,1312.81895,354.001,1088.52153,295.286,355.100,0,1,80,5e-06,3
2023-11-24 17:18:20,1313.18019,354.096,1088.51408,295.284,355.100,0,1,80,5e-06,3
2023-11-24 17:18:24,1313.39449,354.152,1088.58174,295.301,355.100,0,1,80,5e-06,3
2023-11-24 17:18:28,1313.60939,354.208,1088.67056,295.324,355.100,0,1,80,5e-06,3
2023-11-24 17:18:33,1313.82816,354.266,1088.75461,295.346,355.100,0,1,80,5e-06,3
2023-11-24 17:18:37,1314.04604,354.323,1088.82793,295.364,355.100,0,1,80,5e-06,3
2023-11-24 17:18:41,1314.26243,354.379,1088.93761,295.393,355.100,0,1,80,5e-06,3
2023-11-24 17:18:45,1314.69133,354.492,1088.97875,295.403,355.100,0,1,80,5e-06,3
2023-11-24 17:18:49,1314.90325,354.547,1089.00796,295.411,355.100,0,1,80,5e-06,3
2023-11-24 17:18:53,1315.11368,354.602,1089.0324,295.417,355.100,0,1,80,5e-06,3
2023-11-24 17:18:58,1315.32113,354.657,1089.04968,295.421,355.100,0,1,80,5e-06,3
2023-11-24 17:19:02,1315.52589,354.710,1089.06161,295.424,355.100,0,1,80,5e-06,3
2023-11-24 17:19:06,1315.72797,354.763,1089.07234,295.427,355.100,0,1,80,5e-06,3
2023-11-24 17:19:10,1316.12528,354.868,1089.07532,295.428,355.100,0,1,80,5e-06,3
2023-11-24 17:19:14,1316.31872,354.918,1089.07472,295.428,355.100,0,1,80,5e-06,3
2023-11-24 17:19:18,1316.51126,354.969,1089.07025,295.427,355.100,0,1,80,5e-06,3
2023-11-24 17:19:23,1316.70053,355.018,1089.06459,295.425,355.100,0,1,80,5e-06,3
2023-11-24 17:19:27,1316.88652,355.067,1089.05833,295.424,355.100,0,1,80,5e-06,3
2023-11-24 17:19:31,1317.07131,355.115,1089.04104,295.419,355.100,0,1,80,5e-06,3
2023-11-24 17:19:35,1317.43315,355.210,1089.0318,295.417,355.100,0,1,80,5e-06,3
2023-11-24 17:19:39,1317.61198,355.257,1089.02226,295.414,355.100,0,1,80,5e-06,3
2023-11-24 17:19:43,1317.78873,355.303,1089.01213,295.412,355.100,0,1,80,5e-06,3
2023-11-24 17:19:48,1317.96279,355.349,1089.00319,295.409,355.100,0,1,80,5e-06,3
2023-11-24 17:19:52,1318.13656,355.395,1088.99365,295.407,355.100,0,1,80,5e-06,3
2023-11-24 17:19:56,1318.30943,355.440,1088.97457,295.402,355.100,0,0,80,5e-06,3
2023-11-24 17:20:00,1318.41703,355.468,1088.96295,295.399,355.100,0,0,80,5e-06,3
2023-11-24 17:20:04,1318.30794,355.440,1088.95252,295.396,355.100,0,0,80,5e-06,3
2023-11-24 17:20:08,1318.18962,355.409,1088.94507,295.394,355.100,0,0,80,5e-06,3
2023-11-24 17:20:13,1318.0689,355.377,1088.93493,295.392,355.100,1,0,80,5e-06,3
2023-11-24 17:20:17,1317.94849,355.345,1090.40435,295.770,355.100,1,0,80,5e-06,3
2023-11-24 17:20:21,1317.81526,355.310,1100.03811,298.247,355.100,1,0,80,5e-06,3
2023-11-24 17:20:25,1317.4713,355.220,1105.94915,299.768,355.100,1,0,80,5e-06,3
2023-11-24 17:20:29,1317.24925,355.162,1112.23425,301.385,355.100,1,0,80,5e-06,3
2023-11-24 17:20:33,1316.98875,355.094,1118.15573,302.910,355.100,1,0,80,5e-06,3
2023-11-24 17:20:38,1316.69516,355.017,1123.24205,304.221,355.100,1,0,80,5e-06,3
2023-11-24 17:20:42,1316.36522,354.930,1128.47591,305.570,355.100,0,0,80,5e-06,3
2023-11-24 17:20:46,1316.00159,354.835,1125.84408,304.892,355.100,0,0,80,5e-06,3
2023-11-24 17:20:50,1315.27374,354.644,1125.25989,304.741,355.100,0,0,80,5e-06,3
2023-11-24 17:20:54,1314.95094,354.560,1125.51025,304.805,355.100,0,0,80,5e-06,3
2023-11-24 17:20:59,1314.65736,354.483,1125.97015,304.924,355.100,0,0,80,5e-06,3
2023-11-24 17:21:03,1314.3903,354.413,1126.38326,305.030,355.100,0,0,80,5e-06,3
2023-11-24 17:21:07,1314.1441,354.348,1126.7293,305.120,355.100,0,0,80,5e-06,3
2023-11-24 17:21:11,1313.91669,354.289,1126.98861,305.187,355.100,0,0,80,5e-06,3
2023-11-24 17:21:15,1313.50895,354.182,1126.93258,305.172,355.100,0,0,80,5e-06,3
2023-11-24 17:21:20,1313.32266,354.133,1126.77818,305.132,355.100,0,0,80,5e-06,3
2023-11-24 17:21:24,1313.14979,354.088,1126.54361,305.072,355.100,0,0,80,5e-06,3
2023-11-24 17:21:28,1312.98586,354.045,1126.23989,304.994,355.100,0,0,80,5e-06,3
2023-11-24 17:21:32,1312.83236,354.005,1125.88759,304.903,355.100,0,0,80,5e-06,3
2023-11-24 17:21:36,1312.6878,353.967,1125.06049,304.690,355.100,0,0,80,5e-06,3
2023-11-24 17:21:40,1312.42164,353.897,1124.6143,304.575,355.100,0,0,80,5e-06,3
2023-11-24 17:21:45,1312.29735,353.864,1124.15678,304.457,355.100,0,0,80,5e-06,3
2023-11-24 17:21:49,1312.182,353.834,1123.69181,304.337,355.100,0,0,80,5e-06,3
2023-11-24 17:21:53,1312.06964,353.805,1123.2194,304.215,355.100,0,0,80,5e-06,3
2023-11-24 17:21:57,1311.96293,353.777,1122.75145,304.095,355.100,0,0,80,5e-06,3
2023-11-24 17:22:01,1311.8604,353.750,1121.8081,303.851,355.100,0,0,80,5e-06,3
2023-11-24 17:22:06,1311.66637,353.699,1121.35237,303.734,355.100,0,0,80,5e-06,3
2023-11-24 17:22:10,1311.57367,353.675,1120.90112,303.618,355.100,0,0,80,5e-06,3
2023-11-24 17:22:14,1311.48545,353.652,1120.45731,303.503,355.100,1,1,80,5e-06,3
2023-11-24 17:22:18,1311.48485,353.652,1119.39921,303.231,355.100,0,1,80,5e-06,3
2023-11-24 17:22:22,1311.6306,353.690,1118.28389,302.943,355.100,0,1,80,5e-06,3
2023-11-24 17:22:26,1311.80824,353.736,1117.49494,302.740,355.100,0,1,80,5e-06,3
2023-11-24 17:22:31,1312.18975,353.836,1117.35187,302.703,355.100,0,1,80,5e-06,3
2023-11-24 17:22:35,1312.38766,353.888,1117.22967,302.672,355.100,0,1,80,5e-06,3
2023-11-24 17:22:39,1312.58915,353.941,1117.09644,302.638,355.100,0,1,80,5e-06,3
2023-11-24 17:22:43,1312.79331,353.994,1116.94055,302.597,355.100,0,1,80,5e-06,3
2023-11-24 17:22:47,1312.99897,354.048,1116.76053,302.551,355.100,0,1,80,5e-06,3
2023-11-24 17:22:51,1313.20344,354.102,1116.35666,302.447,355.100,0,1,80,5e-06,3
2023-11-24 17:22:56,1313.61386,354.209,1116.13252,302.389,355.100,0,1,80,5e-06,3
2023-11-24 17:23:00,1313.81654,354.262,1115.90064,302.330,355.100,0,1,80,5e-06,3
2023-11-24 17:23:04,1314.01743,354.315,1115.66338,302.269,355.100,0,1,80,5e-06,3
2023-11-24 17:23:08,1314.21623,354.367,1115.42196,302.206,355.100,0,1,80,5e-06,3
2023-11-24 17:23:12,1314.41325,354.419,1115.17845,302.144,355.100,0,1,80,5e-06,3
2023-11-24 17:23:16,1314.60728,354.470,1114.69291,302.019,355.100,0,1,80,5e-06,3
2023-11-24 17:23:21,1314.99028,354.570,1114.45328,301.957,355.100,0,1,80,5e-06,3
2023-11-24 17:23:25,1315.18015,354.620,1114.21573,301.896,355.100,0,1,80,5e-06,3
2023-11-24 17:23:29,1315.36494,354.668,1113.97818,301.835,355.100,0,1,80,5e-06,3
2023-11-24 17:23:33,1315.55003,354.717,1113.7448,301.774,355.100,0,1,80,5e-06,3
2023-11-24 17:23:37,1315.73691,354.766,1113.51619,301.716,355.100,0,1,80,5e-06,3
2023-11-24 17:23:41,1315.92141,354.814,1113.06762,301.600,355.100,0,1,80,5e-06,3
2023-11-24 17:23:46,1316.28474,354.909,1112.84825,301.544,355.100,0,1,80,5e-06,3
2023-11-24 17:23:50,1316.46506,354.957,1112.63245,301.488,355.100,0,1,80,5e-06,3
2023-11-24 17:23:54,1316.64181,355.003,1112.41934,301.433,355.100,0,1,80,5e-06,3
2023-11-24 17:23:58,1316.81945,355.049,1112.21309,301.380,355.100,0,1,80,5e-06,3
2023-11-24 17:24:02,1316.99501,355.095,1112.0122,301.328,355.100,0,1,80,5e-06,3
2023-11-24 17:24:07,1317.16907,355.141,1111.61638,301.226,355.100,0,1,80,5e-06,3
2023-11-24 17:24:11,1317.5172,355.232,1111.42622,301.177,355.100,0,1,80,5e-06,3
2023-11-24 17:24:15,1317.68501,355.276,1110.90969,301.044,355.100,1,0,80,5e-06,3
2023-11-24 17:24:19,1317.71511,355.284,1111.21997,301.124,355.100,1,0,80,5e-06,3
2023-11-24 17:24:23,1317.61168,355.257,1114.45834,301.958,355.100,1,0,80,5e-06,3
2023-11-24 17:24:28,1317.45819,355.217,1119.42306,303.237,355.100,0,0,80,5e-06,3
2023-11-24 17:24:32,1317.26862,355.167,1117.38942,302.713,355.100,0,0,80,5e-06,3
2023-11-24 17:24:36,1316.81915,355.049,1117.07229,302.631,355.100,0,0,80,5e-06,3
2023-11-24 17:24:40,1316.59621,354.991,1117.5,302.742,355.100,0,0,80,5e-06,3
2023-11-24 17:24:44,1316.38101,354.935,1118.1295,302.904,355.100,0,0,80,5e-06,3
2023-11-24 17:24:48,1316.17416,354.880,1118.73962,303.061,355.100,0,0,80,5e-06,3
2023-11-24 17:24:53,1315.97506,354.828,1119.25376,303.193,355.100,0,0,80,5e-06,3
2023-11-24 17:24:57,1315.78401,354.778,1119.94555,303.372,355.100,0,0,80,5e-06,3
2023-11-24 17:25:01,1315.42396,354.684,1120.13601,303.421,355.100,0,0,80,5e-06,3
2023-11-24 17:25:05,1315.25436,354.639,1120.23556,303.446,355.100,0,0,80,5e-06,3
2023-11-24 17:25:09,1315.09282,354.597,1120.26924,303.455,355.100,0,0,80,5e-06,3
2023-11-24 17:25:14,1314.93783,354.556,1120.23526,303.446,355.100,0,0,80,5e-06,3
2023-11-24 17:25:18,1314.78969,354.518,1120.15538,303.426,355.100,0,0,80,5e-06,3
2023-11-24 17:25:22,1314.64812,354.480,1119.88058,303.355,355.100,0,0,80,5e-06,3
2023-11-24 17:25:26,1314.38076,354.410,1119.70383,303.309,355.100,0,0,80,5e-06,3
2023-11-24 17:25:30,1314.25528,354.377,1119.50264,303.257,355.100,0,0,80,5e-06,3
2023-11-24 17:25:34,1314.13427,354.346,1119.28476,303.201,355.100,0,0,80,5e-06,3
2023-11-24 17:25:39,1314.01981,354.316,1119.05019,303.141,355.100,0,0,80,5e-06,3
2023-11-24 17:25:43,1313.90775,354.286,1118.80817,303.079,355.100,0,0,80,5e-06,3
2023-11-24 17:25:47,1313.79985,354.258,1118.30654,302.949,355.100,0,0,80,5e-06,3
2023-11-24 17:25:51,1313.59658,354.205,1118.04902,302.883,355.100,0,0,80,5e-06,3
2023-11-24 17:25:55,1313.49881,354.179,1117.78942,302.816,355.100,0,0,80,5e-06,3
2023-11-24 17:25:59,1313.40493,354.155,1117.5316,302.750,355.100,0,0,80,5e-06,3
2023-11-24 17:26:04,1313.31342,354.131,1117.27348,302.683,355.100,0,0,80,5e-06,3
2023-11-24 17:26:08,1313.22579,354.108,1117.01626,302.617,355.100,0,0,80,5e-06,3
2023-11-24 17:26:12,1313.13966,354.085,1116.51016,302.487,355.100,0,0,80,5e-06,3
2023-11-24 17:26:16,1312.98377,354.044,1115.61599,302.256,355.100,1,1,80,5e-06,3
2023-11-24 17:26:20,1313.06276,354.065,1115.03687,302.107,355.100,0,1,80,5e-06,3
2023-11-24 17:26:24,1313.21387,354.105,1114.52541,301.975,355.100,0,1,80,5e-06,3
2023-11-24 17:26:29,1313.37154,354.146,1114.32273,301.923,355.100,0,1,80,5e-06,3
2023-11-24 17:26:33,1313.53726,354.189,1114.26312,301.908,355.100,0,1,80,5e-06,3
2023-11-24 17:26:37,1313.71043,354.235,1114.23629,301.901,355.100,0,1,80,5e-06,3
2023-11-24 17:26:41,1314.0836,354.332,1114.21185,301.895,355.100,0,1,80,5e-06,3
2023-11-24 17:26:45,1314.27912,354.384,1114.16953,301.884,355.100,0,1,80,5e-06,3
2023-11-24 17:26:50,1314.47912,354.436,1114.10902,301.868,355.100,0,1,80,5e-06,3
2023-11-24 17:26:54,1314.68001,354.489,1114.03123,301.848,355.100,0,1,80,5e-06,3
2023-11-24 17:26:58,1314.88209,354.542,1113.93585,301.824,355.100,0,1,80,5e-06,3
2023-11-24 17:27:02,1315.08626,354.595,1113.7132,301.766,355.100,0,1,80,5e-06,3
2023-11-24 17:27:06,1315.48834,354.701,1113.58862,301.734,355.100,0,1,80,5e-06,3
2023-11-24 17:27:11,1315.68803,354.753,1113.45509,301.700,355.100,0,1,80,5e-06,3
2023-11-24 17:27:15,1315.88684,354.805,1113.31619,301.664,355.100,0,1,80,5e-06,3
2023-11-24 17:27:19,1316.08296,354.856,1113.17283,301.627,355.100,0,1,80,5e-06,3
2023-11-24 17:27:23,1316.27789,354.908,1113.02529,301.589,355.100,0,1,80,5e-06,3
2023-11-24 17:27:27,1316.47043,354.958,1112.72664,301.512,355.100,0,1,80,5e-06,3
2023-11-24 17:27:31,1316.85194,355.058,1112.57344,301.473,355.100,0,1,80,5e-06,3
2023-11-24 17:27:36,1317.0415,355.108,1112.42173,301.434,355.100,0,1,80,5e-06,3
2023-11-24 17:27:40,1317.2263,355.156,1112.27032,301.395,355.100,0,1,80,5e-06,3
2023-11-24 17:27:44,1317.4096,355.204,1112.12069,301.356,355.100,0,1,80,5e-06,3
2023-11-24 17:27:48,1317.58397,355.250,1111.97137,301.318,355.100,0,1,80,5e-06,3
2023-11-24 17:27:52,1317.74939,355.293,1111.67897,301.243,355.100,0,0,80,5e-06,3
2023-11-24 17:27:57,1317.94223,355.344,1111.5365,301.206,355.100,0,0,80,5e-06,3
2023-11-24 17:28:01,1317.83225,355.315,1111.39522,301.169,355.100,0,0,80,5e-06,3
2023-11-24 17:28:05,1317.69246,355.278,1111.25514,301.133,355.100,0,0,80,5e-06,3
2023-11-24 17:28:09,1317.54492,355.240,1111.11714,301.098,355.100,0,0,80,5e-06,3
2023-11-24 17:28:13,1317.39291,355.200,1110.97973,301.063,355.100,0,0,80,5e-06,3
2023-11-24 17:28:17,1317.24329,355.161,1110.70701,300.992,355.100,1,0,80,5e-06,3
2023-11-24 17:28:22,1316.95596,355.085,1109.93058,300.792,355.100,1,0,80,5e-06,3
2023-11-24 17:28:26,1316.81826,355.049,1112.9165,301.561,355.100,1,0,80,5e-06,3
2023-11-24 17:28:30,1316.67162,355.011,1117.80253,302.819,355.100,0,0,80,5e-06,3
2023-11-24 17:28:34,1316.50888,354.968,1116.36441,302.449,355.100,0,0,80,5e-06,3
2023-11-24 17:28:38,1316.33154,354.922,1115.00259,302.098,355.100,0,0,80,5e-06,3
2023-11-24 17:28:42,1316.15121,354.874,1115.60467,302.253,355.100,0,0,80,5e-06,3
2023-11-24 17:28:47,1315.80398,354.783,1116.2589,302.422,355.100,0,0,80,5e-06,3
2023-11-24 17:28:51,1315.64154,354.741,1116.86902,302.579,355.100,0,0,80,5e-06,3
2023-11-24 17:28:55,1315.48565,354.700,1117.3778,302.710,355.100,0,0,80,5e-06,3
2023-11-24 17:28:59,1315.33752,354.661,1117.78226,302.814,355.100,0,0,80,5e-06,3
2023-11-24 17:29:03,1315.19624,354.624,1118.08449,302.892,355.100,0,0,80,5e-06,3
2023-11-24 17:29:07,1315.06033,354.588,1118.421,302.979,355.100,0,0,80,5e-06,3
2023-11-24 17:29:12,1314.80638,354.522,1118.48508,302.995,355.100,0,0,80,5e-06,3
2023-11-24 17:29:16,1314.68865,354.491,1118.48925,302.996,355.100,0,0,80,5e-06,3
2023-11-24 17:29:20,1314.5745,354.461,1118.45289,302.987,355.100,0,0,80,5e-06,3
2023-11-24 17:29:24,1314.46392,354.432,1118.38016,302.968,355.100,0,0,80,5e-06,3
2023-11-24 17:29:28,1314.3599,354.405,1118.27525,302.941,355.100,0,0,80,5e-06,3
2023-11-24 17:29:33,1314.25886,354.378,1117.98881,302.867,355.100,0,0,80,5e-06,3
2023-11-24 17:29:37,1314.06929,354.329,1117.81803,302.823,355.100,0,0,80,5e-06,3
2023-11-24 17:29:41,1313.98137,354.306,1117.63562,302.777,355.100,0,0,80,5e-06,3
2023-11-24 17:29:45,1313.89523,354.283,1117.44188,302.727,355.100,0,0,80,5e-06,3
2023-11-24 17:29:49,1313.81207,354.261,1117.2404,302.675,355.100,0,0,80,5e-06,3
2023-11-24 17:29:54,1313.73219,354.240,1117.03355,302.621,355.100,0,0,80,5e-06,3
2023-11-24 17:29:58,1313.65589,354.220,1116.61388,302.513,355.100,0,0,80,5e-06,3
2023-11-24 17:30:02,1313.51163,354.183,1116.3972,302.458,355.100,0,0,80,5e-06,3
2023-11-24 17:30:06,1313.44159,354.164,1116.18111,302.402,355.100,0,0,80,5e-06,3
2023-11-24 17:30:10,1313.37452,354.147,1115.96412,302.346,355.100,0,0,80,5e-06,3
2023-11-24 17:30:14,1313.30836,354.129,1115.74863,302.290,355.100,0,0,80,5e-06,3
2023-11-24 17:30:19,1313.24606,354.113,1115.53343,302.235,355.100,0,0,80,5e-06,3
2023-11-24 17:30:23,1313.18436,354.097,1114.53524,301.978,355.100,0,1,80,5e-06,3
2023-11-24 17:30:27,1313.348,354.140,1113.86581,301.806,355.100,0,1,80,5e-06,3
2023-11-24 17:30:31,1313.48629,354.176,1113.58385,301.733,355.100,0,1,80,5e-06,3
2023-11-24 17:30:35,1313.61893,354.211,1113.53616,301.721,355.100,0,1,80,5e-06,3
2023-11-24 17:30:40,1313.75902,354.247,1113.57371,301.730,355.100,0,1,80,5e-06,3
2023-11-24 17:30:44,1313.91877,354.289,1113.62617,301.744,355.100,0,1,80,5e-06,3
2023-11-24 17:30:48,1314.09254,354.335,1113.6825,301.758,355.100,0,1,80,5e-06,3
2023-11-24 17:30:52,1314.4827,354.437,1113.67595,301.757,355.100,0,1,80,5e-06,3
2023-11-24 17:30:56,1314.69104,354.492,1113.64435,301.749,355.100,0,1,80,5e-06,3
2023-11-24 17:31:00,1314.90236,354.547,1113.59368,301.736,355.100,0,1,80,5e-06,3
2023-11-24 17:31:05,1315.11517,354.603,1113.52394,301.718,355.100,0,1,80,5e-06,3
2023-11-24 17:31:09,1315.33126,354.659,1113.43899,301.696,355.100,0,1,80,5e-06,3
2023-11-24 17:31:13,1315.54526,354.716,1113.23393,301.643,355.100,0,1,80,5e-06,3
2023-11-24 17:31:17,1315.97417,354.828,1113.11799,301.613,355.100,0,1,80,5e-06,3
2023-11-24 17:31:21,1316.18728,354.884,1112.99459,301.581,355.100,0,1,80,5e-06,3
2023-11-24 17:31:25,1316.40009,354.940,1112.86702,301.548,355.100,0,1,80,5e-06,3
2023-11-24 17:31:30,1316.61201,354.995,1112.73677,301.515,355.100,0,1,80,5e-06,3
2023-11-24 17:31:34,1316.82303,355.050,1112.60175,301.480,355.100,0,1,80,5e-06,3
2023-11-24 17:31:38,1317.03375,355.106,1112.32665,301.409,355.100,0,1,80,5e-06,3
2023-11-24 17:31:42,1317.4558,355.216,1112.18686,301.373,355.100,0,1,80,5e-06,3
2023-11-24 17:31:46,1317.66683,355.272,1112.04528,301.337,355.100,0,1,80,5e-06,3
2023-11-24 17:31:50,1317.87368,355.326,1111.9046,301.301,355.100,0,1,80,5e-06,3
2023-11-24 17:31:55,1318.07963,355.380,1111.76213,301.264,355.100,0,0,80,5e-06,3
2023-11-24 17:31:59,1318.21048,355.414,1111.62294,301.228,355.100,0,0,80,5e-06,3
2023-11-24 17:32:03,1318.17799,355.406,1111.34098,301.156,355.100,0,0,80,5e-06,3
2023-11-24 17:32:07,1318.04506,355.371,1111.20417,301.120,355.100,0,0,80,5e-06,3
2023-11-24 17:32:11,1317.98127,355.354,1111.06945,301.086,355.100,0,0,80,5e-06,3
2023-11-24 17:32:16,1317.9163,355.337,1110.93354,301.051,355.100,0,0,80,5e-06,3
2023-11-24 17:32:20,1317.85251,355.320,1110.8012,301.017,355.100,0,0,80,5e-06,3
2023-11-24 17:32:24,1317.78813,355.303,1110.66976,300.983,355.100,1,0,80,5e-06,3
2023-11-24 17:32:28,1317.72346,355.286,1110.49331,300.937,355.100,1,0,80,5e-06,3
2023-11-24 17:32:32,1317.58307,355.250,1110.21999,300.867,355.100,1,0,80,5e-06,3
2023-11-24 17:32:37,1317.50498,355.229,1109.93088,300.792,355.100,1,0,80,5e-06,3
2023-11-24 17:32:41,1317.42331,355.208,1109.85338,300.773,355.100,1,0,80,5e-06,3
2023-11-24 17:32:45,1317.34403,355.187,1109.85755,300.774,355.100,0,0,80,5e-06,3
2023-11-24 17:32:49,1317.26385,355.166,1109.86501,300.776,355.100,0,0,80,5e-06,3
2023-11-24 17:32:53,1317.18606,355.146,1109.81791,300.763,355.100,0,0,80,5e-06,3
2023-11-24 17:32:58,1317.03435,355.106,1109.79824,300.758,355.100,0,0,80,5e-06,3
2023-11-24 17:33:02,1316.96133,355.087,1109.76724,300.750,355.100,0,0,80,5e-06,3
2023-11-24 17:33:06,1316.89009,355.068,1109.72283,300.739,355.100,0,0,80,5e-06,3
2023-11-24 17:33:10,1316.82064,355.050,1109.67395,300.726,355.100,0,0,80,5e-06,3
2023-11-24 17:33:14,1316.75448,355.032,1109.61673,300.712,355.100,0,0,80,5e-06,3
2023-11-24 17:33:18,1316.68831,355.015,1109.48051,300.677,355.100,0,0,80,5e-06,3
2023-11-24 17:33:23,1316.56312,354.982,1109.40421,300.657,355.100,0,0,80,5e-06,3
2023-11-24 17:33:27,1316.50232,354.966,1109.32254,300.636,355.100,0,0,80,5e-06,3
2023-11-24 17:33:31,1316.44331,354.951,1109.23492,300.613,355.100,0,0,80,5e-06,3
2023-11-24 17:33:35,1316.38638,354.936,1109.1455,300.590,355.100,0,0,80,5e-06,3
2023-11-24 17:33:39,1316.32855,354.921,1109.05489,300.567,355.100,0,0,80,5e-06,3
2023-11-24 17:33:43,1316.27461,354.907,1108.86473,300.518,355.100,0,0,80,5e-06,3
2023-11-24 17:33:48,1316.16999,354.879,1108.76399,300.492,355.100,0,0,80,5e-06,3
2023-11-24 17:33:52,1316.11992,354.866,1108.66682,300.467,355.100,0,0,80,5e-06,3
2023-11-24 17:33:56,1316.07074,354.853,1108.56727,300.441,355.100,0,0,80,5e-06,3
2023-11-24 17:34:00,1316.02126,354.840,1108.46653,300.416,355.100,0,0,80,5e-06,3
2023-11-24 17:34:04,1315.97357,354.828,1108.36638,300.390,355.100,0,0,80,5e-06,3
2023-11-24 17:34:08,1315.92648,354.815,1108.1649,300.338,355.100,0,0,80,5e-06,3
2023-11-24 17:34:13,1315.83825,354.792,1108.06385,300.312,355.100,0,0,80,5e-06,3
2023-11-24 17:34:17,1315.79384,354.781,1107.96371,300.286,355.100,0,0,80,5e-06,3
2023-11-24 17:34:21,1315.74973,354.769,1107.86356,300.260,355.100,0,0,80,5e-06,3
2023-11-24 17:34:25,1315.708,354.758,1107.76312,300.234,355.100,1,1,80,5e-06,3
2023-11-24 17:34:29,1315.67015,354.748,1107.05464,300.052,355.100,0,1,80,5e-06,3
2023-11-24 17:34:34,1315.76314,354.773,1106.92975,300.020,355.100,0,1,80,5e-06,3
2023-11-24 17:34:38,1316.09369,354.859,1106.88802,300.009,355.100,0,1,80,5e-06,3
2023-11-24 17:34:42,1316.25434,354.901,1106.84838,299.999,355.100,0,1,80,5e-06,3
2023-11-24 17:34:46,1316.42751,354.947,1106.80904,299.989,355.100,0,1,80,5e-06,3
2023-11-24 17:34:50,1316.61856,354.997,1106.7691,299.979,355.100,0,1,80,5e-06,3
2023-11-24 17:34:54,1316.82512,355.051,1106.72439,299.967,355.100,0,0,80,5e-06,3
2023-11-24 17:34:59,1317.03554,355.106,1106.62782,299.942,355.100,0,0,80,5e-06,3
2023-11-24 17:35:03,1317.07638,355.117,1106.57149,299.928,355.100,0,0,80,5e-06,3
2023-11-24 17:35:07,1317.04419,355.108,1106.51575,299.913,355.100,0,0,80,5e-06,3
2023-11-24 17:35:11,1317.01706,355.101,1106.45644,299.898,355.100,0,0,80.4,8.31e-07,2.55
2023-11-24 17:35:15,1316.99024,355.094,1106.39146,299.881,355.100,0,0,80.4,8.31e-07,2.55
2023-11-24 17:35:20,1316.96282,355.087,1106.32679,299.865,355.100,0,0,80.4,8.31e-07,2.55
2023-11-24 17:35:24,1316.93242,355.079,1106.18968,299.830,355.100,0,0,80.4,8.31e-07,2.55
2023-11-24 17:35:28,1316.86565,355.062,1106.11785,299.811,355.100,0,0,80.4,8.31e-07,2.55
2023-11-24 17:35:32,1316.82988,355.052,1106.04423,299.792,355.100,0,0,80.4,8.31e-07,2.55
2023-11-24 17:35:36,1316.79084,355.042,1105.9715,299.773,355.100,0,0,80.4,8.31e-07,2.55
2023-11-24 17:35:41,1316.75299,355.032,1105.89699,299.754,355.100,0,0,80.4,8.31e-07,2.55
2023-11-24 17:35:45,1316.71215,355.021,1105.82069,299.735,355.100,0,0,80.4,8.31e-07,2.55
2023-11-24 17:35:49,1316.67221,355.011,1105.66659,299.695,355.100,0,0,80.4,8.31e-07,2.55
2023-11-24 17:35:53,1316.59174,354.990,1105.5882,299.675,355.100,0,0,80.4,8.31e-07,2.55
2023-11-24 17:35:57,1316.5521,354.979,1105.51071,299.655,355.100,0,0,80.4,8.31e-07,2.55
2023-11-24 17:36:01,1316.51246,354.969,1105.43321,299.635,355.100,0,0,80.4,8.31e-07,2.55
2023-11-24 17:36:06,1316.47281,354.959,1105.35274,299.614,355.100,0,0,80.4,8.31e-07,2.55
2023-11-24 17:36:10,1316.43436,354.949,1105.27465,299.594,355.100,0,0,80.4,8.31e-07,2.55
2023-11-24 17:36:14,1316.39562,354.938,1105.11996,299.554,355.100,0,0,80.4,8.31e-07,2.55
2023-11-24 17:36:18,1316.31782,354.918,1105.04246,299.534,355.100,0,0,80.4,8.31e-07,2.55
2023-11-24 17:36:22,1316.27938,354.908,1104.96348,299.514,355.100,0,0,80.4,8.31e-07,2.55
2023-11-24 17:36:26,1316.23556,354.896,1104.87078,299.490,355.100,1,1,80.4,8.31e-07,2.55
2023-11-24 17:36:31,1316.22513,354.894,1104.06812,299.284,355.100,0,1,80.4,8.31e-07,2.55
2023-11-24 17:36:35,1316.36611,354.931,1104.17452,299.311,355.100,0,1,80.4,8.31e-07,2.55
2023-11-24 17:36:39,1316.53839,354.976,1104.13757,299.301,355.100,0,1,80.4,8.31e-07,2.55
2023-11-24 17:36:43,1316.86088,355.060,1104.11014,299.294,355.100,0,0,80.4,8.31e-07,2.55
2023-11-24 17:36:48,1316.87817,355.065,1104.08332,299.287,355.100,0,0,80.4,8.31e-07,2.55
2023-11-24 17:36:52,1316.83436,355.053,1104.05679,299.281,355.100,0,0,80.4,8.31e-07,2.55
2023-11-24 17:36:56,1316.79829,355.044,1104.02609,299.273,355.100,0,0,80.4,8.31e-07,2.55
2023-11-24 17:37:00,1316.76938,355.036,1103.99211,299.264,355.100,0,0,80.4,8.31e-07,2.55
2023-11-24 17:37:04,1316.74226,355.029,1103.91849,299.245,355.100,0,0,80.4,8.31e-07,2.55
2023-11-24 17:37:08,1316.68771,355.015,1103.87468,299.234,355.100,0,0,80.4,8.31e-07,2.55
2023-11-24 17:37:13,1316.65969,355.008,1103.83236,299.223,355.100,0,0,80.4,8.31e-07,2.55
2023-11-24 17:37:17,1316.63019,355.000,1103.78228,299.210,355.100,0,0,80.4,8.31e-07,2.55
2023-11-24 17:37:21,1316.59889,354.992,1103.7343,299.198,355.100,0,0,17.4,3.74e-08,7.85
2023-11-24 17:37:25,1316.56909,354.984,1103.68094,299.184,355.100,0,0,17.4,3.74e-08,7.85
2023-11-24 17:37:29,1316.53541,354.975,1103.57186,299.156,355.100,0,0,17.4,3.74e-08,7.85
2023-11-24 17:37:34,1316.46954,354.958,1103.51672,299.142,355.000,0,0,17.4,3.74e-08,7.85
2023-11-24 17:37:38,1316.43764,354.949,1103.46038,299.127,355.000,0,0,17.4,3.74e-08,7.85
2023-11-24 17:37:42,1316.40188,354.940,1103.40316,299.112,355.000,0,0,17.4,3.74e-08,7.85
2023-11-24 17:37:46,1316.3679,354.931,1103.34474,299.097,355.000,0,0,17.4,3.74e-08,7.85
2023-11-24 17:37:50,1316.33362,354.922,1103.28513,299.082,355.000,0,0,17.4,3.74e-08,7.85
2023-11-24 17:37:54,1316.29875,354.913,1103.16382,299.051,355.000,0,0,17.4,3.74e-08,7.85
2023-11-24 17:37:59,1316.23049,354.895,1103.10212,299.035,355.000,0,0,17.4,3.74e-08,7.85
2023-11-24 17:38:03,1316.19622,354.886,1103.04102,299.019,355.000,0,0,17.4,3.74e-08,7.85
2023-11-24 17:38:07,1316.16224,354.877,1102.9823,299.004,355.000,0,0,17.4,3.74e-08,7.85
2023-11-24 17:38:11,1316.12856,354.868,1102.91941,298.988,355.000,0,0,17.4,3.74e-08,7.85
2023-11-24 17:38:15,1316.09548,354.860,1102.85771,298.972,355.000,0,0,17.4,3.74e-08,7.85
2023-11-24 17:38:19,1316.06239,354.851,1102.7367,298.941,355.000,0,0,17.4,3.74e-08,7.85
2023-11-24 17:38:24,1315.99771,354.834,1102.6762,298.925,355.000,0,0,17.4,3.74e-08,7.85
2023-11-24 17:38:28,1315.9992,354.834,1101.92689,298.733,355.000,0,0,17.4,3.74e-08,7.85
2023-11-24 17:38:32,1316.10471,354.862,1101.96444,298.742,355.000,0,0,17.4,3.74e-08,7.85
2023-11-24 17:38:36,1316.08236,354.856,1101.88397,298.722,355.000,0,0,17.4,3.74e-08,7.85
2023-11-24 17:38:40,1316.02484,354.841,1101.89946,298.726,355.000,0,0,17.4,3.74e-08,7.85
2023-11-24 17:38:44,1315.97446,354.828,1102.0318,298.760,355.000,0,0,17.4,3.74e-08,7.85
2023-11-24 17:38:49,1315.8925,354.807,1102.09916,298.777,355.000,0,0,17.4,3.74e-08,7.85
2023-11-24 17:38:53,1315.85524,354.797,1102.15669,298.792,355.000,0,0,17.4,3.74e-08,7.85
2023-11-24 17:38:57,1315.81739,354.787,1102.20169,298.803,355.000,0,0,17.4,3.74e-08,7.85
2023-11-24 17:39:01,1315.77954,354.777,1102.23448,298.812,355.000,0,0,17.4,3.74e-08,7.85
2023-11-24 17:39:05,1315.74288,354.767,1102.25534,298.817,355.000,0,0,17.4,3.74e-08,7.85
2023-11-24 17:39:09,1315.70562,354.758,1102.2622,298.819,355.000,0,0,17.4,3.74e-08,7.85
2023-11-24 17:39:14,1315.6314,354.738,1102.25326,298.817,355.000,0,0,17.4,3.74e-08,7.85
2023-11-24 17:39:18,1315.59593,354.729,1102.23627,298.812,355.000,0,0,17.4,3.74e-08,7.85
2023-11-24 17:39:22,1315.55838,354.719,1102.21213,298.806,355.000,0,0,17.4,3.74e-08,7.85
2023-11-24 17:39:26,1315.52142,354.709,1102.18351,298.799,355.000,0,0,17.4,3.74e-08,7.85
2023-11-24 17:39:30,1315.48446,354.700,1102.14804,298.790,355.000,0,0,17.4,3.74e-08,7.85
2023-11-24 17:39:34,1315.4478,354.690,1102.07115,298.770,355.000,0,0,17.4,3.74e-08,7.85
2023-11-24 17:39:39,1315.37716,354.671,1102.02823,298.759,355.000,0,0,17.4,3.74e-08,7.85
2023-11-24 17:39:43,1315.34139,354.662,1101.97964,298.746,355.000,0,0,17.4,3.74e-08,7.85
2023-11-24 17:39:47,1315.30593,354.653,1101.93076,298.734,355.000,0,0,17.4,3.74e-08,7.85
2023-11-24 17:39:51,1315.27224,354.644,1101.87979,298.721,355.000,0,0,17.4,3.74e-08,7.85
2023-11-24 17:39:55,1315.23678,354.635,1101.82972,298.708,355.000,0,0,17.4,3.74e-08,7.85
2023-11-24 17:40:00,1315.2025,354.626,1101.7251,298.681,355.000,0,0,17.4,3.74e-08,7.85
2023-11-24 17:40:04,1315.13454,354.608,1101.67175,298.667,355.000,0,0,17.4,3.74e-08,7.85
2023-11-24 17:40:08,1315.10146,354.599,1101.61691,298.653,355.000,0,0,17.4,3.74e-08,7.85
2023-11-24 17:40:12,1315.06778,354.590,1101.56147,298.639,355.000,0,0,17.4,3.74e-08,7.85
2023-11-24 17:40:16,1315.03559,354.582,1101.50693,298.625,355.000,0,0,17.4,3.74e-08,7.85
2023-11-24 17:40:21,1315.0028,354.573,1101.4491,298.610,355.000,0,0,17.4,3.74e-08,7.85
2023-11-24 17:40:25,1314.97031,354.565,1101.33733,298.581,355.000,0,0,17.4,3.74e-08,7.85
2023-11-24 17:40:29,1314.95988,354.562,1101.37906,298.592,355.000,0,1,17.4,3.74e-08,7.85
2023-11-24 17:40:33,1315.12173,354.605,1101.08607,298.516,355.000,0,1,17.4,3.74e-08,7.85
2023-11-24 17:40:37,1315.28745,354.648,1100.96387,298.485,355.000,0,0,17.4,3.74e-08,7.85
2023-11-24 17:40:42,1315.3104,354.654,1100.98324,298.490,355.000,0,0,17.4,3.74e-08,7.85
2023-11-24 17:40:46,1315.24482,354.637,1101.05746,298.509,355.000,0,0,17.4,3.74e-08,7.85
2023-11-24 17:40:50,1315.18849,354.622,1101.22318,298.552,355.000,0,0,17.4,3.74e-08,7.85
2023-11-24 17:40:54,1315.1101,354.601,1101.29054,298.569,355.000,0,0,17.4,3.74e-08,7.85
2023-11-24 17:40:58,1315.07851,354.593,1101.33882,298.581,355.000,0,0,17.4,3.74e-08,7.85
2023-11-24 17:41:02,1315.04691,354.585,1101.37578,298.591,355.000,0,0,17.4,3.74e-08,7.85
2023-11-24 17:41:07,1315.01502,354.577,1101.39664,298.596,355.000,0,0,17.4,3.74e-08,7.85
2023-11-24 17:41:11,1314.98224,354.568,1101.40737,298.599,355.000,0,0,17.4,3.74e-08,7.85
2023-11-24 17:41:15,1314.95034,354.560,1101.39515,298.596,355.000,0,0,17.4,3.74e-08,7.85
2023-11-24 17:41:19,1314.88328,354.542,1101.37548,298.591,355.000,0,0,17.4,3.74e-08,7.85
2023-11-24 17:41:23,1314.84752,354.533,1101.34806,298.584,355.000,0,0,17.4,3.74e-08,7.85
2023-11-24 17:41:27,1314.81384,354.524,1101.31438,298.575,355.000,0,0,17.4,3.74e-08,7.85
2023-11-24 17:41:32,1314.77896,354.515,1101.27832,298.566,355.000,0,0,17.4,3.74e-08,7.85
2023-11-24 17:41:36,1314.74379,354.505,1101.23718,298.555,355.000,0,0,17.4,3.74e-08,7.85
2023-11-24 17:41:40,1314.70862,354.496,1101.14449,298.531,355.000,0,0,17.4,3.74e-08,7.85
2023-11-24 17:41:44,1314.63858,354.478,1101.09501,298.519,355.000,0,0,17.4,3.74e-08,7.85
2023-11-24 17:41:48,1314.60251,354.468,1101.04285,298.505,355.000,0,0,17.4,3.74e-08,7.85
2023-11-24 17:41:52,1314.56824,354.459,1100.98682,298.491,355.000,0,0,17.4,3.74e-08,7.85
2023-11-24 17:41:57,1314.53187,354.450,1100.93019,298.476,355.000,0,0,17.4,3.74e-08,7.85
2023-11-24 17:42:01,1314.49939,354.441,1100.87326,298.462,355.000,0,0,17.4,3.74e-08,7.85
2023-11-24 17:42:05,1314.46541,354.433,1100.75553,298.431,355.000,0,0,17.4,3.74e-08,7.85
2023-11-24 17:42:09,1314.39745,354.415,1100.69651,298.416,355.000,0,0,17.4,3.74e-08,7.85
2023-11-24 17:42:13,1314.36258,354.406,1100.6369,298.401,355.000,0,0,17.4,3.74e-08,7.85
2023-11-24 17:42:17,1314.33039,354.397,1100.57789,298.386,355.000,0,0,17.4,3.74e-08,7.85
2023-11-24 17:42:22,1314.29701,354.388,1100.51857,298.370,355.000,0,0,17.4,3.74e-08,7.85
2023-11-24 17:42:26,1314.26273,354.379,1100.45598,298.354,355.000,0,0,17.4,3.74e-08,7.85
2023-11-24 17:42:30,1314.23143,354.371,1100.5749,298.385,355.000,0,1,17.4,3.74e-08,7.85
2023-11-24 17:42:34,1314.42666,354.422,1100.23303,298.297,355.000,0,1,17.4,3.74e-08,7.85
2023-11-24 17:42:38,1314.59327,354.466,1100.10517,298.264,355.000,0,1,17.4,3.74e-08,7.85
2023-11-24 17:42:43,1314.75124,354.507,1100.12365,298.269,355.000,0,0,17.4,3.74e-08,7.85
2023-11-24 17:42:47,1314.80102,354.520,1100.19667,298.288,355.000,0,0,17.4,3.74e-08,7.85
2023-11-24 17:42:51,1314.75005,354.507,1100.27953,298.309,355.000,0,0,17.4,3.74e-08,7.85
2023-11-24 17:42:55,1314.70266,354.495,1100.41813,298.345,355.000,0,0,17.4,3.74e-08,7.85
2023-11-24 17:42:59,1314.63292,354.476,1100.46373,298.356,355.000,0,0,17.4,3.74e-08,7.85
2023-11-24 17:43:04,1314.60222,354.468,1100.49413,298.364,355.000,0,0,17.4,3.74e-08,7.85
2023-11-24 17:43:08,1314.57181,354.460,1100.50993,298.368,355.000,0,0,17.4,3.74e-08,7.85
2023-11-24 17:43:12,1314.54082,354.452,1100.51559,298.370,355.000,0,0,17.4,3.74e-08,7.85
2023-11-24 17:43:16,1314.50922,354.444,1100.50754,298.368,355.000,0,0,17.4,3.74e-08,7.85
2023-11-24 17:43:20,1314.47644,354.435,1100.4682,298.357,355.000,0,0,17.4,3.74e-08,7.85
2023-11-24 17:43:24,1314.40937,354.418,1100.43869,298.350,355.000,0,0,17.4,3.74e-08,7.85
2023-11-24 17:43:29,1314.37629,354.409,1100.40233,298.340,355.000,0,0,17.4,3.74e-08,7.85
2023-11-24 17:43:33,1314.33993,354.400,1100.36358,298.330,355.000,0,0,17.4,3.74e-08,7.85
2023-11-24 17:43:37,1314.30565,354.391,1100.32126,298.320,355.000,0,0,17.4,3.74e-08,7.85
2023-11-24 17:43:41,1314.26959,354.381,1100.27476,298.308,355.000,0,0,17.4,3.74e-08,7.85
2023-11-24 17:43:45,1314.23322,354.372,1100.17283,298.281,355.000,0,0,17.4,3.74e-08,7.85
2023-11-24 17:43:50,1314.16169,354.353,1100.11858,298.267,355.000,0,0,17.4,3.74e-08,7.85
2023-11-24 17:43:54,1314.12562,354.343,1100.06195,298.253,355.000,0,0,17.4,3.74e-08,7.85
2023-11-24 17:43:58,1314.09075,354.334,1100.00562,298.238,355.000,0,0,17.4,3.74e-08,7.85
2023-11-24 17:44:02,1314.05677,354.325,1099.9475,298.223,355.000,0,0,17.4,3.74e-08,7.85
2023-11-24 17:44:06,1314.02101,354.316,1099.88908,298.208,355.000,0,0,17.4,3.74e-08,7.85
2023-11-24 17:44:10,1313.98613,354.307,1099.77403,298.179,355.000,0,0,17.4,3.74e-08,7.85
2023-11-24 17:44:15,1313.91877,354.289,1099.71293,298.163,355.000,0,0,17.4,3.74e-08,7.85
2023-11-24 17:44:19,1313.8848,354.280,1099.65123,298.147,355.000,0,0,17.4,3.74e-08,7.85
2023-11-24 17:44:23,1313.85111,354.272,1099.59311,298.132,355.000,0,0,17.4,3.74e-08,7.85
2023-11-24 17:44:27,1313.82131,354.264,1099.5338,298.117,355.000,0,0,17.4,3.74e-08,7.85
2023-11-24 17:44:31,1313.78614,354.255,1099.46077,298.098,355.000,0,1,17.4,3.74e-08,7.85
2023-11-24 17:44:35,1313.85588,354.273,1099.43454,298.092,355.000,0,1,17.4,3.74e-08,7.85
2023-11-24 17:44:40,1314.1903,354.360,1099.35407,298.071,355.000,0,1,17.4,3.74e-08,7.85
2023-11-24 17:44:44,1314.34976,354.402,1099.39967,298.083,355.000,0,0,17.4,3.74e-08,7.85
2023-11-24 17:44:48,1314.45289,354.429,1099.48849,298.105,355.000,0,0,17.4,3.74e-08,7.85
2023-11-24 17:44:52,1314.41742,354.420,1099.57642,298.128,355.000,0,0,17.4,3.74e-08,7.85
2023-11-24 17:44:56,1314.37003,354.408,1099.6563,298.149,355.000,0,0,17.4,3.74e-08,7.85
2023-11-24 17:45:00,1314.33307,354.398,1099.76688,298.177,355.000,0,0,17.4,3.74e-08,7.85
2023-11-24 17:45:05,1314.27286,354.382,1099.79728,298.185,355.000,0,0,17.4,3.74e-08,7.85
2023-11-24 17:45:09,1314.24246,354.374,1099.81576,298.190,355.000,0,0,17.4,3.74e-08,7.85
2023-11-24 17:45:13,1314.21176,354.366,1099.82261,298.191,355.000,0,0,17.4,3.74e-08,7.85
2023-11-24 17:45:17,1314.17957,354.358,1099.81725,298.190,355.000,0,0,17.4,3.74e-08,7.85
2023-11-24 17:45:21,1314.14679,354.349,1099.80324,298.186,355.000,0,0,17.4,3.74e-08,7.85
2023-11-24 17:45:26,1314.11221,354.340,1099.75287,298.173,355.000,0,0,17.4,3.74e-08,7.85
2023-11-24 17:45:30,1314.04306,354.322,1099.72068,298.165,355.000,0,0,17.4,3.74e-08,7.85
2023-11-24 17:45:34,1314.007,354.312,1099.68282,298.155,355.000,0,0,17.4,3.74e-08,7.85
2023-11-24 17:45:38,1313.97213,354.303,1099.64199,298.145,355.000,0,0,17.4,3.74e-08,7.85
2023-11-24 17:45:42,1313.93517,354.294,1099.59609,298.133,355.000,0,0,17.4,3.74e-08,7.85
2023-11-24 17:45:47,1313.89791,354.284,1099.54929,298.121,355.000,0,0,17.4,3.74e-08,7.85
2023-11-24 17:45:51,1313.86184,354.274,1099.44825,298.095,355.000,0,0,17.4,3.74e-08,7.85
2023-11-24 17:45:55,1313.79061,354.256,1099.39729,298.082,355.000,0,0,17.4,3.74e-08,7.85
2023-11-24 17:45:59,1313.75395,354.246,1099.34513,298.069,355.000,0,0,17.4,3.74e-08,7.85
2023-11-24 17:46:03,1313.71937,354.237,1099.29237,298.055,355.000,0,0,17.4,3.74e-08,7.85
2023-11-24 17:46:07,1313.6845,354.228,1099.23753,298.041,355.000,0,0,17.4,3.74e-08,7.85
2023-11-24 17:46:12,1313.64844,354.218,1099.1812,298.026,355.000,0,0,17.4,3.74e-08,7.85
2023-11-24 17:46:16,1313.61297,354.209,1099.07151,297.998,355.000,0,0,17.4,3.74e-08,7.85
2023-11-24 17:46:20,1313.54382,354.191,1099.01488,297.984,355.000,0,0,17.4,3.74e-08,7.85
2023-11-24 17:46:24,1313.50984,354.182,1098.95974,297.969,355.000,0,0,17.4,3.74e-08,7.85
2023-11-24 17:46:28,1313.47586,354.173,1098.90222,297.955,355.000,0,0,17.4,3.74e-08,7.85
2023-11-24 17:46:33,1313.44516,354.165,1098.64678,297.889,355.000,0,1,17.4,3.74e-08,7.85
2023-11-24 17:46:37,1313.53637,354.189,1099.05542,297.994,355.000,0,1,17.4,3.74e-08,7.85
2023-11-24 17:46:41,1313.70894,354.234,1098.74603,297.914,355.000,0,1,17.4,3.74e-08,7.85
2023-11-24 17:46:45,1314.03412,354.320,1098.80267,297.929,355.000,0,1,17.4,3.74e-08,7.85
2023-11-24 17:46:49,1314.19865,354.363,1098.88851,297.951,355.000,0,0,17.4,3.74e-08,7.85
2023-11-24 17:46:53,1314.23233,354.371,1098.97196,297.973,355.000,0,0,17.4,3.74e-08,7.85
2023-11-24 17:46:58,1314.18881,354.360,1099.04409,297.991,355.000,0,0,17.4,3.74e-08,7.85
2023-11-24 17:47:02,1314.15006,354.350,1099.09953,298.005,355.000,0,0,17.4,3.74e-08,7.85
2023-11-24 17:47:06,1314.12026,354.342,1099.1648,298.022,355.000,0,0,17.4,3.74e-08,7.85
2023-11-24 17:47:10,1314.06572,354.328,1099.17762,298.025,355.000,0,0,17.4,3.74e-08,7.85
2023-11-24 17:47:14,1314.03651,354.320,1099.17613,298.025,355.000,0,0,17.4,3.74e-08,7.85
2023-11-24 17:47:18,1314.00491,354.312,1099.16749,298.023,355.000,0,0,17.4,3.74e-08,7.85
2023-11-24 17:47:23,1313.97391,354.304,1099.14811,298.018,355.000,0,0,17.4,3.74e-08,7.85
2023-11-24 17:47:27,1313.93964,354.295,1099.12158,298.011,355.000,0,0,17.4,3.74e-08,7.85
2023-11-24 17:47:31,1313.90506,354.286,1099.05393,297.994,355.000,0,0,17.4,3.74e-08,7.85
2023-11-24 17:47:35,1313.83413,354.267,1099.01578,297.984,355.000,0,0,17.4,3.74e-08,7.85
2023-11-24 17:47:39,1313.79776,354.258,1098.97017,297.972,355.000,0,0,17.4,3.74e-08,7.85
2023-11-24 17:47:43,1313.7614,354.248,1098.92308,297.960,355.000,0,0,17.4,3.74e-08,7.85
2023-11-24 17:47:48,1313.72444,354.238,1098.8745,297.947,355.000,0,0,17.4,3.74e-08,7.85
2023-11-24 17:47:52,1313.68689,354.229,1098.82353,297.934,355.000,0,0,17.4,3.74e-08,7.85
2023-11-24 17:47:56,1313.65052,354.219,1098.71921,297.908,355.000,0,0,17.4,3.74e-08,7.85
2023-11-24 17:48:00,1313.5778,354.200,1098.66526,297.894,355.000,0,0,17.4,3.74e-08,7.85
2023-11-24 17:48:04,1313.54203,354.191,1098.61191,297.880,355.000,0,0,17.4,3.74e-08,7.85
2023-11-24 17:48:09,1313.50477,354.181,1098.55826,297.866,355.000,0,0,17.4,3.74e-08,7.85
2023-11-24 17:48:13,1313.4696,354.172,1098.50372,297.852,355.000,0,0,17.4,3.74e-08,7.85
2023-11-24 17:48:17,1313.42996,354.161,1098.50431,297.852,355.000,0,0,17.4,3.74e-08,7.85
2023-11-24 17:48:21,1313.39777,354.153,1098.34426,297.811,355.000,0,0,17.4,3.74e-08,7.85
2023-11-24 17:48:26,1313.32773,354.134,1098.28196,297.795,355.000,0,0,17.4,3.74e-08,7.85
2023-11-24 17:48:30,1313.29464,354.126,1098.22623,297.781,355.000,0,0,17.4,3.74e-08,7.85
2023-11-24 17:48:34,1313.2708,354.120,1098.05007,297.735,355.000,0,1,17.4,3.74e-08,7.85
2023-11-24 17:48:38,1313.39181,354.151,1098.49358,297.849,355.000,0,1,17.4,3.74e-08,7.85
2023-11-24 17:48:42,1313.56558,354.197,1098.22593,297.781,355.000,0,1,17.4,3.74e-08,7.85
2023-11-24 17:48:46,1313.72802,354.239,1098.24351,297.785,355.000,0,1,17.4,3.74e-08,7.85
2023-11-24 17:48:51,1314.06333,354.327,1098.32548,297.806,355.000,0,0,17.4,3.74e-08,7.85
2023-11-24 17:48:55,1314.10774,354.339,1098.40536,297.827,355.000,0,0,17.4,3.74e-08,7.85
2023-11-24 17:48:59,1314.06661,354.328,1098.47391,297.844,355.000,0,0,17.4,3.74e-08,7.85
2023-11-24 17:49:03,1314.02876,354.318,1098.52786,297.858,355.000,0,0,17.4,3.74e-08,7.85
2023-11-24 17:49:07,1313.99835,354.310,1098.56184,297.867,355.000,0,0,17.4,3.74e-08,7.85
2023-11-24 17:49:11,1313.96944,354.303,1098.59701,297.876,355.000,0,0,17.4,3.74e-08,7.85
2023-11-24 17:49:16,1313.91311,354.288,1098.59432,297.875,355.000,0,0,17.4,3.74e-08,7.85
2023-11-24 17:49:20,1313.88211,354.280,1098.583,297.872,355.000,0,0,17.4,3.74e-08,7.85
2023-11-24 17:49:24,1313.84873,354.271,1098.56482,297.868,355.000,0,0,17.4,3.74e-08,7.85
2023-11-24 17:49:28,1313.81416,354.262,1098.53889,297.861,355.000,0,0,17.4,3.74e-08,7.85
2023-11-24 17:49:32,1313.78018,354.253,1098.5064,297.853,355.000,0,0,17.4,3.74e-08,7.85
2023-11-24 17:49:36,1313.74381,354.243,1098.42861,297.833,355.000,0,0,17.4,3.74e-08,7.85
2023-11-24 17:49:41,1313.67228,354.225,1098.38628,297.822,355.000,0,0,17.4,3.74e-08,7.85
2023-11-24 17:49:45,1313.63443,354.215,1098.34008,297.810,355.000,0,0,17.4,3.74e-08,7.85
2023-11-24 17:49:49,1313.59687,354.205,1098.29061,297.797,355.000,0,0,17.4,3.74e-08,7.85
2023-11-24 17:49:53,1313.55813,354.195,1098.24113,297.785,355.000,0,0,17.4,3.74e-08,7.85
2023-11-24 17:49:57,1313.52027,354.185,1098.18867,297.771,355.000,0,0,17.4,3.74e-08,7.85
2023-11-24 17:50:02,1313.48302,354.175,1098.08524,297.744,355.000,0,0,17.4,3.74e-08,7.85
2023-11-24 17:50:06,1313.40999,354.156,1098.03189,297.731,355.000,0,0,17.4,3.74e-08,7.85
2023-11-24 17:50:10,1313.37482,354.147,1097.97735,297.717,355.000,0,0,17.4,3.74e-08,7.85
2023-11-24 17:50:14,1313.33876,354.137,1097.9228,297.703,355.000,0,0,17.4,3.74e-08,7.85
2023-11-24 17:50:18,1313.30359,354.128,1097.86856,297.689,355.000,0,0,17.4,3.74e-08,7.85
2023-11-24 17:50:23,1313.26752,354.119,1097.81431,297.675,355.000,0,0,17.4,3.74e-08,7.85
2023-11-24 17:50:27,1313.23086,354.109,1097.7085,297.648,355.000,0,0,17.4,3.74e-08,7.85
2023-11-24 17:50:31,1313.1632,354.091,1097.65545,297.634,355.000,0,0,17.4,3.74e-08,7.85
2023-11-24 17:50:35,1313.15307,354.089,1097.83428,297.680,355.000,0,1,17.4,3.74e-08,7.85
2023-11-24 17:50:39,1313.29464,354.126,1098.02712,297.729,355.000,0,1,17.4,3.74e-08,7.85
2023-11-24 17:50:44,1313.46692,354.171,1097.79792,297.671,355.000,0,1,17.4,3.74e-08,7.85
2023-11-24 17:50:48,1313.62817,354.213,1097.79226,297.669,355.000,0,1,17.4,3.74e-08,7.85
2023-11-24 17:50:52,1313.79001,354.256,1097.97765,297.717,355.000,0,0,17.4,3.74e-08,7.85
2023-11-24 17:50:56,1314.02458,354.317,1098.07422,297.742,355.000,0,0,17.4,3.74e-08,7.85
2023-11-24 17:51:00,1313.98703,354.307,1098.15171,297.762,355.000,0,0,17.4,3.74e-08,7.85
2023-11-24 17:51:04,1313.94769,354.297,1098.21371,297.777,355.000,0,0,17.4,3.74e-08,7.85
2023-11-24 17:51:09,1313.91609,354.289,1098.25424,297.788,355.000,0,0,17.4,3.74e-08,7.85
2023-11-24 17:51:13,1313.88748,354.281,1098.28047,297.795,355.000,0,0,17.4,3.74e-08,7.85
2023-11-24 17:51:17,1313.86065,354.274,1098.29418,297.798,355.000,0,0,17.4,3.74e-08,7.85
2023-11-24 17:51:21,1313.79717,354.257,1098.28345,297.795,355.000,0,0,17.4,3.74e-08,7.85
2023-11-24 17:51:25,1313.76349,354.249,1098.26467,297.791,355.000,0,0,17.4,3.74e-08,7.85
2023-11-24 17:51:29,1313.72951,354.240,1098.23994,297.784,355.000,0,0,17.4,3.74e-08,7.85
2023-11-24 17:51:34,1313.69374,354.230,1098.20685,297.776,355.000,0,0,17.4,3.74e-08,7.85
2023-11-24 17:51:38,1313.65678,354.221,1098.17108,297.767,355.000,0,0,17.4,3.74e-08,7.85
2023-11-24 17:51:42,1313.61893,354.211,1098.08435,297.744,355.000,0,0,17.4,3.74e-08,7.85
2023-11-24 17:51:46,1313.54322,354.191,1098.03785,297.732,355.000,0,0,17.4,3.74e-08,7.85
2023-11-24 17:51:50,1313.50537,354.181,1097.98569,297.719,355.000,0,0,17.4,3.74e-08,7.85
2023-11-24 17:51:54,1313.46603,354.171,1097.93532,297.706,355.000,0,0,17.4,3.74e-08,7.85
2023-11-24 17:51:59,1313.42937,354.161,1097.88316,297.692,355.000,0,0,17.4,3.74e-08,7.85
2023-11-24 17:52:03,1313.39062,354.151,1097.82713,297.678,355.000,0,0,17.4,3.74e-08,7.85
2023-11-24 17:52:07,1313.35485,354.142,1097.71595,297.649,355.000,0,0,17.4,3.74e-08,7.85
2023-11-24 17:52:11,1313.27855,354.122,1097.66052,297.635,355.000,0,0,17.4,3.74e-08,7.85
2023-11-24 17:52:15,1313.24338,354.112,1097.60418,297.621,355.000,0,0,17.4,3.74e-08,7.85
2023-11-24 17:52:20,1313.20612,354.103,1097.54725,297.606,355.000,0,0,17.4,3.74e-08,7.85
2023-11-24 17:52:24,1313.17065,354.093,1097.49211,297.592,355.000,0,0,17.4,3.74e-08,7.85
2023-11-24 17:52:28,1313.13429,354.084,1097.43459,297.577,355.000,0,0,17.4,3.74e-08,7.85
2023-11-24 17:52:32,1313.09793,354.074,1097.32163,297.548,355.000,0,0,17.4,3.74e-08,7.85
2023-11-24 17:52:36,1313.06931,354.067,1097.88853,297.694,355.000,0,1,17.4,3.74e-08,7.85
2023-11-24 17:52:41,1313.22132,354.107,1097.63906,297.630,355.000,0,1,17.4,3.74e-08,7.85
2023-11-24 17:52:45,1313.39121,354.151,1097.42803,297.575,355.000,0,1,17.4,3.74e-08,7.85
2023-11-24 17:52:49,1313.55276,354.193,1097.42475,297.575,355.000,0,1,17.4,3.74e-08,7.85
2023-11-24 17:52:53,1313.72057,354.237,1097.50016,297.594,355.000,0,0,17.4,3.74e-08,7.85
2023-11-24 17:52:57,1313.89463,354.283,1097.67482,297.639,355.000,0,0,17.4,3.74e-08,7.85
2023-11-24 17:53:02,1313.8988,354.284,1097.74427,297.657,355.000,0,0,17.4,3.74e-08,7.85
2023-11-24 17:53:06,1313.86065,354.274,1097.79732,297.670,355.000,0,0,17.4,3.74e-08,7.85
2023-11-24 17:53:10,1313.83085,354.266,1097.8319,297.679,355.000,0,0,17.4,3.74e-08,7.85
2023-11-24 17:53:14,1313.80343,354.259,1097.85306,297.685,355.000,0,0,17.4,3.74e-08,7.85
2023-11-24 17:53:18,1313.77541,354.252,1097.85991,297.686,355.000,0,0,17.4,3.74e-08,7.85
2023-11-24 17:53:22,1313.74501,354.244,1097.8471,297.683,355.000,0,0,17.4,3.74e-08,7.85
2023-11-24 17:53:27,1313.67854,354.226,1097.82713,297.678,355.000,0,0,17.4,3.74e-08,7.85
2023-11-24 17:53:31,1313.64426,354.217,1097.8006,297.671,355.000,0,0,17.4,3.74e-08,7.85
2023-11-24 17:53:35,1313.6079,354.208,1097.7699,297.663,355.000,0,0,17.4,3.74e-08,7.85
2023-11-24 17:53:39,1313.57094,354.198,1097.73443,297.654,355.000,0,0,17.4,3.74e-08,7.85
2023-11-24 17:53:43,1313.53577,354.189,1097.69479,297.644,355.000,0,0,17.4,3.74e-08,7.85
2023-11-24 17:53:47,1313.49643,354.179,1097.60687,297.621,355.000,0,0,17.4,3.74e-08,7.85
2023-11-24 17:53:52,1313.42042,354.159,1097.56037,297.609,355.000,0,0,17.4,3.74e-08,7.85
2023-11-24 17:53:56,1313.38198,354.149,1097.51298,297.597,355.000,0,0,17.4,3.74e-08,7.85
2023-11-24 17:54:00,1313.34531,354.139,1097.4632,297.584,355.000,0,0,17.4,3.74e-08,7.85
2023-11-24 17:54:04,1313.30627,354.129,1097.41134,297.571,355.000,0,0,17.4,3.74e-08,7.85
2023-11-24 17:54:08,1313.26961,354.119,1097.35978,297.558,355.000,0,0,17.4,3.74e-08,7.85
2023-11-24 17:54:12,1313.23354,354.110,1097.25427,297.531,355.000,0,0,17.4,3.74e-08,7.85
2023-11-24 17:54:17,1313.15873,354.090,1097.2036,297.518,355.000,0,0,17.4,3.74e-08,7.85
2023-11-24 17:54:21,1313.12296,354.081,1097.15322,297.505,355.000,0,0,17.4,3.74e-08,7.85
2023-11-24 17:54:25,1313.0872,354.071,1097.10255,297.492,355.000,0,0,17.4,3.74e-08,7.85
2023-11-24 17:54:29,1313.05173,354.062,1097.05218,297.479,355.000,0,0,17.4,3.74e-08,7.85
2023-11-24 17:54:33,1313.01686,354.053,1097.00032,297.465,355.000,0,0,17.4,3.74e-08,7.85
2023-11-24 17:54:37,1312.98169,354.044,1097.92429,297.703,355.000,0,1,17.4,3.74e-08,7.85
2023-11-24 17:54:42,1313.16559,354.092,1097.37557,297.562,355.000,0,1,17.4,3.74e-08,7.85
2023-11-24 17:54:46,1313.3328,354.136,1097.18273,297.512,355.000,0,1,17.4,3.74e-08,7.85
2023-11-24 17:54:50,1313.49166,354.177,1097.19644,297.516,355.000,0,1,17.4,3.74e-08,7.85
2023-11-24 17:54:54,1313.65887,354.221,1097.28049,297.537,355.000,0,0,17.4,3.74e-08,7.85
2023-11-24 17:54:58,1313.83621,354.268,1097.37557,297.562,355.000,0,0,17.4,3.74e-08,7.85
2023-11-24 17:55:03,1313.87854,354.279,1097.53742,297.604,355.000,0,0,17.4,3.74e-08,7.85
2023-11-24 17:55:07,1313.80283,354.259,1097.59107,297.617,355.000,0,0,17.4,3.74e-08,7.85
2023-11-24 17:55:11,1313.77213,354.251,1097.62952,297.627,355.000,0,0,17.4,3.74e-08,7.85
2023-11-24 17:55:15,1313.74381,354.243,1097.65396,297.634,355.000,0,0,17.4,3.74e-08,7.85
2023-11-24 17:55:19,1313.7149,354.236,1097.65962,297.635,355.000,0,0,17.4,3.74e-08,7.85
2023-11-24 17:55:24,1313.68391,354.228,1097.65873,297.635,355.000,0,0,17.4,3.74e-08,7.85
2023-11-24 17:55:28,1313.65231,354.219,1097.62684,297.627,355.000,0,0,17.4,3.74e-08,7.85
2023-11-24 17:55:32,1313.58316,354.201,1097.60031,297.620,355.000,0,0,17.4,3.74e-08,7.85
2023-11-24 17:55:36,1313.5474,354.192,1097.56752,297.611,355.000,0,0,17.4,3.74e-08,7.85
2023-11-24 17:55:40,1313.51044,354.182,1097.53265,297.602,355.000,0,0,17.4,3.74e-08,7.85
2023-11-24 17:55:45,1313.47258,354.172,1097.4939,297.592,355.000,0,0,17.4,3.74e-08,7.85
2023-11-24 17:55:49,1313.43473,354.162,1097.44919,297.581,355.000,0,0,17.4,3.74e-08,7.85
2023-11-24 17:55:53,1313.39688,354.153,1097.36008,297.558,355.000,0,0,17.4,3.74e-08,7.85
2023-11-24 17:55:57,1313.31968,354.132,1097.31149,297.545,355.000,0,0,17.4,3.74e-08,7.85
2023-11-24 17:56:01,1313.28242,354.123,1097.26351,297.533,355.000,0,0,17.4,3.74e-08,7.85
2023-11-24 17:56:05,1313.24338,354.112,1097.21135,297.520,355.000,0,0,17.4,3.74e-08,7.85
2023-11-24 17:56:10,1313.20642,354.103,1097.16097,297.507,355.000,0,0,17.4,3.74e-08,7.85
2023-11-24 17:56:14,1313.16857,354.093,1097.1106,297.494,355.000,0,0,17.4,3.74e-08,7.85
2023-11-24 17:56:18,1313.13131,354.083,1097.00598,297.467,355.000,0,0,17.4,3.74e-08,7.85
2023-11-24 17:56:22,1313.05799,354.064,1096.95383,297.453,355.000,0,0,17.4,3.74e-08,7.85
2023-11-24 17:56:26,1313.02222,354.054,1096.90047,297.440,355.000,0,0,17.4,3.74e-08,7.85
2023-11-24 17:56:30,1312.98616,354.045,1096.84861,297.426,355.000,0,0,17.4,3.74e-08,7.85
2023-11-24 17:56:35,1312.95039,354.036,1096.79913,297.414,355.000,0,0,17.4,3.74e-08,7.85
2023-11-24 17:56:39,1312.91552,354.026,1096.74638,297.400,355.000,0,1,17.4,3.74e-08,7.85
2023-11-24 17:56:43,1312.97155,354.041,1097.10703,297.493,355.000,0,1,17.4,3.74e-08,7.85
2023-11-24 17:56:47,1313.30537,354.129,1096.97588,297.459,355.000,0,1,17.4,3.74e-08,7.85
2023-11-24 17:56:51,1313.46722,354.171,1097.01016,297.468,355.000,0,1,17.4,3.74e-08,7.85
2023-11-24 17:56:55,1313.63681,354.215,1097.09779,297.490,355.000,0,1,17.4,3.74e-08,7.85
2023-11-24 17:57:00,1313.81773,354.263,1097.19436,297.515,355.000,0,0,17.4,3.74e-08,7.85
2023-11-24 17:57:04,1313.87734,354.278,1097.27811,297.537,355.000,0,0,17.4,3.74e-08,7.85
2023-11-24 17:57:08,1313.84217,354.269,1097.39435,297.567,355.000,0,0,17.4,3.74e-08,7.85
2023-11-24 17:57:12,1313.77183,354.251,1097.4325,297.577,355.000,0,0,17.4,3.74e-08,7.85
2023-11-24 17:57:16,1313.74531,354.244,1097.4483,297.581,355.000,0,0,17.4,3.74e-08,7.85
2023-11-24 17:57:21,1313.71669,354.236,1097.45068,297.581,355.000,0,0,17.4,3.74e-08,7.85
2023-11-24 17:57:25,1313.68718,354.229,1097.448,297.581,355.000,0,0,17.4,3.74e-08,7.85
2023-11-24 17:57:29,1313.6544,354.220,1097.43071,297.576,355.000,0,0,17.4,3.74e-08,7.85
2023-11-24 17:57:33,1313.62012,354.211,1097.38154,297.563,355.000,0,0,17.4,3.74e-08,7.85
2023-11-24 17:57:37,1313.54889,354.192,1097.34636,297.554,355.000,0,0,17.4,3.74e-08,7.85
2023-11-24 17:57:42,1313.51163,354.183,1097.30553,297.544,355.000,0,0,17.4,3.74e-08,7.85
2023-11-24 17:57:46,1313.47378,354.173,1097.2644,297.533,355.000,0,0,17.4,3.74e-08,7.85
2023-11-24 17:57:50,1313.43384,354.162,1097.21999,297.522,355.000,0,0,17.4,3.74e-08,7.85
2023-11-24 17:57:54,1313.39598,354.152,1097.17081,297.509,355.000,0,0,17.4,3.74e-08,7.85
2023-11-24 17:57:58,1313.35724,354.142,1097.06917,297.483,355.000,0,0,17.4,3.74e-08,7.85
2023-11-24 17:58:03,1313.28064,354.122,1097.0191,297.470,355.000,0,0,17.4,3.74e-08,7.85
2023-11-24 17:58:07,1313.24219,354.112,1096.96634,297.457,355.000,0,0,17.4,3.74e-08,7.85
2023-11-24 17:58:11,1313.20463,354.102,1096.91418,297.443,355.000,0,0,17.4,3.74e-08,7.85
2023-11-24 17:58:15,1313.16648,354.092,1096.86143,297.430,355.000,0,0,17.4,3.74e-08,7.85
2023-11-24 17:58:19,1313.12982,354.083,1096.80927,297.416,355.000,0,0,17.4,3.74e-08,7.85
2023-11-24 17:58:23,1313.09107,354.072,1096.70435,297.389,355.000,0,0,17.4,3.74e-08,7.85
2023-11-24 17:58:28,1313.01924,354.054,1096.65338,297.376,355.000,0,0,17.4,3.74e-08,7.85
2023-11-24 17:58:32,1312.98258,354.044,1096.60242,297.363,355.000,0,0,17.4,3.74e-08,7.85
2023-11-24 17:58:36,1312.94681,354.035,1096.55085,297.350,355.000,0,0,17.4,3.74e-08,7.85
2023-11-24 17:58:40,1312.91313,354.026,1096.45965,297.326,355.000,0,1,17.4,3.74e-08,7.85
2023-11-24 17:58:44,1313.00046,354.049,1097.203,297.518,355.000,0,1,17.4,3.74e-08,7.85
2023-11-24 17:58:48,1313.17065,354.093,1096.75174,297.401,355.000,0,1,17.4,3.74e-08,7.85
2023-11-24 17:58:53,1313.49583,354.178,1096.81076,297.417,355.000,0,1,17.4,3.74e-08,7.85
2023-11-24 17:58:57,1313.66811,354.224,1096.90792,297.442,355.000,0,1,17.4,3.74e-08,7.85
2023-11-24 17:59:01,1313.83681,354.268,1097.003,297.466,355.000,0,0,17.4,3.74e-08,7.85
2023-11-24 17:59:05,1313.85469,354.272,1097.09063,297.489,355.000,0,0,17.4,3.74e-08,7.85
2023-11-24 17:59:09,1313.81326,354.262,1097.15501,297.505,355.000,0,0,17.4,3.74e-08,7.85
2023-11-24 17:59:13,1313.7772,354.252,1097.2343,297.526,355.000,0,0,17.4,3.74e-08,7.85
2023-11-24 17:59:18,1313.71997,354.237,1097.25128,297.530,355.000,0,0,17.4,3.74e-08,7.85
2023-11-24 17:59:22,1313.69166,354.230,1097.25665,297.531,355.000,0,0,17.4,3.74e-08,7.85
2023-11-24 17:59:26,1313.66006,354.221,1097.24979,297.530,355.000,0,0,17.4,3.74e-08,7.85
2023-11-24 17:59:30,1313.62757,354.213,1097.23668,297.526,355.000,0,0,17.4,3.74e-08,7.85
2023-11-24 17:59:34,1313.593,354.204,1097.21582,297.521,355.000,0,0,17.4,3.74e-08,7.85
2023-11-24 17:59:38,1313.55574,354.194,1097.15293,297.505,355.000,0,0,17.4,3.74e-08,7.85
2023-11-24 17:59:43,1313.48212,354.175,1097.11746,297.496,355.000,0,0,17.4,3.74e-08,7.85
2023-11-24 17:59:47,1313.44486,354.165,1097.07901,297.486,355.000,0,0,17.4,3.74e-08,7.85
2023-11-24 17:59:51,1313.40612,354.155,1097.03728,297.475,355.000,0,0,17.4,3.74e-08,7.85
2023-11-24 17:59:55,1313.36767,354.145,1096.99227,297.463,355.000,0,0,17.4,3.74e-08,7.85
2023-11-24 17:59:59,1313.32862,354.135,1096.9425,297.451,355.000,0,0,17.4,3.74e-08,7.85
2023-11-24 18:00:04,1313.28958,354.124,1096.84593,297.426,355.000,0,0,17.4,3.74e-08,7.85
2023-11-24 18:00:08,1313.21328,354.104,1096.79556,297.413,355.000,0,0,17.4,3.74e-08,7.85
2023-11-24 18:00:12,1313.17542,354.095,1096.7437,297.399,355.000,0,0,17.4,3.74e-08,7.85
2023-11-24 18:00:16,1313.13787,354.085,1096.69094,297.386,355.000,0,0,17.4,3.74e-08,7.85
2023-11-24 18:00:20,1313.10061,354.075,1096.63908,297.373,355.000,0,0,17.4,3.74e-08,7.85
2023-11-24 18:00:25,1313.06306,354.065,1096.58811,297.359,355.000,0,0,17.4,3.74e-08,7.85
2023-11-24 18:00:29,1313.02669,354.056,1096.48528,297.333,355.000,0,0,17.4,3.74e-08,7.85
2023-11-24 18:00:33,1312.95456,354.037,1096.43372,297.320,355.000,0,0,17.4,3.74e-08,7.85
2023-11-24 18:00:37,1312.91909,354.027,1096.38126,297.306,355.000,0,0,17.4,3.74e-08,7.85
2023-11-24 18:00:41,1312.88601,354.019,1096.24058,297.270,355.000,0,1,17.4,3.74e-08,7.85
2023-11-24 18:00:46,1312.97394,354.042,1097.16217,297.507,355.000,0,1,17.4,3.74e-08,7.85
2023-11-24 18:00:50,1313.14591,354.087,1096.7273,297.395,355.000,0,1,17.4,3.74e-08,7.85
2023-11-24 18:00:54,1313.30806,354.129,1096.69452,297.387,355.000,0,1,17.4,3.74e-08,7.85
2023-11-24 18:00:58,1313.64248,354.217,1096.79705,297.413,355.000,0,1,17.4,3.74e-08,7.85
2023-11-24 18:01:02,1313.81892,354.263,1096.90316,297.440,355.000,0,0,17.4,3.74e-08,7.85
2023-11-24 18:01:06,1313.85231,354.272,1096.99317,297.464,355.000,0,0,17.4,3.74e-08,7.85
2023-11-24 18:01:11,1313.81386,354.262,1097.0647,297.482,355.000,0,0,17.4,3.74e-08,7.85
2023-11-24 18:01:15,1313.776,354.252,1097.11746,297.496,355.000,0,0,17.4,3.74e-08,7.85
2023-11-24 18:01:19,1313.74769,354.244,1097.17081,297.509,355.000,0,0,17.4,3.74e-08,7.85
2023-11-24 18:01:23,1313.68808,354.229,1097.17528,297.510,355.000,0,0,17.4,3.74e-08,7.85
2023-11-24 18:01:27,1313.65738,354.221,1097.17141,297.509,355.000,0,0,17.4,3.74e-08,7.85
2023-11-24 18:01:31,1313.62459,354.212,1097.15561,297.505,355.000,0,0,17.4,3.74e-08,7.85
2023-11-24 18:01:36,1313.58912,354.203,1097.13385,297.500,355.000,0,0,17.4,3.74e-08,7.85
2023-11-24 18:01:40,1313.55306,354.193,1097.10315,297.492,355.000,0,0,17.4,3.74e-08,7.85
2023-11-24 18:01:44,1313.5155,354.184,1097.03311,297.474,355.000,0,0,17.4,3.74e-08,7.85
2023-11-24 18:01:48,1313.4389,354.164,1096.98929,297.463,355.000,0,0,17.4,3.74e-08,7.85
2023-11-24 18:01:52,1313.40075,354.154,1096.94339,297.451,355.000,0,0,17.4,3.74e-08,7.85
2023-11-24 18:01:56,1313.36052,354.143,1096.89511,297.438,355.000,0,0,17.4,3.74e-08,7.85
2023-11-24 18:02:01,1313.32177,354.133,1096.84831,297.426,355.000,0,0,17.4,3.74e-08,7.85
2023-11-24 18:02:05,1313.28272,354.123,1096.79675,297.413,355.000,0,0,17.4,3.74e-08,7.85
2023-11-24 18:02:09,1313.24278,354.112,1096.69213,297.386,355.000,0,0,17.4,3.74e-08,7.85
2023-11-24 18:02:13,1313.16678,354.092,1096.63818,297.372,355.000,0,0,17.4,3.74e-08,7.85
2023-11-24 18:02:17,1313.12863,354.082,1096.58424,297.358,355.000,0,0,17.4,3.74e-08,7.85
2023-11-24 18:02:21,1313.09107,354.072,1096.53297,297.345,355.000,0,0,17.4,3.74e-08,7.85
2023-11-24 18:02:26,1313.05382,354.063,1096.47932,297.331,355.000,0,0,17.4,3.74e-08,7.85
2023-11-24 18:02:30,1313.01656,354.053,1096.42597,297.318,355.000,0,0,17.4,3.74e-08,7.85
2023-11-24 18:02:34,1312.9799,354.043,1096.31897,297.290,355.000,0,0,17.4,3.74e-08,7.85
2023-11-24 18:02:38,1312.90836,354.025,1096.26532,297.276,355.000,0,0,17.4,3.74e-08,7.85
2023-11-24 18:02:42,1312.87796,354.017,1096.23909,297.270,355.000,0,1,17.4,3.74e-08,7.85
2023-11-24 18:02:47,1312.98586,354.045,1096.97678,297.459,355.000,0,1,17.4,3.74e-08,7.85
2023-11-24 18:02:51,1313.15724,354.090,1096.5902,297.360,355.000,0,1,17.4,3.74e-08,7.85
2023-11-24 18:02:55,1313.32028,354.132,1096.51389,297.340,355.000,0,1,17.4,3.74e-08,7.85
2023-11-24 18:02:59,1313.48212,354.175,1096.65368,297.376,355.000,0,1,17.4,3.74e-08,7.85
2023-11-24 18:03:03,1313.81714,354.263,1096.7428,297.399,355.000,0,0,17.4,3.74e-08,7.85
2023-11-24 18:03:07,1313.82042,354.264,1096.81672,297.418,355.000,0,0,17.4,3.74e-08,7.85
2023-11-24 18:03:12,1313.77988,354.253,1096.87633,297.434,355.000,0,0,17.4,3.74e-08,7.85
2023-11-24 18:03:16,1313.74411,354.244,1096.91746,297.444,355.000,0,0,17.4,3.74e-08,7.85
2023-11-24 18:03:20,1313.71461,354.236,1096.94101,297.450,355.000,0,0,17.4,3.74e-08,7.85
2023-11-24 18:03:24,1313.68569,354.228,1096.95025,297.453,355.000,0,0,17.4,3.74e-08,7.85
2023-11-24 18:03:29,1313.62578,354.213,1096.93952,297.450,355.000,0,0,17.4,3.74e-08,7.85
2023-11-24 18:03:33,1313.59389,354.204,1096.92044,297.445,355.000,0,0,17.4,3.74e-08,7.85
2023-11-24 18:03:37,1313.55813,354.195,1096.89362,297.438,355.000,0,0,17.4,3.74e-08,7.85
2023-11-24 18:03:41,1313.52236,354.185,1096.86173,297.430,355.000,0,0,17.4,3.74e-08,7.85
2023-11-24 18:03:45,1313.4851,354.176,1096.82626,297.421,355.000,0,0,17.4,3.74e-08,7.85
2023-11-24 18:03:49,1313.44755,354.166,1096.74489,297.400,355.000,0,0,17.4,3.74e-08,7.85
2023-11-24 18:03:54,1313.37065,354.146,1096.69809,297.388,355.000,0,0,17.4,3.74e-08,7.85
2023-11-24 18:03:58,1313.3322,354.136,1096.65249,297.376,355.000,0,0,17.4,3.74e-08,7.85
2023-11-24 18:04:02,1313.29315,354.125,1096.6045,297.364,355.000,0,0,17.4,3.74e-08,7.85
2023-11-24 18:04:06,1313.25381,354.115,1096.55294,297.350,355.000,0,0,17.4,3.74e-08,7.85
2023-11-24 18:04:10,1313.21536,354.105,1096.50108,297.337,355.000,0,0,17.4,3.74e-08,7.85
2023-11-24 18:04:14,1313.17691,354.095,1096.39676,297.310,355.000,0,0,17.4,3.74e-08,7.85
2023-11-24 18:04:19,1313.10121,354.075,1096.3449,297.297,355.000,0,0,17.4,3.74e-08,7.85
2023-11-24 18:04:23,1313.06455,354.065,1096.29244,297.283,355.000,0,0,17.4,3.74e-08,7.85
2023-11-24 18:04:27,1313.02788,354.056,1096.23998,297.270,355.000,0,0,17.4,3.74e-08,7.85
2023-11-24 18:04:31,1312.99063,354.046,1096.18782,297.256,355.000,0,0,17.4,3.74e-08,7.85
2023-11-24 18:04:35,1312.95456,354.037,1096.13715,297.243,355.000,0,0,17.4,3.74e-08,7.85
2023-11-24 18:04:39,1312.9179,354.027,1096.03492,297.217,355.000,0,0,17.4,3.74e-08,7.85
2023-11-24 18:04:44,1312.86336,354.013,1096.23104,297.268,355.000,0,1,17.4,3.74e-08,7.85
2023-11-24 18:04:48,1312.99152,354.046,1096.6361,297.372,355.000,0,1,17.4,3.74e-08,7.85
2023-11-24 18:04:52,1313.1635,354.091,1096.34132,297.296,355.000,0,1,17.4,3.74e-08,7.85
2023-11-24 18:04:56,1313.32594,354.134,1096.30704,297.287,355.000,0,1,17.4,3.74e-08,7.85
2023-11-24 18:05:00,1313.48957,354.177,1096.37589,297.305,355.000,0,1,17.4,3.74e-08,7.85
2023-11-24 18:05:04,1313.66751,354.223,1096.56248,297.353,355.000,0,0,17.4,3.74e-08,7.85
2023-11-24 18:05:09,1313.80253,354.259,1096.63967,297.373,355.000,0,0,17.4,3.74e-08,7.85
2023-11-24 18:05:13,1313.762,354.248,1096.69601,297.387,355.000,0,0,17.4,3.74e-08,7.85
2023-11-24 18:05:17,1313.72832,354.239,1096.73833,297.398,355.000,0,0,17.4,3.74e-08,7.85
2023-11-24 18:05:21,1313.69791,354.231,1096.76247,297.404,355.000,0,0,17.4,3.74e-08,7.85
2023-11-24 18:05:25,1313.6699,354.224,1096.7738,297.407,355.000,0,0,17.4,3.74e-08,7.85
2023-11-24 18:05:30,1313.64069,354.216,1096.76784,297.406,355.000,0,0,17.4,3.74e-08,7.85
2023-11-24 18:05:34,1313.57482,354.199,1096.75115,297.401,355.000,0,0,17.4,3.74e-08,7.85
2023-11-24 18:05:38,1313.54143,354.190,1096.72581,297.395,355.000,0,0,17.4,3.74e-08,7.85
2023-11-24 18:05:42,1313.50507,354.181,1096.6963,297.387,355.000,0,0,17.4,3.74e-08,7.85
2023-11-24 18:05:46,1313.46722,354.171,1096.66262,297.379,355.000,0,0,17.4,3.74e-08,7.85
2023-11-24 18:05:51,1313.43026,354.161,1096.62328,297.368,355.000,0,0,17.4,3.74e-08,7.85
2023-11-24 18:05:55,1313.39151,354.151,1096.53714,297.346,355.000,0,0,17.4,3.74e-08,7.85
2023-11-24 18:05:59,1313.31551,354.131,1096.49214,297.335,355.000,0,0,17.4,3.74e-08,7.85
2023-11-24 18:06:03,1313.27587,354.121,1096.44534,297.323,355.000,0,0,17.4,3.74e-08,7.85
2023-11-24 18:06:07,1313.23682,354.111,1096.39825,297.311,355.000,0,0,17.4,3.74e-08,7.85
2023-11-24 18:06:11,1313.19778,354.100,1096.34728,297.297,355.000,0,0,17.4,3.74e-08,7.85
2023-11-24 18:06:16,1313.16022,354.091,1096.29959,297.285,355.000,0,0,17.4,3.74e-08,7.85
2023-11-24 18:06:20,1313.12237,354.081,1096.19706,297.259,355.000,0,0,17.4,3.74e-08,7.85
2023-11-24 18:06:24,1313.04726,354.061,1096.1446,297.245,355.000,0,0,17.4,3.74e-08,7.85
2023-11-24 18:06:28,1313.0103,354.051,1096.09364,297.232,355.000,0,0,17.4,3.74e-08,7.85
2023-11-24 18:06:32,1312.97394,354.042,1096.04237,297.219,355.000,0,0,17.4,3.74e-08,7.85
2023-11-24 18:06:37,1312.93728,354.032,1095.9911,297.206,355.000,0,0,17.4,3.74e-08,7.85
2023-11-24 18:06:41,1312.90181,354.023,1095.94103,297.193,355.000,0,0,17.4,3.74e-08,7.85
2023-11-24 18:06:45,1312.86664,354.014,1096.45458,297.325,355.000,0,1,17.4,3.74e-08,7.85
2023-11-24 18:06:49,1313.0097,354.051,1096.38066,297.306,355.000,0,1,17.4,3.74e-08,7.85
2023-11-24 18:06:53,1313.18019,354.096,1096.15295,297.248,355.000,0,1,17.4,3.74e-08,7.85
2023-11-24 18:06:57,1313.33995,354.138,1096.14967,297.247,355.000,0,1,17.4,3.74e-08,7.85
2023-11-24 18:07:02,1313.50567,354.181,1096.22866,297.267,355.000,0,1,17.4,3.74e-08,7.85
2023-11-24 18:07:06,1313.68569,354.228,1096.32374,297.291,355.000,0,0,17.4,3.74e-08,7.85
2023-11-24 18:07:10,1313.80521,354.260,1096.48677,297.333,355.000,0,0,17.4,3.74e-08,7.85
2023-11-24 18:07:14,1313.74471,354.244,1096.54012,297.347,355.000,0,0,17.4,3.74e-08,7.85
2023-11-24 18:07:18,1313.71222,354.235,1096.57917,297.357,355.000,0,0,17.4,3.74e-08,7.85
2023-11-24 18:07:22,1313.6842,354.228,1096.60063,297.363,355.000,0,0,17.4,3.74e-08,7.85
2023-11-24 18:07:27,1313.65619,354.220,1096.61017,297.365,355.000,0,0,17.4,3.74e-08,7.85
2023-11-24 18:07:31,1313.62638,354.213,1096.60719,297.364,355.000,0,0,17.4,3.74e-08,7.85
2023-11-24 18:07:35,1313.59449,354.204,1096.5741,297.356,355.000,0,0,17.4,3.74e-08,7.85
2023-11-24 18:07:39,1313.52564,354.186,1096.55026,297.350,355.000,0,0,17.4,3.74e-08,7.85
2023-11-24 18:07:43,1313.48928,354.177,1096.51688,297.341,355.000,0,0,17.4,3.74e-08,7.85
2023-11-24 18:07:47,1313.45202,354.167,1096.48051,297.332,355.000,0,0,17.4,3.74e-08,7.85
2023-11-24 18:07:52,1313.41417,354.157,1096.43998,297.321,355.000,0,0,17.4,3.74e-08,7.85
2023-11-24 18:07:56,1313.37691,354.147,1096.39437,297.310,355.000,0,0,17.4,3.74e-08,7.85
2023-11-24 18:08:00,1313.33667,354.137,1096.29989,297.285,355.000,0,0,17.4,3.74e-08,7.85
2023-11-24 18:08:04,1313.25977,354.117,1096.25041,297.273,355.000,0,0,17.4,3.74e-08,7.85
2023-11-24 18:08:08,1313.22132,354.107,1096.19945,297.259,355.000,0,0,17.4,3.74e-08,7.85
2023-11-24 18:08:12,1313.18317,354.097,1096.14788,297.246,355.000,0,0,17.4,3.74e-08,7.85
2023-11-24 18:08:17,1313.14502,354.087,1096.09602,297.233,355.000,0,0,17.4,3.74e-08,7.85
2023-11-24 18:08:21,1313.10806,354.077,1096.04386,297.219,355.000,0,0,17.4,3.74e-08,7.85
2023-11-24 18:08:25,1313.06931,354.067,1095.94044,297.193,355.000,0,0,17.4,3.74e-08,7.85
2023-11-24 18:08:29,1312.9945,354.047,1095.88887,297.180,355.000,0,0,17.4,3.74e-08,7.85
2023-11-24 18:08:33,1312.95844,354.038,1095.83552,297.166,355.000,0,0,17.4,3.74e-08,7.85
2023-11-24 18:08:38,1312.92267,354.028,1095.78396,297.153,355.000,0,0,17.4,3.74e-08,7.85
2023-11-24 18:08:42,1312.88601,354.019,1095.73239,297.139,355.000,0,0,17.4,3.74e-08,7.85
2023-11-24 18:08:46,1312.85173,354.010,1095.68202,297.126,355.000,1,1,17.4,3.74e-08,7.85
2023-11-24 18:08:50,1312.85173,354.010,1096.17113,297.252,355.000,0,1,17.4,3.74e-08,7.85
2023-11-24 18:08:54,1313.16976,354.093,1095.93984,297.193,355.000,0,1,17.4,3.74e-08,7.85
2023-11-24 18:08:59,1313.33131,354.135,1095.92196,297.188,355.000,0,1,17.4,3.74e-08,7.85
2023-11-24 18:09:03,1313.49822,354.179,1095.98485,297.204,355.000,0,1,17.4,3.74e-08,7.85
2023-11-24 18:09:07,1313.67824,354.226,1096.06323,297.224,355.000,0,0,17.4,3.74e-08,7.85
2023-11-24 18:09:11,1313.80402,354.259,1096.13745,297.244,355.000,0,0,17.4,3.74e-08,7.85
2023-11-24 18:09:15,1313.78763,354.255,1096.24207,297.270,355.000,0,0,17.4,3.74e-08,7.85
2023-11-24 18:09:20,1313.7155,354.236,1096.27217,297.278,355.000,0,0,17.4,3.74e-08,7.85
2023-11-24 18:09:24,1313.68867,354.229,1096.28946,297.283,355.000,0,0,17.4,3.74e-08,7.85
2023-11-24 18:09:28,1313.66245,354.222,1096.29363,297.284,355.000,0,0,17.4,3.74e-08,7.85
2023-11-24 18:09:32,1313.63353,354.215,1096.28588,297.282,355.000,0,0,17.4,3.74e-08,7.85
2023-11-24 18:09:36,1313.60254,354.206,1096.27307,297.278,355.000,0,0,17.4,3.74e-08,7.85
2023-11-24 18:09:40,1313.56886,354.198,1096.22657,297.266,355.000,0,0,17.4,3.74e-08,7.85
2023-11-24 18:09:45,1313.49822,354.179,1096.19527,297.258,355.000,0,0,17.4,3.74e-08,7.85
2023-11-24 18:09:49,1313.46156,354.169,1096.15951,297.249,355.000,0,0,17.4,3.74e-08,7.85
2023-11-24 18:09:53,1313.4246,354.160,1096.11927,297.239,355.000,0,0,17.4,3.74e-08,7.85
2023-11-24 18:09:57,1313.38645,354.150,1096.07844,297.228,355.000,0,0,17.4,3.74e-08,7.85
2023-11-24 18:10:01,1313.34829,354.140,1096.03581,297.217,355.000,0,0,17.4,3.74e-08,7.85
2023-11-24 18:10:05,1313.31074,354.130,1095.9458,297.194,355.000,0,0,17.4,3.74e-08,7.85
2023-11-24 18:10:10,1313.23503,354.110,1095.89692,297.182,355.000,0,0,17.4,3.74e-08,7.85
2023-11-24 18:10:14,1313.19658,354.100,1095.85102,297.170,355.000,0,0,17.4,3.74e-08,7.85
2023-11-24 18:10:18,1313.15814,354.090,1095.80184,297.157,355.000,0,0,17.4,3.74e-08,7.85
2023-11-24 18:10:22,1313.11998,354.080,1095.75445,297.145,355.000,0,0,17.4,3.74e-08,7.85
2023-11-24 18:10:26,1313.08332,354.070,1095.70736,297.133,355.000,0,0,17.4,3.74e-08,7.85
2023-11-24 18:10:30,1313.04458,354.060,1095.60989,297.108,355.000,0,0,17.4,3.74e-08,7.85
2023-11-24 18:10:35,1312.97304,354.041,1095.5622,297.096,355.000,0,0,17.4,3.74e-08,7.85
2023-11-24 18:10:39,1312.93757,354.032,1095.51213,297.083,355.000,0,0,17.4,3.74e-08,7.85
2023-11-24 18:10:43,1312.9024,354.023,1095.46563,297.071,355.000,0,0,17.4,3.74e-08,7.85
2023-11-24 18:10:47,1312.86664,354.014,1095.41884,297.059,355.000,1,1,17.4,3.74e-08,7.85
2023-11-24 18:10:51,1312.87319,354.015,1096.25071,297.273,355.000,0,1,17.4,3.74e-08,7.85
2023-11-24 18:10:55,1313.0258,354.055,1095.716,297.135,355.000,0,1,17.4,3.74e-08,7.85
2023-11-24 18:11:00,1313.35753,354.142,1095.72166,297.137,355.000,0,1,17.4,3.74e-08,7.85
2023-11-24 18:11:04,1313.52564,354.186,1095.80303,297.158,355.000,0,1,17.4,3.74e-08,7.85
2023-11-24 18:11:08,1313.70805,354.234,1095.8999,297.182,355.000,0,0,17.4,3.74e-08,7.85
2023-11-24 18:11:12,1313.83204,354.267,1095.98932,297.205,355.000,0,0,17.4,3.74e-08,7.85
2023-11-24 18:11:16,1313.81386,354.262,1096.06204,297.224,355.000,0,0,17.4,3.74e-08,7.85
2023-11-24 18:11:21,1313.77392,354.251,1096.1601,297.249,355.000,0,0,17.4,3.74e-08,7.85
2023-11-24 18:11:25,1313.71312,354.235,1096.18603,297.256,355.000,0,0,17.4,3.74e-08,7.85
2023-11-24 18:11:29,1313.68569,354.228,1096.19915,297.259,355.000,0,0,17.4,3.74e-08,7.85
2023-11-24 18:11:33,1313.65648,354.221,1096.19885,297.259,355.000,0,0,17.4,3.74e-08,7.85
2023-11-24 18:11:37,1313.62549,354.212,1096.1911,297.257,355.000,0,0,17.4,3.74e-08,7.85
2023-11-24 18:11:41,1313.5927,354.204,1096.1756,297.253,355.000,0,0,17.4,3.74e-08,7.85
2023-11-24 18:11:46,1313.55634,354.194,1096.12761,297.241,355.000,0,0,17.4,3.74e-08,7.85
2023-11-24 18:11:50,1313.48331,354.175,1096.09572,297.233,355.000,0,0,17.4,3.74e-08,7.85
2023-11-24 18:11:54,1313.44516,354.165,1096.06025,297.224,355.000,0,0,17.4,3.74e-08,7.85
2023-11-24 18:11:58,1313.40731,354.155,1096.0227,297.214,355.000,0,0,17.4,3.74e-08,7.85
2023-11-24 18:12:02,1313.36826,354.145,1095.98246,297.204,355.000,0,0,17.4,3.74e-08,7.85
2023-11-24 18:12:07,1313.32952,354.135,1095.93895,297.192,355.000,0,0,17.4,3.74e-08,7.85
2023-11-24 18:12:11,1313.29137,354.125,1095.84923,297.169,355.000,0,0,17.4,3.74e-08,7.85
2023-11-24 18:12:15,1313.21387,354.105,1095.80214,297.157,355.000,0,0,17.4,3.74e-08,7.85
2023-11-24 18:12:19,1313.17572,354.095,1095.75475,297.145,355.000,0,0,17.4,3.74e-08,7.85
2023-11-24 18:12:23,1313.13608,354.084,1095.70736,297.133,355.000,0,0,17.4,3.74e-08,7.85
2023-11-24 18:12:28,1313.09912,354.075,1095.65788,297.120,355.000,0,0,17.4,3.74e-08,7.85
2023-11-24 18:12:32,1313.06157,354.065,1095.60989,297.108,355.000,0,0,17.4,3.74e-08,7.85
2023-11-24 18:12:36,1313.0249,354.055,1095.49872,297.079,355.000,0,0,17.4,3.74e-08,7.85
2023-11-24 18:12:40,1312.9495,354.035,1095.45818,297.069,355.000,0,0,17.4,3.74e-08,7.85
2023-11-24 18:12:44,1312.91522,354.026,1095.41347,297.057,355.000,0,0,17.4,3.74e-08,7.85
2023-11-24 18:12:48,1312.87975,354.017,1095.36787,297.046,355.000,1,1,17.4,3.74e-08,7.85
2023-11-24 18:12:53,1312.90389,354.023,1096.5902,297.360,355.000,0,1,17.4,3.74e-08,7.85
2023-11-24 18:12:57,1313.06276,354.065,1095.99051,297.206,355.000,0,1,17.4,3.74e-08,7.85
2023-11-24 18:13:01,1313.22699,354.108,1095.8075,297.159,355.000,0,1,17.4,3.74e-08,7.85
2023-11-24 18:13:05,1313.55574,354.194,1095.90079,297.183,355.000,0,1,17.4,3.74e-08,7.85
2023-11-24 18:13:09,1313.73666,354.242,1096.00333,297.209,355.000,0,0,17.4,3.74e-08,7.85
2023-11-24 18:13:13,1313.83174,354.266,1096.10288,297.235,355.000,0,0,17.4,3.74e-08,7.85
2023-11-24 18:13:18,1313.80313,354.259,1096.18156,297.255,355.000,0,0,17.4,3.74e-08,7.85
2023-11-24 18:13:22,1313.76259,354.248,1096.24207,297.270,355.000,0,0,17.4,3.74e-08,7.85
2023-11-24 18:13:26,1313.72921,354.240,1096.30794,297.287,355.000,0,0,17.4,3.74e-08,7.85
2023-11-24 18:13:30,1313.67258,354.225,1096.31777,297.290,355.000,0,0,17.4,3.74e-08,7.85
2023-11-24 18:13:34,1313.64099,354.216,1096.31599,297.289,355.000,0,0,17.4,3.74e-08,7.85
2023-11-24 18:13:39,1313.60939,354.208,1096.30585,297.287,355.000,0,0,17.4,3.74e-08,7.85
2023-11-24 18:13:43,1313.57541,354.199,1096.28618,297.282,355.000,0,0,17.4,3.74e-08,7.85
2023-11-24 18:13:47,1313.53905,354.190,1096.25786,297.274,355.000,0,0,17.4,3.74e-08,7.85
2023-11-24 18:13:51,1313.50209,354.180,1096.19259,297.258,355.000,0,0,17.4,3.74e-08,7.85
2023-11-24 18:13:55,1313.42579,354.160,1096.15384,297.248,355.000,0,0,17.4,3.74e-08,7.85
2023-11-24 18:14:00,1313.38674,354.150,1096.11301,297.237,355.000,0,0,17.4,3.74e-08,7.85
2023-11-24 18:14:04,1313.34829,354.140,1096.06741,297.226,355.000,0,0,17.4,3.74e-08,7.85
2023-11-24 18:14:08,1313.30806,354.129,1096.01972,297.213,355.000,0,0,17.4,3.74e-08,7.85
2023-11-24 18:14:12,1313.26901,354.119,1095.97292,297.201,355.000,0,0,17.4,3.74e-08,7.85
2023-11-24 18:14:16,1313.22997,354.109,1095.87337,297.176,355.000,0,0,17.4,3.74e-08,7.85
2023-11-24 18:14:21,1313.15188,354.088,1095.82121,297.162,355.000,0,0,17.4,3.74e-08,7.85
2023-11-24 18:14:25,1313.11372,354.078,1095.77203,297.150,355.000,0,0,17.4,3.74e-08,7.85
2023-11-24 18:14:29,1313.07766,354.069,1095.71928,297.136,355.000,0,0,17.4,3.74e-08,7.85
2023-11-24 18:14:33,1313.03861,354.059,1095.6692,297.123,355.000,0,0,17.4,3.74e-08,7.85
2023-11-24 18:14:37,1313.00136,354.049,1095.61794,297.110,355.000,0,0,17.4,3.74e-08,7.85
2023-11-24 18:14:41,1312.9647,354.039,1095.51779,297.084,355.000,0,0,17.4,3.74e-08,7.85
2023-11-24 18:14:46,1312.89167,354.020,1095.46712,297.071,355.000,0,0,17.4,3.74e-08,7.85
2023-11-24 18:14:50,1312.85591,354.011,1095.41675,297.058,355.000,1,1,17.4,3.74e-08,7.85
2023-11-24 18:14:54,1312.89555,354.021,1096.61792,297.367,355.000,0,1,17.4,3.74e-08,7.85
2023-11-24 18:14:58,1313.05978,354.064,1096.01823,297.213,355.000,0,1,17.4,3.74e-08,7.85
2023-11-24 18:15:02,1313.2252,354.108,1095.84476,297.168,355.000,0,1,17.4,3.74e-08,7.85
2023-11-24 18:15:06,1313.38645,354.150,1095.97859,297.203,355.000,0,1,17.4,3.74e-08,7.85
2023-11-24 18:15:11,1313.73636,354.241,1096.08797,297.231,355.000,0,0,17.4,3.74e-08,7.85
2023-11-24 18:15:15,1313.81654,354.262,1096.18693,297.256,355.000,0,0,17.4,3.74e-08,7.85
2023-11-24 18:15:19,1313.78435,354.254,1096.26621,297.277,355.000,0,0,17.4,3.74e-08,7.85
2023-11-24 18:15:23,1313.74381,354.243,1096.32493,297.292,355.000,0,0,17.4,3.74e-08,7.85
2023-11-24 18:15:27,1313.71252,354.235,1096.36576,297.302,355.000,0,0,17.4,3.74e-08,7.85
2023-11-24 18:15:31,1313.68331,354.228,1096.40063,297.311,355.000,0,0,17.4,3.74e-08,7.85
2023-11-24 18:15:36,1313.6228,354.212,1096.39795,297.311,355.000,0,0,17.4,3.74e-08,7.85
2023-11-24 18:15:40,1313.59091,354.203,1096.38513,297.307,355.000,0,0,17.4,3.74e-08,7.85
2023-11-24 18:15:44,1313.55515,354.194,1096.36397,297.302,355.000,0,0,17.4,3.74e-08,7.85
2023-11-24 18:15:48,1313.51759,354.184,1096.33685,297.295,355.000,0,0,17.4,3.74e-08,7.85
2023-11-24 18:15:52,1313.47974,354.174,1096.30287,297.286,355.000,0,0,17.4,3.74e-08,7.85
2023-11-24 18:15:56,1313.44188,354.164,1096.2212,297.265,355.000,0,0,17.4,3.74e-08,7.85
2023-11-24 18:16:01,1313.36379,354.144,1096.17441,297.253,355.000,0,0,17.4,3.74e-08,7.85
2023-11-24 18:16:05,1313.32415,354.133,1096.12702,297.241,355.000,0,0,17.4,3.74e-08,7.85
2023-11-24 18:16:09,1313.28451,354.123,1096.07724,297.228,355.000,0,0,17.4,3.74e-08,7.85
2023-11-24 18:16:13,1313.24547,354.113,1096.02598,297.215,355.000,0,0,17.4,3.74e-08,7.85
2023-11-24 18:16:17,1313.20404,354.102,1095.97412,297.202,355.000,0,0,17.4,3.74e-08,7.85
2023-11-24 18:16:22,1313.16588,354.092,1095.87218,297.175,355.000,0,0,17.4,3.74e-08,7.85
2023-11-24 18:16:26,1313.08839,354.072,1095.81883,297.162,355.000,0,0,17.4,3.74e-08,7.85
2023-11-24 18:16:30,1313.05113,354.062,1095.76667,297.148,355.000,0,0,17.4,3.74e-08,7.85
2023-11-24 18:16:34,1313.01298,354.052,1095.71272,297.134,355.000,0,0,17.4,3.74e-08,7.85
2023-11-24 18:16:38,1312.97513,354.042,1095.65937,297.121,355.000,0,0,17.4,3.74e-08,7.85
2023-11-24 18:16:43,1312.93698,354.032,1095.60721,297.107,355.000,0,0,17.4,3.74e-08,7.85
2023-11-24 18:16:47,1312.90061,354.023,1095.50229,297.080,355.000,0,0,17.4,3.74e-08,7.85
2023-11-24 18:16:51,1312.82819,354.004,1095.45401,297.068,355.000,1,1,17.4,3.74e-08,7.85
2023-11-24 18:16:55,1312.88571,354.019,1096.56665,297.354,355.000,0,1,17.4,3.74e-08,7.85
2023-11-24 18:16:59,1313.05322,354.062,1096.01555,297.212,355.000,0,1,17.4,3.74e-08,7.85
2023-11-24 18:17:04,1313.21745,354.106,1095.8692,297.175,355.000,0,1,17.4,3.74e-08,7.85
2023-11-24 18:17:08,1313.3775,354.147,1095.90884,297.185,355.000,0,1,17.4,3.74e-08,7.85
2023-11-24 18:17:12,1313.54799,354.192,1096.11241,297.237,355.000,0,0,17.4,3.74e-08,7.85
2023-11-24 18:17:16,1313.79687,354.257,1096.20332,297.260,355.000,0,0,17.4,3.74e-08,7.85
2023-11-24 18:17:20,1313.76289,354.248,1096.27336,297.278,355.000,0,0,17.4,3.74e-08,7.85
2023-11-24 18:17:24,1313.72444,354.238,1096.32612,297.292,355.000,0,0,17.4,3.74e-08,7.85
2023-11-24 18:17:29,1313.69255,354.230,1096.3598,297.301,355.000,0,0,17.4,3.74e-08,7.85
2023-11-24 18:17:33,1313.66304,354.222,1096.38037,297.306,355.000,0,0,17.4,3.74e-08,7.85
2023-11-24 18:17:37,1313.63413,354.215,1096.38215,297.306,355.000,0,0,17.4,3.74e-08,7.85
