time,sample_holder_res,sample_holder_temp,exhaust_res,exhaust_temp,target_temp,cooling_active,heating_active,proportional,integral,derivative
2024-02-16 13:39:34,1333.96452,359.432,1073.26673,291.367,-1.000,0,0,0,0,0
2024-02-16 13:39:38,1333.95915,359.431,1073.2721,291.369,-1.000,0,0,0,0,0
2024-02-16 13:39:43,1333.93978,359.426,1073.27627,291.370,-1.000,0,0,0,0,0
2024-02-16 13:39:47,1333.91683,359.420,1073.28015,291.371,-1.000,0,0,0,0,0
2024-02-16 13:39:51,1333.8906,359.413,1073.28313,291.371,-1.000,0,0,0,0,0
2024-02-16 13:39:55,1333.86348,359.406,1073.2879,291.373,-1.000,0,0,20,5e-07,5
2024-02-16 13:39:59,1333.80506,359.391,1073.29118,291.374,360.000,0,0,20,5e-07,5
2024-02-16 13:40:03,1333.77465,359.383,1073.29326,291.374,360.000,0,0,20,5e-07,5
2024-02-16 13:40:08,1333.74455,359.375,1073.29654,291.375,360.000,0,0,20,5e-07,5
2024-02-16 13:40:12,1333.71445,359.367,1073.29863,291.375,360.000,0,1,20,5e-07,5
2024-02-16 13:40:16,1333.69239,359.361,1073.30042,291.376,360.000,0,1,20,5e-07,5
2024-02-16 13:40:20,1333.7982,359.389,1073.3034,291.377,360.000,0,1,20,5e-07,5
2024-02-16 13:40:24,1334.32218,359.526,1073.30548,291.377,360.000,0,1,20,5e-07,5
2024-02-16 13:40:29,1334.64587,359.611,1073.30697,291.378,360.000,0,1,20,5e-07,5
2024-02-16 13:40:33,1334.98476,359.700,1073.30936,291.378,360.000,0,1,20,5e-07,5
2024-02-16 13:40:37,1335.32902,359.790,1073.31055,291.379,360.000,0,1,20,5e-07,5
2024-02-16 13:40:41,1335.67476,359.881,1073.31115,291.379,360.000,0,1,20,5e-07,5
2024-02-16 13:40:45,1336.01842,359.971,1073.31591,291.380,360.000,0,1,20,5e-07,5
2024-02-16 13:40:50,1336.6962,360.149,1073.31681,291.380,360.000,0,0,20,5e-07,5
2024-02-16 13:40:54,1336.97965,360.224,1073.318,291.380,360.000,0,0,20,5e-07,5
2024-02-16 13:40:58,1337.0944,360.254,1073.32009,291.381,360.000,0,0,20,5e-07,5
2024-02-16 13:41:02,1337.11556,360.259,1073.32158,291.381,360.000,0,0,20,5e-07,5
2024-02-16 13:41:06,1337.08993,360.252,1073.32366,291.382,360.000,0,0,20,5e-07,5
2024-02-16 13:41:10,1337.03837,360.239,1073.32664,291.383,360.000,0,0,20,5e-07,5
2024-02-16 13:41:15,1336.90007,360.203,1073.32843,291.383,360.000,0,0,20,5e-07,5
2024-02-16 13:41:19,1336.82377,360.183,1073.33052,291.384,360.000,0,0,20,5e-07,5
2024-02-16 13:41:23,1336.74627,360.162,1073.33111,291.384,360.000,0,0,20,5e-07,5
2024-02-16 13:41:27,1336.67206,360.143,1073.3335,291.384,360.000,0,0,20,5e-07,5
2024-02-16 13:41:31,1336.59903,360.124,1073.33439,291.385,360.000,0,0,20,5e-07,5
2024-02-16 13:41:35,1336.52839,360.105,1073.33737,291.385,360.000,0,0,20,5e-07,5
2024-02-16 13:41:40,1336.39874,360.071,1073.33857,291.386,360.000,0,0,20,5e-07,5
2024-02-16 13:41:44,1336.33853,360.055,1073.34006,291.386,360.000,0,0,20,5e-07,5
2024-02-16 13:41:48,1336.2813,360.040,1073.34184,291.387,360.000,0,0,20,5e-07,5
2024-02-16 13:41:52,1336.22736,360.026,1073.34244,291.387,360.000,0,0,20,5e-07,5
2024-02-16 13:41:56,1336.1752,360.012,1073.34363,291.387,360.000,0,0,20,5e-07,5
2024-02-16 13:42:00,1336.12572,359.999,1073.34572,291.388,360.000,0,0,20,5e-07,5
2024-02-16 13:42:05,1336.03362,359.975,1073.3481,291.388,360.000,0,0,20,5e-07,5
2024-02-16 13:42:09,1335.9913,359.964,1073.3481,291.388,360.000,0,0,20,5e-07,5
2024-02-16 13:42:13,1335.94838,359.953,1073.34959,291.389,360.000,0,0,20,5e-07,5
2024-02-16 13:42:17,1335.90635,359.942,1073.35049,291.389,360.000,0,0,20,5e-07,5
2024-02-16 13:42:21,1335.86641,359.931,1073.35138,291.389,360.000,0,0,20,5e-07,5
2024-02-16 13:42:25,1335.82707,359.921,1073.35317,291.389,360.000,0,0,20,5e-07,5
2024-02-16 13:42:30,1335.75196,359.901,1073.35496,291.390,360.000,0,0,20,5e-07,5
2024-02-16 13:42:34,1335.7153,359.892,1073.35585,291.390,360.000,0,0,20,5e-07,5
2024-02-16 13:42:38,1335.67953,359.882,1073.35794,291.391,360.000,0,0,20,5e-07,5
2024-02-16 13:42:42,1335.64376,359.873,1073.35734,291.391,360.000,0,0,20,5e-07,5
2024-02-16 13:42:46,1335.60889,359.864,1073.35734,291.391,360.000,0,0,20,5e-07,5
2024-02-16 13:42:51,1335.57968,359.856,1073.36122,291.392,360.000,0,0,20,5e-07,5
2024-02-16 13:42:55,1335.51172,359.838,1073.36241,291.392,360.000,0,0,20,5e-07,5
2024-02-16 13:42:59,1335.47775,359.829,1073.36271,291.392,360.000,0,0,20,5e-07,5
2024-02-16 13:43:03,1335.44407,359.821,1073.3639,291.392,360.000,0,0,20,5e-07,5
2024-02-16 13:43:07,1335.41009,359.812,1073.3636,291.392,360.000,0,0,20,5e-07,5
2024-02-16 13:43:12,1335.3767,359.803,1073.36539,291.393,360.000,0,0,20,5e-07,5
2024-02-16 13:43:16,1335.34243,359.794,1073.36658,291.393,360.000,0,0,20,5e-07,5
2024-02-16 13:43:20,1335.27805,359.777,1073.36718,291.393,360.000,0,0,20,5e-07,5
2024-02-16 13:43:24,1335.24526,359.768,1073.36867,291.393,360.000,0,0,20,5e-07,5
2024-02-16 13:43:28,1335.21456,359.760,1073.37016,291.394,360.000,0,0,20,5e-07,5
2024-02-16 13:43:33,1335.18178,359.752,1073.37016,291.394,360.000,0,0,20,5e-07,5
2024-02-16 13:43:37,1335.14929,359.743,1073.37135,291.394,360.000,0,0,20,5e-07,5
2024-02-16 13:43:41,1335.1174,359.735,1073.37463,291.395,360.000,0,0,20,5e-07,5
2024-02-16 13:43:45,1335.05331,359.718,1073.37493,291.395,360.000,0,0,20,5e-07,5
2024-02-16 13:43:49,1335.02112,359.710,1073.37702,291.396,360.000,0,0,20,5e-07,5
2024-02-16 13:43:53,1334.99042,359.702,1073.37851,291.396,360.000,0,0,20,5e-07,5
2024-02-16 13:43:58,1334.95853,359.693,1073.37821,291.396,360.000,0,0,20,5e-07,5
2024-02-16 13:44:02,1334.92783,359.685,1073.38059,291.396,360.000,0,0,20,5e-07,5
2024-02-16 13:44:06,1334.89624,359.677,1073.38178,291.397,360.000,0,0,20,5e-07,5
2024-02-16 13:44:10,1334.83424,359.661,1073.38268,291.397,360.000,0,0,20,5e-07,5
2024-02-16 13:44:14,1334.80444,359.653,1073.38298,291.397,360.000,0,0,20,5e-07,5
2024-02-16 13:44:18,1334.77284,359.644,1073.38476,291.398,360.000,0,0,20,5e-07,5
2024-02-16 13:44:23,1334.74095,359.636,1073.38476,291.398,360.000,0,0,20,5e-07,5
2024-02-16 13:44:27,1334.71085,359.628,1073.38715,291.398,360.000,0,0,20,5e-07,5
2024-02-16 13:44:31,1334.67985,359.620,1073.38834,291.398,360.000,0,0,20,5e-07,5
2024-02-16 13:44:35,1334.61666,359.603,1073.39162,291.399,360.000,0,0,20,5e-07,5
2024-02-16 13:44:39,1334.58715,359.596,1073.39132,291.399,360.000,0,0,20,5e-07,5
2024-02-16 13:44:43,1334.55705,359.588,1073.39281,291.400,360.000,0,0,20,5e-07,5
2024-02-16 13:44:48,1334.52456,359.579,1073.39311,291.400,360.000,0,0,20,5e-07,5
2024-02-16 13:44:52,1334.49416,359.571,1073.39281,291.400,360.000,0,0,20,5e-07,5
2024-02-16 13:44:56,1334.46555,359.564,1073.3949,291.400,360.000,0,0,20,5e-07,5
2024-02-16 13:45:00,1334.40325,359.547,1073.39579,291.400,360.000,0,0,20,5e-07,5
2024-02-16 13:45:04,1334.37345,359.540,1073.39758,291.401,360.000,0,0,20,5e-07,5
2024-02-16 13:45:08,1334.34305,359.532,1073.39758,291.401,360.000,0,0,20,5e-07,5
2024-02-16 13:45:13,1334.31205,359.524,1073.39937,291.401,360.000,0,1,20,5e-07,5
2024-02-16 13:45:17,1334.28344,359.516,1073.40026,291.402,360.000,0,1,20,5e-07,5
2024-02-16 13:45:21,1334.3198,359.526,1073.40295,291.402,360.000,0,1,20,5e-07,5
2024-02-16 13:45:25,1334.78417,359.647,1073.40354,291.402,360.000,0,1,20,5e-07,5
2024-02-16 13:45:29,1335.1013,359.731,1073.40473,291.403,360.000,0,1,20,5e-07,5
2024-02-16 13:45:34,1335.43512,359.818,1073.40473,291.403,360.000,0,1,20,5e-07,5
2024-02-16 13:45:38,1335.77789,359.908,1073.40503,291.403,360.000,0,1,20,5e-07,5
2024-02-16 13:45:42,1336.12572,359.999,1073.40563,291.403,360.000,0,0,20,5e-07,5
2024-02-16 13:45:46,1336.47176,360.090,1073.40772,291.403,360.000,0,0,20,5e-07,5
2024-02-16 13:45:50,1336.88487,360.199,1073.40921,291.404,360.000,0,0,20,5e-07,5
2024-02-16 13:45:55,1336.91676,360.207,1073.4101,291.404,360.000,0,0,20,5e-07,5
2024-02-16 13:45:59,1336.90335,360.203,1073.4107,291.404,360.000,0,0,20,5e-07,5
2024-02-16 13:46:03,1336.86341,360.193,1073.41308,291.405,360.000,0,0,20,5e-07,5
2024-02-16 13:46:07,1336.80856,360.179,1073.41278,291.405,360.000,0,0,20,5e-07,5
2024-02-16 13:46:11,1336.74478,360.162,1073.41397,291.405,360.000,0,0,20,5e-07,5
2024-02-16 13:46:16,1336.60976,360.126,1073.41308,291.405,360.000,0,0,20,5e-07,5
2024-02-16 13:46:20,1336.5418,360.109,1073.41397,291.405,360.000,0,0,20,5e-07,5
2024-02-16 13:46:24,1336.47683,360.092,1073.41397,291.405,360.000,0,0,20,5e-07,5
2024-02-16 13:46:28,1336.41245,360.075,1073.41457,291.405,360.000,0,0,20,5e-07,5
2024-02-16 13:46:32,1336.35045,360.058,1073.41517,291.405,360.000,0,0,20,5e-07,5
2024-02-16 13:46:36,1336.29233,360.043,1073.41725,291.406,360.000,0,0,20,5e-07,5
2024-02-16 13:46:41,1336.18354,360.015,1073.41636,291.406,360.000,0,0,20,5e-07,5
2024-02-16 13:46:45,1336.13317,360.001,1073.41725,291.406,360.000,0,0,20,5e-07,5
2024-02-16 13:46:49,1336.08489,359.989,1073.41725,291.406,360.000,0,0,20,5e-07,5
2024-02-16 13:46:53,1336.03779,359.976,1073.41815,291.406,360.000,0,0,20,5e-07,5
2024-02-16 13:46:57,1335.99279,359.965,1073.41964,291.407,360.000,0,0,20,5e-07,5
2024-02-16 13:47:01,1335.95076,359.954,1073.42232,291.407,360.000,0,0,20,5e-07,5
2024-02-16 13:47:06,1335.86909,359.932,1073.42381,291.408,360.000,0,0,20,5e-07,5
2024-02-16 13:47:10,1335.83035,359.922,1073.42411,291.408,360.000,0,0,20,5e-07,5
2024-02-16 13:47:14,1335.791,359.912,1073.42381,291.408,360.000,0,0,20,5e-07,5
2024-02-16 13:47:18,1335.75434,359.902,1073.4256,291.408,360.000,0,0,20,5e-07,5
2024-02-16 13:47:22,1335.71708,359.892,1073.42619,291.408,360.000,0,0,20,5e-07,5
2024-02-16 13:47:26,1335.68072,359.883,1073.42768,291.409,360.000,0,0,20,5e-07,5
2024-02-16 13:47:31,1335.61276,359.865,1073.42888,291.409,360.000,0,0,20,5e-07,5
2024-02-16 13:47:35,1335.57819,359.856,1073.43037,291.409,360.000,0,0,20,5e-07,5
2024-02-16 13:47:39,1335.54421,359.847,1073.43186,291.410,360.000,0,0,20,5e-07,5
2024-02-16 13:47:43,1335.50964,359.838,1073.43245,291.410,360.000,0,0,20,5e-07,5
2024-02-16 13:47:47,1335.47655,359.829,1073.43394,291.410,360.000,0,0,20,5e-07,5
2024-02-16 13:47:51,1335.44377,359.821,1073.43633,291.411,360.000,0,0,20,5e-07,5
2024-02-16 13:47:56,1335.37849,359.803,1073.43603,291.411,360.000,0,0,20,5e-07,5
2024-02-16 13:48:00,1335.34571,359.795,1073.43782,291.411,360.000,0,0,20,5e-07,5
2024-02-16 13:48:04,1335.31411,359.786,1073.4408,291.412,360.000,0,0,20,5e-07,5
2024-02-16 13:48:08,1335.28222,359.778,1073.4408,291.412,360.000,0,0,20,5e-07,5
2024-02-16 13:48:12,1335.25122,359.770,1073.4414,291.412,360.000,0,0,20,5e-07,5
2024-02-16 13:48:16,1335.21844,359.761,1073.44467,291.413,360.000,0,0,20,5e-07,5
2024-02-16 13:48:21,1335.15585,359.745,1073.44646,291.413,360.000,0,0,20,5e-07,5
2024-02-16 13:48:25,1335.12425,359.737,1073.44706,291.414,360.000,0,0,20,5e-07,5
2024-02-16 13:48:29,1335.09415,359.729,1073.44825,291.414,360.000,0,0,20,5e-07,5
2024-02-16 13:48:33,1335.06255,359.720,1073.45004,291.414,360.000,0,0,20,5e-07,5
2024-02-16 13:48:37,1335.03126,359.712,1073.45004,291.414,360.000,0,0,20,5e-07,5
2024-02-16 13:48:42,1335.00086,359.704,1073.45093,291.415,360.000,0,0,20,5e-07,5
2024-02-16 13:48:46,1334.93826,359.688,1073.45183,291.415,360.000,0,0,20,5e-07,5
2024-02-16 13:48:50,1334.90846,359.680,1073.45272,291.415,360.000,0,0,20,5e-07,5
2024-02-16 13:48:54,1334.87806,359.672,1073.45421,291.415,360.000,0,0,20,5e-07,5
2024-02-16 13:48:58,1334.84646,359.664,1073.4554,291.416,360.000,0,0,20,5e-07,5
2024-02-16 13:49:03,1334.81576,359.656,1073.456,291.416,360.000,0,0,20,5e-07,5
2024-02-16 13:49:07,1334.78536,359.648,1073.45719,291.416,360.000,0,0,20,5e-07,5
2024-02-16 13:49:11,1334.72605,359.632,1073.45898,291.417,360.000,0,0,20,5e-07,5
2024-02-16 13:49:15,1334.69595,359.624,1073.45987,291.417,360.000,0,0,20,5e-07,5
2024-02-16 13:49:19,1334.66495,359.616,1073.46017,291.417,360.000,0,0,20,5e-07,5
2024-02-16 13:49:24,1334.63484,359.608,1073.46107,291.417,360.000,0,0,20,5e-07,5
2024-02-16 13:49:28,1334.60414,359.600,1073.46226,291.417,360.000,0,0,20,5e-07,5
2024-02-16 13:49:32,1334.57404,359.592,1073.46613,291.418,360.000,0,0,20,5e-07,5
2024-02-16 13:49:36,1334.51324,359.576,1073.46673,291.419,360.000,0,0,20,5e-07,5
2024-02-16 13:49:40,1334.48373,359.569,1073.46822,291.419,360.000,0,0,20,5e-07,5
2024-02-16 13:49:44,1334.45363,359.561,1073.46882,291.419,360.000,0,0,20,5e-07,5
2024-02-16 13:49:49,1334.42442,359.553,1073.47031,291.420,360.000,0,0,20,5e-07,5
2024-02-16 13:49:53,1334.39372,359.545,1073.4712,291.420,360.000,0,0,20,5e-07,5
2024-02-16 13:49:57,1334.36361,359.537,1073.47478,291.421,360.000,0,0,20,5e-07,5
2024-02-16 13:50:01,1334.3046,359.522,1073.47478,291.421,360.000,0,0,20,5e-07,5
2024-02-16 13:50:05,1334.2742,359.514,1073.47716,291.421,360.000,0,0,20,5e-07,5
2024-02-16 13:50:09,1334.24469,359.506,1073.47686,291.421,360.000,0,0,20,5e-07,5
2024-02-16 13:50:14,1334.21459,359.498,1073.47955,291.422,360.000,0,1,20,5e-07,5
2024-02-16 13:50:18,1334.18389,359.490,1073.47984,291.422,360.000,0,1,20,5e-07,5
2024-02-16 13:50:22,1334.22114,359.500,1073.48193,291.423,360.000,0,1,20,5e-07,5
2024-02-16 13:50:26,1334.68551,359.622,1073.48223,291.423,360.000,0,1,20,5e-07,5
2024-02-16 13:50:30,1335.00324,359.705,1073.48402,291.423,360.000,0,1,20,5e-07,5
2024-02-16 13:50:34,1335.33766,359.793,1073.48491,291.423,360.000,0,1,20,5e-07,5
2024-02-16 13:50:39,1335.68162,359.883,1073.4864,291.424,360.000,0,1,20,5e-07,5
2024-02-16 13:50:43,1336.02974,359.974,1073.48879,291.424,360.000,0,0,20,5e-07,5
2024-02-16 13:50:47,1336.37609,360.065,1073.49057,291.425,360.000,0,0,20,5e-07,5
2024-02-16 13:50:51,1336.8488,360.189,1073.49236,291.425,360.000,0,0,20,5e-07,5
2024-02-16 13:50:55,1336.895,360.201,1073.49236,291.425,360.000,0,0,20,5e-07,5
2024-02-16 13:50:59,1336.88874,360.200,1073.49326,291.425,360.000,0,0,20,5e-07,5
2024-02-16 13:51:04,1336.85208,360.190,1073.49385,291.426,360.000,0,0,20,5e-07,5
2024-02-16 13:51:08,1336.79962,360.176,1073.49415,291.426,360.000,0,0,20,5e-07,5
2024-02-16 13:51:12,1336.73733,360.160,1073.49654,291.426,360.000,0,0,20,5e-07,5
2024-02-16 13:51:16,1336.60201,360.124,1073.49683,291.426,360.000,0,0,20,5e-07,5
2024-02-16 13:51:20,1336.53256,360.106,1073.49892,291.427,360.000,0,0,20,5e-07,5
2024-02-16 13:51:24,1336.4661,360.089,1073.49981,291.427,360.000,0,0,20,5e-07,5
2024-02-16 13:51:29,1336.40053,360.072,1073.50101,291.427,360.000,0,0,20,5e-07,5
2024-02-16 13:51:33,1336.33913,360.055,1073.5016,291.428,360.000,0,0,20,5e-07,5
2024-02-16 13:51:37,1336.27922,360.040,1073.50548,291.429,360.000,0,0,20,5e-07,5
2024-02-16 13:51:41,1336.17013,360.011,1073.50667,291.429,360.000,0,0,20,5e-07,5
2024-02-16 13:51:45,1336.12035,359.998,1073.50727,291.429,360.000,0,0,20,5e-07,5
2024-02-16 13:51:50,1336.07207,359.985,1073.50965,291.430,360.000,0,0,20,5e-07,5
2024-02-16 13:51:54,1336.02438,359.973,1073.51025,291.430,360.000,0,0,20,5e-07,5
2024-02-16 13:51:58,1335.98027,359.961,1073.51323,291.431,360.000,0,0,20,5e-07,5
2024-02-16 13:52:02,1335.93645,359.950,1073.51442,291.431,360.000,0,0,20,5e-07,5
2024-02-16 13:52:06,1335.853,359.928,1073.5174,291.432,360.000,0,0,20,5e-07,5
2024-02-16 13:52:11,1335.81395,359.918,1073.51829,291.432,360.000,0,0,20,5e-07,5
2024-02-16 13:52:15,1335.7758,359.908,1073.52008,291.432,360.000,0,0,20,5e-07,5
2024-02-16 13:52:19,1335.73884,359.898,1073.52038,291.432,360.000,0,0,20,5e-07,5
2024-02-16 13:52:23,1335.70218,359.888,1073.52098,291.433,360.000,0,0,20,5e-07,5
2024-02-16 13:52:27,1335.66641,359.879,1073.52217,291.433,360.000,0,0,20,5e-07,5
2024-02-16 13:52:32,1335.59756,359.861,1073.52485,291.434,360.000,0,0,20,5e-07,5
2024-02-16 13:52:36,1335.56359,359.852,1073.52426,291.433,360.000,0,0,20,5e-07,5
2024-02-16 13:52:40,1335.5302,359.843,1073.52545,291.434,360.000,0,0,20,5e-07,5
2024-02-16 13:52:44,1335.49622,359.834,1073.52575,291.434,360.000,0,0,20,5e-07,5
2024-02-16 13:52:48,1335.46374,359.826,1073.52664,291.434,360.000,0,0,20,5e-07,5
2024-02-16 13:52:52,1335.43125,359.817,1073.52724,291.434,360.000,0,0,20,5e-07,5
2024-02-16 13:52:57,1335.36568,359.800,1073.52694,291.434,360.000,0,0,20,5e-07,5
2024-02-16 13:53:01,1335.33378,359.792,1073.52724,291.434,360.000,0,0,20,5e-07,5
2024-02-16 13:53:05,1335.30249,359.783,1073.52753,291.434,360.000,0,0,20,5e-07,5
2024-02-16 13:53:09,1335.2703,359.775,1073.52724,291.434,360.000,0,0,20,5e-07,5
2024-02-16 13:53:13,1335.24228,359.768,1073.52813,291.434,360.000,0,0,20,5e-07,5
2024-02-16 13:53:17,1335.2089,359.759,1073.52724,291.434,360.000,0,0,20,5e-07,5
2024-02-16 13:53:22,1335.14661,359.743,1073.52724,291.434,360.000,0,0,20,5e-07,5
2024-02-16 13:53:26,1335.11501,359.734,1073.52724,291.434,360.000,0,0,20,5e-07,5
2024-02-16 13:53:30,1335.08431,359.726,1073.52783,291.434,360.000,0,0,20,5e-07,5
2024-02-16 13:53:34,1335.05331,359.718,1073.52843,291.434,360.000,0,0,20,5e-07,5
2024-02-16 13:53:38,1335.02172,359.710,1073.52783,291.434,360.000,0,0,20,5e-07,5
2024-02-16 13:53:42,1334.99132,359.702,1073.52843,291.434,360.000,0,0,20,5e-07,5
2024-02-16 13:53:47,1334.93111,359.686,1073.52873,291.435,360.000,0,0,20,5e-07,5
2024-02-16 13:53:51,1334.90041,359.678,1073.52843,291.434,360.000,0,0,20,5e-07,5
2024-02-16 13:53:55,1334.8709,359.670,1073.52783,291.434,360.000,0,0,20,5e-07,5
2024-02-16 13:53:59,1334.8405,359.662,1073.52783,291.434,360.000,0,0,20,5e-07,5
2024-02-16 13:54:03,1334.81219,359.655,1073.52813,291.434,360.000,0,0,20,5e-07,5
2024-02-16 13:54:07,1334.78089,359.647,1073.52873,291.435,360.000,0,0,20,5e-07,5
2024-02-16 13:54:12,1334.72098,359.631,1073.52873,291.435,360.000,0,0,20,5e-07,5
2024-02-16 13:54:16,1334.69088,359.623,1073.52902,291.435,360.000,0,0,20,5e-07,5
2024-02-16 13:54:20,1334.66107,359.615,1073.52843,291.434,360.000,0,0,20,5e-07,5
2024-02-16 13:54:24,1334.63097,359.607,1073.52813,291.434,360.000,0,0,20,5e-07,5
2024-02-16 13:54:28,1334.60087,359.599,1073.52813,291.434,360.000,0,0,20,5e-07,5
2024-02-16 13:54:33,1334.56987,359.591,1073.52724,291.434,360.000,0,0,20,5e-07,5
2024-02-16 13:54:37,1334.51026,359.576,1073.52515,291.434,360.000,0,0,20,5e-07,5
2024-02-16 13:54:41,1334.48045,359.568,1073.52485,291.434,360.000,0,0,20,5e-07,5
2024-02-16 13:54:45,1334.45094,359.560,1073.52575,291.434,360.000,0,0,20,5e-07,5
2024-02-16 13:54:49,1334.42084,359.552,1073.52515,291.434,360.000,0,0,20,5e-07,5
2024-02-16 13:54:54,1334.39074,359.544,1073.52455,291.433,360.000,0,0,20,5e-07,5
2024-02-16 13:54:58,1334.36123,359.536,1073.52545,291.434,360.000,0,0,20,5e-07,5
2024-02-16 13:55:02,1334.30132,359.521,1073.52813,291.434,360.000,0,0,20,5e-07,5
2024-02-16 13:55:06,1334.27241,359.513,1073.52634,291.434,360.000,0,0,20,5e-07,5
2024-02-16 13:55:10,1334.2426,359.505,1073.52753,291.434,360.000,0,0,20,5e-07,5
2024-02-16 13:55:15,1334.2122,359.497,1073.52843,291.434,360.000,0,1,20,5e-07,5
2024-02-16 13:55:19,1334.18329,359.490,1073.52843,291.434,360.000,0,1,20,5e-07,5
2024-02-16 13:55:23,1334.197,359.493,1073.53171,291.435,360.000,0,1,20,5e-07,5
2024-02-16 13:55:27,1334.63306,359.608,1073.5323,291.435,360.000,0,1,20,5e-07,5
2024-02-16 13:55:31,1334.94482,359.690,1073.5332,291.436,360.000,0,1,20,5e-07,5
2024-02-16 13:55:35,1335.27894,359.777,1073.53528,291.436,360.000,0,1,20,5e-07,5
2024-02-16 13:55:40,1335.6229,359.868,1073.53588,291.436,360.000,0,1,20,5e-07,5
2024-02-16 13:55:44,1335.97043,359.959,1073.53886,291.437,360.000,0,1,20,5e-07,5
2024-02-16 13:55:48,1336.31737,360.050,1073.53916,291.437,360.000,0,0,20,5e-07,5
2024-02-16 13:55:52,1336.84224,360.187,1073.54154,291.438,360.000,0,0,20,5e-07,5
2024-02-16 13:55:56,1336.90603,360.204,1073.54244,291.438,360.000,0,0,20,5e-07,5
2024-02-16 13:56:00,1336.90782,360.205,1073.54393,291.438,360.000,0,0,20,5e-07,5
2024-02-16 13:56:05,1336.87712,360.197,1073.54482,291.439,360.000,0,0,20,5e-07,5
2024-02-16 13:56:09,1336.82675,360.183,1073.54572,291.439,360.000,0,0,20,5e-07,5
2024-02-16 13:56:13,1336.76594,360.167,1073.5484,291.440,360.000,0,0,20,5e-07,5
2024-02-16 13:56:17,1336.63122,360.132,1073.54959,291.440,360.000,0,0,20,5e-07,5
2024-02-16 13:56:21,1336.56297,360.114,1073.55168,291.440,360.000,0,0,20,5e-07,5
2024-02-16 13:56:25,1336.49561,360.097,1073.55287,291.441,360.000,0,0,20,5e-07,5
2024-02-16 13:56:30,1336.43093,360.080,1073.55466,291.441,360.000,0,0,20,5e-07,5
2024-02-16 13:56:34,1336.36804,360.063,1073.55764,291.442,360.000,0,0,20,5e-07,5
2024-02-16 13:56:38,1336.30843,360.047,1073.55913,291.442,360.000,0,0,20,5e-07,5
2024-02-16 13:56:42,1336.19785,360.018,1073.56151,291.443,360.000,0,0,20,5e-07,5
2024-02-16 13:56:46,1336.14569,360.005,1073.56211,291.443,360.000,0,0,20,5e-07,5
2024-02-16 13:56:50,1336.0974,359.992,1073.56449,291.444,360.000,0,0,20,5e-07,5
2024-02-16 13:56:55,1336.05031,359.980,1073.56688,291.444,360.000,0,0,20,5e-07,5
2024-02-16 13:56:59,1336.00441,359.968,1073.56777,291.445,360.000,0,0,20,5e-07,5
2024-02-16 13:57:03,1335.96089,359.956,1073.57075,291.445,360.000,0,0,20,5e-07,5
2024-02-16 13:57:07,1335.87893,359.935,1073.57105,291.445,360.000,0,0,20,5e-07,5
2024-02-16 13:57:11,1335.84078,359.925,1073.57314,291.446,360.000,0,0,20,5e-07,5
2024-02-16 13:57:16,1335.80263,359.915,1073.57373,291.446,360.000,0,0,20,5e-07,5
2024-02-16 13:57:20,1335.76537,359.905,1073.57552,291.447,360.000,0,0,20,5e-07,5
2024-02-16 13:57:24,1335.72871,359.895,1073.57492,291.446,360.000,0,0,20,5e-07,5
2024-02-16 13:57:28,1335.69264,359.886,1073.5791,291.447,360.000,0,0,20,5e-07,5
2024-02-16 13:57:32,1335.62558,359.868,1073.58059,291.448,360.000,0,0,20,5e-07,5
2024-02-16 13:57:37,1335.5913,359.859,1073.58118,291.448,360.000,0,0,20,5e-07,5
2024-02-16 13:57:41,1335.55703,359.850,1073.58178,291.448,360.000,0,0,20,5e-07,5
2024-02-16 13:57:45,1335.52484,359.842,1073.58506,291.449,360.000,0,0,20,5e-07,5
2024-02-16 13:57:49,1335.49146,359.833,1073.58774,291.450,360.000,0,0,20,5e-07,5
2024-02-16 13:57:53,1335.45867,359.824,1073.58923,291.450,360.000,0,0,20,5e-07,5
2024-02-16 13:57:58,1335.39608,359.808,1073.59221,291.451,360.000,0,0,20,5e-07,5
2024-02-16 13:58:02,1335.36389,359.800,1073.59251,291.451,360.000,0,0,20,5e-07,5
2024-02-16 13:58:06,1335.3314,359.791,1073.59519,291.452,360.000,0,0,20,5e-07,5
2024-02-16 13:58:10,1335.3001,359.783,1073.59638,291.452,360.000,0,0,20,5e-07,5
2024-02-16 13:58:14,1335.26851,359.775,1073.59668,291.452,360.000,0,0,20,5e-07,5
2024-02-16 13:58:18,1335.23632,359.766,1073.60235,291.453,360.000,0,0,20,5e-07,5
2024-02-16 13:58:23,1335.17462,359.750,1073.60413,291.454,360.000,0,0,20,5e-07,5
2024-02-16 13:58:27,1335.14392,359.742,1073.60443,291.454,360.000,0,0,20,5e-07,5
2024-02-16 13:58:31,1335.11322,359.734,1073.60771,291.455,360.000,0,0,20,5e-07,5
2024-02-16 13:58:35,1335.08223,359.726,1073.60771,291.455,360.000,0,0,20,5e-07,5
2024-02-16 13:58:39,1335.05242,359.718,1073.6092,291.455,360.000,0,0,20,5e-07,5
2024-02-16 13:58:43,1335.02232,359.710,1073.61486,291.457,360.000,0,0,20,5e-07,5
2024-02-16 13:58:48,1334.96121,359.694,1073.61516,291.457,360.000,0,0,20,5e-07,5
2024-02-16 13:58:52,1334.93111,359.686,1073.61784,291.457,360.000,0,0,20,5e-07,5
2024-02-16 13:58:56,1334.90131,359.678,1073.61993,291.458,360.000,0,0,20,5e-07,5
2024-02-16 13:59:00,1334.8715,359.670,1073.62083,291.458,360.000,0,0,20,5e-07,5
2024-02-16 13:59:04,1334.8411,359.662,1073.62261,291.459,360.000,0,0,20,5e-07,5
2024-02-16 13:59:08,1334.81129,359.655,1073.62768,291.460,360.000,0,0,20,5e-07,5
2024-02-16 13:59:13,1334.75168,359.639,1073.62917,291.460,360.000,0,0,20,5e-07,5
2024-02-16 13:59:17,1334.72277,359.631,1073.63066,291.461,360.000,0,0,20,5e-07,5
2024-02-16 13:59:21,1334.69267,359.623,1073.63334,291.461,360.000,0,0,20,5e-07,5
2024-02-16 13:59:25,1334.66376,359.616,1073.63543,291.462,360.000,0,0,20,5e-07,5
2024-02-16 13:59:29,1334.63365,359.608,1073.63811,291.463,360.000,0,0,20,5e-07,5
2024-02-16 13:59:33,1334.60355,359.600,1073.64318,291.464,360.000,0,0,20,5e-07,5
2024-02-16 13:59:38,1334.54394,359.584,1073.64378,291.464,360.000,0,0,20,5e-07,5
2024-02-16 13:59:42,1334.51413,359.577,1073.64586,291.465,360.000,0,0,20,5e-07,5
2024-02-16 13:59:46,1334.48641,359.569,1073.64646,291.465,360.000,0,0,20,5e-07,5
2024-02-16 13:59:50,1334.45601,359.561,1073.65003,291.466,360.000,0,0,20,5e-07,5
2024-02-16 13:59:54,1334.4265,359.554,1073.65152,291.466,360.000,0,0,20,5e-07,5
2024-02-16 13:59:59,1334.39819,359.546,1073.6557,291.467,360.000,0,0,20,5e-07,5
2024-02-16 14:00:03,1334.33917,359.531,1073.65629,291.467,360.000,0,0,20,5e-07,5
2024-02-16 14:00:07,1334.31026,359.523,1073.66017,291.468,360.000,0,0,20,5e-07,5
2024-02-16 14:00:11,1334.28075,359.515,1073.66375,291.469,360.000,0,0,20,5e-07,5
2024-02-16 14:00:15,1334.25125,359.508,1073.66494,291.469,360.000,0,0,20,5e-07,5
2024-02-16 14:00:20,1334.22084,359.500,1073.66583,291.470,360.000,0,1,20,5e-07,5
2024-02-16 14:00:24,1334.21459,359.498,1073.6706,291.471,360.000,0,1,20,5e-07,5
2024-02-16 14:00:28,1334.6104,359.602,1073.6712,291.471,360.000,0,1,20,5e-07,5
2024-02-16 14:00:32,1334.91561,359.682,1073.67507,291.472,360.000,0,1,20,5e-07,5
2024-02-16 14:00:36,1335.24526,359.768,1073.67626,291.472,360.000,0,1,20,5e-07,5
2024-02-16 14:00:41,1335.58803,359.858,1073.67984,291.473,360.000,0,1,20,5e-07,5
2024-02-16 14:00:45,1335.93526,359.949,1073.68163,291.474,360.000,0,1,20,5e-07,5
2024-02-16 14:00:49,1336.28399,360.041,1073.68491,291.475,360.000,0,0,20,5e-07,5
2024-02-16 14:00:53,1336.84075,360.187,1073.68699,291.475,360.000,0,0,20,5e-07,5
2024-02-16 14:00:57,1336.91676,360.207,1073.68848,291.476,360.000,0,0,20,5e-07,5
2024-02-16 14:01:01,1336.926,360.209,1073.69027,291.476,360.000,0,0,20,5e-07,5
2024-02-16 14:01:06,1336.89798,360.202,1073.69236,291.477,360.000,0,0,20,5e-07,5
2024-02-16 14:01:10,1336.85089,360.190,1073.69266,291.477,360.000,0,0,20,5e-07,5
2024-02-16 14:01:14,1336.79217,360.174,1073.69683,291.478,360.000,0,0,20,5e-07,5
2024-02-16 14:01:18,1336.65894,360.139,1073.69802,291.478,360.000,0,0,20,5e-07,5
2024-02-16 14:01:22,1336.59069,360.121,1073.69951,291.478,360.000,0,0,20,5e-07,5
2024-02-16 14:01:26,1336.52392,360.104,1073.70249,291.479,360.000,0,0,20,5e-07,5
2024-02-16 14:01:31,1336.45805,360.087,1073.70458,291.480,360.000,0,0,20,5e-07,5
2024-02-16 14:01:35,1336.39606,360.070,1073.70667,291.480,360.000,0,0,20,5e-07,5
2024-02-16 14:01:39,1336.33674,360.055,1073.70875,291.481,360.000,0,0,20,5e-07,5
2024-02-16 14:01:43,1336.22587,360.026,1073.71054,291.481,360.000,0,0,20,5e-07,5
2024-02-16 14:01:47,1336.1743,360.012,1073.71233,291.482,360.000,0,0,20,5e-07,5
2024-02-16 14:01:51,1336.12631,360.000,1073.71412,291.482,360.000,0,0,20,5e-07,5
2024-02-16 14:01:56,1336.07892,359.987,1073.71531,291.482,360.000,0,0,20,5e-07,5
2024-02-16 14:02:00,1336.03451,359.976,1073.7162,291.483,360.000,0,0,20,5e-07,5
2024-02-16 14:02:04,1335.98981,359.964,1073.72097,291.484,360.000,0,0,20,5e-07,5
2024-02-16 14:02:08,1335.90873,359.943,1073.72127,291.484,360.000,0,0,20,5e-07,5
2024-02-16 14:02:12,1335.86939,359.932,1073.72455,291.485,360.000,0,0,20,5e-07,5
2024-02-16 14:02:16,1335.83094,359.922,1073.72514,291.485,360.000,0,0,20,5e-07,5
2024-02-16 14:02:21,1335.79458,359.913,1073.72813,291.486,360.000,0,0,20,5e-07,5
2024-02-16 14:02:25,1335.75822,359.903,1073.72932,291.486,360.000,0,0,20,5e-07,5
2024-02-16 14:02:29,1335.72215,359.894,1073.73319,291.487,360.000,0,0,20,5e-07,5
2024-02-16 14:02:33,1335.653,359.875,1073.73438,291.487,360.000,0,0,20,5e-07,5
2024-02-16 14:02:37,1335.61992,359.867,1073.73587,291.488,360.000,0,0,20,5e-07,5
2024-02-16 14:02:42,1335.58743,359.858,1073.73796,291.488,360.000,0,0,20,5e-07,5
2024-02-16 14:02:46,1335.55524,359.850,1073.73915,291.489,360.000,0,0,20,5e-07,5
2024-02-16 14:02:50,1335.52216,359.841,1073.74064,291.489,360.000,0,0,20,5e-07,5
2024-02-16 14:02:54,1335.48848,359.832,1073.74273,291.489,360.000,0,0,20,5e-07,5
2024-02-16 14:02:58,1335.42499,359.816,1073.74511,291.490,360.000,0,0,20,5e-07,5
2024-02-16 14:03:03,1335.3931,359.807,1073.74809,291.491,360.000,0,0,20,5e-07,5
2024-02-16 14:03:07,1335.3618,359.799,1073.74959,291.491,360.000,0,0,20,5e-07,5
2024-02-16 14:03:11,1335.32991,359.791,1073.75137,291.492,360.000,0,0,20,5e-07,5
2024-02-16 14:03:15,1335.29951,359.783,1073.75286,291.492,360.000,0,0,20,5e-07,5
2024-02-16 14:03:19,1335.26821,359.774,1073.75555,291.493,360.000,0,0,20,5e-07,5
2024-02-16 14:03:24,1335.20771,359.759,1073.75704,291.493,360.000,0,0,20,5e-07,5
2024-02-16 14:03:28,1335.1782,359.751,1073.76061,291.494,360.000,0,0,20,5e-07,5
2024-02-16 14:03:32,1335.14631,359.742,1073.76151,291.494,360.000,0,0,20,5e-07,5
2024-02-16 14:03:36,1335.11531,359.734,1073.763,291.495,360.000,0,0,20,5e-07,5
2024-02-16 14:03:40,1335.0858,359.727,1073.76508,291.495,360.000,0,0,20,5e-07,5
2024-02-16 14:03:44,1335.05659,359.719,1073.76985,291.496,360.000,0,0,20,5e-07,5
2024-02-16 14:03:49,1334.99609,359.703,1073.77373,291.497,360.000,0,0,20,5e-07,5
2024-02-16 14:03:53,1334.96598,359.695,1073.77552,291.498,360.000,0,0,20,5e-07,5
2024-02-16 14:03:57,1334.93648,359.687,1073.7776,291.498,360.000,0,0,20,5e-07,5
2024-02-16 14:04:01,1334.90578,359.679,1073.78207,291.500,360.000,0,0,20,5e-07,5
2024-02-16 14:04:05,1334.87657,359.672,1073.78118,291.499,360.000,0,0,20,5e-07,5
2024-02-16 14:04:09,1334.84706,359.664,1073.78654,291.501,360.000,0,0,20,5e-07,5
2024-02-16 14:04:14,1334.78745,359.648,1073.78654,291.501,360.000,0,0,20,5e-07,5
2024-02-16 14:04:18,1334.75734,359.640,1073.78893,291.501,360.000,0,0,20,5e-07,5
2024-02-16 14:04:22,1334.72873,359.633,1073.79131,291.502,360.000,0,0,20,5e-07,5
2024-02-16 14:04:26,1334.69922,359.625,1073.794,291.503,360.000,0,0,20,5e-07,5
2024-02-16 14:04:30,1334.67001,359.617,1073.79489,291.503,360.000,0,0,20,5e-07,5
2024-02-16 14:04:34,1334.64051,359.610,1073.79966,291.504,360.000,0,0,20,5e-07,5
2024-02-16 14:04:39,1334.58298,359.595,1073.80204,291.505,360.000,0,0,20,5e-07,5
2024-02-16 14:04:43,1334.55347,359.587,1073.80502,291.505,360.000,0,0,20,5e-07,5
2024-02-16 14:04:47,1334.52367,359.579,1073.80681,291.506,360.000,0,0,20,5e-07,5
2024-02-16 14:04:51,1334.49386,359.571,1073.8089,291.506,360.000,0,0,20,5e-07,5
2024-02-16 14:04:55,1334.46495,359.564,1073.81098,291.507,360.000,0,0,20,5e-07,5
2024-02-16 14:05:00,1334.43574,359.556,1073.81635,291.508,360.000,0,0,20,5e-07,5
2024-02-16 14:05:04,1334.37822,359.541,1073.81784,291.509,360.000,0,0,20,5e-07,5
2024-02-16 14:05:08,1334.34931,359.533,1073.81993,291.509,360.000,0,0,20,5e-07,5
2024-02-16 14:05:12,1334.32039,359.526,1073.8235,291.510,360.000,0,0,20,5e-07,5
2024-02-16 14:05:16,1334.29119,359.518,1073.82619,291.511,360.000,0,0,20,5e-07,5
2024-02-16 14:05:20,1334.26198,359.510,1073.82917,291.512,360.000,0,1,20,5e-07,5
2024-02-16 14:05:25,1334.24201,359.505,1073.83274,291.513,360.000,0,1,20,5e-07,5
2024-02-16 14:05:29,1334.59699,359.598,1073.83513,291.513,360.000,0,1,20,5e-07,5
2024-02-16 14:05:33,1334.89594,359.677,1073.83751,291.514,360.000,0,1,20,5e-07,5
2024-02-16 14:05:37,1335.22261,359.762,1073.8396,291.514,360.000,0,1,20,5e-07,5
2024-02-16 14:05:41,1335.56388,359.852,1073.84228,291.515,360.000,0,1,20,5e-07,5
2024-02-16 14:05:46,1335.91022,359.943,1073.84526,291.516,360.000,0,1,20,5e-07,5
2024-02-16 14:05:50,1336.25895,360.034,1073.85063,291.517,360.000,0,0,20,5e-07,5
2024-02-16 14:05:54,1336.8333,360.185,1073.8539,291.518,360.000,0,0,20,5e-07,5
2024-02-16 14:05:58,1336.91825,360.207,1073.8551,291.518,360.000,0,0,20,5e-07,5
2024-02-16 14:06:02,1336.93226,360.211,1073.85927,291.519,360.000,0,0,20,5e-07,5
2024-02-16 14:06:07,1336.90722,360.205,1073.86046,291.520,360.000,0,0,20,5e-07,5
2024-02-16 14:06:11,1336.86192,360.193,1073.86225,291.520,360.000,0,0,20,5e-07,5
2024-02-16 14:06:15,1336.80409,360.177,1073.86702,291.521,360.000,0,0,20,5e-07,5
2024-02-16 14:06:19,1336.67235,360.143,1073.8697,291.522,360.000,0,0,20,5e-07,5
2024-02-16 14:06:23,1336.60529,360.125,1073.87328,291.523,360.000,0,0,20,5e-07,5
2024-02-16 14:06:27,1336.53912,360.108,1073.87686,291.524,360.000,0,0,20,5e-07,5
2024-02-16 14:06:32,1336.47444,360.091,1073.87894,291.524,360.000,0,0,20,5e-07,5
2024-02-16 14:06:36,1336.41215,360.075,1073.88252,291.525,360.000,0,0,20,5e-07,5
2024-02-16 14:06:40,1336.35254,360.059,1073.88788,291.527,360.000,0,0,20,5e-07,5
2024-02-16 14:06:44,1336.24136,360.030,1073.88997,291.527,360.000,0,0,20,5e-07,5
2024-02-16 14:06:48,1336.19099,360.017,1073.89265,291.528,360.000,0,0,20,5e-07,5
2024-02-16 14:06:52,1336.14122,360.004,1073.89623,291.529,360.000,0,0,20,5e-07,5
2024-02-16 14:06:57,1336.09502,359.991,1073.89951,291.530,360.000,0,0,20,5e-07,5
2024-02-16 14:07:01,1336.05031,359.980,1073.90249,291.530,360.000,0,0,20,5e-07,5
2024-02-16 14:07:05,1336.00709,359.968,1073.90934,291.532,360.000,0,0,20,5e-07,5
2024-02-16 14:07:09,1335.92632,359.947,1073.91232,291.533,360.000,0,0,20,5e-07,5
2024-02-16 14:07:13,1335.88847,359.937,1073.91471,291.534,360.000,0,0,20,5e-07,5
2024-02-16 14:07:17,1335.85002,359.927,1073.91799,291.534,360.000,0,0,20,5e-07,5
2024-02-16 14:07:22,1335.81395,359.918,1073.92067,291.535,360.000,0,0,20,5e-07,5
2024-02-16 14:07:26,1335.77699,359.908,1073.92335,291.536,360.000,0,0,20,5e-07,5
2024-02-16 14:07:30,1335.74152,359.899,1073.92961,291.537,360.000,0,0,20,5e-07,5
2024-02-16 14:07:34,1335.67267,359.881,1073.93349,291.538,360.000,0,0,20,5e-07,5
2024-02-16 14:07:38,1335.6384,359.872,1073.93676,291.539,360.000,0,0,20,5e-07,5
2024-02-16 14:07:43,1335.60502,359.863,1073.93945,291.540,360.000,0,0,20,5e-07,5
2024-02-16 14:07:47,1335.57193,359.854,1073.94213,291.541,360.000,0,0,20,5e-07,5
2024-02-16 14:07:51,1335.54093,359.846,1073.9466,291.542,360.000,0,0,20,5e-07,5
2024-02-16 14:07:55,1335.50755,359.837,1073.95256,291.543,360.000,0,0,20,5e-07,5
2024-02-16 14:07:59,1335.44466,359.821,1073.95554,291.544,360.000,0,0,20,5e-07,5
2024-02-16 14:08:03,1335.41337,359.813,1073.95822,291.545,360.000,0,0,20,5e-07,5
2024-02-16 14:08:08,1335.38147,359.804,1073.96031,291.545,360.000,0,0,20,5e-07,5
2024-02-16 14:08:12,1335.35167,359.796,1073.96419,291.546,360.000,0,0,20,5e-07,5
2024-02-16 14:08:16,1335.32007,359.788,1073.96687,291.547,360.000,0,0,20,5e-07,5
2024-02-16 14:08:20,1335.29057,359.780,1073.97253,291.548,360.000,0,0,20,5e-07,5
2024-02-16 14:08:24,1335.23006,359.764,1073.97551,291.549,360.000,0,0,20,5e-07,5
2024-02-16 14:08:29,1335.19966,359.756,1073.97968,291.550,360.000,0,0,20,5e-07,5
2024-02-16 14:08:33,1335.16836,359.748,1073.98147,291.551,360.000,0,0,20,5e-07,5
2024-02-16 14:08:37,1335.13915,359.741,1073.98505,291.552,360.000,0,0,20,5e-07,5
2024-02-16 14:08:41,1335.10935,359.733,1073.98624,291.552,360.000,0,0,20,5e-07,5
2024-02-16 14:08:45,1335.07865,359.725,1073.9922,291.554,360.000,0,0,20,5e-07,5
2024-02-16 14:08:50,1335.02083,359.710,1073.99608,291.555,360.000,0,0,20,5e-07,5
2024-02-16 14:08:54,1334.99042,359.702,1074.00085,291.556,360.000,0,0,20,5e-07,5
2024-02-16 14:08:58,1334.96121,359.694,1074.00293,291.556,360.000,0,0,20,5e-07,5
2024-02-16 14:09:02,1334.93141,359.686,1074.00681,291.557,360.000,0,0,20,5e-07,5
2024-02-16 14:09:06,1334.90101,359.678,1074.00949,291.558,360.000,0,0,20,5e-07,5
2024-02-16 14:09:10,1334.8718,359.670,1074.01784,291.560,360.000,0,0,20,5e-07,5
2024-02-16 14:09:15,1334.81368,359.655,1074.02082,291.561,360.000,0,0,20,5e-07,5
2024-02-16 14:09:19,1334.78417,359.647,1074.0238,291.562,360.000,0,0,20,5e-07,5
2024-02-16 14:09:23,1334.75496,359.640,1074.02618,291.562,360.000,0,0,20,5e-07,5
2024-02-16 14:09:27,1334.72545,359.632,1074.03065,291.563,360.000,0,0,20,5e-07,5
2024-02-16 14:09:31,1334.69595,359.624,1074.03333,291.564,360.000,0,0,20,5e-07,5
2024-02-16 14:09:35,1334.66674,359.617,1074.04079,291.566,360.000,0,0,20,5e-07,5
2024-02-16 14:09:40,1334.60832,359.601,1074.04317,291.567,360.000,0,0,20,5e-07,5
2024-02-16 14:09:44,1334.57941,359.594,1074.04555,291.567,360.000,0,0,20,5e-07,5
2024-02-16 14:09:48,1334.55318,359.587,1074.04973,291.568,360.000,0,0,20,5e-07,5
2024-02-16 14:09:52,1334.52277,359.579,1074.0533,291.569,360.000,0,0,20,5e-07,5
2024-02-16 14:09:56,1334.49327,359.571,1074.05569,291.570,360.000,0,0,20,5e-07,5
2024-02-16 14:10:00,1334.46436,359.564,1074.06374,291.572,360.000,0,0,20,5e-07,5
2024-02-16 14:10:05,1334.40743,359.549,1074.06731,291.573,360.000,0,0,20,5e-07,5
2024-02-16 14:10:09,1334.37703,359.541,1074.07119,291.574,360.000,0,0,20,5e-07,5
2024-02-16 14:10:13,1334.34871,359.533,1074.07387,291.574,360.000,0,0,20,5e-07,5
2024-02-16 14:10:17,1334.3201,359.526,1074.07834,291.576,360.000,0,0,20,5e-07,5
2024-02-16 14:10:21,1334.29089,359.518,1074.08073,291.576,360.000,0,1,20,5e-07,5
2024-02-16 14:10:26,1334.26496,359.511,1074.08788,291.578,360.000,0,1,20,5e-07,5
2024-02-16 14:10:30,1334.57911,359.594,1074.09026,291.579,360.000,0,1,20,5e-07,5
2024-02-16 14:10:34,1334.86941,359.670,1074.09354,291.580,360.000,0,1,20,5e-07,5
2024-02-16 14:10:38,1335.1928,359.755,1074.09622,291.580,360.000,0,1,20,5e-07,5
2024-02-16 14:10:42,1335.53438,359.844,1074.09771,291.581,360.000,0,1,20,5e-07,5
2024-02-16 14:10:47,1335.8828,359.936,1074.10189,291.582,360.000,0,1,20,5e-07,5
2024-02-16 14:10:51,1336.23272,360.028,1074.10666,291.583,360.000,0,0,20,5e-07,5
2024-02-16 14:10:55,1336.80618,360.178,1074.10964,291.584,360.000,0,0,20,5e-07,5
2024-02-16 14:10:59,1336.89083,360.200,1074.11172,291.584,360.000,0,0,20,5e-07,5
2024-02-16 14:11:03,1336.90335,360.203,1074.11441,291.585,360.000,0,0,20,5e-07,5
2024-02-16 14:11:08,1336.8795,360.197,1074.11828,291.586,360.000,0,0,20,5e-07,5
2024-02-16 14:11:12,1336.83509,360.186,1074.12215,291.587,360.000,0,0,20,5e-07,5
2024-02-16 14:11:16,1336.77846,360.171,1074.12692,291.588,360.000,0,0,20,5e-07,5
2024-02-16 14:11:20,1336.6497,360.137,1074.1299,291.589,360.000,0,0,20,5e-07,5
2024-02-16 14:11:24,1336.58264,360.119,1074.13408,291.590,360.000,0,0,20,5e-07,5
2024-02-16 14:11:28,1336.51677,360.102,1074.13587,291.590,360.000,0,0,20,5e-07,5
2024-02-16 14:11:33,1336.45179,360.085,1074.13825,291.591,360.000,0,0,20,5e-07,5
2024-02-16 14:11:37,1336.39039,360.069,1074.14302,291.592,360.000,0,0,20,5e-07,5
2024-02-16 14:11:41,1336.33168,360.053,1074.14689,291.593,360.000,0,0,20,5e-07,5
2024-02-16 14:11:45,1336.22229,360.025,1074.14987,291.594,360.000,0,0,20,5e-07,5
2024-02-16 14:11:49,1336.17102,360.011,1074.15136,291.594,360.000,0,0,20,5e-07,5
2024-02-16 14:11:53,1336.12363,359.999,1074.15434,291.595,360.000,0,0,20,5e-07,5
2024-02-16 14:11:58,1336.07654,359.987,1074.15822,291.596,360.000,0,0,20,5e-07,5
2024-02-16 14:12:02,1336.03302,359.975,1074.1609,291.597,360.000,0,0,20,5e-07,5
2024-02-16 14:12:06,1335.98951,359.964,1074.16657,291.598,360.000,0,0,20,5e-07,5
2024-02-16 14:12:10,1335.90873,359.943,1074.17074,291.599,360.000,0,0,20,5e-07,5
2024-02-16 14:12:14,1335.87088,359.933,1074.17372,291.600,360.000,0,0,20,5e-07,5
2024-02-16 14:12:18,1335.83392,359.923,1074.17759,291.601,360.000,0,0,20,5e-07,5
2024-02-16 14:12:23,1335.79726,359.913,1074.18057,291.602,360.000,0,0,20,5e-07,5
2024-02-16 14:12:27,1335.76239,359.904,1074.18296,291.602,360.000,0,0,20,5e-07,5
2024-02-16 14:12:31,1335.72573,359.894,1074.19041,291.604,360.000,0,0,20,5e-07,5
2024-02-16 14:12:35,1335.65926,359.877,1074.19399,291.605,360.000,0,0,20,5e-07,5
2024-02-16 14:12:39,1335.62588,359.868,1074.19667,291.606,360.000,0,0,20,5e-07,5
2024-02-16 14:12:43,1335.59309,359.860,1074.20054,291.607,360.000,0,0,20,5e-07,5
2024-02-16 14:12:48,1335.55941,359.851,1074.20263,291.608,360.000,0,0,20,5e-07,5
2024-02-16 14:12:52,1335.52752,359.842,1074.20591,291.608,360.000,0,0,20,5e-07,5
2024-02-16 14:12:56,1335.49533,359.834,1074.21187,291.610,360.000,0,0,20,5e-07,5
2024-02-16 14:13:00,1335.43304,359.818,1074.21425,291.611,360.000,0,0,20,5e-07,5
2024-02-16 14:13:04,1335.40174,359.809,1074.21664,291.611,360.000,0,0,20,5e-07,5
2024-02-16 14:13:09,1335.37104,359.801,1074.22051,291.612,360.000,0,0,20,5e-07,5
2024-02-16 14:13:13,1335.34213,359.794,1074.2229,291.613,360.000,0,0,20,5e-07,5
2024-02-16 14:13:17,1335.31024,359.785,1074.22677,291.614,360.000,0,0,20,5e-07,5
2024-02-16 14:13:21,1335.27984,359.777,1074.23124,291.615,360.000,0,0,20,5e-07,5
2024-02-16 14:13:25,1335.21874,359.761,1074.23363,291.615,360.000,0,0,20,5e-07,5
2024-02-16 14:13:30,1335.18863,359.754,1074.2375,291.616,360.000,0,0,20,5e-07,5
2024-02-16 14:13:34,1335.15823,359.746,1074.24048,291.617,360.000,0,0,20,5e-07,5
2024-02-16 14:13:38,1335.12872,359.738,1074.24197,291.618,360.000,0,0,20,5e-07,5
2024-02-16 14:13:42,1335.10011,359.730,1074.24525,291.618,360.000,0,0,20,5e-07,5
2024-02-16 14:13:46,1335.0703,359.723,1074.25032,291.620,360.000,0,0,20,5e-07,5
2024-02-16 14:13:51,1335.01039,359.707,1074.2536,291.621,360.000,0,0,20,5e-07,5
2024-02-16 14:13:55,1334.98029,359.699,1074.25658,291.621,360.000,0,0,20,5e-07,5
2024-02-16 14:13:59,1334.95078,359.691,1074.25896,291.622,360.000,0,0,20,5e-07,5
2024-02-16 14:14:03,1334.92187,359.684,1074.26194,291.623,360.000,0,0,20,5e-07,5
2024-02-16 14:14:07,1334.89236,359.676,1074.26463,291.623,360.000,0,0,20,5e-07,5
2024-02-16 14:14:11,1334.86375,359.668,1074.31291,291.636,360.000,0,0,20,5e-07,5
2024-02-16 14:14:16,1334.80146,359.652,1074.27893,291.627,360.000,0,0,20,5e-07,5
2024-02-16 14:14:20,1334.77374,359.645,1074.27893,291.627,360.000,0,0,20,5e-07,5
2024-02-16 14:14:24,1334.74453,359.637,1074.28251,291.628,360.000,0,0,20,5e-07,5
2024-02-16 14:14:28,1334.7177,359.630,1074.28519,291.629,360.000,0,0,20,5e-07,5
2024-02-16 14:14:32,1334.6879,359.622,1074.28907,291.630,360.000,0,0,20,5e-07,5
2024-02-16 14:14:37,1334.65839,359.614,1074.29533,291.631,360.000,0,0,20,5e-07,5
2024-02-16 14:14:41,1334.59967,359.599,1074.2989,291.632,360.000,0,0,20,5e-07,5
2024-02-16 14:14:45,1334.57225,359.592,1074.30248,291.633,360.000,0,0,20,5e-07,5
2024-02-16 14:14:49,1334.54304,359.584,1074.30486,291.634,360.000,0,0,20,5e-07,5
2024-02-16 14:14:53,1334.51443,359.577,1074.30725,291.634,360.000,0,0,20,5e-07,5
2024-02-16 14:14:58,1334.48522,359.569,1074.31023,291.635,360.000,0,0,20,5e-07,5
2024-02-16 14:15:02,1334.45661,359.561,1074.31351,291.636,360.000,0,0,20,5e-07,5
2024-02-16 14:15:06,1334.39968,359.547,1074.315,291.636,360.000,0,0,20,5e-07,5
2024-02-16 14:15:10,1334.37166,359.539,1074.31589,291.637,360.000,0,0,20,5e-07,5
2024-02-16 14:15:14,1334.34275,359.532,1074.31917,291.637,360.000,0,0,20,5e-07,5
2024-02-16 14:15:19,1334.31473,359.524,1074.32096,291.638,360.000,0,0,20,5e-07,5
2024-02-16 14:15:23,1334.28552,359.517,1074.32275,291.638,360.000,0,1,20,5e-07,5
2024-02-16 14:15:27,1334.25572,359.509,1074.32573,291.639,360.000,0,1,20,5e-07,5
2024-02-16 14:15:31,1334.51771,359.578,1074.32632,291.639,360.000,0,1,20,5e-07,5
2024-02-16 14:15:35,1334.80086,359.652,1074.32781,291.640,360.000,0,1,20,5e-07,5
2024-02-16 14:15:39,1335.11859,359.735,1074.3293,291.640,360.000,0,1,20,5e-07,5
2024-02-16 14:15:44,1335.45688,359.824,1074.33079,291.640,360.000,0,1,20,5e-07,5
2024-02-16 14:15:48,1335.80173,359.914,1074.33288,291.641,360.000,0,1,20,5e-07,5
2024-02-16 14:15:52,1336.15076,360.006,1074.33467,291.641,360.000,0,0,20,5e-07,5
2024-02-16 14:15:56,1336.77459,360.170,1074.33526,291.642,360.000,0,0,20,5e-07,5
2024-02-16 14:16:00,1336.88844,360.200,1074.33914,291.643,360.000,0,0,20,5e-07,5
2024-02-16 14:16:04,1336.91706,360.207,1074.33646,291.642,360.000,0,0,20,5e-07,5
2024-02-16 14:16:09,1336.90096,360.203,1074.33914,291.643,360.000,0,0,20,5e-07,5
2024-02-16 14:16:13,1336.86102,360.192,1074.34033,291.643,360.000,0,0,20,5e-07,5
2024-02-16 14:16:17,1336.80678,360.178,1074.34212,291.643,360.000,0,0,20,5e-07,5
2024-02-16 14:16:21,1336.67891,360.145,1074.34301,291.644,360.000,0,0,20,5e-07,5
2024-02-16 14:16:25,1336.61155,360.127,1074.34391,291.644,360.000,0,0,20,5e-07,5
2024-02-16 14:16:29,1336.54508,360.109,1074.34659,291.644,360.000,0,0,20,5e-07,5
2024-02-16 14:16:34,1336.4807,360.093,1074.34868,291.645,360.000,0,0,20,5e-07,5
2024-02-16 14:16:38,1336.41871,360.076,1074.35136,291.646,360.000,0,0,20,5e-07,5
2024-02-16 14:16:42,1336.3588,360.061,1074.35076,291.646,360.000,0,0,20,5e-07,5
2024-02-16 14:16:46,1336.24792,360.032,1074.35225,291.646,360.000,0,0,20,5e-07,5
2024-02-16 14:16:50,1336.19695,360.018,1074.35434,291.646,360.000,0,0,20,5e-07,5
2024-02-16 14:16:54,1336.14777,360.005,1074.35494,291.647,360.000,0,0,20,5e-07,5
2024-02-16 14:16:59,1336.10068,359.993,1074.35613,291.647,360.000,0,0,20,5e-07,5
2024-02-16 14:17:03,1336.05568,359.981,1074.35702,291.647,360.000,0,0,20,5e-07,5
2024-02-16 14:17:07,1336.01305,359.970,1074.3612,291.648,360.000,0,0,20,5e-07,5
2024-02-16 14:17:11,1335.93168,359.949,1074.36269,291.649,360.000,0,0,20,5e-07,5
2024-02-16 14:17:15,1335.89413,359.939,1074.36537,291.649,360.000,0,0,20,5e-07,5
2024-02-16 14:17:20,1335.85687,359.929,1074.36745,291.650,360.000,0,0,20,5e-07,5
2024-02-16 14:17:24,1335.81991,359.919,1074.37073,291.651,360.000,0,0,20,5e-07,5
2024-02-16 14:17:28,1335.78444,359.910,1074.37193,291.651,360.000,0,0,20,5e-07,5
2024-02-16 14:17:32,1335.74808,359.900,1074.3758,291.652,360.000,0,0,20,5e-07,5
2024-02-16 14:17:36,1335.68072,359.883,1074.3764,291.652,360.000,0,0,20,5e-07,5
2024-02-16 14:17:41,1335.64823,359.874,1074.37848,291.653,360.000,0,0,20,5e-07,5
2024-02-16 14:17:45,1335.61515,359.865,1074.38087,291.653,360.000,0,0,20,5e-07,5
2024-02-16 14:17:49,1335.58385,359.857,1074.38266,291.654,360.000,0,0,20,5e-07,5
2024-02-16 14:17:53,1335.55107,359.849,1074.38325,291.654,360.000,0,0,20,5e-07,5
2024-02-16 14:17:57,1335.51888,359.840,1074.38742,291.655,360.000,0,0,20,5e-07,5
2024-02-16 14:18:02,1335.45629,359.824,1074.38862,291.655,360.000,0,0,20,5e-07,5
2024-02-16 14:18:06,1335.42469,359.815,1074.38981,291.656,360.000,0,0,20,5e-07,5
2024-02-16 14:18:10,1335.39429,359.808,1074.3907,291.656,360.000,0,0,20,5e-07,5
2024-02-16 14:18:14,1335.36359,359.799,1074.39249,291.656,360.000,0,0,20,5e-07,5
2024-02-16 14:18:18,1335.33259,359.791,1074.39398,291.657,360.000,0,0,20,5e-07,5
2024-02-16 14:18:22,1335.30398,359.784,1074.39666,291.657,360.000,0,0,20,5e-07,5
2024-02-16 14:18:27,1335.24318,359.768,1074.39875,291.658,360.000,0,0,20,5e-07,5
2024-02-16 14:18:31,1335.21277,359.760,1074.39935,291.658,360.000,0,0,20,5e-07,5
2024-02-16 14:18:35,1335.18327,359.752,1074.40054,291.658,360.000,0,0,20,5e-07,5
2024-02-16 14:18:39,1335.15316,359.744,1074.40084,291.658,360.000,0,0,20,5e-07,5
2024-02-16 14:18:43,1335.12366,359.737,1074.40143,291.659,360.000,0,0,20,5e-07,5
2024-02-16 14:18:47,1335.09445,359.729,1074.40352,291.659,360.000,0,0,20,5e-07,5
2024-02-16 14:18:52,1335.03603,359.714,1074.40352,291.659,360.000,0,0,20,5e-07,5
2024-02-16 14:18:56,1335.00712,359.706,1074.40441,291.659,360.000,0,0,20,5e-07,5
2024-02-16 14:19:00,1334.97612,359.698,1074.40382,291.659,360.000,0,0,20,5e-07,5
2024-02-16 14:19:04,1334.9481,359.690,1074.40501,291.659,360.000,0,0,20,5e-07,5
2024-02-16 14:19:08,1334.9174,359.682,1074.40412,291.659,360.000,0,0,20,5e-07,5
2024-02-16 14:19:12,1334.88849,359.675,1074.40322,291.659,360.000,0,0,20,5e-07,5
2024-02-16 14:19:17,1334.83067,359.660,1074.40501,291.659,360.000,0,0,20,5e-07,5
2024-02-16 14:19:21,1334.80235,359.652,1074.40114,291.658,360.000,0,0,20,5e-07,5
2024-02-16 14:19:25,1334.77255,359.644,1074.40114,291.658,360.000,0,0,20,5e-07,5
2024-02-16 14:19:29,1334.74363,359.637,1074.40024,291.658,360.000,0,0,20,5e-07,5
2024-02-16 14:19:33,1334.71532,359.629,1074.39994,291.658,360.000,0,0,20,5e-07,5
2024-02-16 14:19:37,1334.6873,359.622,1074.39845,291.658,360.000,0,0,20,5e-07,5
2024-02-16 14:19:42,1334.62918,359.607,1074.39756,291.658,360.000,0,0,20,5e-07,5
2024-02-16 14:19:46,1334.60027,359.599,1074.39786,291.658,360.000,0,0,20,5e-07,5
2024-02-16 14:19:50,1334.57106,359.592,1074.39726,291.658,360.000,0,0,20,5e-07,5
2024-02-16 14:19:54,1334.54155,359.584,1074.39547,291.657,360.000,0,0,20,5e-07,5
2024-02-16 14:19:58,1334.51324,359.576,1074.39517,291.657,360.000,0,0,20,5e-07,5
2024-02-16 14:20:02,1334.48552,359.569,1074.39517,291.657,360.000,0,0,20,5e-07,5
2024-02-16 14:20:07,1334.42829,359.554,1074.39458,291.657,360.000,0,0,20,5e-07,5
2024-02-16 14:20:11,1334.39968,359.547,1074.39428,291.657,360.000,0,0,20,5e-07,5
2024-02-16 14:20:15,1334.37196,359.539,1074.39428,291.657,360.000,0,0,20,5e-07,5
2024-02-16 14:20:19,1334.34245,359.532,1074.39398,291.657,360.000,0,0,20,5e-07,5
2024-02-16 14:20:23,1334.31533,359.524,1074.39368,291.657,360.000,0,1,20,5e-07,5
2024-02-16 14:20:28,1334.28493,359.516,1074.39458,291.657,360.000,0,1,20,5e-07,5
2024-02-16 14:20:32,1334.51264,359.576,1074.39488,291.657,360.000,0,1,20,5e-07,5
2024-02-16 14:20:36,1334.78924,359.649,1074.39547,291.657,360.000,0,1,20,5e-07,5
2024-02-16 14:20:40,1335.10398,359.731,1074.39547,291.657,360.000,0,1,20,5e-07,5
2024-02-16 14:20:44,1335.44049,359.820,1074.39428,291.657,360.000,0,1,20,5e-07,5
2024-02-16 14:20:49,1335.78683,359.911,1074.39517,291.657,360.000,0,1,20,5e-07,5
2024-02-16 14:20:53,1336.13436,360.002,1074.39398,291.657,360.000,0,0,20,5e-07,5
2024-02-16 14:20:57,1336.77548,360.170,1074.39428,291.657,360.000,0,0,20,5e-07,5
2024-02-16 14:21:01,1336.90454,360.204,1074.39517,291.657,360.000,0,0,20,5e-07,5
2024-02-16 14:21:05,1336.93882,360.213,1074.39428,291.657,360.000,0,0,20,5e-07,5
2024-02-16 14:21:10,1336.92659,360.210,1074.39607,291.657,360.000,0,0,20,5e-07,5
2024-02-16 14:21:14,1336.88844,360.200,1074.39607,291.657,360.000,0,0,20,5e-07,5
2024-02-16 14:21:18,1336.8345,360.185,1074.39577,291.657,360.000,0,0,20,5e-07,5
2024-02-16 14:21:22,1336.70872,360.152,1074.39637,291.657,360.000,0,0,20,5e-07,5
2024-02-16 14:21:26,1336.64106,360.135,1074.39666,291.657,360.000,0,0,20,5e-07,5
2024-02-16 14:21:30,1336.57429,360.117,1074.39547,291.657,360.000,0,0,20,5e-07,5
2024-02-16 14:21:35,1336.50991,360.100,1074.39547,291.657,360.000,0,0,20,5e-07,5
2024-02-16 14:21:39,1336.44851,360.084,1074.39547,291.657,360.000,0,0,20,5e-07,5
2024-02-16 14:21:43,1336.3889,360.068,1074.39547,291.657,360.000,0,0,20,5e-07,5
2024-02-16 14:21:47,1336.27773,360.039,1074.39637,291.657,360.000,0,0,20,5e-07,5
2024-02-16 14:21:51,1336.22557,360.026,1074.39726,291.658,360.000,0,0,20,5e-07,5
2024-02-16 14:21:55,1336.17609,360.013,1074.39815,291.658,360.000,0,0,20,5e-07,5
2024-02-16 14:22:00,1336.129,360.000,1074.39666,291.657,360.000,0,0,20,5e-07,5
2024-02-16 14:22:04,1336.08548,359.989,1074.39696,291.657,360.000,0,0,20,5e-07,5
2024-02-16 14:22:08,1336.04226,359.978,1074.39666,291.657,360.000,0,0,20,5e-07,5
2024-02-16 14:22:12,1335.96149,359.956,1074.39666,291.657,360.000,0,0,20,5e-07,5
2024-02-16 14:22:16,1335.92394,359.946,1074.39696,291.657,360.000,0,0,20,5e-07,5
2024-02-16 14:22:20,1335.88459,359.936,1074.39726,291.658,360.000,0,0,20,5e-07,5
2024-02-16 14:22:25,1335.84823,359.927,1074.39756,291.658,360.000,0,0,20,5e-07,5
2024-02-16 14:22:29,1335.81276,359.917,1074.39875,291.658,360.000,0,0,20,5e-07,5
2024-02-16 14:22:33,1335.77729,359.908,1074.39964,291.658,360.000,0,0,20,5e-07,5
2024-02-16 14:22:37,1335.70933,359.890,1074.40084,291.658,360.000,0,0,20,5e-07,5
2024-02-16 14:22:41,1335.67655,359.882,1074.39994,291.658,360.000,0,0,20,5e-07,5
2024-02-16 14:22:45,1335.64346,359.873,1074.40054,291.658,360.000,0,0,20,5e-07,5
2024-02-16 14:22:50,1335.61276,359.865,1074.40054,291.658,360.000,0,0,20,5e-07,5
2024-02-16 14:22:54,1335.58028,359.856,1074.40054,291.658,360.000,0,0,20,5e-07,5
2024-02-16 14:22:58,1335.54809,359.848,1074.40203,291.659,360.000,0,0,20,5e-07,5
2024-02-16 14:23:02,1335.48549,359.831,1074.40263,291.659,360.000,0,0,20,5e-07,5
2024-02-16 14:23:06,1335.45509,359.823,1074.40292,291.659,360.000,0,0,20,5e-07,5
2024-02-16 14:23:11,1335.42469,359.815,1074.40412,291.659,360.000,0,0,20,5e-07,5
2024-02-16 14:23:15,1335.39369,359.807,1074.4059,291.660,360.000,0,0,20,5e-07,5
2024-02-16 14:23:19,1335.36359,359.799,1074.40382,291.659,360.000,0,0,20,5e-07,5
2024-02-16 14:23:23,1335.332,359.791,1074.40322,291.659,360.000,0,0,20,5e-07,5
2024-02-16 14:23:27,1335.27268,359.776,1074.40292,291.659,360.000,0,0,20,5e-07,5
2024-02-16 14:23:32,1335.24288,359.768,1074.40412,291.659,360.000,0,0,20,5e-07,5
2024-02-16 14:23:36,1335.21307,359.760,1074.40322,291.659,360.000,0,0,20,5e-07,5
2024-02-16 14:23:40,1335.18446,359.752,1074.40292,291.659,360.000,0,0,20,5e-07,5
2024-02-16 14:23:44,1335.15435,359.745,1074.40292,291.659,360.000,0,0,20,5e-07,5
2024-02-16 14:23:48,1335.12515,359.737,1074.40352,291.659,360.000,0,0,20,5e-07,5
2024-02-16 14:23:53,1335.06732,359.722,1074.40561,291.660,360.000,0,0,20,5e-07,5
2024-02-16 14:23:57,1335.03782,359.714,1074.40352,291.659,360.000,0,0,20,5e-07,5
2024-02-16 14:24:01,1335.00801,359.706,1074.40352,291.659,360.000,0,0,20,5e-07,5
2024-02-16 14:24:05,1334.97969,359.699,1074.40352,291.659,360.000,0,0,20,5e-07,5
2024-02-16 14:24:09,1334.95048,359.691,1074.40322,291.659,360.000,0,0,20,5e-07,5
2024-02-16 14:24:13,1334.92098,359.683,1074.40263,291.659,360.000,0,0,20,5e-07,5
2024-02-16 14:24:18,1334.86345,359.668,1074.40203,291.659,360.000,0,0,20,5e-07,5
2024-02-16 14:24:22,1334.83424,359.661,1074.40024,291.658,360.000,0,0,20,5e-07,5
2024-02-16 14:24:26,1334.80503,359.653,1074.39935,291.658,360.000,0,0,20,5e-07,5
2024-02-16 14:24:30,1334.77672,359.645,1074.39875,291.658,360.000,0,0,20,5e-07,5
2024-02-16 14:24:34,1334.7487,359.638,1074.39905,291.658,360.000,0,0,20,5e-07,5
2024-02-16 14:24:38,1334.7189,359.630,1074.39666,291.657,360.000,0,0,20,5e-07,5
2024-02-16 14:24:43,1334.66137,359.615,1074.39637,291.657,360.000,0,0,20,5e-07,5
2024-02-16 14:24:47,1334.63425,359.608,1074.39577,291.657,360.000,0,0,20,5e-07,5
2024-02-16 14:24:51,1334.60563,359.601,1074.39458,291.657,360.000,0,0,20,5e-07,5
2024-02-16 14:24:55,1334.57613,359.593,1074.39398,291.657,360.000,0,0,20,5e-07,5
2024-02-16 14:24:59,1334.54751,359.585,1074.39398,291.657,360.000,0,0,20,5e-07,5
2024-02-16 14:25:03,1334.5183,359.578,1074.39309,291.656,360.000,0,0,20,5e-07,5
2024-02-16 14:25:08,1334.46108,359.563,1074.39249,291.656,360.000,0,0,20,5e-07,5
2024-02-16 14:25:12,1334.43276,359.555,1074.39339,291.657,360.000,0,0,20,5e-07,5
2024-02-16 14:25:16,1334.40415,359.548,1074.3916,291.656,360.000,0,0,20,5e-07,5
2024-02-16 14:25:20,1334.37494,359.540,1074.39011,291.656,360.000,0,0,20,5e-07,5
2024-02-16 14:25:24,1334.34722,359.533,1074.38921,291.655,360.000,0,1,20,5e-07,5
2024-02-16 14:25:29,1334.3189,359.525,1074.38951,291.656,360.000,0,1,20,5e-07,5
2024-02-16 14:25:33,1334.51413,359.577,1074.38921,291.655,360.000,0,1,20,5e-07,5
2024-02-16 14:25:37,1334.78179,359.647,1074.38832,291.655,360.000,0,1,20,5e-07,5
2024-02-16 14:25:41,1335.09415,359.729,1074.38862,291.655,360.000,0,1,20,5e-07,5
2024-02-16 14:25:45,1335.42916,359.817,1074.38862,291.655,360.000,0,1,20,5e-07,5
2024-02-16 14:25:49,1335.7767,359.908,1074.38891,291.655,360.000,0,1,20,5e-07,5
2024-02-16 14:25:54,1336.12512,359.999,1074.38653,291.655,360.000,0,0,20,5e-07,5
2024-02-16 14:25:58,1336.75015,360.163,1074.38593,291.655,360.000,0,0,20,5e-07,5
2024-02-16 14:26:02,1336.8649,360.193,1074.38504,291.654,360.000,0,0,20,5e-07,5
2024-02-16 14:26:06,1336.8944,360.201,1074.38444,291.654,360.000,0,0,20,5e-07,5
2024-02-16 14:26:10,1336.88129,360.198,1074.38355,291.654,360.000,0,0,20,5e-07,5
2024-02-16 14:26:15,1336.84254,360.188,1074.38176,291.654,360.000,0,0,20,5e-07,5
2024-02-16 14:26:19,1336.788,360.173,1074.37938,291.653,360.000,0,0,20,5e-07,5
2024-02-16 14:26:23,1336.66252,360.140,1074.37848,291.653,360.000,0,0,20,5e-07,5
2024-02-16 14:26:27,1336.59665,360.123,1074.37729,291.652,360.000,0,0,20,5e-07,5
2024-02-16 14:26:31,1336.53078,360.106,1074.37729,291.652,360.000,0,0,20,5e-07,5
2024-02-16 14:26:36,1336.46789,360.089,1074.37431,291.652,360.000,0,0,20,5e-07,5
2024-02-16 14:26:40,1336.4047,360.073,1074.37193,291.651,360.000,0,0,20,5e-07,5
2024-02-16 14:26:44,1336.34747,360.058,1074.36805,291.650,360.000,0,0,20,5e-07,5
2024-02-16 14:26:48,1336.23898,360.029,1074.36716,291.650,360.000,0,0,20,5e-07,5
2024-02-16 14:26:52,1336.18771,360.016,1074.36537,291.649,360.000,0,0,20,5e-07,5
2024-02-16 14:26:56,1336.13973,360.003,1074.36447,291.649,360.000,0,0,20,5e-07,5
2024-02-16 14:27:01,1336.09263,359.991,1074.36269,291.649,360.000,0,0,20,5e-07,5
2024-02-16 14:27:05,1336.04971,359.979,1074.36209,291.648,360.000,0,0,20,5e-07,5
2024-02-16 14:27:09,1336.0065,359.968,1074.35971,291.648,360.000,0,0,20,5e-07,5
2024-02-16 14:27:13,1335.92632,359.947,1074.35941,291.648,360.000,0,0,20,5e-07,5
2024-02-16 14:27:17,1335.88876,359.937,1074.35762,291.647,360.000,0,0,20,5e-07,5
2024-02-16 14:27:21,1335.85151,359.927,1074.35672,291.647,360.000,0,0,20,5e-07,5
2024-02-16 14:27:26,1335.81514,359.918,1074.35583,291.647,360.000,0,0,20,5e-07,5
2024-02-16 14:27:30,1335.78117,359.909,1074.35583,291.647,360.000,0,0,20,5e-07,5
2024-02-16 14:27:34,1335.746,359.900,1074.35434,291.646,360.000,0,0,20,5e-07,5
2024-02-16 14:27:38,1335.67714,359.882,1074.35345,291.646,360.000,0,0,20,5e-07,5
2024-02-16 14:27:42,1335.64466,359.873,1074.35315,291.646,360.000,0,0,20,5e-07,5
2024-02-16 14:27:46,1335.61276,359.865,1074.35225,291.646,360.000,0,0,20,5e-07,5
2024-02-16 14:27:51,1335.57968,359.856,1074.35136,291.646,360.000,0,0,20,5e-07,5
2024-02-16 14:27:55,1335.54779,359.848,1074.34927,291.645,360.000,0,0,20,5e-07,5
2024-02-16 14:27:59,1335.51649,359.840,1074.34689,291.645,360.000,0,0,20,5e-07,5
2024-02-16 14:28:03,1335.4545,359.823,1074.34659,291.644,360.000,0,0,20,5e-07,5
2024-02-16 14:28:07,1335.42439,359.815,1074.3457,291.644,360.000,0,0,20,5e-07,5
2024-02-16 14:28:12,1335.3931,359.807,1074.34331,291.644,360.000,0,0,20,5e-07,5
2024-02-16 14:28:16,1335.36329,359.799,1074.34212,291.643,360.000,0,0,20,5e-07,5
2024-02-16 14:28:20,1335.33289,359.791,1074.34212,291.643,360.000,0,0,20,5e-07,5
2024-02-16 14:28:24,1335.30249,359.783,1074.34003,291.643,360.000,0,0,20,5e-07,5
2024-02-16 14:28:28,1335.24526,359.768,1074.33884,291.643,360.000,0,0,20,5e-07,5
2024-02-16 14:28:33,1335.21516,359.761,1074.33795,291.642,360.000,0,0,20,5e-07,5
2024-02-16 14:28:37,1335.18505,359.753,1074.33616,291.642,360.000,0,0,20,5e-07,5
2024-02-16 14:28:41,1335.15525,359.745,1074.33497,291.642,360.000,0,0,20,5e-07,5
2024-02-16 14:28:45,1335.12544,359.737,1074.33288,291.641,360.000,0,0,20,5e-07,5
2024-02-16 14:28:49,1335.09474,359.729,1074.33109,291.641,360.000,0,0,20,5e-07,5
2024-02-16 14:28:53,1335.03811,359.714,1074.3305,291.640,360.000,0,0,20,5e-07,5
2024-02-16 14:28:58,1335.00831,359.706,1074.3293,291.640,360.000,0,0,20,5e-07,5
2024-02-16 14:29:02,1334.97969,359.699,1074.32781,291.640,360.000,0,0,20,5e-07,5
2024-02-16 14:29:06,1334.95048,359.691,1074.32692,291.639,360.000,0,0,20,5e-07,5
2024-02-16 14:29:10,1334.92157,359.683,1074.32543,291.639,360.000,0,0,20,5e-07,5
2024-02-16 14:29:14,1334.89236,359.676,1074.32245,291.638,360.000,0,0,20,5e-07,5
2024-02-16 14:29:19,1334.83573,359.661,1074.32096,291.638,360.000,0,0,20,5e-07,5
2024-02-16 14:29:23,1334.80563,359.653,1074.31947,291.638,360.000,0,0,20,5e-07,5
2024-02-16 14:29:27,1334.77731,359.646,1074.31917,291.637,360.000,0,0,20,5e-07,5
2024-02-16 14:29:31,1334.7487,359.638,1074.31708,291.637,360.000,0,0,20,5e-07,5
2024-02-16 14:29:35,1334.72039,359.631,1074.3153,291.636,360.000,0,0,20,5e-07,5
2024-02-16 14:29:39,1334.69058,359.623,1074.31172,291.636,360.000,0,0,20,5e-07,5
2024-02-16 14:29:44,1334.63395,359.608,1074.31082,291.635,360.000,0,0,20,5e-07,5
2024-02-16 14:29:48,1334.60653,359.601,1074.30993,291.635,360.000,0,0,20,5e-07,5
2024-02-16 14:29:52,1334.57762,359.593,1074.30814,291.635,360.000,0,0,20,5e-07,5
2024-02-16 14:29:56,1334.5499,359.586,1074.30755,291.634,360.000,0,0,20,5e-07,5
2024-02-16 14:30:00,1334.52069,359.578,1074.30665,291.634,360.000,0,0,20,5e-07,5
2024-02-16 14:30:04,1334.49178,359.571,1074.30427,291.634,360.000,0,0,20,5e-07,5
2024-02-16 14:30:09,1334.43485,359.556,1074.30248,291.633,360.000,0,0,20,5e-07,5
2024-02-16 14:30:13,1334.40713,359.549,1074.30188,291.633,360.000,0,0,20,5e-07,5
2024-02-16 14:30:17,1334.37792,359.541,1074.30039,291.633,360.000,0,0,20,5e-07,5
2024-02-16 14:30:21,1334.3505,359.534,1074.2989,291.632,360.000,0,0,20,5e-07,5
2024-02-16 14:30:25,1334.32278,359.526,1074.29741,291.632,360.000,0,1,20,5e-07,5
2024-02-16 14:30:29,1334.29476,359.519,1074.29413,291.631,360.000,0,1,20,5e-07,5
2024-02-16 14:30:34,1334.44915,359.560,1074.29205,291.630,360.000,0,1,20,5e-07,5
2024-02-16 14:30:38,1334.70548,359.627,1074.28996,291.630,360.000,0,1,20,5e-07,5
2024-02-16 14:30:42,1335.01188,359.707,1074.28817,291.629,360.000,0,1,20,5e-07,5
2024-02-16 14:30:46,1335.34571,359.795,1074.28668,291.629,360.000,0,1,20,5e-07,5
2024-02-16 14:30:50,1335.68966,359.885,1074.2843,291.629,360.000,0,1,20,5e-07,5
2024-02-16 14:30:54,1336.03898,359.977,1074.27953,291.627,360.000,0,0,20,5e-07,5
2024-02-16 14:30:59,1336.70484,360.151,1074.27804,291.627,360.000,0,0,20,5e-07,5
2024-02-16 14:31:03,1336.86102,360.192,1074.27655,291.627,360.000,0,0,20,5e-07,5
2024-02-16 14:31:07,1336.90782,360.205,1074.27476,291.626,360.000,0,0,20,5e-07,5
2024-02-16 14:31:11,1336.90484,360.204,1074.27297,291.626,360.000,0,0,20,5e-07,5
2024-02-16 14:31:15,1336.87145,360.195,1074.27238,291.625,360.000,0,0,20,5e-07,5
2024-02-16 14:31:20,1336.82168,360.182,1074.2682,291.624,360.000,0,0,20,5e-07,5
2024-02-16 14:31:24,1336.69709,360.149,1074.26731,291.624,360.000,0,0,20,5e-07,5
2024-02-16 14:31:28,1336.63063,360.132,1074.26612,291.624,360.000,0,0,20,5e-07,5
2024-02-16 14:31:32,1336.56446,360.115,1074.26492,291.624,360.000,0,0,20,5e-07,5
2024-02-16 14:31:36,1336.50037,360.098,1074.26254,291.623,360.000,0,0,20,5e-07,5
2024-02-16 14:31:41,1336.43749,360.081,1074.25986,291.622,360.000,0,0,20,5e-07,5
2024-02-16 14:31:45,1336.37787,360.066,1074.25598,291.621,360.000,0,0,20,5e-07,5
2024-02-16 14:31:49,1336.26789,360.037,1074.2533,291.621,360.000,0,0,20,5e-07,5
2024-02-16 14:31:53,1336.21543,360.023,1074.2539,291.621,360.000,0,0,20,5e-07,5
2024-02-16 14:31:57,1336.16566,360.010,1074.25032,291.620,360.000,0,0,20,5e-07,5
2024-02-16 14:32:02,1336.11946,359.998,1074.24793,291.619,360.000,0,0,20,5e-07,5
2024-02-16 14:32:06,1336.07326,359.986,1074.24644,291.619,360.000,0,0,20,5e-07,5
2024-02-16 14:32:10,1336.03124,359.975,1074.24257,291.618,360.000,0,0,20,5e-07,5
2024-02-16 14:32:14,1335.95046,359.953,1074.24078,291.617,360.000,0,0,20,5e-07,5
2024-02-16 14:32:18,1335.91022,359.943,1074.23899,291.617,360.000,0,0,20,5e-07,5
2024-02-16 14:32:22,1335.87416,359.933,1074.23661,291.616,360.000,0,0,20,5e-07,5
2024-02-16 14:32:27,1335.8372,359.924,1074.23422,291.616,360.000,0,0,20,5e-07,5
2024-02-16 14:32:31,1335.80114,359.914,1074.23333,291.615,360.000,0,0,20,5e-07,5
2024-02-16 14:32:35,1335.76597,359.905,1074.22856,291.614,360.000,0,0,20,5e-07,5
2024-02-16 14:32:39,1335.6986,359.887,1074.22707,291.614,360.000,0,0,20,5e-07,5
2024-02-16 14:32:43,1335.66612,359.879,1074.22349,291.613,360.000,0,0,20,5e-07,5
2024-02-16 14:32:47,1335.63273,359.870,1074.22171,291.612,360.000,0,0,20,5e-07,5
2024-02-16 14:32:52,1335.60084,359.862,1074.21992,291.612,360.000,0,0,20,5e-07,5
2024-02-16 14:32:56,1335.56984,359.854,1074.21753,291.611,360.000,0,0,20,5e-07,5
2024-02-16 14:33:00,1335.53736,359.845,1074.21336,291.610,360.000,0,0,20,5e-07,5
2024-02-16 14:33:04,1335.47566,359.829,1074.21098,291.610,360.000,0,0,20,5e-07,5
2024-02-16 14:33:08,1335.44466,359.821,1074.208,291.609,360.000,0,0,20,5e-07,5
2024-02-16 14:33:12,1335.41396,359.813,1074.20591,291.608,360.000,0,0,20,5e-07,5
2024-02-16 14:33:17,1335.38445,359.805,1074.20442,291.608,360.000,0,0,20,5e-07,5
2024-02-16 14:33:21,1335.35405,359.797,1074.20203,291.607,360.000,0,0,20,5e-07,5
2024-02-16 14:33:25,1335.32395,359.789,1074.19935,291.607,360.000,0,0,20,5e-07,5
2024-02-16 14:33:29,1335.26464,359.774,1074.19786,291.606,360.000,0,0,20,5e-07,5
2024-02-16 14:33:33,1335.23423,359.766,1074.19548,291.606,360.000,0,0,20,5e-07,5
2024-02-16 14:33:38,1335.20502,359.758,1074.19309,291.605,360.000,0,0,20,5e-07,5
2024-02-16 14:33:42,1335.17611,359.750,1074.19101,291.605,360.000,0,0,20,5e-07,5
2024-02-16 14:33:46,1335.1469,359.743,1074.18952,291.604,360.000,0,0,20,5e-07,5
2024-02-16 14:33:50,1335.11829,359.735,1074.18624,291.603,360.000,0,0,20,5e-07,5
2024-02-16 14:33:54,1335.05987,359.720,1074.18355,291.603,360.000,0,0,20,5e-07,5
2024-02-16 14:33:59,1335.03036,359.712,1074.18266,291.602,360.000,0,0,20,5e-07,5
2024-02-16 14:34:03,1335.00086,359.704,1074.18028,291.602,360.000,0,0,20,5e-07,5
2024-02-16 14:34:07,1334.97254,359.697,1074.17908,291.601,360.000,0,0,20,5e-07,5
2024-02-16 14:34:11,1334.94274,359.689,1074.1773,291.601,360.000,0,0,20,5e-07,5
2024-02-16 14:34:15,1334.91412,359.682,1074.17402,291.600,360.000,0,0,20,5e-07,5
2024-02-16 14:34:20,1334.8566,359.666,1074.17163,291.600,360.000,0,0,20,5e-07,5
2024-02-16 14:34:24,1334.82888,359.659,1074.16955,291.599,360.000,0,0,20,5e-07,5
2024-02-16 14:34:28,1334.80026,359.652,1074.16865,291.599,360.000,0,0,20,5e-07,5
2024-02-16 14:34:32,1334.77076,359.644,1074.16716,291.598,360.000,0,0,20,5e-07,5
2024-02-16 14:34:36,1334.74274,359.637,1074.16627,291.598,360.000,0,0,20,5e-07,5
2024-02-16 14:34:40,1334.71323,359.629,1074.16239,291.597,360.000,0,0,20,5e-07,5
2024-02-16 14:34:45,1334.6566,359.614,1074.1618,291.597,360.000,0,0,20,5e-07,5
2024-02-16 14:34:49,1334.62888,359.607,1074.16031,291.597,360.000,0,0,20,5e-07,5
2024-02-16 14:34:53,1334.60057,359.599,1074.15762,291.596,360.000,0,0,20,5e-07,5
2024-02-16 14:34:57,1334.57374,359.592,1074.15673,291.596,360.000,0,0,20,5e-07,5
2024-02-16 14:35:01,1334.54394,359.584,1074.15524,291.595,360.000,0,0,20,5e-07,5
2024-02-16 14:35:05,1334.51503,359.577,1074.15196,291.595,360.000,0,0,20,5e-07,5
2024-02-16 14:35:10,1334.45839,359.562,1074.15017,291.594,360.000,0,0,20,5e-07,5
2024-02-16 14:35:14,1334.43127,359.555,1074.14809,291.594,360.000,0,0,20,5e-07,5
2024-02-16 14:35:18,1334.40206,359.547,1074.1466,291.593,360.000,0,0,20,5e-07,5
2024-02-16 14:35:22,1334.37404,359.540,1074.1457,291.593,360.000,0,0,20,5e-07,5
2024-02-16 14:35:26,1334.34543,359.532,1074.14511,291.593,360.000,0,0,20,5e-07,5
2024-02-16 14:35:30,1334.31741,359.525,1074.14183,291.592,360.000,0,1,20,5e-07,5
2024-02-16 14:35:35,1334.41726,359.551,1074.14034,291.592,360.000,0,1,20,5e-07,5
2024-02-16 14:35:39,1334.66048,359.615,1074.13944,291.591,360.000,0,1,20,5e-07,5
2024-02-16 14:35:43,1334.95853,359.693,1074.13765,291.591,360.000,0,1,20,5e-07,5
2024-02-16 14:35:47,1335.28699,359.779,1074.13557,291.590,360.000,0,1,20,5e-07,5
2024-02-16 14:35:51,1335.63095,359.870,1074.13527,291.590,360.000,0,1,20,5e-07,5
2024-02-16 14:35:55,1335.97967,359.961,1074.13169,291.589,360.000,0,0,20,5e-07,5
2024-02-16 14:36:00,1336.64702,360.136,1074.1302,291.589,360.000,0,0,20,5e-07,5
2024-02-16 14:36:04,1336.8026,360.177,1074.12752,291.588,360.000,0,0,20,5e-07,5
2024-02-16 14:36:08,1336.85089,360.190,1074.12692,291.588,360.000,0,0,20,5e-07,5
2024-02-16 14:36:12,1336.8497,360.189,1074.12514,291.588,360.000,0,0,20,5e-07,5
2024-02-16 14:36:16,1336.81721,360.181,1074.12305,291.587,360.000,0,0,20,5e-07,5
2024-02-16 14:36:21,1336.76773,360.168,1074.11947,291.586,360.000,0,0,20,5e-07,5
2024-02-16 14:36:25,1336.64553,360.136,1074.11768,291.586,360.000,0,0,20,5e-07,5
2024-02-16 14:36:29,1336.57936,360.118,1074.1159,291.585,360.000,0,0,20,5e-07,5
2024-02-16 14:36:33,1336.51528,360.102,1074.11441,291.585,360.000,0,0,20,5e-07,5
2024-02-16 14:36:37,1336.45209,360.085,1074.11262,291.584,360.000,0,0,20,5e-07,5
2024-02-16 14:36:42,1336.3892,360.069,1074.11083,291.584,360.000,0,0,20,5e-07,5
2024-02-16 14:36:46,1336.32959,360.053,1074.10725,291.583,360.000,0,0,20,5e-07,5
2024-02-16 14:36:50,1336.2205,360.024,1074.10576,291.583,360.000,0,0,20,5e-07,5
2024-02-16 14:36:54,1336.16953,360.011,1074.10368,291.582,360.000,0,0,20,5e-07,5
2024-02-16 14:36:58,1336.12065,359.998,1074.10248,291.582,360.000,0,0,20,5e-07,5
2024-02-16 14:37:03,1336.07654,359.987,1074.10129,291.582,360.000,0,0,20,5e-07,5
2024-02-16 14:37:07,1336.03094,359.975,1074.1004,291.581,360.000,0,0,20,5e-07,5
2024-02-16 14:37:11,1335.98832,359.963,1074.09652,291.580,360.000,0,0,20,5e-07,5
2024-02-16 14:37:15,1335.90695,359.942,1074.09533,291.580,360.000,0,0,20,5e-07,5
2024-02-16 14:37:19,1335.86879,359.932,1074.09414,291.580,360.000,0,0,20,5e-07,5
2024-02-16 14:37:23,1335.83035,359.922,1074.09354,291.580,360.000,0,0,20,5e-07,5
2024-02-16 14:37:28,1335.79428,359.912,1074.09235,291.579,360.000,0,0,20,5e-07,5
2024-02-16 14:37:32,1335.75851,359.903,1074.09116,291.579,360.000,0,0,20,5e-07,5
2024-02-16 14:37:36,1335.72424,359.894,1074.08698,291.578,360.000,0,0,20,5e-07,5
2024-02-16 14:37:40,1335.65688,359.876,1074.08549,291.577,360.000,0,0,20,5e-07,5
2024-02-16 14:37:44,1335.62379,359.868,1074.084,291.577,360.000,0,0,20,5e-07,5
2024-02-16 14:37:48,1335.5913,359.859,1074.08222,291.577,360.000,0,0,20,5e-07,5
2024-02-16 14:37:53,1335.55971,359.851,1074.07894,291.576,360.000,0,0,20,5e-07,5
2024-02-16 14:37:57,1335.52841,359.843,1074.07685,291.575,360.000,0,0,20,5e-07,5
2024-02-16 14:38:01,1335.49622,359.834,1074.07387,291.574,360.000,0,0,20,5e-07,5
2024-02-16 14:38:05,1335.43512,359.818,1074.07149,291.574,360.000,0,0,20,5e-07,5
2024-02-16 14:38:09,1335.40532,359.810,1074.0694,291.573,360.000,0,0,20,5e-07,5
2024-02-16 14:38:13,1335.37432,359.802,1074.06821,291.573,360.000,0,0,20,5e-07,5
2024-02-16 14:38:18,1335.34422,359.794,1074.06523,291.572,360.000,0,0,20,5e-07,5
2024-02-16 14:38:22,1335.31471,359.787,1074.06284,291.572,360.000,0,0,20,5e-07,5
2024-02-16 14:38:26,1335.28282,359.778,1074.05748,291.570,360.000,0,0,20,5e-07,5
2024-02-16 14:38:30,1335.22499,359.763,1074.05569,291.570,360.000,0,0,20,5e-07,5
2024-02-16 14:38:34,1335.19549,359.755,1074.0536,291.569,360.000,0,0,20,5e-07,5
2024-02-16 14:38:39,1335.16628,359.748,1074.05181,291.569,360.000,0,0,20,5e-07,5
2024-02-16 14:38:43,1335.13647,359.740,1074.04794,291.568,360.000,0,0,20,5e-07,5
2024-02-16 14:38:47,1335.10756,359.732,1074.04645,291.567,360.000,0,0,20,5e-07,5
2024-02-16 14:38:51,1335.07775,359.724,1074.04317,291.567,360.000,0,0,20,5e-07,5
2024-02-16 14:38:55,1335.02023,359.709,1074.04168,291.566,360.000,0,0,20,5e-07,5
2024-02-16 14:38:59,1334.99251,359.702,1074.0393,291.566,360.000,0,0,20,5e-07,5
2024-02-16 14:39:04,1334.96271,359.694,1074.0381,291.565,360.000,0,0,20,5e-07,5
2024-02-16 14:39:08,1334.93409,359.687,1074.03602,291.565,360.000,0,0,20,5e-07,5
2024-02-16 14:39:12,1334.90429,359.679,1074.03482,291.564,360.000,0,0,20,5e-07,5
2024-02-16 14:39:16,1334.87567,359.671,1074.03155,291.564,360.000,0,0,20,5e-07,5
2024-02-16 14:39:20,1334.81785,359.656,1074.02976,291.563,360.000,0,0,20,5e-07,5
2024-02-16 14:39:25,1334.79073,359.649,1074.02797,291.563,360.000,0,0,20,5e-07,5
2024-02-16 14:39:29,1334.76152,359.641,1074.02618,291.562,360.000,0,0,20,5e-07,5
2024-02-16 14:39:33,1334.7329,359.634,1074.02529,291.562,360.000,0,0,20,5e-07,5
2024-02-16 14:39:37,1334.70518,359.627,1074.0232,291.561,360.000,0,0,20,5e-07,5
2024-02-16 14:39:41,1334.67687,359.619,1074.01873,291.560,360.000,0,0,20,5e-07,5
2024-02-16 14:39:46,1334.61934,359.604,1074.01813,291.560,360.000,0,0,20,5e-07,5
2024-02-16 14:39:50,1334.59222,359.597,1074.01605,291.560,360.000,0,0,20,5e-07,5
2024-02-16 14:39:54,1334.56361,359.590,1074.01456,291.559,360.000,0,0,20,5e-07,5
2024-02-16 14:39:58,1334.535,359.582,1074.01277,291.559,360.000,0,0,20,5e-07,5
2024-02-16 14:40:02,1334.50608,359.574,1074.01128,291.558,360.000,0,0,20,5e-07,5
2024-02-16 14:40:06,1334.47807,359.567,1074.00949,291.558,360.000,0,0,20,5e-07,5
2024-02-16 14:40:11,1334.42173,359.552,1074.0074,291.557,360.000,0,0,20,5e-07,5
2024-02-16 14:40:15,1334.39342,359.545,1074.00562,291.557,360.000,0,0,20,5e-07,5
2024-02-16 14:40:19,1334.3657,359.538,1074.00412,291.557,360.000,0,0,20,5e-07,5
2024-02-16 14:40:23,1334.33738,359.530,1074.00114,291.556,360.000,0,0,20,5e-07,5
2024-02-16 14:40:27,1334.30877,359.523,1073.99936,291.555,360.000,0,0,20,5e-07,5
2024-02-16 14:40:31,1334.28195,359.516,1073.99608,291.555,360.000,0,1,20,5e-07,5
2024-02-16 14:40:36,1334.3815,359.542,1073.99399,291.554,360.000,0,1,20,5e-07,5
2024-02-16 14:40:40,1334.61994,359.604,1073.9919,291.553,360.000,0,1,20,5e-07,5
2024-02-16 14:40:44,1334.91889,359.683,1073.99131,291.553,360.000,0,1,20,5e-07,5
2024-02-16 14:40:48,1335.24705,359.769,1073.98833,291.553,360.000,0,1,20,5e-07,5
2024-02-16 14:40:52,1335.59041,359.859,1073.98594,291.552,360.000,0,1,20,5e-07,5
2024-02-16 14:40:56,1335.93794,359.950,1073.98356,291.551,360.000,0,1,20,5e-07,5
2024-02-16 14:41:01,1336.62466,360.130,1073.98117,291.551,360.000,0,0,20,5e-07,5
2024-02-16 14:41:05,1336.82138,360.182,1073.98058,291.551,360.000,0,0,20,5e-07,5
2024-02-16 14:41:09,1336.88755,360.199,1073.97939,291.550,360.000,0,0,20,5e-07,5
2024-02-16 14:41:13,1336.89321,360.201,1073.97849,291.550,360.000,0,0,20,5e-07,5
2024-02-16 14:41:17,1336.86549,360.194,1073.9776,291.550,360.000,0,0,20,5e-07,5
2024-02-16 14:41:21,1336.8187,360.181,1073.97223,291.548,360.000,0,0,20,5e-07,5
2024-02-16 14:41:26,1336.69799,360.150,1073.97104,291.548,360.000,0,0,20,5e-07,5
2024-02-16 14:41:30,1336.63063,360.132,1073.97044,291.548,360.000,0,0,20,5e-07,5
2024-02-16 14:41:34,1336.56625,360.115,1073.96836,291.547,360.000,0,0,20,5e-07,5
2024-02-16 14:41:38,1336.50127,360.098,1073.96627,291.547,360.000,0,0,20,5e-07,5
2024-02-16 14:41:42,1336.43957,360.082,1073.96568,291.547,360.000,0,0,20,5e-07,5
2024-02-16 14:41:46,1336.37847,360.066,1073.96329,291.546,360.000,0,0,20,5e-07,5
2024-02-16 14:41:51,1336.2667,360.036,1073.9621,291.546,360.000,0,0,20,5e-07,5
2024-02-16 14:41:55,1336.21365,360.023,1073.96031,291.545,360.000,0,0,20,5e-07,5
2024-02-16 14:41:59,1336.16387,360.009,1073.95763,291.545,360.000,0,0,20,5e-07,5
2024-02-16 14:42:03,1336.11618,359.997,1073.95673,291.544,360.000,0,0,20,5e-07,5
2024-02-16 14:42:08,1336.07147,359.985,1073.95465,291.544,360.000,0,0,20,5e-07,5
2024-02-16 14:42:12,1336.02885,359.974,1073.95137,291.543,360.000,0,0,20,5e-07,5
2024-02-16 14:42:16,1335.94867,359.953,1073.95047,291.543,360.000,0,0,20,5e-07,5
2024-02-16 14:42:20,1335.90963,359.943,1073.94928,291.542,360.000,0,0,20,5e-07,5
2024-02-16 14:42:24,1335.87118,359.933,1073.9472,291.542,360.000,0,0,20,5e-07,5
2024-02-16 14:42:28,1335.83482,359.923,1073.9466,291.542,360.000,0,0,20,5e-07,5
2024-02-16 14:42:33,1335.79845,359.914,1073.94451,291.541,360.000,0,0,20,5e-07,5
2024-02-16 14:42:37,1335.76239,359.904,1073.94273,291.541,360.000,0,0,20,5e-07,5
2024-02-16 14:42:41,1335.69533,359.887,1073.94034,291.540,360.000,0,0,20,5e-07,5
2024-02-16 14:42:45,1335.66194,359.878,1073.93855,291.540,360.000,0,0,20,5e-07,5
2024-02-16 14:42:49,1335.62946,359.869,1073.93706,291.539,360.000,0,0,20,5e-07,5
2024-02-16 14:42:54,1335.59905,359.861,1073.93408,291.539,360.000,0,0,20,5e-07,5
2024-02-16 14:42:58,1335.56746,359.853,1073.93229,291.538,360.000,0,0,20,5e-07,5
2024-02-16 14:43:02,1335.53616,359.845,1073.92931,291.537,360.000,0,0,20,5e-07,5
2024-02-16 14:43:06,1335.47417,359.828,1073.92812,291.537,360.000,0,0,20,5e-07,5
2024-02-16 14:43:10,1335.44317,359.820,1073.92663,291.537,360.000,0,0,20,5e-07,5
2024-02-16 14:43:14,1335.41247,359.812,1073.92544,291.536,360.000,0,0,20,5e-07,5
2024-02-16 14:43:19,1335.38267,359.804,1073.92365,291.536,360.000,0,0,20,5e-07,5
2024-02-16 14:43:23,1335.35286,359.797,1073.92127,291.535,360.000,0,0,20,5e-07,5
2024-02-16 14:43:27,1335.32305,359.789,1073.91888,291.535,360.000,0,0,20,5e-07,5
2024-02-16 14:43:31,1335.26464,359.774,1073.91739,291.534,360.000,0,0,20,5e-07,5
2024-02-16 14:43:35,1335.23394,359.765,1073.9159,291.534,360.000,0,0,20,5e-07,5
2024-02-16 14:43:39,1335.20532,359.758,1073.9156,291.534,360.000,0,0,20,5e-07,5
2024-02-16 14:43:44,1335.17522,359.750,1073.91292,291.533,360.000,0,0,20,5e-07,5
2024-02-16 14:43:48,1335.14541,359.742,1073.91292,291.533,360.000,0,0,20,5e-07,5
2024-02-16 14:43:52,1335.1174,359.735,1073.91024,291.532,360.000,0,0,20,5e-07,5
2024-02-16 14:43:56,1335.05868,359.719,1073.90875,291.532,360.000,0,0,20,5e-07,5
2024-02-16 14:44:00,1335.02977,359.712,1073.90636,291.531,360.000,0,0,20,5e-07,5
2024-02-16 14:44:04,1335.00145,359.704,1073.90487,291.531,360.000,0,0,20,5e-07,5
2024-02-16 14:44:09,1334.97284,359.697,1073.90428,291.531,360.000,0,0,20,5e-07,5
2024-02-16 14:44:13,1334.94363,359.689,1073.90219,291.530,360.000,0,0,20,5e-07,5
2024-02-16 14:44:17,1334.91472,359.682,1073.89891,291.530,360.000,0,0,20,5e-07,5
2024-02-16 14:44:21,1334.85809,359.667,1073.89742,291.529,360.000,0,0,20,5e-07,5
2024-02-16 14:44:25,1334.82888,359.659,1073.89533,291.529,360.000,0,0,20,5e-07,5
2024-02-16 14:44:30,1334.80056,359.652,1073.89533,291.529,360.000,0,0,20,5e-07,5
2024-02-16 14:44:34,1334.77225,359.644,1073.89325,291.528,360.000,0,0,20,5e-07,5
2024-02-16 14:44:38,1334.74423,359.637,1073.89265,291.528,360.000,0,0,20,5e-07,5
2024-02-16 14:44:42,1334.71532,359.629,1073.88997,291.527,360.000,0,0,20,5e-07,5
2024-02-16 14:44:46,1334.65869,359.615,1073.88908,291.527,360.000,0,0,20,5e-07,5
2024-02-16 14:44:50,1334.63097,359.607,1073.88818,291.527,360.000,0,0,20,5e-07,5
2024-02-16 14:44:55,1334.60206,359.600,1073.8855,291.526,360.000,0,0,20,5e-07,5
2024-02-16 14:44:59,1334.57583,359.593,1073.88341,291.526,360.000,0,0,20,5e-07,5
2024-02-16 14:45:03,1334.54722,359.585,1073.88282,291.525,360.000,0,0,20,5e-07,5
2024-02-16 14:45:07,1334.52158,359.579,1073.87954,291.525,360.000,0,0,20,5e-07,5
2024-02-16 14:45:11,1334.46257,359.563,1073.87805,291.524,360.000,0,0,20,5e-07,5
2024-02-16 14:45:16,1334.43455,359.556,1073.87626,291.524,360.000,0,0,20,5e-07,5
2024-02-16 14:45:20,1334.40534,359.548,1073.87686,291.524,360.000,0,0,20,5e-07,5
2024-02-16 14:45:24,1334.37732,359.541,1073.87566,291.524,360.000,0,0,20,5e-07,5
2024-02-16 14:45:28,1334.3496,359.533,1073.87417,291.523,360.000,0,0,20,5e-07,5
2024-02-16 14:45:32,1334.32189,359.526,1073.87149,291.523,360.000,0,1,20,5e-07,5
2024-02-16 14:45:37,1334.39193,359.545,1073.87089,291.522,360.000,0,1,20,5e-07,5
2024-02-16 14:45:41,1334.61994,359.604,1073.8694,291.522,360.000,0,1,20,5e-07,5
2024-02-16 14:45:45,1334.91353,359.681,1073.87,291.522,360.000,0,1,20,5e-07,5
2024-02-16 14:45:49,1335.239,359.767,1073.86732,291.521,360.000,0,1,20,5e-07,5
2024-02-16 14:45:53,1335.57998,359.856,1073.86583,291.521,360.000,0,1,20,5e-07,5
2024-02-16 14:45:57,1335.92841,359.948,1073.86374,291.521,360.000,0,1,20,5e-07,5
2024-02-16 14:46:02,1336.62288,360.130,1073.86314,291.520,360.000,0,0,20,5e-07,5
2024-02-16 14:46:06,1336.84314,360.188,1073.86195,291.520,360.000,0,0,20,5e-07,5
2024-02-16 14:46:10,1336.92421,360.209,1073.86165,291.520,360.000,0,0,20,5e-07,5
2024-02-16 14:46:14,1336.93643,360.212,1073.85838,291.519,360.000,0,0,20,5e-07,5
2024-02-16 14:46:18,1336.91229,360.206,1073.85718,291.519,360.000,0,0,20,5e-07,5
2024-02-16 14:46:22,1336.86877,360.194,1073.85361,291.518,360.000,0,0,20,5e-07,5
2024-02-16 14:46:27,1336.74985,360.163,1073.85241,291.518,360.000,0,0,20,5e-07,5
2024-02-16 14:46:31,1336.68398,360.146,1073.85241,291.518,360.000,0,0,20,5e-07,5
2024-02-16 14:46:35,1336.61811,360.129,1073.84943,291.517,360.000,0,0,20,5e-07,5
2024-02-16 14:46:39,1336.55253,360.111,1073.84705,291.516,360.000,0,0,20,5e-07,5
2024-02-16 14:46:43,1336.48994,360.095,1073.84556,291.516,360.000,0,0,20,5e-07,5
2024-02-16 14:46:47,1336.42884,360.079,1073.84228,291.515,360.000,0,0,20,5e-07,5
2024-02-16 14:46:52,1336.31558,360.049,1073.84079,291.515,360.000,0,0,20,5e-07,5
2024-02-16 14:46:56,1336.26282,360.035,1073.8387,291.514,360.000,0,0,20,5e-07,5
2024-02-16 14:47:00,1336.21365,360.023,1073.83572,291.513,360.000,0,0,20,5e-07,5
2024-02-16 14:47:04,1336.16685,360.010,1073.83423,291.513,360.000,0,0,20,5e-07,5
2024-02-16 14:47:08,1336.12274,359.999,1073.83244,291.512,360.000,0,0,20,5e-07,5
2024-02-16 14:47:12,1336.07684,359.987,1073.8232,291.510,360.000,0,0,20,5e-07,5
2024-02-16 14:47:17,1335.99517,359.965,1073.81873,291.509,360.000,0,0,20,5e-07,5
2024-02-16 14:47:21,1335.95702,359.955,1073.81635,291.508,360.000,0,0,20,5e-07,5
2024-02-16 14:47:25,1335.91827,359.945,1073.81367,291.508,360.000,0,0,20,5e-07,5
2024-02-16 14:47:29,1335.88131,359.935,1073.81098,291.507,360.000,0,0,20,5e-07,5
2024-02-16 14:47:33,1335.84525,359.926,1073.81039,291.507,360.000,0,0,20,5e-07,5
2024-02-16 14:47:38,1335.80978,359.917,1073.80741,291.506,360.000,0,0,20,5e-07,5
2024-02-16 14:47:42,1335.74212,359.899,1073.80651,291.506,360.000,0,0,20,5e-07,5
2024-02-16 14:47:46,1335.70933,359.890,1073.80532,291.506,360.000,0,0,20,5e-07,5
2024-02-16 14:47:50,1335.67655,359.882,1073.80473,291.505,360.000,0,0,20,5e-07,5
2024-02-16 14:47:54,1335.64525,359.873,1073.80443,291.505,360.000,0,0,20,5e-07,5
2024-02-16 14:47:59,1335.61485,359.865,1073.80413,291.505,360.000,0,0,20,5e-07,5
2024-02-16 14:48:03,1335.58505,359.858,1073.80294,291.505,360.000,0,0,20,5e-07,5
2024-02-16 14:48:07,1335.52186,359.841,1073.80204,291.505,360.000,0,0,20,5e-07,5
2024-02-16 14:48:11,1335.49026,359.833,1073.80324,291.505,360.000,0,0,20,5e-07,5
2024-02-16 14:48:15,1335.46165,359.825,1073.80294,291.505,360.000,0,0,20,5e-07,5
2024-02-16 14:48:20,1335.43035,359.817,1073.80234,291.505,360.000,0,0,20,5e-07,5
2024-02-16 14:48:24,1335.39995,359.809,1073.80234,291.505,360.000,0,0,20,5e-07,5
2024-02-16 14:48:28,1335.36985,359.801,1073.80085,291.504,360.000,0,0,20,5e-07,5
2024-02-16 14:48:32,1335.31173,359.786,1073.80115,291.504,360.000,0,0,20,5e-07,5
2024-02-16 14:48:36,1335.28192,359.778,1073.79996,291.504,360.000,0,0,20,5e-07,5
2024-02-16 14:48:40,1335.25212,359.770,1073.79996,291.504,360.000,0,0,20,5e-07,5
2024-02-16 14:48:45,1335.22499,359.763,1073.79966,291.504,360.000,0,0,20,5e-07,5
2024-02-16 14:48:49,1335.194,359.755,1073.79906,291.504,360.000,0,0,20,5e-07,5
2024-02-16 14:48:53,1335.16419,359.747,1073.80085,291.504,360.000,0,0,20,5e-07,5
2024-02-16 14:48:57,1335.10547,359.732,1073.79936,291.504,360.000,0,0,20,5e-07,5
2024-02-16 14:49:01,1335.07567,359.724,1073.79847,291.504,360.000,0,0,20,5e-07,5
2024-02-16 14:49:05,1335.04676,359.716,1073.79817,291.504,360.000,0,0,20,5e-07,5
2024-02-16 14:49:10,1335.02023,359.709,1073.79906,291.504,360.000,0,0,20,5e-07,5
2024-02-16 14:49:14,1334.99013,359.701,1073.79847,291.504,360.000,0,0,20,5e-07,5
2024-02-16 14:49:18,1334.96151,359.694,1073.79757,291.504,360.000,0,0,20,5e-07,5
2024-02-16 14:49:22,1334.90369,359.679,1073.79787,291.504,360.000,0,0,20,5e-07,5
2024-02-16 14:49:26,1334.87567,359.671,1073.79876,291.504,360.000,0,0,20,5e-07,5
2024-02-16 14:49:30,1334.84617,359.664,1073.79936,291.504,360.000,0,0,20,5e-07,5
2024-02-16 14:49:35,1334.81785,359.656,1073.79936,291.504,360.000,0,0,20,5e-07,5
2024-02-16 14:49:39,1334.78953,359.649,1073.79847,291.504,360.000,0,0,20,5e-07,5
2024-02-16 14:49:43,1334.76092,359.641,1073.79936,291.504,360.000,0,0,20,5e-07,5
2024-02-16 14:49:47,1334.7034,359.626,1073.79757,291.504,360.000,0,0,20,5e-07,5
2024-02-16 14:49:51,1334.67538,359.619,1073.79817,291.504,360.000,0,0,20,5e-07,5
2024-02-16 14:49:56,1334.64736,359.612,1073.79876,291.504,360.000,0,0,20,5e-07,5
2024-02-16 14:50:00,1334.61905,359.604,1073.79876,291.504,360.000,0,0,20,5e-07,5
2024-02-16 14:50:04,1334.59133,359.597,1073.79727,291.503,360.000,0,0,20,5e-07,5
2024-02-16 14:50:08,1334.56212,359.589,1073.79727,291.503,360.000,0,0,20,5e-07,5
2024-02-16 14:50:12,1334.50638,359.575,1073.79817,291.504,360.000,0,0,20,5e-07,5
2024-02-16 14:50:16,1334.47836,359.567,1073.79727,291.503,360.000,0,0,20,5e-07,5
2024-02-16 14:50:21,1334.45005,359.560,1073.79966,291.504,360.000,0,0,20,5e-07,5
2024-02-16 14:50:25,1334.42173,359.552,1073.79936,291.504,360.000,0,0,20,5e-07,5
2024-02-16 14:50:29,1334.39342,359.545,1073.80055,291.504,360.000,0,0,20,5e-07,5
2024-02-16 14:50:33,1334.3651,359.537,1073.79996,291.504,360.000,0,1,20,5e-07,5
2024-02-16 14:50:37,1334.40087,359.547,1073.79996,291.504,360.000,0,1,20,5e-07,5
2024-02-16 14:50:42,1334.6116,359.602,1073.79906,291.504,360.000,0,1,20,5e-07,5
2024-02-16 14:50:46,1334.89564,359.677,1073.79966,291.504,360.000,0,1,20,5e-07,5
2024-02-16 14:50:50,1335.21754,359.761,1073.80085,291.504,360.000,0,1,20,5e-07,5
2024-02-16 14:50:54,1335.55792,359.850,1073.79936,291.504,360.000,0,1,20,5e-07,5
2024-02-16 14:50:58,1335.90605,359.942,1073.80055,291.504,360.000,0,1,20,5e-07,5
2024-02-16 14:51:03,1336.59963,360.124,1073.79996,291.504,360.000,0,0,20,5e-07,5
2024-02-16 14:51:07,1336.8184,360.181,1073.80025,291.504,360.000,0,0,20,5e-07,5
2024-02-16 14:51:11,1336.89858,360.202,1073.80085,291.504,360.000,0,0,20,5e-07,5
2024-02-16 14:51:15,1336.9099,360.205,1073.80085,291.504,360.000,0,0,20,5e-07,5
2024-02-16 14:51:19,1336.88755,360.199,1073.80174,291.505,360.000,0,0,20,5e-07,5
2024-02-16 14:51:23,1336.84284,360.188,1073.80234,291.505,360.000,0,0,20,5e-07,5
2024-02-16 14:51:28,1336.72511,360.157,1073.80234,291.505,360.000,0,0,20,5e-07,5
2024-02-16 14:51:32,1336.66043,360.140,1073.80294,291.505,360.000,0,0,20,5e-07,5
2024-02-16 14:51:36,1336.59456,360.122,1073.80264,291.505,360.000,0,0,20,5e-07,5
2024-02-16 14:51:40,1336.53078,360.106,1073.80234,291.505,360.000,0,0,20,5e-07,5
2024-02-16 14:51:44,1336.46818,360.089,1073.80324,291.505,360.000,0,0,20,5e-07,5
2024-02-16 14:51:48,1336.40887,360.074,1073.80413,291.505,360.000,0,0,20,5e-07,5
2024-02-16 14:51:53,1336.298,360.045,1073.80443,291.505,360.000,0,0,20,5e-07,5
2024-02-16 14:51:57,1336.24584,360.031,1073.80622,291.506,360.000,0,0,20,5e-07,5
2024-02-16 14:52:01,1336.19576,360.018,1073.8086,291.506,360.000,0,0,20,5e-07,5
2024-02-16 14:52:05,1336.14956,360.006,1073.8083,291.506,360.000,0,0,20,5e-07,5
2024-02-16 14:52:09,1336.10456,359.994,1073.808,291.506,360.000,0,0,20,5e-07,5
2024-02-16 14:52:13,1336.06044,359.982,1073.8086,291.506,360.000,0,0,20,5e-07,5
2024-02-16 14:52:18,1335.97788,359.961,1073.8086,291.506,360.000,0,0,20,5e-07,5
2024-02-16 14:52:22,1335.94063,359.951,1073.80979,291.507,360.000,0,0,20,5e-07,5
2024-02-16 14:52:26,1335.90337,359.941,1073.81069,291.507,360.000,0,0,20,5e-07,5
2024-02-16 14:52:30,1335.86641,359.931,1073.80979,291.507,360.000,0,0,20,5e-07,5
2024-02-16 14:52:34,1335.83035,359.922,1073.8092,291.507,360.000,0,0,20,5e-07,5
2024-02-16 14:52:38,1335.79577,359.913,1073.81098,291.507,360.000,0,0,20,5e-07,5
2024-02-16 14:52:43,1335.72871,359.895,1073.81128,291.507,360.000,0,0,20,5e-07,5
2024-02-16 14:52:47,1335.69592,359.887,1073.81098,291.507,360.000,0,0,20,5e-07,5
2024-02-16 14:52:51,1335.66433,359.878,1073.81188,291.507,360.000,0,0,20,5e-07,5
