time,sample_holder_res,sample_holder_temp,exhaust_res,exhaust_temp,target_temp,cooling_active,heating_active,proportional,integral,derivative
2024-04-04 10:27:02,1146.2603,310.550,1064.17156,289.033,-1.000,0,0,46.2,0.0858,7.41
2024-04-04 10:27:06,1146.2454,310.546,1064.17454,289.034,-1.000,0,0,46.2,0.0858,7.41
2024-04-04 10:27:10,1146.22364,310.540,1064.17961,289.035,-1.000,0,0,46.2,0.0858,7.41
2024-04-04 10:27:14,1146.20009,310.534,1064.18348,289.036,-1.000,0,0,46.2,0.0858,7.41
2024-04-04 10:27:18,1146.17297,310.527,1064.18885,289.038,-1.000,0,0,46.2,0.0858,7.41
2024-04-04 10:27:22,1146.1539,310.522,1064.18706,289.037,-1.000,0,0,46.2,0.0858,7.41
2024-04-04 10:27:26,1146.1223,310.514,1064.19213,289.039,-1.000,0,0,46.2,0.0858,7.41
2024-04-04 10:27:31,1146.09399,310.507,1064.19481,289.039,-1.000,0,0,46.2,0.0858,7.41
2024-04-04 10:27:35,1146.06686,310.500,1064.19839,289.040,-1.000,0,0,46.2,0.0858,7.41
2024-04-04 10:27:39,1146.03914,310.492,1064.20196,289.041,-1.000,0,0,46.2,0.0858,7.41
2024-04-04 10:27:43,1146.01411,310.486,1064.20494,289.042,-1.000,0,0,46.2,0.0858,7.41
2024-04-04 10:27:47,1145.95986,310.472,1064.21031,289.043,-1.000,0,0,46.2,0.0858,7.41
2024-04-04 10:27:51,1145.93274,310.465,1064.21567,289.045,-1.000,0,0,46.2,0.0858,7.41
2024-04-04 10:27:55,1145.90651,310.458,1064.21746,289.045,-1.000,0,0,46.2,0.0858,7.41
2024-04-04 10:27:59,1145.88028,310.451,1064.21776,289.045,-1.000,0,0,46.2,0.0858,7.41
2024-04-04 10:28:04,1145.85346,310.444,1064.21478,289.044,-1.000,0,0,46.2,0.0858,7.41
2024-04-04 10:28:08,1145.82663,310.438,1064.21031,289.043,-1.000,0,0,46.2,0.0858,7.41
2024-04-04 10:28:12,1145.8001,310.431,1064.20733,289.042,-1.000,0,0,46.2,0.0858,7.41
2024-04-04 10:28:16,1145.77358,310.424,1064.21001,289.043,-1.000,0,0,46.2,0.0858,7.41
2024-04-04 10:28:20,1145.74556,310.417,1064.20494,289.042,-1.000,0,0,46.2,0.0858,7.41
2024-04-04 10:28:24,1145.71963,310.410,1064.20375,289.042,-1.000,0,0,46.2,0.0858,7.41
2024-04-04 10:28:28,1145.6934,310.403,1064.20167,289.041,310.441,0,0,46.2,0.0858,7.41
2024-04-04 10:28:33,1145.64035,310.389,1064.20405,289.042,310.441,0,0,46.2,0.0858,7.41
2024-04-04 10:28:37,1145.61352,310.382,1064.20465,289.042,310.441,0,0,46.2,0.0858,7.41
2024-04-04 10:28:41,1145.59057,310.376,1064.20554,289.042,310.441,0,0,46.2,0.0858,7.41
2024-04-04 10:28:45,1145.66538,310.396,1064.20703,289.042,310.441,0,0,46.2,0.0858,7.41
2024-04-04 10:28:49,1145.6928,310.403,1064.20643,289.042,310.441,0,0,46.2,0.0858,7.41
2024-04-04 10:28:53,1145.68386,310.401,1064.20673,289.042,310.441,0,0,46.2,0.0858,7.41
2024-04-04 10:28:57,1145.66419,310.396,1064.20524,289.042,310.441,0,0,46.2,0.0858,7.41
2024-04-04 10:29:01,1145.64035,310.389,1064.20792,289.043,310.441,0,0,46.2,0.0858,7.41
2024-04-04 10:29:05,1145.61352,310.382,1064.2118,289.044,310.441,0,0,46.2,0.0858,7.41
2024-04-04 10:29:10,1145.58461,310.375,1064.21269,289.044,310.441,0,0,46.2,0.0858,7.41
2024-04-04 10:29:14,1145.55689,310.368,1064.21329,289.044,310.441,0,0,46.2,0.0858,7.41
2024-04-04 10:29:18,1145.49817,310.353,1064.2115,289.044,310.441,0,0,46.2,0.0858,7.41
2024-04-04 10:29:22,1145.46926,310.345,1064.21418,289.044,310.441,0,0,46.2,0.0858,7.41
2024-04-04 10:29:26,1145.43975,310.338,1064.21657,289.045,310.441,0,0,46.2,0.0858,7.41
2024-04-04 10:29:30,1145.41174,310.330,1064.21985,289.046,310.441,0,0,46.2,0.0858,7.41
2024-04-04 10:29:34,1145.38342,310.323,1064.21925,289.046,310.441,0,0,46.2,0.0858,7.41
2024-04-04 10:29:39,1145.3554,310.316,1064.21836,289.045,310.347,0,0,46.2,0.0858,7.41
2024-04-04 10:29:43,1145.32679,310.308,1064.21627,289.045,310.347,0,0,46.2,0.0858,7.41
2024-04-04 10:29:47,1145.29997,310.301,1064.21687,289.045,310.347,0,0,46.2,0.0858,7.41
2024-04-04 10:29:51,1145.27135,310.294,1064.21657,289.045,310.347,0,0,46.2,0.0858,7.41
2024-04-04 10:29:55,1145.24423,310.287,1064.21746,289.045,310.347,0,0,46.2,0.0858,7.41
2024-04-04 10:29:59,1145.19058,310.273,1064.22044,289.046,310.347,0,0,46.2,0.0858,7.41
2024-04-04 10:30:04,1145.16375,310.266,1064.21836,289.045,310.347,0,0,46.2,0.0858,7.41
2024-04-04 10:30:08,1145.13663,310.259,1064.21925,289.046,310.347,0,0,46.2,0.0858,7.41
2024-04-04 10:30:12,1145.10981,310.252,1064.22044,289.046,310.347,0,0,46.2,0.0858,7.41
2024-04-04 10:30:16,1145.08358,310.245,1064.22223,289.046,310.347,0,0,46.2,0.0858,7.41
2024-04-04 10:30:20,1145.05735,310.239,1064.22402,289.047,310.347,0,0,46.2,0.0858,7.41
2024-04-04 10:30:25,1145.03023,310.232,1064.22372,289.047,310.347,0,0,46.2,0.0858,7.41
2024-04-04 10:30:29,1145.0034,310.225,1064.22521,289.047,310.347,0,0,46.2,0.0858,7.41
2024-04-04 10:30:33,1144.97687,310.218,1064.22432,289.047,310.347,0,0,46.2,0.0858,7.41
2024-04-04 10:30:37,1144.95094,310.211,1064.2264,289.047,310.347,0,0,46.2,0.0858,7.41
2024-04-04 10:30:41,1144.89729,310.197,1064.2273,289.048,310.347,0,1,46.2,0.0858,7.41
2024-04-04 10:30:45,1144.96614,310.215,1064.2264,289.047,310.356,0,1,46.2,0.0858,7.41
2024-04-04 10:30:50,1145.1566,310.264,1064.22581,289.047,310.356,0,0,46.2,0.0858,7.41
2024-04-04 10:30:54,1145.29281,310.300,1064.2264,289.047,310.356,0,0,46.2,0.0858,7.41
2024-04-04 10:30:58,1145.32292,310.307,1064.23088,289.048,310.356,0,0,46.2,0.0858,7.41
2024-04-04 10:31:02,1145.31785,310.306,1064.23088,289.048,310.356,0,0,46.2,0.0858,7.41
2024-04-04 10:31:06,1145.29907,310.301,1064.22879,289.048,310.356,0,0,46.2,0.0858,7.41
2024-04-04 10:31:10,1145.27254,310.294,1064.22998,289.048,310.356,0,0,46.2,0.0858,7.41
2024-04-04 10:31:15,1145.24065,310.286,1064.22849,289.048,310.356,0,0,46.2,0.0858,7.41
