time,voltage,current,shunt_voltage,temperature,temperature old
2024-02-26 15:56:45,0.15377181,0.0238262678472536,1.12291056,290.0532807235905,290.0532807235905
2024-02-26 15:56:49,0.153917511,0.023822708899597,1.12274283,290.32748514271094,290.3275137864387
2024-02-26 15:56:53,0.154121131,0.0238214224332737,1.1226822,290.6720701641731,290.6721274516286
2024-02-26 15:56:57,0.15419715,0.0238173260257463,1.12248914,290.83878712750595,290.8388730586892
2024-02-26 15:57:01,0.154255068,0.0238168587984918,1.12246712,290.93788314746826,290.9379977223793
2024-02-26 15:57:05,0.154307255,0.0238151560288653,1.12238687,291.0406850926293,291.0408283112681
2024-02-26 15:57:10,0.154353711,0.0238157066440903,1.12241282,291.11041432760453,291.11059335090306
2024-02-26 15:57:14,0.154398658,0.0238145033535543,1.12235611,291.1961912239396,291.19639889096584
2024-02-26 15:57:18,0.154462308,0.0238146249344884,1.12236184,291.29842633454183,291.29866264529585
2024-02-26 15:57:22,0.154498507,0.0238141127244101,1.1223377,291.36269363857167,291.36295859305346
2024-02-26 15:57:26,0.154527165,0.02381225654638,1.12225022,291.42888530233046,291.42917890054
2024-02-26 15:57:30,0.154550393,0.0238118533984311,1.12223122,291.4709069614895,291.4712292034268
2024-02-26 15:57:35,0.154576335,0.0238115077521106,1.12221493,291.5167319214761,291.5170899680731
2024-02-26 15:57:39,0.154607105,0.0238108612301104,1.12218446,291.57360067556397,291.57398736588874
2024-02-26 15:57:43,0.154639081,0.0238095874947749,1.12212443,291.6390645400908,291.6394798741433
2024-02-26 15:57:47,0.154659292,0.0238086721367477,1.12208129,291.68160146336055,291.6820454411408
2024-02-26 15:57:51,0.15468071,0.0238082626233049,1.12206199,291.72075787603956,291.7212304975476
2024-02-26 15:57:55,0.154696094,0.0238081921785054,1.12205867,291.746510349509,291.7470116147448
2024-02-26 15:58:00,0.154712685,0.0238077824528794,1.12203936,291.77780857882766,291.77834564872313
2024-02-26 15:58:04,0.154732293,0.023806905712182,1.12199804,291.8189654999924,291.8195312136156
2024-02-26 15:58:08,0.154762158,0.0238061567057295,1.12196274,291.87546884125044,291.87606319860146
2024-02-26 15:58:12,0.154778749,0.0238059071783675,1.12195098,291.90508466427707,291.9057076653558
2024-02-26 15:58:16,0.154792927,0.0238058942351965,1.12195037,291.92826989921326,291.9289215440198
2024-02-26 15:58:21,0.154812233,0.0238067136864485,1.12198899,291.95098419722376,291.95167164669
2024-02-26 15:58:25,0.154828824,0.0238065407571967,1.12198084,291.9797899067873,291.98050599998123
2024-02-26 15:58:29,0.154845114,0.0238059455835142,1.12195279,292.0125765518614,292.0133212887831
2024-02-26 15:58:33,0.154864722,0.0238056767474872,1.12194012,292.04731028785375,292.04808366850324
2024-02-26 15:58:37,0.154885838,0.0238057471922867,1.12194344,292.0809066758169,292.08170870019416
2024-02-26 15:58:42,0.154895793,0.0238051965770617,1.12191749,292.1029066095136,292.1037444385505
2024-02-26 15:58:46,0.154902128,0.0238032188180975,1.12182428,292.13414025830144,292.13500673106614
2024-02-26 15:58:50,0.154914797,0.023804095770978,1.12186561,292.1454449483592,292.1463400648517
2024-02-26 15:58:54,0.154921434,0.0238032315490853,1.12182488,292.16537678550316,292.16630054572335
2024-02-26 15:58:58,0.154946773,0.0238024443496693,1.12178778,292.21494072827306,292.215893132221
2024-02-26 15:59:03,0.1549516,0.0238019066776153,1.12176244,292.22846176297134,292.229449971579
2024-02-26 15:59:07,0.154965476,0.023802482754816,1.12178959,292.24491779588055,292.245934648216
2024-02-26 15:59:11,0.154972113,0.0238017337483635,1.12175429,292.26363373346027,292.26467922952344
2024-02-26 15:59:15,0.154990514,0.0238024059445225,1.12178597,292.2864371145628,292.2875112543537
2024-02-26 15:59:19,0.154999564,0.0238023482307109,1.12178325,292.30175400197527,292.302856785494
2024-02-26 15:59:23,0.155009217,0.02380127946428,1.12173288,292.3287729414264,292.3299043686729
2024-02-26 15:59:28,0.155031238,0.0238023291342291,1.12178235,292.35345893274217,292.3546261646483
2024-02-26 15:59:32,0.155040288,0.0238019257740971,1.12176334,292.37244189743745,292.3736377730714
2024-02-26 15:59:36,0.155043907,0.0238010360902287,1.12172141,292.3877410506434,292.3889655700051
2024-02-26 15:59:40,0.155052354,0.023800191177001,1.12168159,292.41042762217467,292.4116807852641
2024-02-26 15:59:44,0.155068643,0.0238004152423874,1.12169215,292.43454427675545,292.43582608357264
2024-02-26 15:59:48,0.155072263,0.0238006202112919,1.12170181,292.4382353497115,292.43954580025644
2024-02-26 15:59:53,0.155074677,0.0237982965938241,1.1215923,292.46678318178834,292.46812943699297
2024-02-26 15:59:57,0.155091268,0.0237987894952375,1.12161553,292.4885404665195,292.4899153654519
2024-02-26 16:00:01,0.155101223,0.0238002361598248,1.12168371,292.4893705908003,292.4907741334605
2024-02-26 16:00:05,0.155113892,0.0238002104856659,1.1216825,292.5102428326418,292.5116750190297
2024-02-26 16:00:09,0.155125054,0.0238001657150253,1.12168039,292.52886408643076,292.5303249165464
2024-02-26 16:00:13,0.155132897,0.0237997432584114,1.12166048,292.54608974122425,292.5475792150677
2024-02-26 16:00:18,0.155140438,0.0237986038349979,1.12160678,292.5704278843758,292.57195316287897
2024-02-26 16:00:22,0.155143757,0.0237986551833156,1.1216092,292.5752588073012,292.5768127295321
2024-02-26 16:00:26,0.155149488,0.0237977270943005,1.12156546,292.5944154102693,292.5959979762279
2024-02-26 16:00:30,0.155161253,0.0237984118092643,1.12159773,292.60627588954037,292.6078870992268
2024-02-26 16:00:34,0.155171509,0.0237982454576896,1.12158989,292.6247147340238,292.626354587438
2024-02-26 16:00:38,0.155179352,0.023797912542357,1.1215742,292.64099306433855,292.64266156148045
2024-02-26 16:00:43,0.155185687,0.0237981750128901,1.12158657,292.6484863975964,292.650190699398
2024-02-26 16:00:47,0.155197452,0.0237982711318484,1.1215911,292.666595893515,292.6683288390444
2024-02-26 16:00:51,0.1552062,0.0237979829871565,1.12157752,292.6838732644785,292.6856348537356
2024-02-26 16:00:55,0.155210122,0.0237972853290217,1.12154464,292.69764150731305,292.69943174029794
2024-02-26 16:00:59,0.15522249,0.0237974966634202,1.1215546,292.71550983326216,292.7173287099748
2024-02-26 16:01:04,0.155226411,0.0237966197105397,1.12151327,292.73117535851185,292.7330300398842
2024-02-26 16:01:08,0.15522973,0.0237962931607011,1.12149788,292.7400211942606,292.7419045193607
2024-02-26 16:01:12,0.155236969,0.0237968308327551,1.12152322,292.746069778922,292.74798174774986
2024-02-26 16:01:16,0.155243606,0.0237967990052854,1.12152172,292.7571882551469,292.75912886770254
2024-02-26 16:01:20,0.155248432,0.0237968758155789,1.12152534,292.7642031317758,292.7661723880592
2024-02-26 16:01:24,0.155257181,0.0237968244672612,1.12152292,292.77896864473894,292.7809665447501
2024-02-26 16:01:29,0.155268945,0.0237965749398991,1.12151116,292.8007432440689,292.80277694873973
2024-02-26 16:01:33,0.155270755,0.0237952882613926,1.12145052,292.81733630694043,292.81939865533906
2024-02-26 16:01:37,0.155280408,0.0237967412914738,1.121519,292.8175871050453,292.8196780971716
2024-02-26 16:01:41,0.155288252,0.0237967796966205,1.12152081,292.8299252054494,292.8320448413035
2024-02-26 16:01:45,0.15529338,0.0237966260760337,1.12151357,292.83988081678376,292.84202909636565
2024-02-26 16:01:50,0.155298508,0.0237962356590726,1.12149517,292.852346308295,292.85453039253656
2024-02-26 16:01:54,0.155308463,0.0237965301692584,1.12150905,292.8654006020085,292.8676133299778
2024-02-26 16:01:58,0.155312988,0.0237949235185904,1.12143333,292.8898210677541,292.8920624394512
2024-02-26 16:02:02,0.155314798,0.0237952564339229,1.12144902,292.8892012109583,292.89147122638315
2024-02-26 16:02:06,0.155319322,0.0237947251273629,1.12142398,292.9021896630024,292.904488322155
2024-02-26 16:02:11,0.155324752,0.0237956148112312,1.12146591,292.9015392002333,292.9038736640456
2024-02-26 16:02:15,0.155333199,0.0237947571670157,1.12142549,292.9243873539566,292.9267504614967
2024-02-26 16:02:19,0.155347377,0.0237952948390697,1.12145083,292.9417343852533,292.9441261365211
2024-02-26 16:02:23,0.155352807,0.0237949746547249,1.12143574,292.95395476069257,292.95637515568814
2024-02-26 16:02:27,0.155360348,0.0237953843803509,1.12145505,292.9618516818899,292.96430072061327
2024-02-26 16:02:31,0.155360348,0.0237951219098179,1.12144268,292.96461424928214,292.96709193173325
2024-02-26 16:02:36,0.155367588,0.0237951730459524,1.12144509,292.97582704156525,292.97834052867603
2024-02-26 16:02:40,0.155372716,0.0237947762634975,1.12142639,292.9883707765851,292.99091290742365
2024-02-26 16:02:44,0.155386894,0.0237951859891234,1.1214457,293.0070775203897,293.00964829495604
2024-02-26 16:02:48,0.155380861,0.0237947251273629,1.12142398,293.0021241139525,293.00472353224654
2024-02-26 16:02:52,0.155396246,0.0237953716493631,1.12145445,293.02027794126724,293.02290600328905
2024-02-26 16:02:56,0.155388704,0.0237941042795215,1.12139472,293.021445852911,293.02410255866056
2024-02-26 16:03:01,0.155397151,0.0237955507319257,1.12146289,293.01978267627686,293.02247518668617
2024-02-26 16:03:05,0.155407105,0.0237947314928568,1.12142428,293.04468179142077,293.0474029455578
2024-02-26 16:03:09,0.155409217,0.0237939954295753,1.12138959,293.0559240596128,293.0586738574776
2024-02-26 16:03:13,0.155418568,0.0237934768540031,1.12136515,293.0766449167504,293.079423358343
2024-02-26 16:03:17,0.155425507,0.0237944626568298,1.12141161,293.0774303070454,293.08023739236575
2024-02-26 16:03:21,0.155422188,0.0237938161348296,1.12138114,293.078874339416,293.0817100684641
2024-02-26 16:03:26,0.155430333,0.0237929457596262,1.12134012,293.10136784132465,293.1042393750324
2024-02-26 16:03:30,0.155430333,0.0237938674831473,1.12138356,293.09153102678755,293.0944312042231
2024-02-26 16:03:34,0.155448734,0.0237937906728539,1.12137994,293.1222936952885,293.12522251645174
2024-02-26 16:03:38,0.155449941,0.0237938481744824,1.12138265,293.1236192356862,293.12657670057723
2024-02-26 16:03:42,0.155453561,0.0237935793384554,1.12136998,293.1323484152306,293.1353345238494
2024-02-26 16:03:46,0.155447226,0.0237936050126142,1.12137119,293.1217271407672,293.12474189311376
2024-02-26 16:03:51,0.155456879,0.0237923376427727,1.12131146,293.1509047448352,293.15395530184145
2024-02-26 16:03:55,0.155455672,0.0237924655892007,1.12131749,293.1475479774224,293.1506271781564
2024-02-26 16:03:59,0.155466834,0.0237924464927189,1.12131659,293.1659060167626,293.1690138612244
2024-02-26 16:04:03,0.155474677,0.023792689654587,1.12132805,293.1760655059857,293.17920199417523
2024-02-26 16:04:07,0.155477995,0.0237924912633595,1.1213187,293.183553920246,293.1867190521633
2024-02-26 16:04:11,0.15547709,0.0237926639804282,1.12132684,293.18021237436506,293.1834061500101
2024-02-26 16:04:16,0.15548433,0.0237917488345841,1.12128371,293.201713538586,293.2049431188907
2024-02-26 16:04:20,0.155486442,0.0237913582054399,1.1212653,293.2092845862687,293.2125428103012
2024-02-26 16:04:24,0.155489458,0.023791761565572,1.12128431,293.2098747991488,293.21316166690906
2024-02-26 16:04:28,0.155501525,0.0237926064787997,1.12132413,293.22050852528855,293.2238240367766
2024-02-26 16:04:32,0.15550243,0.0237923503737605,1.12131206,293.22468097855693,293.2280251337727
2024-02-26 16:04:37,0.155508463,0.0237926703459221,1.12132714,293.2310664359313,293.2344463958068
2024-02-26 16:04:41,0.155519021,0.0237927600993865,1.12133137,293.24728160873747,293.2506902123407
2024-02-26 16:04:45,0.155520228,0.0237927471562155,1.12133076,293.2493570670045,293.25279431433546
2024-02-26 16:04:49,0.155519926,0.0237923567392545,1.12131236,293.2529937847073,293.25645967576605
2024-02-26 16:04:53,0.155525054,0.0237919151861588,1.12129155,293.2660212977746,293.2695158325611
2024-02-26 16:04:58,0.155531389,0.0237929775870958,1.12134162,293.26499210834083,293.26852244778706
2024-02-26 16:05:02,0.155533802,0.0237914990950389,1.12127194,293.28463983908875,293.2881988222627
2024-02-26 16:05:06,0.155536216,0.0237920047274401,1.12129577,293.2831588305675,293.28674645746923
2024-02-26 16:05:10,0.155544059,0.0237920944809045,1.1213,293.29495141021994,293.29856768084943
2024-02-26 16:05:14,0.155546472,0.0237915952139972,1.12127647,293.3041715427635,293.3078164571208
2024-02-26 16:05:18,0.155552203,0.0237919983619462,1.12129547,293.3091855078074,293.3128590658924
2024-02-26 16:05:23,0.15555341,0.0237919983619462,1.12129547,293.31111606809543,293.31482543084013
2024-02-26 16:05:27,0.155553108,0.023790814167892,1.12123966,293.3232093181353,293.3269473246078
2024-02-26 16:05:31,0.155548885,0.0237903278441557,1.12121674,293.321480983254,293.3252476334542
2024-02-26 16:05:35,0.155563063,0.023791761565572,1.12128431,293.3292785564953,293.33307385042326
2024-02-26 16:05:39,0.15556608,0.023790686221464,1.12123363,293.34562062611275,293.3494445637685
2024-02-26 16:05:44,0.155577844,0.0237919408603177,1.12129276,293.3513845824023,293.3552443247177
2024-02-26 16:05:48,0.155578146,0.0237903598838085,1.12121825,293.3686915830785,293.37257996912166
2024-02-26 16:05:52,0.15557513,0.0237925169375184,1.12131991,293.3407690042159,293.3446860339868
2024-02-26 16:05:56,0.155586291,0.0237915438656795,1.12127405,293.36928971058813,293.37323538408685
2024-02-26 16:06:00,0.155589609,0.0237915375001856,1.12127375,293.3747345202523,293.3787088374787
2024-02-26 16:06:04,0.155585989,0.0237908014369041,1.12123906,293.37665058983345,293.38065355078766
2024-02-26 16:06:09,0.155587799,0.0237904621560776,1.12122307,293.38317876210533,293.38721752771926
2024-02-26 16:06:13,0.155588403,0.0237898990220479,1.12119653,293.3901346748311,293.3942020841727
2024-02-26 16:06:17,0.155596849,0.0237904237509309,1.12122126,293.3982755288775,293.4023715819469
2024-02-26 16:06:21,0.155604089,0.0237909614229849,1.1212466,293.40431329894403,293.4084379957412
2024-02-26 16:06:25,0.155607407,0.0237899374271946,1.12119834,293.42060290046646,293.4247562409914
2024-02-26 16:06:29,0.155614044,0.0237914543243983,1.12126983,293.41522253203397,293.41940451628665
2024-02-26 16:06:34,0.155614044,0.0237896876876494,1.12118657,293.4340138582803,293.4382316471927
2024-02-26 16:06:38,0.155618267,0.0237902317251973,1.12121221,293.43506758657503,293.4393140192152
2024-02-26 16:06:42,0.15561525,0.0237893549845,1.12117089,293.439467516419,293.44374259278686
2024-02-26 16:06:46,0.155619775,0.0237903278441557,1.12121674,293.4364428656765,293.44074658577216
2024-02-26 16:06:50,0.155628523,0.0237902958045029,1.12121523,293.45100876731203,293.45534113113547
2024-02-26 16:06:54,0.155633048,0.0237900653736226,1.12120437,293.4608088608233,293.4651698683745
2024-02-26 16:06:59,0.155629127,0.0237892715965295,1.12116696,293.46284535985,293.4672421720609
2024-02-26 16:07:03,0.155635461,0.0237900910477815,1.12120558,293.4644023061844,293.46882776212306
2024-02-26 16:07:07,0.155636668,0.0237894124861285,1.1211736,293.47357334991324,293.47802744957966
2024-02-26 16:07:11,0.15564059,0.0237901742235688,1.1212095,293.4718152054427,293.4762979488369
2024-02-26 16:07:15,0.155646321,0.0237896620134906,1.12118536,293.48658431159436,293.49109569871626
2024-02-26 16:07:20,0.155643606,0.0237883051023677,1.12112141,293.496590343342,293.50113753512363
2024-02-26 16:07:24,0.155645718,0.0237888941227394,1.12114917,293.4937234626828,293.4982992981922
2024-02-26 16:07:28,0.155648131,0.0237888684485806,1.12114796,293.4979003108298,293.5025047900669
2024-02-26 16:07:32,0.155654164,0.0237888875450623,1.12114886,293.5074983833813,293.5121315063462
2024-02-26 16:07:36,0.155665326,0.0237892461345538,1.12116576,293.521834018568,293.52649578526064
2024-02-26 16:07:40,0.155668041,0.0237900974132754,1.12120588,293.5171530291362,293.5218434395566
2024-02-26 16:07:45,0.155672264,0.0237893868119696,1.12117239,293.5315743742646,293.5363005893447
2024-02-26 16:07:49,0.15567528,0.0237899628891703,1.12119954,293.5303176634693,293.5350725222772
2024-02-26 16:07:53,0.155676789,0.023789738823784,1.12118898,293.5351367454068,293.53992024794246
2024-02-26 16:07:57,0.15568071,0.0237883307765266,1.12112262,293.55651131080873,293.5613234570721
2024-02-26 16:08:01,0.155681917,0.023789073205302,1.12115761,293.5505323809934,293.5553731709845
2024-02-26 16:08:05,0.15568433,0.0237884780316195,1.12112956,293.56078238577066,293.5656518194896
2024-02-26 16:08:10,0.155684029,0.0237889325278861,1.12115098,293.55540941602527,293.56031465440384
2024-02-26 16:08:14,0.155690967,0.0237878058354604,1.12109788,293.57870160639186,293.5836354884982
2024-02-26 16:08:18,0.15568614,0.0237879530905533,1.12110482,293.5692368497024,293.5741993755365
2024-02-26 16:08:22,0.155692777,0.0237884459919667,1.12112805,293.57476647224195,293.57975764180384
2024-02-26 16:08:26,0.155694285,0.0237881644249518,1.12111478,293.5801979682123,293.5852177815019
2024-02-26 16:08:31,0.155690665,0.0237870954463378,1.1210644,293.58566438502515,293.5907200029745
2024-02-26 16:08:35,0.155698207,0.0237880492095117,1.12110935,293.5877532011625,293.5928374628396
2024-02-26 16:08:39,0.155703636,0.0237874154184993,1.12107948,293.60333128164683,293.6084441870517
2024-02-26 16:08:43,0.155699413,0.023787063406685,1.12106289,293.60017569081595,293.60531723994853
2024-02-26 16:08:47,0.155700922,0.02378746018914,1.12108159,293.5983738281255,293.60354402098585
2024-02-26 16:08:51,0.155711781,0.0237866218535893,1.12104208,293.6249834158631,293.6301822524512
2024-02-26 16:08:56,0.155713893,0.0237871081773256,1.121065,293.6232014025739,293.6284360438217
2024-02-26 16:09:00,0.155713893,0.0237874347271643,1.12108039,293.619689341564,293.6249526265396
2024-02-26 16:09:04,0.155715401,0.0237871018118317,1.1210647,293.62566942957443,293.6309613582778
2024-02-26 16:09:08,0.155718116,0.0237867434345234,1.12104781,293.63388825018313,293.63920882261425
2024-02-26 16:09:12,0.155727166,0.0237869993273794,1.12105987,293.6458775458936,293.65122676205243
2024-02-26 16:09:17,0.155731691,0.0237880235353528,1.12110814,293.64228902003015,293.6476740408487
2024-02-26 16:09:21,0.155731087,0.0237874985942867,1.1210834,293.64687628423263,293.65228994877896
2024-02-26 16:09:25,0.155735311,0.0237868777464454,1.12105414,293.66035478976164,293.6657970980357
2024-02-26 16:09:29,0.155729579,0.0237870506756971,1.12106229,293.6491402327281,293.6546111847299
2024-02-26 16:09:33,0.155732294,0.0237863914227091,1.12103122,293.6605696785195,293.6660692742491
2024-02-26 16:09:37,0.155741042,0.0237874217839933,1.12107978,293.6638036223426,293.66933186179995
2024-02-26 16:09:42,0.15574979,0.0237876074442329,1.12108853,293.6760424404905,293.6816064846075
2024-02-26 16:09:46,0.155750695,0.023788138750793,1.12111357,293.67181981013454,293.67741249797933
2024-02-26 16:09:50,0.155754315,0.0237884012213261,1.12112594,293.6748896808778,293.6805110124504
2024-02-26 16:09:54,0.155756427,0.0237871211204966,1.12106561,293.6919611605439,293.69761113584417
2024-02-26 16:09:58,0.155757332,0.02378746018914,1.12108159,293.6897893003529,293.695467919381
2024-02-26 16:10:02,0.15576065,0.0237877546993258,1.12109547,293.69202506251565,293.6977323252715
2024-02-26 16:10:07,0.155766985,0.0237869929618855,1.12105957,293.7104411921514,293.7161842595669
2024-02-26 16:10:11,0.155764873,0.0237860778160414,1.12101644,293.71673697036476,293.72250868150803
2024-02-26 16:10:15,0.155770906,0.0237874858632988,1.1210828,293.71151366869015,293.7173140235612
2024-02-26 16:10:19,0.155769097,0.0237864552898315,1.12103423,293.7195349942857,293.7253639928845
2024-02-26 16:10:23,0.155774225,0.0237870697721789,1.12106319,293.72130540834775,293.7271630506743
2024-02-26 16:10:27,0.155774225,0.0237871145428196,1.1210653,293.72079897779344,293.72668526384774
2024-02-26 16:10:32,0.155776638,0.0237871722566312,1.12106802,293.7240795232994,293.7300016140134
2024-02-26 16:10:36,0.155777845,0.023787191353113,1.12106892,293.7258140269927,293.7317647614345
2024-02-26 16:10:40,0.15578418,0.023787473132311,1.1210822,293.7331017446191,293.7390811227886
2024-02-26 16:10:44,0.15577332,0.0237851176873736,1.12097119,293.74051425968617,293.74652228158345
2024-02-26 16:10:48,0.15577694,0.0237857449007089,1.12100075,293.7396907379189,293.745727403544
2024-02-26 16:10:53,0.155785688,0.0237868457067926,1.12105263,293.74216234525414,293.74823481553886
2024-02-26 16:10:57,0.155785084,0.0237860457763886,1.12101493,293.74968728622065,293.75578840023314
2024-02-26 16:11:01,0.155783275,0.0237856744559094,1.12099743,293.7506738678435,293.75680362558376
2024-02-26 16:11:05,0.155799866,0.0237860457763886,1.12101493,293.77372039516627,293.7798787966343
2024-02-26 16:11:09,0.155798357,0.0237862314366283,1.12102368,293.76925068444626,293.775437729642
2024-02-26 16:11:13,0.155797453,0.0237868202448168,1.12105143,293.761463794691,293.76767948361453
2024-02-26 16:11:18,0.155800469,0.0237869034206042,1.12105535,293.7654552212002,293.7717067147835
2024-02-26 16:11:22,0.155805597,0.0237861096435111,1.12101794,293.7822567508595,293.7885368881705
2024-02-26 16:11:26,0.155808312,0.0237862953037507,1.12102669,293.78467081393376,293.7909795949725
2024-02-26 16:11:30,0.155813742,0.0237859432919364,1.1210101,293.7972493837688,293.80358680853533
2024-02-26 16:11:34,0.155811631,0.0237860905470293,1.12101704,293.79220833650385,293.79857440499813
2024-02-26 16:11:39,0.155812234,0.023786269841775,1.12102549,293.79124119859097,293.7976430717449
2024-02-26 16:11:43,0.155819474,0.0237863593830563,1.12102971,293.8020557288863,293.808486245768
2024-02-26 16:11:47,0.155823999,0.0237871145428196,1.1210653,293.80133954265983,293.8077987032693
2024-02-26 16:11:51,0.155824602,0.0237866473155651,1.12104328,293.80728159114415,293.81376939548136
2024-02-26 16:11:55,0.155821284,0.0237860585073765,1.12101553,293.80813176237996,293.81464821044494
2024-02-26 16:12:00,0.155825507,0.0237860521418826,1.12101523,293.8150462672631,293.8215985199878
2024-02-26 16:12:04,0.15582973,0.0237853865234006,1.12098386,293.8290068885027,293.8355877849551
2024-02-26 16:12:08,0.155837875,0.0237853097131071,1.12098024,293.8430729512923,293.8496824914725
2024-02-26 16:12:12,0.15582792,0.0237852776734544,1.12097873,293.82716193988205,293.83380012379
2024-02-26 16:12:16,0.155830032,0.0237861096435111,1.12101794,293.82169228392746,293.8283591115632
2024-02-26 16:12:20,0.155832143,0.0237858344419901,1.12100497,293.8280423457034,293.83473781706687
2024-02-26 16:12:25,0.15583516,0.0237854119853763,1.12098506,293.83743431203675,293.8441655880599
2024-02-26 16:12:29,0.155843305,0.0237861993969755,1.12102217,293.842272185137,293.84903210488795
2024-02-26 16:12:33,0.155842701,0.0237856040111099,1.12099411,293.847616703541,293.85440526701973
2024-02-26 16:12:37,0.155845115,0.0237857833058556,1.12100256,293.849607773627,293.8564249808334
2024-02-26 16:12:41,0.155843908,0.0237855017388407,1.12098929,293.85061866469164,293.85746451562585
2024-02-26 16:12:45,0.155843606,0.0237858857903079,1.12100739,293.8459968249407,293.8528713196027
2024-02-26 16:12:50,0.155842701,0.0237846695566009,1.12095007,293.85747372301154,293.8643840223332
2024-02-26 16:12:54,0.155847226,0.0237855272008164,1.12099049,293.8556613044373,293.86260024748674
2024-02-26 16:12:58,0.155849036,0.0237847272704125,1.12095279,293.8671251386619,293.8740927254391
2024-02-26 16:13:02,0.155858689,0.0237845607066547,1.12094494,293.88460827674743,293.8916045072524
2024-02-26 16:13:06,0.155850243,0.0237852072286549,1.12097541,293.86390941853097,293.87093429276365
2024-02-26 16:13:10,0.155862611,0.0237854119853763,1.12098506,293.8818514423016,293.88890496026204
2024-02-26 16:13:15,0.155859896,0.0237858344419901,1.12100497,293.8728791516016,293.87996847422176
2024-02-26 16:13:19,0.155865929,0.0237857705748677,1.12100196,293.8833649537004,293.89048292004827
2024-02-26 16:13:23,0.155869851,0.0237852583647894,1.12097782,293.8951988024717,293.9023454125474
2024-02-26 16:13:27,0.155868041,0.0237844518567084,1.12093981,293.9008343391793,293.90800959298275
2024-02-26 16:13:31,0.155868342,0.0237846631911069,1.12094977,293.8990390054387,293.9062429029699
2024-02-26 16:13:35,0.155877694,0.0237855465094814,1.1209914,293.904817898746,293.9120504400049
2024-02-26 16:13:40,0.155879202,0.0237850279339092,1.12096696,293.9127788378019,293.92004718372056
2024-02-26 16:13:44,0.155878599,0.0237860264677237,1.12101402,293.9011021336168,293.9083991232632
2024-02-26 16:13:48,0.155884632,0.0237856744559094,1.12099743,293.91466574539453,293.92199137876867
2024-02-26 16:13:52,0.155882219,0.0237850152029213,1.12096636,293.9177461152332,293.9251003923351
2024-02-26 16:13:56,0.155886744,0.0237842918706277,1.12093227,293.93281932366136,293.94020224449105
2024-02-26 16:14:00,0.155885537,0.0237835751160111,1.12089849,293.9384803762788,293.94589194083625
2024-02-26 16:14:05,0.155885839,0.0237844838963612,1.12094132,293.9292285214511,293.9366758906682
2024-02-26 16:14:09,0.155894888,0.0237850856477208,1.12096968,293.9375202819764,293.9449962949213
2024-02-26 16:14:13,0.155887045,0.0237850215684152,1.12096666,293.92539334153685,293.9328979982095
2024-02-26 16:14:17,0.155897302,0.0237856487817505,1.12099622,293.9353818167598,293.94291511716017
2024-02-26 16:14:21,0.15589881,0.0237848424858526,1.12095822,293.94642425986166,293.9539862039898
2024-02-26 16:14:25,0.155894888,0.0237840550742534,1.12092111,293.9484152940342,293.9560058818901
2024-02-26 16:14:30,0.155896397,0.0237843048137986,1.12093288,293.94817095591986,293.9557973484355
2024-02-26 16:14:34,0.155899413,0.0237837414675858,1.12090633,293.95907680440433,293.9667318406477
2024-02-26 16:14:38,0.155898508,0.0237825765821965,1.12085143,293.97001932939645,293.9777030093676
2024-02-26 16:14:42,0.155901223,0.0237829092853459,1.12086711,293.97086123520717,293.9785735589061
2024-02-26 16:14:46,0.155904542,0.0237840550742534,1.12092111,293.96400019510986,293.9717411625365
2024-02-26 16:14:51,0.155914496,0.0237846759220948,1.12095037,293.9735551649605,293.98133193704683
2024-02-26 16:14:55,0.155911781,0.0237841511932118,1.12092564,293.97470776921205,293.98251318502616
2024-02-26 16:14:59,0.155914195,0.023783850317532,1.12091146,293.9818285599715,293.9896626195134
2024-02-26 16:15:03,0.155917211,0.0237838310088671,1.12091055,293.9869221247816,293.9947848280512
2024-02-26 16:15:07,0.155919625,0.0237842150603342,1.12092865,293.98672448090434,293.9946158279017
2024-02-26 16:15:12,0.15592053,0.0237850408770801,1.12096757,293.9793401155046,293.9872672671617
2024-02-26 16:15:16,0.155916306,0.0237838246433732,1.12091025,293.98542195441667,293.9933777498015
2024-02-26 16:15:20,0.155918418,0.0237837287365979,1.12090573,293.98986054006247,293.99784497917506
2024-02-26 16:15:24,0.155919926,0.0237834662660649,1.12089336,293.9950945502736,294.003107633114
2024-02-26 16:15:28,0.155922641,0.0237831462939033,1.12087828,294.0029105923772,294.01095231894533
2024-02-26 16:15:33,0.155926864,0.0237841766551875,1.12092684,293.998747692211,294.0068252234388
2024-02-26 16:15:37,0.155931088,0.0237844200292388,1.12093831,294.00300322442735,294.0111093993829
2024-02-26 16:15:41,0.155935914,0.0237839975726249,1.1209184,294.0153550543063,294.02348987298967
2024-02-26 16:15:45,0.155933803,0.0237832742403313,1.12088431,294.01961559878646,294.0277790611975
2024-02-26 16:15:49,0.155925959,0.0237830117697982,1.12087194,294.0096061760063,294.0177982821451
2024-02-26 16:15:53,0.155936517,0.0237840487087595,1.12092081,294.015705514606,294.0239262644726
2024-02-26 16:15:58,0.155941344,0.0237839655329721,1.12091689,294.02442632983303,294.0326828843593
2024-02-26 16:16:02,0.155936517,0.0237843432189454,1.12093469,294.0124938301001,294.0207790283541
2024-02-26 16:16:06,0.155940741,0.0237834342264121,1.12089185,294.02906429694127,294.0373781389231
2024-02-26 16:16:10,0.155943757,0.0237839846294539,1.12091779,294.0280693793983,294.0364118651079
2024-02-26 16:16:14,0.155946774,0.0237843366412683,1.12093438,294.029196309376,294.0375674388133
2024-02-26 16:16:18,0.155945266,0.0237832806058252,1.12088461,294.03799589686133,294.0463956700264
2024-02-26 16:16:23,0.155946472,0.0237837221589209,1.12090542,294.03520670301793,294.04364228084273
2024-02-26 16:16:27,0.15594979,0.023783850317532,1.12091146,294.0392165731478,294.0476807947004
2024-02-26 16:16:31,0.155957634,0.0237848552168405,1.12095882,294.041233297925,294.04972616320526
2024-02-26 16:16:35,0.155959142,0.0237842791396398,1.12093167,294.04981947910676,294.0583409881148
2024-02-26 16:16:39,0.15595341,0.0237832101610257,1.12088129,294.0518732589186,294.0604234116544
2024-02-26 16:16:43,0.15595341,0.0237835878469989,1.12089909,294.0478077798107,294.05638657627424
2024-02-26 16:16:48,0.15596246,0.0237838823571848,1.12091297,294.05937549510327,294.06799009622654
2024-02-26 16:16:52,0.155960952,0.0237836262521457,1.1209009,294.0596262399685,294.06826948481955
2024-02-26 16:16:56,0.155961555,0.0237826086218493,1.12085294,294.07145808282587,294.0801299714047
2024-02-26 16:17:00,0.15595884,0.0237837287365979,1.12090573,294.0550310115565,294.063731543863
2024-02-26 16:17:04,0.155963667,0.0237824293271036,1.12084449,294.0767601134029,294.0854892894372
2024-02-26 16:17:08,0.15596608,0.0237829349595048,1.12086832,294.0752596998111,294.0840175195732
2024-02-26 16:17:13,0.155970605,0.0237830054043043,1.12087164,294.08184676866847,294.0906403930902
2024-02-26 16:17:17,0.155965175,0.0237823845564629,1.12084238,294.0796037704809,294.0884260386304
2024-02-26 16:17:21,0.15597151,0.0237826788544657,1.12085625,294.0867555047851,294.0956064166624
2024-02-26 16:17:25,0.15597513,0.0237835558073462,1.12089758,294.08325296544916,294.0921325210542
2024-02-26 16:17:29,0.155979353,0.0237832678748374,1.12088401,294.09318584497146,294.10209404430424
2024-02-26 16:17:34,0.155966683,0.0237823077461695,1.12083876,294.08276130564417,294.09170530963667
2024-02-26 16:17:38,0.155971208,0.0237812451330494,1.12078868,294.1014693133054,294.1104419610257
2024-02-26 16:17:42,0.155974225,0.02378223730137,1.12083544,294.0957512529656,294.1047525444136
2024-02-26 16:17:46,0.155980861,0.0237833574161187,1.12088823,294.09456496635056,294.1035949015263
2024-02-26 16:17:50,0.155984783,0.0237833637816126,1.12088853,294.1008612404694,294.1099198193729
2024-02-26 16:17:54,0.155978146,0.0237821029894481,1.12082911,294.1034929258035,294.1125801484348
2024-02-26 16:17:59,0.155976638,0.0237822563978518,1.12083634,294.0993587972957,294.10848182458665
2024-02-26 16:18:03,0.15598237,0.0237823397858223,1.12084027,294.107782368381,294.1169340393997
2024-02-26 16:18:07,0.155987196,0.0237822757065167,1.12083725,294.11630569595235,294.12548601069886
2024-02-26 16:18:11,0.155992928,0.023782365247798,1.12084147,294.12466340872425,294.1338723671985
2024-02-26 16:18:15,0.155993531,0.0237825702167026,1.12085113,294.1234261752346,294.1326637774366
2024-02-26 16:18:20,0.156000771,0.0237827556647591,1.12085987,294.13320928342836,294.1424826902901
2024-02-26 16:18:24,0.155992023,0.0237822500323579,1.12083604,294.12432697368416,294.13362902427366
2024-02-26 16:18:28,0.155986593,0.0237809892401934,1.12077662,294.1289276800941,294.1382583744113
2024-02-26 16:18:32,0.155994134,0.0237823013806756,1.12083846,294.12716180546187,294.13652114350685
2024-02-26 16:18:36,0.156001978,0.0237826917976367,1.12085686,294.1357450945394,294.14513307631216
2024-02-26 16:18:41,0.155993531,0.0237811044556335,1.12078205,294.1389128108307,294.1483365972631
2024-02-26 16:18:45,0.156003486,0.02378128990369,1.12079079,294.15312961880403,294.1625820489642
2024-02-26 16:18:49,0.155997453,0.023781021067663,1.12077812,294.14614087920677,294.15562195309474
2024-02-26 16:18:53,0.156002883,0.0237824165961157,1.12084389,294.14004119826876,294.1495509158845
2024-02-26 16:18:57,0.156001676,0.0237816228190226,1.12080648,294.1465329697923,294.15607133113576
2024-02-26 16:19:01,0.156007709,0.0237824997719031,1.12084781,294.14696141067253,294.15652841574376
2024-02-26 16:19:06,0.156013441,0.0237816932638221,1.1208098,294.16489406398273,294.1744968737137
2024-02-26 16:19:10,0.156011631,0.0237826533924899,1.12085505,294.1516475225329,294.1612789759916
2024-02-26 16:19:14,0.156021585,0.0237821348169177,1.12083061,294.17339057478415,294.1830506719706
2024-02-26 16:19:18,0.156015251,0.0237822182048882,1.12083454,294.1621449400584,294.1718336809726
2024-02-26 16:19:22,0.156012837,0.0237810660504868,1.12078024,294.1705025889488,294.1802199735908
2024-02-26 16:19:26,0.156021284,0.023781309212355,1.1207917,294.1816436050267,294.1913896333964
2024-02-26 16:19:31,0.156022189,0.0237816739551572,1.12080889,294.17918218999426,294.1889640230237
2024-02-26 16:19:35,0.156020982,0.0237822820720107,1.12083755,294.1706824382608,294.180492915018
2024-02-26 16:19:39,0.156022792,0.0237818084792622,1.12081523,294.1786691776136,294.1885082980985
2024-02-26 16:19:43,0.156019474,0.0237812196710737,1.12078748,294.1795288775455,294.1893966417582
2024-02-26 16:19:47,0.15602249,0.0237809442573696,1.1207745,294.1873625573315,294.19725896527194
2024-02-26 16:19:51,0.156032143,0.023781309212355,1.1207917,294.19916688833985,294.2090919400081
2024-02-26 16:19:56,0.156022792,0.0237812067279027,1.12078687,294.18498319767525,294.19494405400314
2024-02-26 16:20:00,0.156025205,0.0237807972144598,1.12076757,294.19326826734914,294.2032577674048
2024-02-26 16:20:04,0.156023999,0.0237810915124625,1.12078144,294.18812583511635,294.1981439788998
2024-02-26 16:20:08,0.15603516,0.0237809442573696,1.1207745,294.2078671722267,294.21791395973787
2024-02-26 16:20:12,0.156028524,0.0237805922455552,1.12075791,294.2007855129276,294.21086094416654
2024-02-26 16:20:16,0.156029429,0.0237809187953939,1.1207733,294.19873937599635,294.20884345096306
2024-02-26 16:20:21,0.156040288,0.02378170599481,1.1208104,294.2079859578312,294.21812583745765
2024-02-26 16:20:25,0.156033652,0.0237810467418219,1.12077933,294.20419083642196,294.2143593597761
2024-02-26 16:20:29,0.156041797,0.0237811555917681,1.12078446,294.21627601679785,294.22647318387976
2024-02-26 16:20:33,0.156048735,0.023782365247798,1.12084147,294.2146184673699,294.2248442781796
2024-02-26 16:20:37,0.15604421,0.0237818596153968,1.12081764,294.21262175881367,294.22287621335107
2024-02-26 16:20:42,0.156047528,0.0237817380344627,1.12081191,294.21929535478074,294.22958561397786
2024-02-26 16:20:46,0.156045115,0.0237821988962233,1.12083363,294.2104035880969,294.2207224910218
2024-02-26 16:20:50,0.156045718,0.0237809251608878,1.1207736,294.22498267138474,294.2353302180374
2024-02-26 16:20:54,0.156050545,0.0237822757065167,1.12083725,294.21837639321535,294.22875258359574
2024-02-26 16:20:58,0.156056276,0.0237818980205435,1.12081945,294.23173016410135,294.2421349982095
2024-02-26 16:21:03,0.156049036,0.0237818725585678,1.12081825,294.22016431788296,294.23060495665084
2024-02-26 16:21:07,0.15604783,0.0237821284514238,1.12083031,294.21543255018815,294.22590183268375
2024-02-26 16:21:11,0.156053863,0.0237806756335257,1.12076184,294.2407799750483,294.2512779012717
2024-02-26 16:21:15,0.156049036,0.0237809124299,1.120773,294.2303489484044,294.24087551835555
2024-02-26 16:21:19,0.156050243,0.0237807906367827,1.12076726,294.23359089468596,294.2441461083649
2024-02-26 16:21:24,0.156057181,0.0237809826625163,1.12077631,294.2428114378805,294.2534024562191
2024-02-26 16:21:28,0.15605688,0.02378128990369,1.12079079,294.2390052402815,294.2496249023478
2024-02-26 16:21:32,0.156054768,0.0237805795145674,1.12075731,294.24313329508686,294.253781600881
2024-02-26 16:21:36,0.156057181,0.023779561884271,1.12070935,294.25792606947067,294.2686030189925
2024-02-26 16:21:40,0.156062611,0.0237799777632078,1.12072895,294.2623004658849,294.2730060591345
2024-02-26 16:21:44,0.156068946,0.0237811876314209,1.12078597,294.25965514928606,294.27038938626345
2024-02-26 16:21:49,0.156065326,0.0237812964813671,1.1207911,294.2525533756274,294.2633234172644
2024-02-26 16:21:53,0.156060801,0.0237804642991272,1.12075188,294.2540510283764,294.2648497137412
2024-02-26 16:21:57,0.156068041,0.0237807458661421,1.12076515,294.26281308888025,294.27364041797284
2024-02-26 16:22:01,0.156069248,0.02378049633878,1.12075339,294.2674219340906,294.27827790691094
2024-02-26 16:22:05,0.156069851,0.0237802786388876,1.12074313,294.27070563453464,294.2815902510827
2024-02-26 16:22:09,0.156080711,0.0237814819294236,1.12079984,294.2755070023502,294.28642026262605
2024-02-26 16:22:14,0.156083727,0.0237819043860375,1.12081975,294.27586793019645,294.286816995132
2024-02-26 16:22:18,0.156085537,0.0237811428607802,1.12078386,294.28693791689193,294.2979156255553
2024-02-26 16:22:22,0.156078599,0.0237817700741155,1.12081342,294.26888803800745,294.2798943903985
2024-02-26 16:22:26,0.156084934,0.0237805090697679,1.12075399,294.29267930679543,294.3037143029143
2024-02-26 16:22:30,0.156082521,0.0237812387675555,1.12078838,294.28090902258583,294.29197266243244
2024-02-26 16:22:34,0.156075281,0.0237801506924596,1.1207371,294.2807195050965,294.2918117886708
2024-02-26 16:22:39,0.156086141,0.0237805347439267,1.1207552,294.2942792549974,294.3054073432314
2024-02-26 16:22:43,0.156083426,0.0237791264844862,1.12068883,294.3048942506745,294.31605098263634
2024-02-26 16:22:47,0.156084029,0.0237800227460316,1.12073107,294.2962575252204,294.30744290091
2024-02-26 16:22:51,0.156086744,0.023779824142621,1.12072171,294.3027805318163,294.31399455123363
2024-02-26 16:22:55,0.156087347,0.0237803170440343,1.12074494,294.29846038355356,294.30970304669864
2024-02-26 16:22:59,0.156084029,0.0237798114116331,1.12072111,294.2984330923584,294.30970439923124
2024-02-26 16:23:04,0.156088554,0.0237800802476601,1.12073378,294.3028977028257,294.3142048143582
2024-02-26 16:23:08,0.156090364,0.023780355449181,1.12074675,294.3028749645118,294.31421071977206
2024-02-26 16:23:12,0.156093079,0.0237803106785404,1.12074464,294.30775171339957,294.31911611238763
2024-02-26 16:23:16,0.156090967,0.0237796130204056,1.12071176,294.311745823364,294.32313886607983
2024-02-26 16:23:20,0.156099414,0.0237808547160883,1.12077028,294.31220043656407,294.3236221230076
2024-02-26 16:23:25,0.156100319,0.0237798114116331,1.12072111,294.32480525021947,294.33626274132274
2024-02-26 16:23:29,0.156090665,0.0237790049035521,1.1206831,294.3176684561929,294.32915459102395
2024-02-26 16:23:33,0.15609338,0.0237791778328039,1.12069125,294.3202155903273,294.33173036888604
2024-02-26 16:23:37,0.15610424,0.0237786656227256,1.12066711,294.34337538703295,294.3549188093195
2024-02-26 16:23:41,0.156102732,0.0237804322594745,1.12075037,294.32198030042355,294.33355236643786
2024-02-26 16:23:45,0.156101223,0.0237802465992348,1.12074162,294.3214784346216,294.3330791443637
2024-02-26 16:23:50,0.156102128,0.0237794978049655,1.12070633,294.33093190489853,294.3425684193003
2024-02-26 16:23:54,0.15611148,0.0237804579336333,1.12075158,294.3358743294779,294.34753948760743
2024-02-26 16:23:58,0.156104843,0.0237802147717652,1.12074012,294.32762771182837,294.33932151368566
2024-02-26 16:24:02,0.156096699,0.0237805411094207,1.1207555,294.31082945147676,294.32255189706177
2024-02-26 16:24:06,0.156100922,0.0237788769571241,1.12067707,294.3354959521651,294.3472470414779
2024-02-26 16:24:11,0.156107558,0.0237797539100046,1.1207184,294.3368933516701,294.3486802456426
2024-02-26 16:24:15,0.156107558,0.0237801763666185,1.12073831,294.33234331867556,294.3441588563758
2024-02-26 16:24:19,0.156110877,0.0237805731490735,1.12075701,294.333479158757,294.34532334018496
2024-02-26 16:24:23,0.15611329,0.0237802211372591,1.12074042,294.34115189712287,294.35302472227863
2024-02-26 16:24:27,0.156110575,0.0237793698585375,1.1207003,294.34580820555635,294.3577096744399
2024-02-26 16:24:32,0.156104843,0.0237786849313905,1.12066802,294.3437580190085,294.3556952925517
2024-02-26 16:24:36,0.156114496,0.023779958666726,1.12072805,294.3458342397739,294.3578001570449
2024-02-26 16:24:40,0.156117513,0.0237793569153665,1.12069969,294.35716534057957,294.3691599015783
2024-02-26 16:24:44,0.156122641,0.0237793953205132,1.1207015,294.3650862692811,294.3771094740076
2024-02-26 16:24:48,0.156112385,0.023778345650564,1.12065203,294.3595720293456,294.37162387779983
2024-02-26 16:24:52,0.156117513,0.0237793248757137,1.12069818,294.35742236121325,294.36950285339526
2024-02-26 16:24:57,0.156115703,0.0237785440417915,1.12066138,294.3627937549765,294.37491005181823
2024-02-26 16:25:01,0.156111178,0.0237781536248305,1.12064298,294.35956651005296,294.3717114506224
2024-02-26 16:25:05,0.156115401,0.0237780640835492,1.12063876,294.3673819131569,294.37955549745413
2024-02-26 16:25:09,0.156119926,0.0237791330621632,1.12068914,294.3632879967011,294.3754902247261
2024-02-26 16:25:13,0.156121736,0.0237789344587526,1.12067978,294.3683363576546,294.38056722940735
2024-02-26 16:25:18,0.15612053,0.0237796257513935,1.12071236,294.35893449627713,294.37120117268955
2024-02-26 16:25:22,0.156110273,0.0237767071724263,1.12057481,294.37342511538225,294.38572043552244
2024-02-26 16:25:26,0.15611329,0.0237773150770967,1.12060346,294.3718078268331,294.3841317907011
2024-02-26 16:25:30,0.15611872,0.0237771934961626,1.12059773,294.38193463413626,294.39428724173194
2024-02-26 16:25:34,0.156125658,0.0237781408938426,1.12064238,294.3830758266551,294.39545707797856
2024-02-26 16:25:38,0.156123245,0.0237779104629623,1.12063152,294.38157972633536,294.3939896213866
2024-02-26 16:25:43,0.156123245,0.02377727667195,1.12060165,294.3883292634842,294.40077496319515
2024-02-26 16:25:47,0.156125055,0.0237774432357078,1.1206095,294.3894686304703,294.40194297390894
2024-02-26 16:25:51,0.156127468,0.0237784224608575,1.12065565,294.38289091064166,294.3953938978081
2024-02-26 16:25:55,0.156126261,0.0237776991285638,1.12062156,294.38863811697865,294.40116974787287
2024-02-26 16:25:59,0.156126563,0.0237779295594441,1.12063242,294.3866348863951,294.399195161017
2024-02-26 16:26:04,0.156134104,0.0237790946570165,1.12068733,294.3864212624546,294.3990173417362
2024-02-26 16:26:08,0.156132898,0.023779158524139,1.12069034,294.38374262687887,294.3963673498883
2024-02-26 16:26:12,0.156139233,0.0237777057062409,1.12062187,294.4095971747262,294.42225054146337
2024-02-26 16:26:16,0.156133199,0.0237783199764052,1.12065082,294.3931533150253,294.4058353254902
2024-02-26 16:26:20,0.156135311,0.0237773727909083,1.12060618,294.4067094614162,294.4194201156089
2024-02-26 16:26:25,0.156132596,0.0237770912238935,1.12059291,294.40526145855966,294.41800791741207
2024-02-26 16:26:29,0.156136216,0.0237777888820283,1.12062579,294.4036655861474,294.4164406887275
2024-02-26 16:26:33,0.156135311,0.0237763231209592,1.12055671,294.41785578335794,294.43065952966583
2024-02-26 16:26:37,0.156139233,0.0237767583085609,1.12057722,294.4195624051502,294.43239479518587
2024-02-26 16:26:41,0.156138026,0.0237784417695224,1.12065656,294.3995406865385,294.41240172030194
2024-02-26 16:26:45,0.156148282,0.0237774559666957,1.1206101,294.42678967700755,294.4396793544987
2024-02-26 16:26:50,0.156141344,0.0237763231209592,1.12055671,294.42757159782343,294.4404970799743
2024-02-26 16:26:54,0.156143757,0.0237777888820283,1.12062579,294.41578233506976,294.4287364609484
2024-02-26 16:26:58,0.156136819,0.0237771614565098,1.12059622,294.41115903722516,294.4241418068315
2024-02-26 16:27:02,0.156142852,0.0237766942292553,1.1205742,294.4259706733151,294.4389820866492
2024-02-26 16:27:06,0.156142551,0.0237768926204828,1.12058355,294.42332682351076,294.4363668805727
2024-02-26 16:27:10,0.156144361,0.0237763615261059,1.12055852,294.4319367025413,294.445005403331
2024-02-26 16:27:15,0.156142249,0.0237761501917074,1.12054856,294.4307201181031,294.4438246235525
2024-02-26 16:27:19,0.156150394,0.0237766878637614,1.1205739,294.43821508843246,294.4513482376096
2024-02-26 16:27:23,0.156157332,0.0237778016130161,1.12062639,294.4375726968677,294.45073448977257
2024-02-26 16:27:27,0.15615884,0.023778096123202,1.12064027,294.43684920063356,294.4500396372662
2024-02-26 16:27:31,0.156158539,0.023777148725522,1.12059562,294.4464750624875,294.45969414284787
2024-02-26 16:27:35,0.15615884,0.0237776223182704,1.12061794,294.4418656041285,294.45511332821667
2024-02-26 16:27:40,0.156159142,0.0237767839827198,1.12057843,294.4512999685358,294.4645834972837
2024-02-26 16:27:44,0.156154919,0.0237762206365069,1.12055188,294.45041832797693,294.4637305004525
2024-02-26 16:27:48,0.156154617,0.0237767903482137,1.12057873,294.44379599977754,294.4571368159809
2024-02-26 16:27:52,0.156155522,0.0237775200460013,1.12061312,294.43742886846053,294.45079832839167
2024-02-26 16:27:56,0.156165779,0.0237778847888035,1.12063031,294.4502188439344,294.46361694759327
2024-02-26 16:28:00,0.156167287,0.0237774496012018,1.1206098,294.45730953572104,294.47073628310767
2024-02-26 16:28:05,0.156163064,0.0237773664254144,1.12060588,294.451278592634,294.4647411446804
2024-02-26 16:28:09,0.156162159,0.0237777759388573,1.12062518,294.44538885083585,294.45888004661
2024-02-26 16:28:13,0.15616789,0.0237774239270429,1.12060859,294.4584746290159,294.4719944685177
2024-02-26 16:28:17,0.15616065,0.0237765535518395,1.12056757,294.45596179564706,294.46951027887667
2024-02-26 16:28:21,0.156159745,0.0237760222452794,1.12054253,294.46014766124404,294.4737247882014
2024-02-26 16:28:26,0.156164572,0.0237757150041057,1.12052805,294.4712737978605,294.4848867294775
2024-02-26 16:28:30,0.156163064,0.0237769951049351,1.12058838,294.4550761506418,294.4687177259866
2024-02-26 16:28:34,0.156170303,0.0237778656923217,1.12062941,294.4575277765919,294.4711979956645
2024-02-26 16:28:38,0.156170303,0.0237771230513631,1.12059441,294.46545245434964,294.47915131715
2024-02-26 16:28:42,0.156169097,0.0237769760084533,1.12058748,294.4650321267509,294.47875963327897
2024-02-26 16:28:46,0.156178147,0.0237785249453097,1.12066048,294.46317155729304,294.4769277075489
2024-02-26 16:28:51,0.156186291,0.0237783072454173,1.12065022,294.4787459900263,294.4925379449419
2024-02-26 16:28:55,0.156180862,0.0237773918873901,1.12060708,294.4796687354295,294.4934893340728
2024-02-26 16:28:59,0.156184783,0.0237776416269353,1.12061885,294.48335872088535,294.4972079632564
2024-02-26 16:29:03,0.156185085,0.0237766878637614,1.1205739,294.49403818262505,294.5079160687239
2024-02-26 16:29:07,0.15618599,0.023777417561549,1.12060829,294.4876693922604,294.501575922087
2024-02-26 16:29:12,0.156179655,0.0237776032217886,1.12061704,294.4753154799797,294.489257814466
2024-02-26 16:29:16,0.1561878,0.0237768478498422,1.12058144,294.4966585781059,294.51062955631994
2024-02-26 16:29:20,0.156185688,0.023777948868109,1.12063333,294.4813933470511,294.4953929689929
2024-02-26 16:29:24,0.156187196,0.0237773216547738,1.12060377,294.49054139154185,294.5045696572114
2024-02-26 16:29:28,0.156186593,0.0237769630652823,1.12058687,294.4933703773476,294.5074272867449
2024-02-26 16:29:33,0.156200469,0.0237770975893874,1.12059321,294.51451997764843,294.52861269170546
2024-02-26 16:29:37,0.156198056,0.0237780511403782,1.12063815,294.500342747936,294.5144641057208
2024-02-26 16:29:41,0.156206201,0.0237776416269353,1.12061885,294.5179814908358,294.5321314923483
2024-02-26 16:29:45,0.156212536,0.0237780193129085,1.12063665,294.5242366535871,294.5384152988274
2024-02-26 16:29:49,0.156208916,0.0237773727909083,1.12060618,294.5252310470524,294.53943833602045
2024-02-26 16:29:53,0.156201676,0.0237769055636538,1.12058416,294.51840192667134,294.5326378593671
2024-02-26 16:29:58,0.156194436,0.0237765469741624,1.12056726,294.5104016294638,294.5246733668193
2024-02-26 16:30:02,0.156198659,0.0237751005217583,1.12049909,294.5327551697929,294.54705555087617
2024-02-26 16:30:06,0.156197453,0.0237756061541595,1.12052292,294.5253427923857,294.53967181719673
2024-02-26 16:30:10,0.156207709,0.0237769951049351,1.12058838,294.52715849985765,294.5415161683964
2024-02-26 16:30:14,0.156214044,0.0237770144136,1.12058929,294.53725296562766,294.5516392778942
2024-02-26 16:30:18,0.156209821,0.0237776223182704,1.12061794,294.523826040661,294.5382409966553
2024-02-26 16:30:23,0.156218569,0.0237781663558183,1.12064358,294.53222643114657,294.54667719180054
2024-02-26 16:30:27,0.156227619,0.0237787297020312,1.12067013,294.5409192258953,294.55539863027707
2024-02-26 16:30:31,0.156225205,0.0237785760814443,1.12066289,294.53860017672463,294.55310822483415
2024-02-26 16:30:35,0.156220982,0.0237773343857616,1.12060437,294.54498788534335,294.55952457718064
2024-02-26 16:30:39,0.156223999,0.0237781983954711,1.12064509,294.5406224882271,294.5551878237921
2024-02-26 16:30:43,0.156222189,0.0237780256784025,1.12063695,294.5394928232261,294.5540868025189
2024-02-26 16:30:48,0.156225205,0.0237778720578156,1.12062971,294.54602055194204,294.56065033589454
2024-02-26 16:30:52,0.156224904,0.0237787106055494,1.12066923,294.5365179238419,294.55117635152214
2024-02-26 16:30:56,0.156225205,0.0237775264114952,1.12061342,294.54966629079547,294.56435336220346
2024-02-26 16:31:00,0.156230937,0.0237787744726718,1.12067224,294.54561334530524,294.560329060441
2024-02-26 16:31:04,0.156239987,0.0237785569849625,1.12066199,294.5626708840688,294.5774152429323
2024-02-26 16:31:08,0.156226412,0.0237781856644833,1.12064449,294.5444857282965,294.55925873088773
2024-02-26 16:31:13,0.156233954,0.0237775327769891,1.12061372,294.56374245101165,294.5785512582626
2024-02-26 16:31:17,0.156236367,0.0237777120717348,1.12062217,294.5657274426303,294.58056489360905
2024-02-26 16:31:21,0.15623697,0.0237777504768815,1.12062398,294.56627056420626,294.5811366589127
2024-02-26 16:31:25,0.15622973,0.0237767583085609,1.12057722,294.56506664812224,294.5799613865565
2024-02-26 16:31:29,0.156236367,0.02377780797851,1.12062669,294.5646139614653,294.5795373436273
2024-02-26 16:31:34,0.156241193,0.0237785313108037,1.12066078,294.56469753590716,294.5796567227289
2024-02-26 16:31:38,0.156244512,0.0237790689828577,1.12068612,294.564320174602,294.57930800515146
2024-02-26 16:31:42,0.1562424,0.023777827287175,1.1206276,294.574151265915,294.58916774019224
2024-02-26 16:31:46,0.156243908,0.0237780577180552,1.12063846,294.57411260270067,294.58915772070566
2024-02-26 16:31:50,0.156238177,0.0237770912238935,1.12059291,294.5750945624771,294.5901683242098
2024-02-26 16:31:54,0.156240892,0.0237773534822434,1.12060527,294.57668301415737,294.59178541961785
2024-02-26 16:31:59,0.156245718,0.023778076814537,1.12063936,294.57676621829285,294.59190442841305
2024-02-26 16:32:03,0.156247227,0.023777283249627,1.12060196,294.5877010645672,294.6028679184152
2024-02-26 16:32:07,0.156243305,0.023777020779094,1.12058959,294.5840895103982,294.5992850079739
2024-02-26 16:32:11,0.15623516,0.0237769823739473,1.12058778,294.5711908662452,294.5864150075487
2024-02-26 16:32:15,0.156243305,0.0237766174189619,1.12057058,294.5883544192774,294.6036072043086
2024-02-26 16:32:20,0.15624059,0.0237766430931208,1.12057179,294.5836162239101,294.598904813601
2024-02-26 16:32:24,0.156245718,0.0237759711091448,1.12054012,294.59915074249403,294.6144679759127
2024-02-26 16:32:28,0.156250243,0.023777411196055,1.12060799,294.59106902056516,294.6064148977116
2024-02-26 16:32:32,0.15625145,0.0237773150770967,1.12060346,294.5940385092476,294.6094130301218
2024-02-26 16:32:36,0.156250545,0.0237775071028303,1.12061251,294.5904765004757,294.6058796650776
2024-02-26 16:32:41,0.156248132,0.0237768478498422,1.12058144,294.5935702448195,294.60900921408114
2024-02-26 16:32:45,0.156248132,0.0237763869880816,1.12055972,294.59848020062304,294.61394781361247
2024-02-26 16:32:49,0.156251752,0.023777814344004,1.12062699,294.58905937674484,294.604555633462
2024-02-26 16:32:53,0.156250243,0.0237766751327735,1.1205733,294.59877748332315,294.61430238376806
2024-02-26 16:32:57,0.156254768,0.023777270306456,1.12060135,294.5997496745797,294.6153032187524
2024-02-26 16:33:01,0.156252355,0.0237766687672796,1.120573,294.6022323949446,294.6178145828451
2024-02-26 16:33:06,0.156255673,0.0237775904908008,1.12061644,294.5977299199977,294.6133479125578
2024-02-26 16:33:10,0.156263516,0.0237782368006178,1.1206469,294.6035643755189,294.6192110118068
2024-02-26 16:33:14,0.156263215,0.0237777057062409,1.12062187,294.6087360452223,294.624411325238
2024-02-26 16:33:18,0.156252958,0.0237768158101894,1.12057993,294.60151821067063,294.617222134414
2024-02-26 16:33:22,0.156252958,0.0237762399451718,1.12055279,294.6076607796828,294.623393347154
2024-02-26 16:33:26,0.15625145,0.0237763101777882,1.1205561,294.6044203824634,294.6201815936623
2024-02-26 16:33:31,0.156252958,0.023775817488558,1.12053288,294.61212374488366,294.6279207607423
2024-02-26 16:33:35,0.156249942,0.0237753052784797,1.12050874,294.6126662088717,294.62849186845807
2024-02-26 16:33:39,0.156255975,0.023776214271013,1.12055158,294.61273402668854,294.6285883300027
2024-02-26 16:33:43,0.156261405,0.0237761631348784,1.12054917,294.62210815957707,294.637991106619
2024-02-26 16:33:47,0.1562605,0.0237759902056266,1.12054102,294.6224570662058,294.63836865697544
2024-02-26 16:33:51,0.156260801,0.0237751261959171,1.1205003,294.63217958270457,294.648119817202
2024-02-26 16:33:56,0.15626412,0.0237768607930132,1.12058205,294.6189655011432,294.6349415403003
2024-02-26 16:34:00,0.156259293,0.0237759070298393,1.1205371,294.6212871195355,294.6372918024204
2024-02-26 16:34:04,0.156263818,0.0237758686246926,1.12053529,294.62904913348336,294.645082460096
2024-02-26 16:34:08,0.156257483,0.0237748573598901,1.12048763,294.62952833203695,294.64559030237734
2024-02-26 16:34:12,0.156254768,0.0237746460254916,1.12047767,294.6273371814676,294.6434277955358
2024-02-26 16:34:16,0.15625326,0.0237752925474918,1.12050814,294.61791994587776,294.63403920367364
2024-02-26 16:34:21,0.156265628,0.0237760286107733,1.12054283,294.63016431788367,294.64631938033926
2024-02-26 16:34:25,0.156265326,0.0237761181520546,1.12054705,294.6286835221939,294.6448672283773
2024-02-26 16:34:29,0.156263215,0.0237761501917074,1.12054856,294.62486905929296,294.6410814092041
2024-02-26 16:34:33,0.156268343,0.0237756188851473,1.12052352,294.638897333496,294.65513832713486
2024-02-26 16:34:37,0.156267136,0.0237751452923989,1.1205012,294.6419765836589,294.65824622102554
2024-02-26 16:34:42,0.156263818,0.0237759327039981,1.12053831,294.62809023320676,294.6443956752331
2024-02-26 16:34:46,0.156268946,0.0237755870576777,1.12052202,294.6401287352509,294.656462821005
2024-02-26 16:34:50,0.156272566,0.0237763165432821,1.1205564,294.63818454599385,294.6545472754757
2024-02-26 16:34:54,0.156272264,0.0237759581659738,1.12053951,294.6415045931475,294.6578959663571
2024-02-26 16:34:58,0.156271359,0.023775676598959,1.12052624,294.6430180889669,294.6594381059043
2024-02-26 16:35:03,0.156273773,0.0237761822313602,1.12055007,294.64149931604544,294.6579551376425
2024-02-26 16:35:07,0.156277091,0.0237763231209592,1.12055671,294.6453713075032,294.661855772828
2024-02-26 16:35:11,0.156282219,0.023776207905519,1.12055128,294.654939954021,294.6714530630736
2024-02-26 16:35:15,0.156293984,0.0237761247297317,1.12054736,294.67498841487213,294.69153016765245
2024-02-26 16:35:19,0.156293682,0.023775266873333,1.12050693,294.6836635905752,294.70023398708327
2024-02-26 16:35:23,0.156295794,0.0237757341005875,1.12052895,294.68207030477913,294.698669345015
2024-02-26 16:35:28,0.156301224,0.0237761374607195,1.12054796,294.686565375254,294.7032002201496
2024-02-26 16:35:32,0.15630062,0.0237760413417612,1.12054343,294.6865821863755,294.7032456749988
2024-02-26 16:35:36,0.156303034,0.0237753884542671,1.12051266,294.6974896883851,294.71418182073614
2024-02-26 16:35:40,0.156293079,0.0237744412687702,1.12046802,294.69138108318674,294.7081018592656
2024-02-26 16:35:44,0.156299715,0.0237750557511176,1.12049698,294.6955867022934,294.71233612209994
2024-02-26 16:35:49,0.15629881,0.0237752732388269,1.12050723,294.6917433069464,294.7085285314127
2024-02-26 16:35:53,0.156297302,0.0237757918143991,1.12053167,294.68369595780257,294.7005098259966
2024-02-26 16:35:57,0.15630424,0.023775138926905,1.1205009,294.70198131900736,294.7188238309292
2024-02-26 16:36:01,0.156306654,0.0237758686246926,1.12053529,294.6980661774325,294.71493733308205
2024-02-26 16:36:05,0.156304844,0.0237750493856237,1.12049668,294.703869064298,294.7207688636753
2024-02-26 16:36:09,0.156300922,0.0237743067446651,1.12046168,294.70540664952875,294.72233509263384
2024-02-26 16:36:14,0.156301827,0.0237745180790636,1.12047164,294.7045808739837,294.7215451217484
2024-02-26 16:36:18,0.156294285,0.0237739867725036,1.1204466,294.6979487150323,294.7149416065248
2024-02-26 16:36:22,0.15629881,0.0237741403930904,1.12045384,294.7036527535828,294.7206742888031
2024-02-26 16:36:26,0.156301827,0.0237740763137849,1.12045082,294.7092315650888,294.7262817440369
2024-02-26 16:36:30,0.15631148,0.0237753820887731,1.12051236,294.7109449893105,294.7280238119863
2024-02-26 16:36:34,0.156311782,0.0237748828218658,1.12048883,294.7167619690069,294.73386943541044
2024-02-26 16:36:39,0.156307257,0.0237747676064257,1.1204834,294.710581966388,294.7277252374513
2024-02-26 16:36:43,0.156306352,0.0237749148615186,1.12049034,294.70749856199143,294.7246704767824
2024-02-26 16:36:47,0.156312988,0.0237756572902941,1.12052533,294.7103318742185,294.7275324327373
2024-02-26 16:36:51,0.156311782,0.0237751196182401,1.12049999,294.7141012830816,294.73133048532816
2024-02-26 16:36:55,0.156315402,0.0237755550180249,1.12052051,294.7153078362284,294.73256568220273
2024-02-26 16:36:59,0.156313592,0.0237756956954408,1.12052714,294.71081917098655,294.7281056606886
2024-02-26 16:37:04,0.15632053,0.0237758622591986,1.12053499,294.7203118216546,294.73763411601635
2024-02-26 16:37:08,0.156319625,0.023776073381414,1.12054494,294.7165437335846,294.73389467167414
2024-02-26 16:37:12,0.156317212,0.0237760670159201,1.12054464,294.7126483288432,294.73002791066045
2024-02-26 16:37:16,0.156319625,0.0237761695003723,1.12054947,294.7154558962059,294.73286412175094
2024-02-26 16:37:20,0.15632053,0.0237759133953332,1.1205374,294.7196489711364,294.7370858404092
2024-02-26 16:37:25,0.156313893,0.0237749532666653,1.12049215,294.7190841244692,294.7365567984017
2024-02-26 16:37:29,0.156311782,0.0237741019879437,1.12045203,294.7247406412595,294.7422419589197
2024-02-26 16:37:33,0.156308765,0.0237739099622101,1.12044298,294.7218506540078,294.7393806153958
2024-02-26 16:37:37,0.15631148,0.0237748507822131,1.12048732,294.716161853023,294.73372045813875
2024-02-26 16:37:41,0.156312385,0.0237735386417309,1.12042548,294.73167900361176,294.74926625245524
2024-02-26 16:37:45,0.15631872,0.0237751196182401,1.12049999,294.72502921556423,294.7426451081355
2024-02-26 16:37:50,0.15631148,0.0237754141284259,1.12051387,294.7100285951119,294.7276802923429
2024-02-26 16:37:54,0.156314798,0.0237741212966086,1.12045294,294.7292733302817,294.7469536712405
2024-02-26 16:37:58,0.15631329,0.0237746780651444,1.12047918,294.720815230658,294.73852421534446
2024-02-26 16:38:02,0.15632234,0.0237754461680787,1.12051538,294.7273095972153,294.74504722562955
2024-02-26 16:38:06,0.156321133,0.0237756572902941,1.12052533,294.72304888165,294.740815153792
2024-02-26 16:38:11,0.156326563,0.0237755420748539,1.1205199,294.7331036388321,294.7509057156338
2024-02-26 16:38:15,0.156322943,0.0237745885238631,1.12047496,294.7373963115191,294.75522703204854
2024-02-26 16:38:19,0.156331088,0.0237758365850398,1.12053378,294.7372677559743,294.7551271202315
2024-02-26 16:38:23,0.156319323,0.0237738651915695,1.12044087,294.7391918559476,294.7570798639326
2024-02-26 16:38:27,0.156325356,0.0237746780651444,1.12047918,294.7402854871029,294.7582021388156
2024-02-26 16:38:32,0.156322641,0.0237740444863152,1.12044932,294.74261607546646,294.7605685318389
2024-02-26 16:38:36,0.156319323,0.0237743771894646,1.120465,294.73360834570906,294.75158944580926
2024-02-26 16:38:40,0.156328976,0.0237749725753303,1.12049306,294.7429379451289,294.76094768895683
2024-02-26 16:38:44,0.156326261,0.0237748637253841,1.12048793,294.739648776747,294.7576871643027
2024-02-26 16:38:48,0.156330183,0.0237745244445576,1.12047194,294.74965470946273,294.7677217407462
2024-02-26 16:38:52,0.156323245,0.0237751516578928,1.1205015,294.7315853363968,294.74968101140803
2024-02-26 16:38:57,0.156332596,0.0237751646010638,1.12050211,294.7466606772814,294.7647921569523
2024-02-26 16:39:01,0.156328976,0.0237746523909856,1.12047797,294.74622108016155,294.7643812035602
2024-02-26 16:39:05,0.156331088,0.02377474214445,1.1204822,294.74867433530545,294.7668631024319
2024-02-26 16:39:09,0.156337423,0.0237751068872522,1.12049939,294.7550656999199,294.77328311077406
2024-02-26 16:39:13,0.156333501,0.0237750428079466,1.12049637,294.7493280689976,294.76757412357955
2024-02-26 16:39:17,0.156338931,0.0237750044027999,1.12049456,294.7585667626456,294.7768414609553
2024-02-26 16:39:22,0.156327166,0.0237739547328508,1.12044509,294.75060043530476,294.7689109382742
2024-02-26 16:39:26,0.156329881,0.0237756638679711,1.12052564,294.7366716171742,294.7550107638713
2024-02-26 16:39:30,0.156333501,0.0237743708239707,1.1204647,294.75641266328233,294.77478045370725
2024-02-26 16:39:34,0.156326865,0.0237727066716741,1.12038627,294.76340873889217,294.78180517304486
2024-02-26 16:39:38,0.156326563,0.0237727707509797,1.12038929,294.7622002648347,294.7806253427151
2024-02-26 16:39:42,0.156329881,0.023774063582797,1.12045022,294.7537178145969,294.77217153620506
2024-02-26 16:39:47,0.156334708,0.0237729755077011,1.12039894,294.77322414523,294.7917136714979
2024-02-26 16:39:51,0.156337121,0.0237748125892495,1.12048552,294.75742847376074,294.7759466437564
2024-02-26 16:39:55,0.156336518,0.0237739610983447,1.12044539,294.7655481995427,294.7840950132661
2024-02-26 16:39:59,0.156341043,0.0237745948893571,1.12047526,294.76610213383645,294.7846775912876
2024-02-26 16:40:03,0.156336216,0.0237737179364766,1.12043393,294.76760626903103,294.78621037021
2024-02-26 16:40:07,0.156337121,0.023773935636369,1.12044419,294.7667187885586,294.78535153346525
2024-02-26 16:40:12,0.156344059,0.0237743451498118,1.12046349,294.77360618900684,294.7922747385732
2024-02-26 16:40:16,0.156347679,0.0237745628497043,1.12047375,294.7771465044187,294.7958436977128
2024-02-26 16:40:20,0.156354316,0.0237751132527461,1.12049969,294.782038772957,294.8007646099789
2024-02-26 16:40:24,0.156352807,0.0237755677490128,1.12052111,294.7746748428187,294.7934293235683
2024-02-26 16:40:28,0.156345266,0.0237734170607968,1.12041975,294.78541437930124,294.80419750377865
2024-02-26 16:40:33,0.156348584,0.0237749725753303,1.12049306,294.77410642834434,294.79292535748147
2024-02-26 16:40:37,0.156346774,0.0237738267864228,1.12043906,294.78341473242824,294.8022623052931
2024-02-26 16:40:41,0.156344663,0.0237739676760218,1.1204457,294.7784320709717,294.7973082875643
2024-02-26 16:40:45,0.156346171,0.0237742108378899,1.12045716,294.77825484477523,294.7971597050956
2024-02-26 16:40:49,0.156353411,0.0237745821583692,1.12047466,294.7860513393932,294.8049848434414
2024-02-26 16:40:54,0.156349791,0.02377474214445,1.1204822,294.778395840396,294.7973651491038
2024-02-26 16:40:58,0.156352807,0.0237744476342641,1.12046832,294.7864446806478,294.8054426330834
2024-02-26 16:41:02,0.156347679,0.023773935636369,1.12044419,294.7835442117631,294.8025708079265
2024-02-26 16:41:06,0.156347076,0.0237736283951953,1.12042971,294.78582753544566,294.80488277533675
2024-02-26 16:41:10,0.156348584,0.0237738779225574,1.12044147,294.7855819524702,294.80466583608904
2024-02-26 16:41:14,0.156349187,0.0237734811401024,1.12042277,294.7907926904386,294.80990521778523
2024-02-26 16:41:19,0.156355824,0.0237737563416233,1.12043574,294.7986296523932,294.8177779843995
2024-02-26 16:41:23,0.156357634,0.0237751132527461,1.12049969,294.78699881868664,294.8061757944207
2024-02-26 16:41:27,0.156354014,0.0237747805495967,1.12048401,294.7846348046973,294.80384042415915
2024-02-26 16:41:31,0.156357634,0.0237748316857313,1.12048642,294.7899614785785,294.8091957417681
2024-02-26 16:41:35,0.156356427,0.0237745371755454,1.12047254,294.79112318830425,294.8103860952216
2024-02-26 16:41:40,0.156362159,0.0237747869150906,1.12048431,294.79775695480913,294.8170556663862
2024-02-26 16:41:44,0.156359746,0.0237740315431442,1.12044871,294.80189523447643,294.82122258978126
2024-02-26 16:41:48,0.156360349,0.0237751325614111,1.1205006,294.79104047680914,294.81039647584174
2024-02-26 16:41:52,0.156361556,0.0237745180790636,1.12047164,294.7995711542533,294.8189557970136
2024-02-26 16:41:56,0.156365779,0.0237744476342641,1.12046832,294.8071854194744,294.8265987059625
2024-02-26 16:42:00,0.156368192,0.0237751836975456,1.12050301,294.80319685971426,294.8226387899301
2024-02-26 16:42:05,0.156365175,0.0237750621166116,1.12049728,294.79954483607065,294.8190225709462
2024-02-26 16:42:09,0.156367589,0.0237753182216507,1.12050935,294.8007061107973,294.8202124894006
2024-02-26 16:42:13,0.156368192,0.0237749725753303,1.12049306,294.80536829194,294.82490331427107
2024-02-26 16:42:17,0.156371812,0.0237747805495967,1.12048401,294.81330316208727,294.8328668281461
2024-02-26 16:42:21,0.156372114,0.0237746139858388,1.12047616,294.81555373073405,294.8351460405206
2024-02-26 16:42:25,0.156374527,0.0237752477768512,1.12050603,294.8126619437923,294.83228289730664
2024-02-26 16:42:30,0.156366985,0.0237742619740245,1.12045957,294.81090033841286,294.8305570965869
2024-02-26 16:42:34,0.156380258,0.0237751005217583,1.12049909,294.82352347196985,294.8432088738716
2024-02-26 16:42:38,0.156372717,0.0237743133223422,1.12046199,294.8196406382877,294.83935468391724
2024-02-26 16:42:42,0.156378448,0.0237750812130933,1.12049818,294.8207214518775,294.8404641412348
2024-02-26 16:42:46,0.156380258,0.0237746653341566,1.12047858,294.828105856456,294.84787718954107
2024-02-26 16:42:50,0.156383275,0.0237748444167191,1.12048702,294.8310765115933,294.85087648840613
2024-02-26 16:42:55,0.156371812,0.0237737563416233,1.12043574,294.8240178372641,294.8438536187366
2024-02-26 16:42:59,0.15637513,0.0237736283951953,1.12042971,294.83077328513065,294.85063771033094
2024-02-26 16:43:03,0.156370002,0.0237731034541291,1.12040497,294.82801253798976,294.8479056069178
2024-02-26 16:43:07,0.156375734,0.0237736604348481,1.12043122,294.8313573849058,294.8512790975616
2024-02-26 16:43:11,0.15638056,0.0237739292708751,1.12044389,294.8363156874842,294.8562660438678
2024-02-26 16:43:15,0.15637151,0.0237740956224498,1.12045173,294.8197424713783,294.8397214714896
2024-02-26 16:43:20,0.156375734,0.0237733338850094,1.12041583,294.8347675842208,294.8547823889918
2024-02-26 16:43:24,0.15637875,0.0237741276621026,1.12045324,294.83114223616906,294.8511856846678
2024-02-26 16:43:28,0.156381163,0.0237731866299165,1.12040889,294.84514485427974,294.8652169465063
2024-02-26 16:43:32,0.156381163,0.023774204472396,1.12045686,294.8341963977191,294.85429713367336
2024-02-26 16:43:36,0.15638237,0.0237740763137849,1.12045082,294.83751119169654,294.85764057137857
2024-02-26 16:43:40,0.156381465,0.0237740315431442,1.12044871,294.836486844091,294.8566448675008
2024-02-26 16:43:45,0.156379957,0.0237742108378899,1.12045716,294.8320681057347,294.85226193380424
2024-02-26 16:43:49,0.156376638,0.0237745117135697,1.12047134,294.8233988144457,294.8436212862429
2024-02-26 16:43:53,0.15638056,0.0237731163973001,1.12040558,294.8447358475631,294.8649869630881
2024-02-26 16:43:57,0.156382672,0.0237741147189316,1.12045263,294.8374413426363,294.85772110188907
2024-02-26 16:44:01,0.156388102,0.0237736027210364,1.1204285,294.8517618106815,294.872070213662
2024-02-26 16:44:06,0.156385085,0.0237735068142612,1.12042398,294.8478343034787,294.8681785111189
2024-02-26 16:44:10,0.156385085,0.023773666800342,1.12043152,294.8460892076575,294.8664620590255
2024-02-26 16:44:14,0.156386593,0.02377379474677,1.12043755,294.8471473718107,294.8675488669065
2024-02-26 16:44:18,0.156381163,0.0237729307370605,1.12039683,294.8475322735734,294.8679624123969
2024-02-26 16:44:22,0.156381465,0.0237734618314374,1.12042186,294.8422981608174,294.86275694336865
2024-02-26 16:44:27,0.156380258,0.0237740315431442,1.12044871,294.834181723207,294.854676310418
2024-02-26 16:44:31,0.156392023,0.0237740956224498,1.12045173,294.85265371610103,294.8731769470397
2024-02-26 16:44:35,0.156385387,0.0237741981069021,1.12045656,294.8407026336628,294.86125450832924
2024-02-26 16:44:39,0.156392928,0.0237741851637311,1.12045595,294.85311176448135,294.8736922828756
2024-02-26 16:44:43,0.156390515,0.0237736090865304,1.1204288,294.8553283096312,294.8759374717532
2024-02-26 16:44:48,0.156384482,0.0237734234262907,1.12042005,294.8474447147064,294.8680896814881
2024-02-26 16:44:52,0.156380862,0.0237731227627941,1.12040588,294.84473762385744,294.8654112343669
2024-02-26 16:44:56,0.15638599,0.0237724889717817,1.12037601,294.8598730903776,294.88057534461484
2024-02-26 16:45:00,0.156384783,0.0237724314701532,1.1203733,294.8584927402222,294.8792236381871
2024-02-26 16:45:04,0.156383577,0.0237731866299165,1.12040889,294.8483946589066,294.8691542005993
2024-02-26 16:45:08,0.156387498,0.0237730779921534,1.12040377,294.85592680973804,294.8767149951585
2024-02-26 16:45:13,0.156386895,0.023772463509806,1.12037481,294.8615006644716,294.8823246545518
2024-02-26 16:45:17,0.156392626,0.023774063582797,1.12045022,294.853651521683,294.8745041554909
2024-02-26 16:45:21,0.15639504,0.0237737690726111,1.12043634,294.86071982914484,294.88160110668053
2024-02-26 16:45:25,0.156395341,0.0237732891143688,1.12041372,294.8663318258826,294.88724174714605
2024-02-26 16:45:29,0.15639323,0.0237730459525006,1.12040226,294.8654691913934,294.8864077563846
2024-02-26 16:45:33,0.156394738,0.0237725210114345,1.12037752,294.87353281722187,294.89450002594083
2024-02-26 16:45:38,0.156389911,0.0237727514423148,1.12038838,294.8631514035684,294.88415441694707
2024-02-26 16:45:42,0.156389007,0.0237723098892191,1.12036757,294.8663861578017,294.88741781490813
2024-02-26 16:45:46,0.156394135,0.0237722778495664,1.12036606,294.8750654362191,294.89612573705324
2024-02-26 16:45:50,0.156395945,0.0237730330093296,1.12040165,294.8698859058243,294.8909748503862
2024-02-26 16:45:54,0.156392626,0.0237730075473539,1.12040045,294.86471711208293,294.88583470037264
2024-02-26 16:45:58,0.156398358,0.0237721433254613,1.12035972,294.88331113441,294.90445736642744
2024-02-26 16:46:03,0.156390213,0.0237725466855934,1.12037873,294.8656619846586,294.8868440213357
2024-02-26 16:46:07,0.156395341,0.0237727962129554,1.12039049,294.8713198760978,294.8925305565027
2024-02-26 16:46:11,0.156399866,0.0237729755077011,1.12039894,294.8767477608735,294.8979870850062
2024-02-26 16:46:15,0.156403185,0.0237728793887428,1.12039441,294.88316394684887,294.9044319147093
2024-02-26 16:46:19,0.156404391,0.0237734106953029,1.12041945,294.879401105766,294.9006977173542
2024-02-26 16:46:24,0.156403185,0.0237730843576473,1.12040407,294.8809000445855,294.9022324608334
2024-02-26 16:46:28,0.156405296,0.0237732250350632,1.1204107,294.88280495260716,294.9041660125828
2024-02-26 16:46:32,0.156405598,0.0237728155216204,1.1203914,294.88766328591464,294.90905298961803
2024-02-26 16:46:36,0.156399263,0.0237718808549282,1.12034735,294.8873318074997,294.9087501549309
2024-02-26 16:46:40,0.156407709,0.0237715033811381,1.12032956,294.9051306799897,294.92657767114866
2024-02-26 16:46:45,0.156399565,0.023772450566635,1.1203742,294.8816462892258,294.9031290850444
2024-02-26 16:46:49,0.156406503,0.0237728730232489,1.12039411,294.8884006014444,294.9099120409908
2024-02-26 16:46:53,0.15640228,0.0237727707509797,1.12038929,294.88258149746315,294.9041215807373
2024-02-26 16:46:57,0.156403486,0.0237715224776199,1.12033046,294.89791568475715,294.919484411759
2024-02-26 16:47:01,0.156406804,0.0237719385687399,1.12035007,294.8988336578341,294.9204310285637
2024-02-26 16:47:06,0.156406201,0.0237719706083926,1.12035158,294.89747044881676,294.9191036242061
2024-02-26 16:47:10,0.156404994,0.0237715929224194,1.12033378,294.8995263345637,294.9211881536808
2024-02-26 16:47:14,0.156408614,0.0237726171303928,1.12038205,294.8944107740576,294.9161012369024
2024-02-26 16:47:18,0.156409218,0.0237725019149527,1.12037662,294.8966037249632,294.9183228315358
2024-02-26 16:47:22,0.156412838,0.0237730650489824,1.12040316,294.89643628996487,294.91818404026526
2024-02-26 16:47:26,0.156401676,0.0237721496909552,1.12036002,294.8880246480085,294.90980104203663
2024-02-26 16:47:31,0.156411329,0.0237722842150603,1.12036636,294.90229013373397,294.9241023324218
2024-02-26 16:47:35,0.156408313,0.0237715545172727,1.12033197,294.9051732288145,294.9270140712301
2024-02-26 16:47:39,0.156407408,0.0237724442011411,1.1203739,294.89412045228,294.91598993842337
2024-02-26 16:47:43,0.156414346,0.0237724889717817,1.12037601,294.90492775457545,294.92682588444654
2024-02-26 16:47:47,0.156413139,0.0237727514423148,1.12038838,294.90011365335204,294.9220404269509
2024-02-26 16:47:51,0.156401073,0.0237718808549282,1.12034735,294.8897470590037,294.91170247633033
2024-02-26 16:47:56,0.15640228,0.0237706905075632,1.12029125,294.90445498725154,294.92644620923784
2024-02-26 16:48:00,0.156400771,0.0237703191870839,1.12027375,294.9059501518672,294.9279700175813
2024-02-26 16:48:04,0.156405899,0.0237707800488445,1.12029547,294.909339970746,294.9313884801878
2024-02-26 16:48:08,0.156398358,0.0237709977487369,1.12030573,294.8946741004529,294.9167512536225
2024-02-26 16:48:12,0.156403788,0.023771375222527,1.12032352,294.8994515754194,294.9215573723167
2024-02-26 16:48:16,0.156405598,0.0237696856082547,1.12024389,294.92051003036335,294.94264447098845
2024-02-26 16:48:21,0.156406804,0.0237711704658056,1.12031387,294.90650422372465,294.9286744690095
2024-02-26 16:48:25,0.156409519,0.0237707673178566,1.12029487,294.9152311503715,294.937430039384
2024-02-26 16:48:29,0.156413441,0.0237710168452187,1.12030663,294.9189218039411,294.9411493366814
2024-02-26 16:48:33,0.156410123,0.0237706584679104,1.12028974,294.91732741138856,294.93958358785665
2024-02-26 16:48:37,0.156411933,0.0237709273039374,1.12030241,294.91736575721535,294.9396505774112
2024-02-26 16:48:41,0.156411933,0.0237698583253234,1.12025203,294.9288111249705,294.95112458889406
2024-02-26 16:48:46,0.156413743,0.0237707352782039,1.12029336,294.922314825609,294.9446640941923
2024-02-26 16:48:50,0.156409519,0.0237713240863924,1.12032111,294.9090764118135,294.93145432412456
2024-02-26 16:48:54,0.156421887,0.0237711129641771,1.12031116,294.9314880282831,294.9538945843219
2024-02-26 16:48:58,0.156413139,0.0237703255525779,1.12027405,294.92564147005726,294.9480766698238
2024-02-26 16:49:02,0.156407408,0.0237704791731647,1.12028129,294.91461543005244,294.9370792735468
2024-02-26 16:49:06,0.156409218,0.0237697431098832,1.1202466,294.92543994737156,294.94793243459367
2024-02-26 16:49:11,0.156409519,0.0237699224046289,1.12025505,294.92397061234266,294.9464989042244
2024-02-26 16:49:15,0.156412234,0.0237707543746857,1.12029426,294.919440716227,294.9419976518365
2024-02-26 16:49:19,0.156411028,0.0237710809245243,1.12030965,294.91393996919356,294.9365255485309
2024-02-26 16:49:23,0.156410726,0.0237704023628713,1.12027767,294.92070185710975,294.9433160801748
2024-02-26 16:49:27,0.156415553,0.023770850493644,1.12029879,294.92373702660205,294.94637989339486
2024-02-26 16:49:32,0.156411933,0.0237709977487369,1.12030573,294.9162158152691,294.9388944867216
2024-02-26 16:49:36,0.156413139,0.0237713433950574,1.12032202,294.9144445531904,294.9371518683707
2024-02-26 16:49:40,0.156418871,0.0237712665847639,1.1203184,294.924590107274,294.94732606618203
2024-02-26 16:49:44,0.156417061,0.0237698392288416,1.12025113,294.93693015437157,294.95969475700736
2024-02-26 16:49:48,0.156419776,0.0237702744164433,1.12027164,294.9366588704626,294.9594521168262
2024-02-26 16:49:53,0.156417061,0.0237704664421769,1.12028069,294.9301330086938,294.95296205971704
2024-02-26 16:49:57,0.156417362,0.0237706136972698,1.12028763,294.92901473385524,294.95187242860624
2024-02-26 16:50:01,0.156416759,0.0237702103371377,1.12026862,294.9323321495303,294.95521848800905
2024-02-26 16:50:05,0.156417362,0.0237696406254309,1.12024177,294.93940273594507,294.9623177181516
2024-02-26 16:50:09,0.156420982,0.0237708441281501,1.12029849,294.93236037184346,294.9553039977777
2024-02-26 16:50:13,0.156419776,0.0237701592010032,1.12026621,294.9377166192906,294.96068888895263
2024-02-26 16:50:18,0.156422491,0.0237701398923382,1.1202653,294.94231694104064,294.9653250153624
2024-02-26 16:50:22,0.156427619,0.0237710041142309,1.12030603,294.9413762560114,294.96441297406085
2024-02-26 16:50:26,0.156429429,0.0237709911710599,1.12030542,294.94443901376513,294.9675043755424
2024-02-26 16:50:30,0.156430334,0.0237717722171651,1.12034223,294.9375027738237,294.96059677932874
2024-02-26 16:50:34,0.156426714,0.0237706839298862,1.12029094,294.9432510602336,294.9663737094664
2024-02-26 16:50:39,0.156425507,0.0237705112128175,1.1202828,294.9431004035655,294.96625885745794
2024-02-26 16:50:43,0.156428222,0.0237703832663895,1.12027677,294.9488740279308,294.972061125551
2024-02-26 16:50:47,0.156423999,0.0237700246768981,1.12025987,294.9458060262877,294.9690217676357
2024-02-26 16:50:51,0.156421284,0.0237704600766829,1.12028039,294.9366746996732,294.9599190847489
2024-02-26 16:50:55,0.156427619,0.0237706711988983,1.12029034,294.9447135942384,294.9679866230419
2024-02-26 16:50:59,0.156427921,0.0237714329363386,1.12032624,294.93700090986243,294.9603025823937
2024-02-26 16:51:04,0.156429127,0.0237704216715362,1.12027858,294.94978764357,294.973125120761
2024-02-26 16:51:08,0.156423094,0.0237704791731647,1.12028129,294.9393005060275,294.9626666269462
2024-02-26 16:51:12,0.156425809,0.0237700503510569,1.12026108,294.94830397685223,294.9716987414987
2024-02-26 16:51:16,0.156427619,0.0237699287701229,1.12025535,294.95253310853036,294.9759565169046
2024-02-26 16:51:20,0.156433954,0.0237715608827666,1.12033227,294.945317948667,294.968770000769
2024-02-26 16:51:24,0.156429127,0.0237707159695389,1.12029245,294.9464852082089,294.96996590403865
2024-02-26 16:51:29,0.156426412,0.0237694870048441,1.12023453,294.95521357687176,294.9787300773612
2024-02-26 16:51:33,0.156429731,0.0237700055804163,1.12025897,294.9550320296071,294.9785771738243
2024-02-26 16:51:37,0.156442702,0.0237714649759914,1.12032775,294.96049512301454,294.9840689109595
2024-02-26 16:51:41,0.156439082,0.0237712600070869,1.12031809,294.9567619487354,294.9803643804081
2024-02-26 16:51:45,0.156442099,0.0237710745590304,1.12030935,294.96364537401723,294.9872764494177
2024-02-26 16:51:49,0.15643154,0.0237705880231109,1.12028642,294.9516157932107,294.9752755123389
2024-02-26 16:51:54,0.156434557,0.0237704855386587,1.12028159,294.95760157909876,294.9812971028867
2024-02-26 16:51:58,0.156440289,0.0237710552503654,1.12030844,294.9608071060948,294.9845312736105
2024-02-26 16:52:02,0.156439384,0.0237701655664971,1.12026651,294.9688533637642,294.99260617500767
2024-02-26 16:52:06,0.156438177,0.0237706775643922,1.12029064,294.9613592395715,294.9851406945427
2024-02-26 16:52:10,0.1564424,0.0237704471335119,1.12027978,294.9706930605937,294.99450315929266
2024-02-26 16:52:15,0.156449037,0.0237715481517788,1.12033167,294.96966351807094,294.9935094214296
2024-02-26 16:52:19,0.156450545,0.0237711641003116,1.12031357,294.97621765189297,295.00009219897936
2024-02-26 16:52:23,0.156444813,0.0237719642428987,1.12035128,294.95824957953306,294.9821527703472
2024-02-26 16:52:27,0.156436669,0.0237702744164433,1.12027164,294.9630769194818,294.98700875402375
2024-02-26 16:52:31,0.156443004,0.0237701271613504,1.1202647,294.97496315502053,294.99892363329025
2024-02-26 16:52:35,0.156437272,0.0237702360112966,1.12026983,294.96441557546683,294.98840469746426
2024-02-26 16:52:40,0.156449037,0.0237715801914316,1.12033318,294.9691405420047,294.99316546866186
2024-02-26 16:52:44,0.156452958,0.0237716633672189,1.1203371,294.97461473361307,294.998668303998
2024-02-26 16:52:48,0.15645145,0.0237705368869764,1.12028401,294.98422008442935,295.008302298542
2024-02-26 16:52:52,0.156454165,0.0237711513693238,1.12031297,294.98202297939736,295.00613383723777
2024-02-26 16:52:57,0.15644783,0.0237711513693238,1.12031297,294.97165354211097,294.9958002046111
2024-02-26 16:53:01,0.156452355,0.0237712216019402,1.12031628,294.9782520392867,295.0024273455146
2024-02-26 16:53:05,0.156444813,0.0237707927798324,1.12029607,294.970524592732,294.9947285426876
2024-02-26 16:53:09,0.156449942,0.0237702232803087,1.12026923,294.98497681560406,295.00920940928745
2024-02-26 16:53:13,0.156444512,0.0237691990723353,1.12022096,294.98708700796027,295.01134824537144
2024-02-26 16:53:17,0.156438479,0.023770043985563,1.12026078,294.96814527999004,294.9924351611289
2024-02-26 16:53:22,0.156443305,0.0237703769008956,1.12027647,294.9724077484722,294.9967334342708
2024-02-26 16:53:26,0.15645145,0.0237705752921231,1.12028582,294.98353563515815,295.0078899646845
2024-02-26 16:53:30,0.156448735,0.0237698262856706,1.12025052,294.98711991368197,295.0115028869361
2024-02-26 16:53:34,0.156452958,0.0237708825332968,1.1203003,294.98263960918916,295.00705122617103
2024-02-26 16:53:38,0.156445718,0.0237700119459102,1.12025927,294.980147647093,295.00458790780266
2024-02-26 16:53:42,0.156452657,0.0237701528355092,1.12026591,294.98992575264145,295.01439465707887
2024-02-26 16:53:47,0.156448433,0.0237689559104672,1.1202095,294.99585097777674,295.0203556868738
2024-02-26 16:53:51,0.156404089,0.0237667540861166,1.12010573,294.9471197741325,294.97165312695734
2024-02-26 16:53:55,0.156434557,0.023766011445158,1.12007073,295.00477478567313,295.02933678222576
2024-02-26 16:53:59,0.156428222,0.0237668052222512,1.12010814,294.98588619087127,295.01047683115166
2024-02-26 16:54:03,0.156432144,0.0237675476510266,1.12014313,294.9842839898048,295.0089032738129
2024-02-26 16:54:07,0.156426714,0.0237677269457723,1.12015158,294.97347143135596,294.99811935909185
2024-02-26 16:54:12,0.156423396,0.0237655826230503,1.12005052,294.9910482709237,295.01573200331933
2024-02-26 16:54:16,0.156425809,0.023766837261904,1.12010965,294.98148359555347,295.0061959716768
2024-02-26 16:54:20,0.156435764,0.0237656530678498,1.12005384,295.0104138859337,295.0351549057848
2024-02-26 16:54:24,0.156430032,0.0237673812994519,1.12013529,294.98247422451726,295.0072438880961
2024-02-26 16:54:28,0.156437875,0.0237681814420389,1.120173,294.9866492192278,295.0114475265344
2024-02-26 16:54:32,0.156446623,0.023767899662841,1.12015972,295.00391798394713,295.0287449349815
2024-02-26 16:54:37,0.156439987,0.0237680725920927,1.12016787,294.99119911765297,295.01606187334704
2024-02-26 16:54:41,0.1564424,0.0237682582523324,1.12017662,294.9931134681837,295.01800486760555
2024-02-26 16:54:45,0.156442099,0.0237687702502275,1.12020075,294.98709613082104,295.0120161739706
2024-02-26 16:54:49,0.156439384,0.0237670676927842,1.12012051,295.000920344356,295.02586903123336
2024-02-26 16:54:53,0.1564424,0.023767765350919,1.12015339,294.9983203613792,295.02329769198434
2024-02-26 16:54:58,0.156443004,0.02376762446132,1.12014675,295.00078287737347,295.0257960126383
2024-02-26 16:55:02,0.156452657,0.0237688727346798,1.12020558,295.00309789320835,295.0281396722009
2024-02-26 16:55:06,0.156446322,0.0237683989297482,1.12018325,294.9978222024371,295.0228926251574
2024-02-26 16:55:10,0.156443909,0.0237674069736107,1.1201365,295.00450893009247,295.02960799654056
2024-02-26 16:55:14,0.156447528,0.0237675156113738,1.12014162,295.00921789051984,295.03434560069564
2024-02-26 16:55:18,0.156446322,0.0237674388010804,1.120138,295.0080465674434,295.03320292134697
2024-02-26 16:55:23,0.156448735,0.0237665107120653,1.12009426,295.0219146597881,295.0471068183514
2024-02-26 16:55:27,0.156449338,0.0237667411429456,1.12010512,295.0203950364754,295.0456158387665
2024-02-26 16:55:31,0.156456578,0.0237685461848412,1.12019019,295.0127934291964,295.0380428752152
2024-02-26 16:55:35,0.156455372,0.0237694485996974,1.12023272,295.0011071168041,295.0263852065507
2024-02-26 16:55:39,0.156455975,0.0237686102641467,1.12019321,295.011064300683,295.03637103415736
2024-02-26 16:55:44,0.156452958,0.0237688918311616,1.12020648,295.0030831149875,295.0284256531215
2024-02-26 16:55:48,0.156457483,0.0237684182384132,1.12018416,295.0155220748741,295.0408932567359
2024-02-26 16:55:52,0.156459595,0.0237682325781735,1.12017541,295.0209327360707,295.0463325616602
2024-02-26 16:55:56,0.156459293,0.0237684437003889,1.12018536,295.01814417417415,295.0435726434915
2024-02-26 16:56:00,0.156465326,0.0237692886136166,1.12022518,295.01888426947374,295.0443413825188
2024-02-26 16:56:05,0.15646412,0.0237685334538533,1.12018959,295.02499057628046,295.0504834939852
2024-02-26 16:56:09,0.156451148,0.02376683089641,1.12010935,295.0220833706208,295.04760493205333
2024-02-26 16:56:13,0.156445115,0.0237664084397962,1.12008944,295.01674887178643,295.0422990769467
2024-02-26 16:56:17,0.156440289,0.0237655187559278,1.12004751,295.01840149522167,295.0439803441097
2024-02-26 16:56:21,0.156448433,0.0237657362436371,1.12005776,295.0293246241738,295.0549321167896
2024-02-26 16:56:25,0.15644783,0.0237660946209454,1.12007465,295.0244629802947,295.05009911663825
2024-02-26 16:56:30,0.15644602,0.0237655955662212,1.12005113,295.02683409538116,295.0525060363844
2024-02-26 16:56:34,0.156448433,0.0237663059553439,1.12008461,295.02311259316104,295.04881317789204
2024-02-26 16:56:38,0.156446925,0.023765755552302,1.12005867,295.0265350564962,295.05226428495496
