time,voltage,current,shunt_voltage,temperature,seconds_combined,temperature_corr_err,temperature_uncorr
2024-05-09 02:34:59,0.140388692,0.054578193303076,2.57222113,142.0544506629843,7190.0,97.36288474992327,142.0519949408363
2024-05-09 02:35:03,0.141470443,0.0545585873695869,2.57129712,142.83474119962932,7194.0,97.36288474992327,142.8329402381219
2024-05-09 02:35:07,0.142184772,0.0545466060247278,2.57073245,143.34839557949746,7198.0,97.36288474992327,143.34724932331653
2024-05-09 02:35:11,0.142685225,0.0545362905296303,2.57024629,143.71168672027724,7202.0,97.36288474992327,143.7111951146903
2024-05-09 02:35:16,0.143042691,0.0545280894394333,2.56985978,143.9724327795351,7207.0,97.36288474992327,143.97275941109697
2024-05-09 02:35:20,0.143314185,0.0545228996522318,2.56961519,144.16860865362653,7211.0,97.36288474992327,144.16958981472197
2024-05-09 02:35:24,0.143687338,0.0545189271596529,2.56942797,144.4328042315797,7215.0,97.36288474992327,144.4344398693147
2024-05-09 02:35:28,0.143820068,0.0545157876980464,2.56928001,144.52951305775693,7219.0,97.36288474992327,144.5318031197874
2024-05-09 02:35:32,0.143935905,0.0545132888173124,2.56916224,144.61340094723957,7223.0,97.36288474992327,144.61634538176403
2024-05-09 02:35:37,0.144035452,0.0545079708714997,2.56891161,144.69102876766178,7228.0,97.36288474992327,144.69479109577233
2024-05-09 02:35:41,0.144121727,0.0545068176561827,2.56885726,144.75206364526954,7232.0,97.36288474992327,144.75648023126584
2024-05-09 02:35:45,0.144198047,0.0545047673305876,2.56876063,144.80786541219112,7236.0,97.36288474992327,144.81293620598385
2024-05-09 02:35:49,0.144263809,0.0545039983789208,2.56872439,144.85403689733806,7240.0,97.36288474992327,144.8597618493491
2024-05-09 02:35:53,0.144324744,0.0545016278689811,2.56861267,144.8998053364021,7244.0,97.36288474992327,144.90618439755718
2024-05-09 02:35:57,0.144369691,0.0545016278689811,2.56861267,144.93019703860745,7248.0,97.36288474992327,144.93723016032894
2024-05-09 02:36:01,0.14441675,0.0545008589173143,2.56857643,144.96345512213148,7252.0,97.36288474992327,144.971142256331
2024-05-09 02:36:06,0.144459887,0.0544993853054694,2.56850698,144.9951319266459,7257.0,97.36288474992327,145.0036365095524
2024-05-09 02:36:10,0.144547368,0.0544981680108468,2.56844961,145.05713648029493,7261.0,97.36288474992327,145.06629496923196
2024-05-09 02:36:14,0.144585981,0.0544972709005688,2.56840733,145.08479972682903,7265.0,97.36288474992327,145.0946120752484
2024-05-09 02:36:18,0.144617957,0.0544952846542794,2.56831372,145.10987588047905,7269.0,97.36288474992327,145.12034204229093
2024-05-09 02:36:22,0.144657172,0.0544949003906291,2.56829561,145.13701721248128,7273.0,97.36288474992327,145.14813714204718
2024-05-09 02:36:26,0.144685227,0.054494323676879,2.56826843,145.15680245402862,7277.0,97.36288474992327,145.16857610615418
2024-05-09 02:36:30,0.144710566,0.0544931063822563,2.56821106,145.17588705699416,7281.0,97.36288474992327,145.18831438692183
2024-05-09 02:36:35,0.144735,0.0544934906459066,2.56822917,145.19124521133583,7286.0,97.36288474992327,145.20448957623003
2024-05-09 02:36:39,0.144758832,0.0544920170340617,2.56815972,145.20976043372292,7290.0,97.36288474992327,145.22365837727546
2024-05-09 02:36:43,0.144785378,0.0544920811133673,2.56816274,145.22732908474353,7294.0,97.36288474992327,145.24188056356752
2024-05-09 02:36:47,0.144815544,0.0544911201359669,2.56811745,145.2492808284851,7298.0,97.36288474992327,145.26448579960038
2024-05-09 02:36:51,0.144858681,0.0544900948670778,2.56806913,145.28031318183653,7302.0,97.36288474992327,145.29617160266238
2024-05-09 02:36:55,0.144880702,0.0544897746827331,2.56805404,145.29546230385253,7306.0,97.36288474992327,145.31197413220076
2024-05-09 02:37:00,0.144895785,0.0544895824448164,2.56804498,145.30541973637943,7311.0,97.36288474992327,145.3227482653899
2024-05-09 02:37:04,0.144910868,0.0544881088329715,2.56797553,145.3178951263248,7315.0,97.36288474992327,145.33587696933245
2024-05-09 02:37:08,0.144928364,0.0544879165950548,2.56796647,145.32968361549192,7319.0,97.36288474992327,145.34831873153536
2024-05-09 02:37:12,0.14495129,0.0544864427710268,2.56789701,145.34757979856926,7323.0,97.36288474992327,145.36686814704953
2024-05-09 02:37:16,0.144970295,0.0544870194847769,2.56792419,145.35899796613646,7327.0,97.36288474992327,145.3789395068103
2024-05-09 02:37:20,0.144989299,0.0544868272468602,2.56791513,145.37182901198818,7331.0,97.36288474992327,145.3924237049609
2024-05-09 02:37:25,0.14500951,0.0544861866659876,2.56788494,145.3861554069546,7336.0,97.36288474992327,145.40756648471867
2024-05-09 02:37:29,0.14504571,0.0544863148245988,2.56789098,145.41027942746592,7340.0,97.36288474992327,145.43234356900425
2024-05-09 02:37:33,0.145058681,0.0544870835640824,2.56792721,145.41717473948069,7344.0,97.36288474992327,145.43989190598342
2024-05-09 02:37:37,0.145068937,0.0544872758019991,2.56793627,145.42325449728102,7348.0,97.36288474992327,145.44662465025752
2024-05-09 02:37:41,0.145083115,0.0544859303487654,2.56787286,145.43487327573297,7352.0,97.36288474992327,145.4588963770048
2024-05-09 02:37:45,0.145099405,0.0544843926576149,2.56780039,145.4483058398548,7356.0,97.36288474992327,145.47298185154892
2024-05-09 02:37:50,0.145111471,0.0544849050798763,2.56782454,145.45488420206783,7361.0,97.36288474992327,145.48037629898482
2024-05-09 02:37:54,0.145130778,0.0544842644990037,2.56779435,145.46875122198585,7365.0,97.36288474992327,145.4948961451916
2024-05-09 02:37:58,0.145144352,0.0544843285783093,2.56779737,145.47736001489474,7369.0,97.36288474992327,145.50415772746132
2024-05-09 02:38:02,0.145154609,0.0544848410005707,2.56782152,145.48285147753802,7373.0,97.36288474992327,145.5103019428137
2024-05-09 02:38:06,0.145166977,0.0544849050798763,2.56782454,145.49062693114354,7377.0,97.36288474992327,145.51873011274623
2024-05-09 02:38:10,0.145190204,0.0544841363403926,2.56778831,145.5074393371208,7381.0,97.36288474992327,145.53619519893107
2024-05-09 02:38:15,0.145204081,0.0544843285783093,2.56779737,145.5158584890317,7386.0,97.36288474992327,145.54543015069785
2024-05-09 02:38:19,0.145220069,0.0544836237059481,2.56776415,145.5275517780814,7390.0,97.36288474992327,145.5577760396121
2024-05-09 02:38:23,0.145233945,0.0544838159438648,2.56777321,145.5361335476422,7394.0,97.36288474992327,145.56701037372534
2024-05-09 02:38:27,0.145248123,0.0544844567369205,2.56780341,145.54409767737252,7398.0,97.36288474992327,145.57562703293007
2024-05-09 02:38:31,0.145257173,0.0544829188335868,2.56773093,145.55253194960514,7402.0,97.36288474992327,145.58471379978653
2024-05-09 02:38:35,0.145263809,0.0544822782527143,2.56770074,145.55764530589133,7406.0,97.36288474992327,145.59047961606666
2024-05-09 02:38:39,0.145273764,0.0544838159438648,2.56777321,145.56103880187894,7410.0,97.36288474992327,145.5945255376325
2024-05-09 02:38:44,0.145282814,0.0544826627285477,2.56771886,145.56860188794246,7415.0,97.36288474992327,145.60290410758705
2024-05-09 02:38:48,0.145293372,0.0544817656182698,2.56767658,145.576898617344,7419.0,97.36288474992327,145.61185318587968
2024-05-09 02:38:52,0.145306947,0.0544818296975753,2.5676796,145.5855090229509,7423.0,97.36288474992327,145.6211159066119
2024-05-09 02:38:56,0.145334096,0.0544825986492421,2.56771584,145.60220021676014,7427.0,97.36288474992327,145.6384593819665
2024-05-09 02:39:00,0.145339526,0.0544822782527143,2.56770074,145.6058908633787,7431.0,97.36288474992327,145.64280227673004
2024-05-09 02:39:04,0.145349179,0.0544813170631308,2.56765544,145.61368120006298,7435.0,97.36288474992327,145.65124482833153
2024-05-09 02:39:08,0.145355514,0.0544815733803531,2.56766752,145.61693422958535,7439.0,97.36288474992327,145.6551500397097
2024-05-09 02:39:13,0.145361547,0.054480868720175,2.56763431,145.62158735940096,7444.0,97.36288474992327,145.66061835059514
2024-05-09 02:39:17,0.145373915,0.0544813811424364,2.56765846,145.62853730875898,7448.0,97.36288474992327,145.6682204079948
2024-05-09 02:39:21,0.14538387,0.0544808046408694,2.56763129,145.63582771280443,7452.0,97.36288474992327,145.67616288751583
2024-05-09 02:39:25,0.145394729,0.054479971609897,2.56759203,145.64421614965335,7456.0,97.36288474992327,145.6852033674128
2024-05-09 02:39:29,0.145404684,0.0544800356892026,2.56759505,145.65032549236165,7460.0,97.36288474992327,145.69196472087384
2024-05-09 02:39:33,0.145413432,0.0544784339187465,2.56751956,145.65867353647835,7464.0,97.36288474992327,145.70096474357365
2024-05-09 02:39:38,0.145425197,0.0544784339187465,2.56751956,145.66598926136095,7469.0,97.36288474992327,145.70909539662762
2024-05-09 02:39:42,0.145430325,0.0544788824738855,2.5675407,145.66805373972352,7473.0,97.36288474992327,145.71181178161794
2024-05-09 02:39:46,0.14544028,0.0544788183945799,2.56753768,145.6743998153623,7477.0,97.36288474992327,145.71880973207902
2024-05-09 02:39:50,0.145452648,0.0544792028704134,2.5675558,145.68158589251686,7481.0,97.36288474992327,145.7266476523489
2024-05-09 02:39:54,0.145458983,0.0544784979980521,2.56752258,145.68661269168942,7485.0,97.36288474992327,145.73232626302195
2024-05-09 02:39:58,0.145467429,0.054477921284302,2.5674954,145.69286207349128,7489.0,97.36288474992327,145.73922742479525
2024-05-09 02:40:03,0.145476479,0.0544776010999573,2.56748031,145.69889269805137,7494.0,97.36288474992327,145.7460727301023
2024-05-09 02:40:07,0.145488244,0.0544786261566632,2.56752862,145.7044799183534,7498.0,97.36288474992327,145.7523116597162
2024-05-09 02:40:11,0.145490657,0.0544774729413462,2.56747427,145.70762429175812,7502.0,97.36288474992327,145.75610771113884
2024-05-09 02:40:15,0.145494579,0.0544767039896794,2.56743803,145.71110247537555,7506.0,97.36288474992327,145.7602375415392
2024-05-09 02:40:19,0.145501215,0.0544760631966237,2.56740783,145.7162199460623,7510.0,97.36288474992327,145.76600662782656
2024-05-09 02:40:23,0.145512678,0.05447529445714,2.5673716,145.72490987900116,7514.0,97.36288474992327,145.7753481452302
2024-05-09 02:40:28,0.145521426,0.0544762554345404,2.56741689,145.72836730510085,7519.0,97.36288474992327,145.77962000818678
2024-05-09 02:40:32,0.145529571,0.0544756789329734,2.56738972,145.73440936272428,7523.0,97.36288474992327,145.786313580357
2024-05-09 02:40:36,0.145540733,0.0544758711708901,2.56739878,145.74111728985022,7527.0,97.36288474992327,145.79367299100184
2024-05-09 02:40:40,0.145543146,0.0544756148536679,2.5673867,145.74260680970025,7531.0,97.36288474992327,145.79581396336306
2024-05-09 02:40:45,0.145548576,0.0544755507743623,2.56738368,145.74566369320766,7536.0,97.36288474992327,145.79968511892542
2024-05-09 02:40:49,0.145550989,0.0544747818226955,2.56734744,145.74809999137116,7540.0,97.36288474992327,145.80277279987422
2024-05-09 02:40:53,0.145560039,0.0544754866950567,2.56738066,145.75240176497232,7544.0,97.36288474992327,145.80772592527566
2024-05-09 02:40:57,0.145577233,0.0544754866950567,2.56738066,145.76363381953553,7548.0,97.36288474992327,145.81960930064815
2024-05-09 02:41:01,0.145586585,0.0544745895847788,2.56733838,145.77110307627441,7552.0,97.36288474992327,145.82772984719315
2024-05-09 02:41:05,0.145592316,0.0544754226157512,2.56737764,145.77287402401066,7556.0,97.36288474992327,145.83015205371427
2024-05-09 02:41:10,0.145601366,0.0544753585364456,2.56737462,145.7784331447314,7561.0,97.36288474992327,145.83652520425483
2024-05-09 02:41:14,0.145603779,0.0544749099813066,2.56735348,145.78027828943542,7565.0,97.36288474992327,145.8390215378478
2024-05-09 02:41:18,0.145603176,0.0544735004487673,2.56728705,145.7818142959895,7569.0,97.36288474992327,145.8412087021686
2024-05-09 02:41:22,0.145610416,0.05447529445714,2.5673716,145.7828528370092,7573.0,97.36288474992327,145.84289836978883
2024-05-09 02:41:26,0.145621276,0.0544738849246007,2.56730517,145.79231172485294,7577.0,97.36288474992327,145.85300835301717
2024-05-09 02:41:30,0.145627007,0.0544735645280728,2.56729007,145.79621370001993,7581.0,97.36288474992327,145.85756139229696
2024-05-09 02:41:34,0.145632135,0.0544736286073784,2.56729309,145.79898855177012,7585.0,97.36288474992327,145.86098727682622
2024-05-09 02:41:38,0.145643598,0.0544726674177949,2.56724779,145.80803659848118,7589.0,97.36288474992327,145.87068632491503
2024-05-09 02:41:43,0.145651442,0.0544725392591838,2.56724175,145.81288132142757,7594.0,97.36288474992327,145.87634475531243
2024-05-09 02:41:47,0.14564933,0.0544722831541446,2.56722968,145.81124392915953,7598.0,97.36288474992327,145.87535829349048
2024-05-09 02:41:51,0.145655363,0.0544722831541446,2.56722968,145.81476292145499,7602.0,97.36288474992327,145.87952818456944
2024-05-09 02:41:55,0.145660491,0.0544712578852556,2.56718136,145.81955140248266,7606.0,97.36288474992327,145.8849675326252
2024-05-09 02:41:59,0.145671351,0.0544720909162279,2.56722062,145.82486713966748,7610.0,97.36288474992327,145.89093410498396
2024-05-09 02:42:03,0.145678591,0.0544711297266444,2.56717532,145.83099727033348,7614.0,97.36288474992327,145.89771503886507
2024-05-09 02:42:08,0.145687942,0.0544727314971005,2.56725081,145.83368613695427,7619.0,97.36288474992327,145.90121736439409
2024-05-09 02:42:12,0.145691562,0.0544719627576168,2.56721458,145.83695859724702,7623.0,97.36288474992327,145.90514055558214
2024-05-09 02:42:16,0.145696691,0.0544712578852556,2.56718136,145.84115614343642,7627.0,97.36288474992327,145.90998880032797
2024-05-09 02:42:20,0.145696389,0.0544723472334502,2.5672327,145.83828281685493,7631.0,97.36288474992327,145.9077661398347
2024-05-09 02:42:24,0.145704232,0.0544724751798782,2.56723873,145.8428165945907,7635.0,97.36288474992327,145.9129505510554
2024-05-09 02:42:29,0.145711472,0.0544711297266444,2.56717532,145.84949515809058,7640.0,97.36288474992327,145.92044236034815
2024-05-09 02:42:33,0.145718712,0.0544718345990057,2.56720854,145.85254554540347,7644.0,97.36288474992327,145.92414330726513
2024-05-09 02:42:37,0.14572565,0.0544701687492441,2.56713003,145.85977092802455,7648.0,97.36288474992327,145.9320192164085
2024-05-09 02:42:41,0.14573289,0.0544710015680333,2.56716928,145.86258469103203,7652.0,97.36288474992327,145.93548347269703
2024-05-09 02:42:45,0.145738621,0.0544703609871608,2.56713909,145.8670801637238,7656.0,97.36288474992327,145.94062940526356
2024-05-09 02:42:49,0.145739828,0.0544711297266444,2.56717532,145.8658423509322,7660.0,97.36288474992327,145.94004201876976
2024-05-09 02:42:53,0.145738923,0.0544699124320218,2.56711795,145.86681764359489,7664.0,97.36288474992327,145.94166770397675
2024-05-09 02:42:58,0.145747671,0.0544693997975772,2.56709379,145.87299958541612,7669.0,97.36288474992327,145.9486625887348
2024-05-09 02:43:02,0.145757927,0.0544689514546214,2.56707266,145.88026778186543,7673.0,97.36288474992327,145.95658110110915
2024-05-09 02:43:06,0.145766072,0.0544690794010494,2.56707869,145.8850109069296,7677.0,97.36288474992327,145.96197450773272
2024-05-09 02:43:10,0.145768184,0.0544688873753158,2.56706964,145.88617575782686,7681.0,97.36288474992327,145.96378960562367
2024-05-09 02:43:14,0.145776027,0.054468566978788,2.56705454,145.89153960857988,7685.0,97.36288474992327,145.96980366859873
2024-05-09 02:43:18,0.145777234,0.0544683106615657,2.56704246,145.89219794224218,7689.0,97.36288474992327,145.9711121795001
2024-05-09 02:43:23,0.145779948,0.0544677339478156,2.56701528,145.894328255092,7694.0,97.36288474992327,145.974055164373
2024-05-09 02:43:27,0.145780853,0.0544690794010494,2.56707869,145.89181457743007,7698.0,97.36288474992327,145.97219158443696
2024-05-09 02:43:31,0.14579111,0.0544690794010494,2.56707869,145.89825446573738,7702.0,97.36288474992327,145.9792815347621
2024-05-09 02:43:35,0.145799556,0.0544703609871608,2.56713909,145.90107138049927,7706.0,97.36288474992327,145.98274847559895
2024-05-09 02:43:39,0.145806193,0.0544690794010494,2.56707869,145.90738027805892,7710.0,97.36288474992327,145.98970736305046
2024-05-09 02:43:43,0.145814639,0.0544678621064268,2.56702132,145.9148210320526,7714.0,97.36288474992327,145.99779807050712
2024-05-09 02:43:47,0.145817053,0.0544684388201769,2.5670485,145.9147725571648,7718.0,97.36288474992327,145.99839951240233
2024-05-09 02:43:52,0.145818863,0.0544684388201769,2.5670485,145.91521135491647,7723.0,97.36288474992327,145.99965065416012
2024-05-09 02:43:56,0.145817354,0.0544677339478156,2.56701528,145.91482283526958,7727.0,97.36288474992327,145.99991196781986
2024-05-09 02:44:00,0.145821276,0.0544689514546214,2.56707266,145.91463103346584,7731.0,97.36288474992327,146.0003699617892
2024-05-09 02:44:04,0.145830326,0.0544672215255542,2.56699113,145.9234385728728,7735.0,97.36288474992327,146.00982725916157
2024-05-09 02:44:08,0.145836962,0.0544672853926767,2.56699414,145.9272578368775,7739.0,97.36288474992327,146.01429624304444
2024-05-09 02:44:13,0.145840582,0.0544672853926767,2.56699414,145.92894809456007,7744.0,97.36288474992327,146.01679859658043
2024-05-09 02:44:17,0.145846917,0.0544674135512878,2.56700018,145.93244036170577,7748.0,97.36288474992327,146.020940496859
2024-05-09 02:44:21,0.145847822,0.0544670933669431,2.56698509,145.93300901356181,7752.0,97.36288474992327,146.02215874281575
2024-05-09 02:44:25,0.145849632,0.0544670933669431,2.56698509,145.9336106399743,7756.0,97.36288474992327,146.0234099239948
2024-05-09 02:44:29,0.14585295,0.0544668370497208,2.56697301,145.93572918972933,7760.0,97.36288474992327,146.02617798887496
2024-05-09 02:44:33,0.145861698,0.0544669011290264,2.56697603,145.94100826497663,7764.0,97.36288474992327,146.0321065392934
2024-05-09 02:44:37,0.14587105,0.0544683106615657,2.56704246,145.94421410250942,7768.0,97.36288474992327,146.0359618117256
2024-05-09 02:44:42,0.145880703,0.0544678621064268,2.56702132,145.95090538704756,7773.0,97.36288474992327,146.04346483276316
2024-05-09 02:44:46,0.145881306,0.0544681825029546,2.56703642,145.95007969683658,7777.0,97.36288474992327,146.04328848565115
2024-05-09 02:44:50,0.145884926,0.0544685028994824,2.56705152,145.95133952845686,7781.0,97.36288474992327,146.04519761902972
2024-05-09 02:44:54,0.145889451,0.0544672853926767,2.56699414,145.9560723313546,7785.0,97.36288474992327,146.05057968200532
2024-05-09 02:44:58,0.145890657,0.0544674135512878,2.56700018,145.95601948481752,7789.0,97.36288474992327,146.05117605352063
2024-05-09 02:45:02,0.145888848,0.0544661962566652,2.56694281,145.95637370840757,7793.0,97.36288474992327,146.05217945278736
2024-05-09 02:45:06,0.145898199,0.0544663884945819,2.56695187,145.96183273222528,7797.0,97.36288474992327,146.05828760955075
2024-05-09 02:45:11,0.145902724,0.0544658117808318,2.56692469,145.9652173389764,7802.0,97.36288474992327,146.062483571844
2024-05-09 02:45:15,0.145907249,0.0544661962566652,2.56694281,145.96698436170948,7806.0,97.36288474992327,146.06489963005254
2024-05-09 02:45:19,0.145911472,0.0544655554636095,2.56691261,145.97044131977202,7810.0,97.36288474992327,146.06900557966966
2024-05-09 02:45:23,0.145919617,0.0544668370497208,2.56697301,145.97304940192092,7814.0,97.36288474992327,146.07226260907527
2024-05-09 02:45:27,0.145921125,0.0544670292876375,2.56698207,145.97308691538166,7818.0,97.36288474992327,146.07294902511296
2024-05-09 02:45:32,0.145923237,0.0544663884945819,2.56695187,145.97492255274489,7823.0,97.36288474992327,146.07559572727646
2024-05-09 02:45:36,0.145921125,0.0544667088911097,2.56696697,145.97222041223267,7827.0,97.36288474992327,146.07354238738924
2024-05-09 02:45:40,0.145927762,0.0544662603359707,2.56694583,145.97699037262956,7831.0,97.36288474992327,146.07896110245542
2024-05-09 02:45:44,0.145938923,0.0544651711999592,2.5668945,145.98607436151738,7835.0,97.36288474992327,146.08869379965367
2024-05-09 02:45:48,0.145944956,0.0544653634378759,2.56690356,145.98924015260783,7839.0,97.36288474992327,146.09250825228742
2024-05-09 02:45:53,0.145950989,0.0544660040187485,2.56693375,145.99141330040197,7844.0,97.36288474992327,146.09549216061475
2024-05-09 02:45:57,0.145949783,0.0544645944862091,2.56686732,145.9925421275431,7848.0,97.36288474992327,146.09726954255547
2024-05-09 02:46:01,0.145949481,0.0544648508034314,2.5668794,145.99121002976727,7852.0,97.36288474992327,146.0965859514517
2024-05-09 02:46:05,0.145952799,0.0544652352792648,2.56689752,145.99214304640537,7856.0,97.36288474992327,146.0981674262052
2024-05-09 02:46:09,0.145955514,0.0544652352792648,2.56689752,145.99337148615618,7860.0,97.36288474992327,146.10004427508085
2024-05-09 02:46:13,0.145962452,0.0544657477015262,2.56692167,145.9965700095621,7864.0,97.36288474992327,146.10389115818228
2024-05-09 02:46:18,0.145974217,0.0544662603359707,2.56694583,146.00294285779708,7869.0,97.36288474992327,146.11107438585043
2024-05-09 02:46:22,0.14597663,0.0544654275171815,2.56690658,146.00550567456077,7873.0,97.36288474992327,146.11428544946438
2024-05-09 02:46:26,0.145979949,0.0544642100103757,2.5668492,146.009407743824,7877.0,97.36288474992327,146.1188357146891
2024-05-09 02:46:30,0.145980552,0.0544638896138479,2.5668341,146.009770126354,7881.0,97.36288474992327,146.1198462418328
2024-05-09 02:46:34,0.145975424,0.0544642100103757,2.5668492,146.00498334525855,7885.0,97.36288474992327,146.11570755353898
2024-05-09 02:46:38,0.145977234,0.0544636975881143,2.56682505,146.0065360288872,7889.0,97.36288474992327,146.1179082776885
2024-05-09 02:46:42,0.145982965,0.0544631208743642,2.56679787,146.01091860274954,7893.0,97.36288474992327,146.1229388393175
2024-05-09 02:46:46,0.145996238,0.0544646585655147,2.56687034,146.01659701765277,7897.0,97.36288474992327,146.12926518875486
2024-05-09 02:46:51,0.146002271,0.0544648508034314,2.5668794,146.0196015463992,7902.0,97.36288474992327,146.13307956007458
2024-05-09 02:46:55,0.146005891,0.0544643381689868,2.56685524,146.02240624984464,7906.0,97.36288474992327,146.13653207650802
2024-05-09 02:46:59,0.146013131,0.054465619542915,2.56691563,146.02438880433334,7910.0,97.36288474992327,146.13916238916545
2024-05-09 02:47:03,0.146014338,0.054464914882737,2.56688242,146.02588141001561,7914.0,97.36288474992327,146.14130269769902
2024-05-09 02:47:07,0.146008305,0.0544654913843039,2.56690959,146.01999479621963,7918.0,97.36288474992327,146.1360637309341
2024-05-09 02:47:11,0.146012226,0.0544630567950586,2.56679485,146.02656979682388,7922.0,97.36288474992327,146.14328632224175
2024-05-09 02:47:15,0.146017354,0.0544645944862091,2.56686732,146.02661739505103,7926.0,97.36288474992327,146.14398145433253
2024-05-09 02:47:19,0.146023689,0.0544646585655147,2.56687034,146.03023054678317,7930.0,97.36288474992327,146.14824208257195
2024-05-09 02:47:24,0.146030929,0.0544641459310701,2.56684618,146.03537651440325,7935.0,97.36288474992327,146.15419731437424
2024-05-09 02:47:28,0.146031834,0.0544629286364475,2.56678881,146.03761120695327,7939.0,97.36288474992327,146.15707935246706
2024-05-09 02:47:32,0.146032739,0.0544638255345423,2.56683108,146.03592704394697,7943.0,97.36288474992327,146.15604247593654
2024-05-09 02:47:36,0.146029421,0.054463441270892,2.56681297,146.03369829509506,7947.0,97.36288474992327,146.15446095395737
2024-05-09 02:47:40,0.146030326,0.0544638255345423,2.56683108,146.03296450502327,7951.0,97.36288474992327,146.1543743306148
2024-05-09 02:47:45,0.146032437,0.0544627363985308,2.56677975,146.03563387085305,7956.0,97.36288474992327,146.15785256944864
2024-05-09 02:47:49,0.146046615,0.0544624800813085,2.56676767,146.0452636934711,7960.0,97.36288474992327,146.16812942147348
2024-05-09 02:47:53,0.14605476,0.0544626082399197,2.56677371,146.05001003004938,7964.0,97.36288474992327,146.17352272552745
2024-05-09 02:47:57,0.146059285,0.0544640818517646,2.56684316,146.04975935135286,7968.0,97.36288474992327,146.1739189518159
2024-05-09 02:48:01,0.146061095,0.0544628645571419,2.56678579,146.05262064365212,7972.0,97.36288474992327,146.1774270860455
2024-05-09 02:48:05,0.146058983,0.0544631849536698,2.56680089,146.04991976555948,7976.0,97.36288474992327,146.1753729862603
2024-05-09 02:48:09,0.146054459,0.0544624800813085,2.56676767,146.0474523027226,7980.0,97.36288474992327,146.1735522375351
2024-05-09 02:48:14,0.146056268,0.0544635053501976,2.56681599,146.04599380839332,7985.0,97.36288474992327,146.1729020446906
2024-05-09 02:48:18,0.146068335,0.0544641459310701,2.56684618,146.0525017218079,7989.0,97.36288474992327,146.1800565256596
2024-05-09 02:48:22,0.146073765,0.0544635053501976,2.56681599,146.05679676518363,7993.0,97.36288474992327,146.18499807050256
2024-05-09 02:48:26,0.146073765,0.0544626082399197,2.56677371,146.05781373819076,7997.0,97.36288474992327,146.18666147829822
2024-05-09 02:48:30,0.146086133,0.0544631208743642,2.56679787,146.06476715118416,8001.0,97.36288474992327,146.194261258806
2024-05-09 02:48:34,0.146078591,0.0544642740896813,2.56685222,146.05676858532,8005.0,97.36288474992327,146.1869089925821
2024-05-09 02:48:38,0.146074971,0.0544628645571419,2.56678579,146.05623331662585,8009.0,97.36288474992327,146.18701995505
2024-05-09 02:48:43,0.146080703,0.0544628004778364,2.56678277,146.0595071391511,8014.0,97.36288474992327,146.19110146930296
2024-05-09 02:48:47,0.146083719,0.0544629927157531,2.56679183,146.06058964144762,8018.0,97.36288474992327,146.19283004645447
2024-05-09 02:48:51,0.146091563,0.0544627363985308,2.56677975,146.06584172271548,8022.0,97.36288474992327,146.19872813210617
2024-05-09 02:48:55,0.146099406,0.0544629927157531,2.56679183,146.07014256753973,8026.0,97.36288474992327,146.2036749102209
2024-05-09 02:48:59,0.146101819,0.0544629927157531,2.56679183,146.07116488817218,8030.0,97.36288474992327,146.20534309242422
2024-05-09 02:49:04,0.146107852,0.0544615191039081,2.56672238,146.0772615487709,8035.0,97.36288474992327,146.21224697816956
2024-05-09 02:49:08,0.146104232,0.0544629286364475,2.56678881,146.07149898819299,8039.0,97.36288474992327,146.20713011548128
2024-05-09 02:49:12,0.146103931,0.0544626723192252,2.56677673,146.07112063838167,8043.0,97.36288474992327,146.20739738977528
2024-05-09 02:49:16,0.146105137,0.0544630567950586,2.56679485,146.0705957869892,8047.0,97.36288474992327,146.2075180880599
2024-05-09 02:49:20,0.146113885,0.0544608142315469,2.56668916,146.080157538417,8051.0,97.36288474992327,146.21772531408828
2024-05-09 02:49:24,0.14611841,0.0544620315261696,2.56674653,146.08038260910024,8055.0,97.36288474992327,146.21859578364337
2024-05-09 02:49:29,0.146126253,0.0544619676590471,2.56674352,146.08511664373185,8060.0,97.36288474992327,146.22413645937092
2024-05-09 02:49:33,0.146125047,0.0544615831832137,2.5667254,146.08435083427597,8064.0,97.36288474992327,146.22401587599126
2024-05-09 02:49:37,0.146126253,0.0544619676590471,2.56674352,146.08382626945613,8068.0,97.36288474992327,146.22413645937092
2024-05-09 02:49:41,0.146119315,0.0544620315261696,2.56674653,146.07826618986005,8072.0,97.36288474992327,146.21922144942806
2024-05-09 02:49:45,0.146116902,0.0544606860729358,2.56668312,146.0784486153869,8076.0,97.36288474992327,146.22004886538843
2024-05-09 02:49:50,0.146132287,0.0544621596847807,2.56675257,146.08554544561574,8081.0,97.36288474992327,146.2279518212238
2024-05-09 02:49:54,0.146136812,0.0544620956054751,2.56674955,146.0881478284626,8085.0,97.36288474992327,146.2311990137764
