time,voltage,current,shunt_voltage,temperature,temperature old
2024-04-09 16:03:37,0.105836026,0.0290528743387843,1.36923582,182.4602713075437,182.4602713075437
2024-04-09 16:03:46,0.106472527,0.0290418539713255,1.36871644,183.3417437909317,183.3425742503013
2024-04-09 16:03:50,0.106850506,0.0290371768185685,1.36849601,183.85673938156324,183.85793899642923
2024-04-09 16:03:54,0.10698927,0.0290326919037282,1.36828464,184.05893028647142,184.06049909526047
2024-04-09 16:03:58,0.107115665,0.029029936705772,1.36815479,184.23672312298956,184.2386611641284
2024-04-09 16:04:03,0.107217324,0.029024810997876,1.36791322,184.39361090738834,184.3960105430021
2024-04-09 16:04:07,0.107309934,0.0290239140997812,1.36787095,184.51843062415662,184.5211995785805
2024-04-09 16:04:11,0.1073947,0.0290224402757531,1.36780149,184.63580929484715,184.63894760650803
2024-04-09 16:04:15,0.107466193,0.029020710346686,1.36771996,184.7371150621927,184.7406227695174
2024-04-09 16:04:19,0.107528938,0.0290191726555355,1.36764749,184.82608519641775,184.8299623378332
2024-04-09 16:04:23,0.107586857,0.0290194930520633,1.36766259,184.89977279738818,184.9040194113213
2024-04-09 16:04:27,0.107632709,0.0290177631229961,1.36758106,184.96763516216998,184.9722512870476
2024-04-09 16:04:31,0.107725319,0.0290166099076791,1.36752671,185.09375788378634,185.09874355803535
2024-04-09 16:04:36,0.107765439,0.0290157127974011,1.36748443,185.15002583263492,185.155473497636
2024-04-09 16:04:40,0.107798622,0.0290145595820841,1.36743008,185.1985750695993,185.20439237043212
2024-04-09 16:04:44,0.107830296,0.0290137906304173,1.36739384,185.24329341280568,185.24948038789708
2024-04-09 16:04:48,0.10786378,0.0290126374151002,1.36733949,185.2922434169862,185.2988001047629
2024-04-09 16:04:52,0.107886405,0.0290114841997831,1.36728514,185.32701744196558,185.33394388085424
2024-04-09 16:04:56,0.107920794,0.0290119325427389,1.36730627,185.36937709657886,185.37667332500607
2024-04-09 16:05:01,0.107942212,0.0290106511688107,1.36724588,185.40310944668934,185.410867966077
2024-04-09 16:05:05,0.107966948,0.0290103948515885,1.3672338,185.43628847855922,185.444416873945
2024-04-09 16:05:09,0.107987159,0.0290086649225213,1.36715227,185.47072286483655,185.47922117464677
2024-04-09 16:05:17,0.108043871,0.0290078961830376,1.36711604,185.54778986054376,185.55702811448143
2024-04-09 16:05:22,0.108064685,0.0290067427555374,1.36706168,185.58012430830593,185.5898251053761
2024-04-09 16:05:26,0.108083087,0.0290077680244265,1.36711,185.59880005607258,185.60887093087783
2024-04-09 16:05:30,0.108101186,0.0290074476278986,1.3670949,185.62362840728204,185.63406939824807
2024-04-09 16:05:34,0.108115666,0.0290066145969263,1.36705564,185.64622613070162,185.657037276254
2024-04-09 16:05:38,0.108130447,0.0290063584918871,1.36704357,185.66640924150627,185.6775905800704
2024-04-09 16:05:42,0.108141609,0.0290046926421255,1.36696506,185.68873104828896,185.70028261829003
2024-04-09 16:05:46,0.108161518,0.0290055254609148,1.36700431,185.7103103251745,185.72223216503767
2024-04-09 16:05:51,0.108181428,0.0290050128264702,1.36698015,185.73835170778884,185.75073643901453
2024-04-09 16:05:55,0.108196812,0.0290048846678591,1.36697411,185.75870120848873,185.77145629603217
2024-04-09 16:05:59,0.108211593,0.0290042440869865,1.36694392,185.78076047851698,185.7938859608027
2024-04-09 16:06:03,0.108220945,0.0290038596111531,1.3669258,185.79448047835675,185.80797639380896
2024-04-09 16:06:07,0.108233313,0.0290030908716695,1.36688957,185.81401403424803,185.82788042129076
2024-04-09 16:06:12,0.108246284,0.0290032188180975,1.3668956,185.8298717430098,185.84420127357413
2024-04-09 16:06:16,0.108254127,0.0290030267923639,1.36688655,185.8406831971883,185.85538328579636
2024-04-09 16:06:20,0.108268305,0.0290023219200027,1.36685333,185.86227174147035,185.87734242654548
2024-04-09 16:06:24,0.108279467,0.0290034110560142,1.36690466,185.87117115001618,185.88661246998143
2024-04-09 16:06:28,0.108290327,0.0290031547387919,1.36689258,185.8862376287099,185.902049621988
2024-04-09 16:06:33,0.10830541,0.029002129682086,1.36684427,185.91047895819986,185.92675434715065
2024-04-09 16:06:37,0.108318683,0.0290030908716695,1.36688957,185.92275851316413,185.93940466187803
2024-04-09 16:06:41,0.108324112,0.0290005279116299,1.36676878,185.9419863799463,185.9590033268452
2024-04-09 16:06:45,0.108335274,0.0290002075151021,1.36675368,185.95776244444997,185.97515022795545
2024-04-09 16:06:49,0.108342514,0.0290011687046856,1.36679898,185.96215928926426,185.97991794779756
2024-04-09 16:06:53,0.108350357,0.0290004638323244,1.36676576,185.97547564337606,185.99360521535823
2024-04-09 16:06:58,0.108360312,0.02900110462538,1.36679596,185.98489009310165,186.0034833609238
2024-04-09 16:07:02,0.108366043,0.0289995669342295,1.36672349,185.99951372129706,186.0184779890141
2024-04-09 16:07:06,0.10837087,0.0289987339032572,1.36668423,186.0095168764442,186.028852182476
2024-04-09 16:07:10,0.108389271,0.0289998871185742,1.36673858,186.02755669727094,186.04726308003703
2024-04-09 16:07:14,0.108394701,0.0289996948806576,1.36672952,186.03521895294227,186.05529645086187
2024-04-09 16:07:18,0.108404052,0.028999502854924,1.36672047,186.04800332431125,186.06845197580324
2024-04-09 16:07:23,0.108412197,0.0289994387756184,1.36671745,186.0584943341543,186.07940698163765
2024-04-09 16:07:27,0.108420945,0.0289995669342295,1.36672349,186.06892694932625,186.09021083682308
2024-04-09 16:07:31,0.108431503,0.0289997589599631,1.36673254,186.08141232352446,186.10306748945231
2024-04-09 16:07:35,0.108433615,0.0289994387756184,1.36671745,186.08536473504145,186.1073912178175
2024-04-09 16:07:39,0.108440855,0.0289985416653405,1.36667517,186.09883633687593,186.12123417491705
2024-04-09 16:07:43,0.108447491,0.0289995669342295,1.36672349,186.10212594758633,186.1248951793089
2024-04-09 16:07:47,0.108453524,0.0289983494274238,1.36666611,186.11558655876715,186.13872722258716
2024-04-09 16:07:52,0.108455334,0.0289978370051624,1.36664196,186.1199914091765,186.1435964171401
2024-04-09 16:07:56,0.108471322,0.0289977729258568,1.36663894,186.14082404911517,186.16480057561057
2024-04-09 16:08:00,0.108479165,0.0289979649515904,1.36664799,186.14976205986056,186.1741101433023
2024-04-09 16:08:04,0.108483992,0.0289980931102015,1.36665403,186.15507124266247,186.17979092146464
2024-04-09 16:08:08,0.108484294,0.0289964913397455,1.36657854,186.16292460378503,186.18801591636125
2024-04-09 16:08:12,0.108495455,0.02899700397419,1.3666027,186.17463092316962,186.20009390793308
2024-04-09 16:08:21,0.108507521,0.0289971321328011,1.36660874,186.18893470576512,186.2152340933954
2024-04-09 16:08:25,0.108511443,0.0289969398948844,1.36659968,186.19462786137507,186.2212990460319
2024-04-09 16:08:29,0.108518079,0.0289979008722848,1.36664497,186.19822814064088,186.22527116073536
2024-04-09 16:08:33,0.108530749,0.0289981571895071,1.36665705,186.21315834894145,186.2405732428841
2024-04-09 16:08:42,0.108536179,0.0289952099658173,1.36651815,186.2338321576525,186.2620839081893
2024-04-09 16:08:46,0.108542212,0.0289954662830395,1.36653023,186.24009025343017,186.2687140026457
2024-04-09 16:08:50,0.10854372,0.0289952740451228,1.36652117,186.24262929460343,186.27162508090592
2024-04-09 16:08:54,0.10855277,0.0289955303623451,1.36653325,186.2528298155283,186.28219767732543
2024-04-09 16:08:58,0.108555485,0.0289952740451228,1.36652117,186.2572596860203,186.2869996617192
2024-04-09 16:09:02,0.108562423,0.0289948254899838,1.36650003,186.2681489144494,186.2982610424566
2024-04-09 16:09:07,0.108566948,0.0289948254899838,1.36650003,186.27359709900665,186.30417447140752
2024-04-09 16:09:11,0.108570266,0.0289948895692894,1.36650305,186.27724738443678,186.3081969955585
2024-04-09 16:09:15,0.108573585,0.0289960429967896,1.36655741,186.2755683685943,186.30689025684148
2024-04-09 16:09:19,0.108586254,0.0289957866795673,1.36654533,186.29300605327688,186.32470025705348
2024-04-09 16:09:23,0.108588064,0.0289957866795673,1.36654533,186.2949989987055,186.3270655564149
2024-04-09 16:09:27,0.108597114,0.0289947614106783,1.36649701,186.31147125808266,186.34391020812768
2024-04-09 16:09:31,0.108602846,0.028995978917484,1.36655439,186.31263030848422,186.3454416892669
2024-04-09 16:09:35,0.108604656,0.0289945691727616,1.36648795,186.32152360713314,186.35470745705496
2024-04-09 16:09:40,0.108610086,0.0289941849091113,1.36646984,186.330035353296,186.3636848436428
2024-04-09 16:09:44,0.108613102,0.0289944410141504,1.36648191,186.33235056596862,186.36637261185544
2024-04-09 16:09:48,0.108617024,0.0289947614106783,1.36649701,186.3355349587413,186.36992959856747
2024-04-09 16:09:52,0.108627883,0.0289952740451228,1.36652117,186.34684358883746,186.3816108610016
2024-04-09 16:09:57,0.108632107,0.0289948895692894,1.36650305,186.35378025037906,186.3890133669627
2024-04-09 16:10:01,0.10863814,0.0289950177279006,1.36650909,186.36066421559144,186.39627005090745
2024-04-09 16:10:09,0.108643871,0.0289946332520671,1.36649097,186.36929091525667,186.4056423032258
2024-04-09 16:10:13,0.108651111,0.028994377147028,1.3664789,186.37963403598158,186.41635825787
2024-04-09 16:10:17,0.108654429,0.0289934159574445,1.3664336,186.3883049325094,186.42540202671137
2024-04-09 16:10:21,0.108656239,0.0289938004332779,1.36645172,186.38841447416814,186.42588447907704
2024-04-09 16:10:25,0.108663178,0.0289947614106783,1.36649701,186.392403410606,186.43024636461456
2024-04-09 16:10:30,0.108669211,0.0289952740451228,1.36652117,186.3973106527207,186.4356198470925
2024-04-09 16:10:38,0.108672831,0.0289939926711946,1.36646078,186.40757172700566,186.44662703072868
2024-04-09 16:10:42,0.108684595,0.0289938004332779,1.36645172,186.42351486236603,186.46294327834923
2024-04-09 16:10:46,0.1086855,0.0289938645125835,1.36645474,186.42401054446984,186.46381211110184
2024-04-09 16:10:51,0.108687914,0.0289936081953612,1.36644266,186.427954703684,186.4682227626099
2024-04-09 16:10:59,0.10868912,0.0289917501076829,1.36635509,186.43788829163933,186.478902862992
2024-04-09 16:11:03,0.10869817,0.0289930955609167,1.3664185,186.44275054686176,186.48413843200603
2024-04-09 16:11:07,0.108702695,0.0289925190593497,1.36639133,186.45111612297495,186.4928773602952
2024-04-09 16:11:11,0.108702997,0.0289920064249052,1.36636717,186.45364955228663,186.4957841801664
2024-04-09 16:11:15,0.108708426,0.0289931596402222,1.36642152,186.45472045813003,186.49722851495196
2024-04-09 16:11:20,0.10871265,0.028992903323,1.36640944,186.46103030562216,186.50400520259612
2024-04-09 16:11:24,0.108717175,0.0289933518781389,1.36643058,186.46437256377007,186.50772097604408
2024-04-09 16:11:28,0.108722001,0.028992326821433,1.36638227,186.47533026688757,186.5190522328415
2024-04-09 16:11:32,0.108722604,0.0289926472179608,1.36639737,186.47417445114303,186.51827000915583
2024-04-09 16:11:36,0.108729241,0.0289920705042107,1.36637019,186.48530208437631,186.52977127282605
2024-04-09 16:11:40,0.108728939,0.0289913656318495,1.36633697,186.4879888386419,186.53283169590577
2024-04-09 16:11:45,0.108734369,0.0289913015525439,1.36633395,186.49493305933174,186.5402430565798
2024-04-09 16:11:49,0.108739196,0.0289921986628219,1.36637623,186.4964705494985,186.542154301906
2024-04-09 16:11:57,0.108743117,0.0289914297111551,1.36633999,186.50461740421892,186.55104878206703
2024-04-09 16:12:01,0.108750357,0.0289915578697662,1.36634603,186.51307822841483,186.55988347654215
2024-04-09 16:12:06,0.108753374,0.0289915578697662,1.36634603,186.51655418852278,186.5638268284588
2024-04-09 16:12:10,0.108761217,0.0289907891302825,1.3663098,186.5302008757311,186.5778474722806
2024-04-09 16:12:14,0.108766043,0.028991878266294,1.36636113,186.53079410999544,186.57881470152756
2024-04-09 16:12:18,0.108768758,0.0289914937904606,1.36634301,186.5358539949572,186.5842486198402
2024-04-09 16:12:22,0.108772077,0.0289918141869885,1.36635811,186.53824684987026,186.58701554647135
2024-04-09 16:12:26,0.108777506,0.0289911093146272,1.36632489,186.54842539438837,186.59756820107384
2024-04-09 16:12:35,0.108782635,0.0289921345835163,1.36637321,186.5492592210085,186.59924391565505
2024-04-09 16:12:39,0.108790176,0.0289914297111551,1.36633999,186.5621984227256,186.6125573521398
2024-04-09 16:12:43,0.108794399,0.0289926472179608,1.36639737,186.56137233388117,186.6121055364249
2024-04-09 16:12:47,0.108791383,0.0289905968923658,1.36630074,186.56711238430503,186.61821989833916
2024-04-09 16:12:52,0.108793796,0.0289904046544491,1.36629168,186.57074143992952,186.6223168972701
2024-04-09 16:12:56,0.108795304,0.028989827940699,1.3662645,186.57516718167938,186.6271170368185
2024-04-09 16:13:00,0.108799226,0.0289902124165324,1.36628262,186.57803322932722,186.6303575206224
2024-04-09 16:13:04,0.108805862,0.0289912374732384,1.36633093,186.5813041721616,186.63400293796911
2024-04-09 16:13:08,0.108806767,0.0289895075441712,1.3662494,186.59059932444765,186.64367260312287
2024-04-09 16:13:12,0.108808879,0.0289902124165324,1.36628262,186.58952728503687,186.642975114934
2024-04-09 16:13:16,0.108814309,0.0289913656318495,1.36633697,186.5905926103069,186.6444150297791
2024-04-09 16:13:21,0.10881823,0.0289905328130602,1.36629772,186.59933530025802,186.6536260106313
2024-04-09 16:13:25,0.108818532,0.0289900201786157,1.36627356,186.6018705896663,186.65653597590511
2024-04-09 16:13:29,0.108823359,0.028990276495838,1.36628564,186.60654774887487,186.66158784932867
2024-04-09 16:13:33,0.10882728,0.0289894434648656,1.36624638,186.6153859075827,186.6708007605998
2024-04-09 16:13:37,0.108831503,0.028990276495838,1.36628564,186.6164434325048,186.6722330764325
2024-04-09 16:13:41,0.108835727,0.0289909172888936,1.36631584,186.61844545130495,186.6746099244893
2024-04-09 16:13:46,0.108835123,0.0289910452353217,1.36632187,186.61655954631803,186.6731926099956
2024-04-09 16:13:50,0.108836632,0.0289889310426042,1.36622223,186.6285321499951,186.68554012920373
2024-04-09 16:13:54,0.108837235,0.0289888028839931,1.36621619,186.62957440263958,186.6869573357216
2024-04-09 16:13:58,0.108839347,0.0289903405751435,1.36628866,186.62441377913316,186.6821717044297
2024-04-09 16:14:02,0.108845681,0.0289904046544491,1.36629168,186.6320035824108,186.69013653826173
2024-04-09 16:14:06,0.108854128,0.0289900201786157,1.36627356,186.64455681620555,186.70306484094965
2024-04-09 16:14:10,0.108852921,0.0289911733939328,1.36632791,186.63694410747772,186.69582723945243
2024-04-09 16:14:15,0.108853525,0.0289889951219098,1.36622525,186.64795588250217,186.70730795242557
2024-04-09 16:14:19,0.108852921,0.0289893153062545,1.36624034,186.64521954190693,186.7049468053159
2024-04-09 16:14:23,0.108857446,0.0289888669632986,1.36621921,186.65296006022396,186.7130625554521
2024-04-09 16:14:27,0.10885805,0.0289888028839931,1.36621619,186.65368888947017,186.7141666548498
2024-04-09 16:14:31,0.108861368,0.0289892512269489,1.36623732,186.6554500322926,186.7163031061548
2024-04-09 16:14:36,0.108868004,0.0289896357027823,1.36625544,186.66176791368878,186.72309017705527
2024-04-09 16:14:44,0.108877356,0.0289903405751435,1.36628866,186.66978130686553,186.73185439800463
2024-04-09 16:14:48,0.108877356,0.028989827940699,1.3662645,186.67192246793536,186.73437103044984
2024-04-09 16:14:52,0.108876752,0.0289902124165324,1.36628262,186.66886996318888,186.73169403540317
2024-04-09 16:14:56,0.108876149,0.0289888028839931,1.36621619,186.67462610606955,186.7378257263067
2024-04-09 16:15:01,0.108885802,0.0289889310426042,1.36622223,186.68614579027403,186.7498148994296
2024-04-09 16:15:05,0.108880372,0.0289888028839931,1.36621619,186.67930130219247,186.743346045593
2024-04-09 16:15:09,0.108888215,0.0289892512269489,1.36623732,186.686976645297,186.7513970612613
2024-04-09 16:15:13,0.108885501,0.0289881620909374,1.36618599,186.68840096626192,186.75319709310747
2024-04-09 16:15:17,0.10888912,0.028987777615104,1.36616787,186.69464410287782,186.75981597892076
2024-04-09 16:15:22,0.108889724,0.0289884824874652,1.36620109,186.69150268803003,186.75714430444964
2024-04-09 16:15:26,0.108895757,0.0289891871476433,1.3662343,186.69555312556616,186.76157057738945
2024-04-09 16:15:30,0.108897567,0.028989827940699,1.3662645,186.69439675168988,186.7607900772286
2024-04-09 16:15:34,0.108902393,0.0289888669632986,1.36621921,186.70504824672238,186.7718174842868
2024-04-09 16:15:38,0.108899377,0.0289879698530207,1.36617693,186.7051352880814,186.77228047598052
2024-04-09 16:15:43,0.108906315,0.0289884184081597,1.36619807,186.7115320679318,186.77914724761908
2024-04-09 16:15:47,0.108912348,0.0289893153062545,1.36624034,186.7146376740493,186.7826288902613
2024-04-09 16:15:51,0.108910237,0.0289880980116318,1.36618297,186.71748050398594,186.785847795027
2024-04-09 16:15:55,0.10891265,0.0289890592012153,1.36622827,186.71553802919698,186.78428143337013
2024-04-09 16:15:59,0.108916873,0.0289890592012153,1.36622827,186.7206821974888,186.7898017530956
2024-04-09 16:16:04,0.108919286,0.0289889951219098,1.36622525,186.72368096197198,186.7932707607302
2024-04-09 16:16:08,0.10891627,0.0289886747253819,1.36621015,186.7209357974754,186.7909018338405
2024-04-09 16:16:12,0.108921398,0.0289877135357984,1.36616485,186.73198422232102,186.8023265345899
2024-04-09 16:16:16,0.108917175,0.0289857913688145,1.36607426,186.7355294026624,186.8062480291304
2024-04-09 16:16:24,0.108924415,0.0289866243997869,1.36611352,186.7401495003707,186.8116208701173
2024-04-09 16:16:29,0.108926526,0.0289872651928426,1.36614372,186.7392907715617,186.81123268363675
2024-04-09 16:16:33,0.108930448,0.0289861758446479,1.36609238,186.74939329826896,186.82171168728215
2024-04-09 16:16:37,0.108927431,0.028985599343081,1.36606521,186.74790486505145,186.8205997692904
2024-04-09 16:16:41,0.108936179,0.0289874572185762,1.36615277,186.74983715445916,186.82290861220997
2024-04-09 16:16:45,0.108936783,0.0289857913688145,1.36607426,186.75843474121365,186.8318827907609
2024-04-09 16:16:49,0.108939498,0.0289857913688145,1.36607426,186.76160760000744,186.83543227963415
2024-04-09 16:16:54,0.108942514,0.0289861758446479,1.36609238,186.76319059151487,186.8374861125741
2024-04-09 16:16:58,0.108942514,0.0289866243997869,1.36611352,186.76060990463188,186.83528214190187
2024-04-09 16:17:02,0.108949754,0.0289878416944096,1.36617089,186.7637169644889,186.8387659562476
2024-04-09 16:17:06,0.108956089,0.0289878416944096,1.36617089,186.77162172662767,186.84704751115163
2024-04-09 16:17:14,0.108955787,0.0289872651928426,1.36614372,186.77330598446727,186.84948546934484
2024-04-09 16:17:18,0.108958804,0.0289877135357984,1.36616485,186.7746701076631,186.85122650012596
2024-04-09 16:17:23,0.108964535,0.0289870729549259,1.36613466,186.7848389188126,186.86186649957423
2024-04-09 16:17:27,0.108968457,0.0289875853771873,1.36615881,186.7870709777716,186.8644755522241
2024-04-09 16:17:31,0.108969362,0.0289872651928426,1.36614372,186.78945055876494,186.8672321651748
2024-04-09 16:17:35,0.108971473,0.0289866243997869,1.36611352,186.7949824910748,186.873141167707
2024-04-09 16:17:39,0.108974188,0.0289857913688145,1.36607426,186.80224917040854,186.88078495552637
2024-04-09 16:17:43,0.10897449,0.0289861758446479,1.36609238,186.80037710725114,186.87929003911623
2024-04-09 16:17:48,0.108979015,0.0289869447963148,1.36612862,186.80204191584906,186.88142633495124
2024-04-09 16:17:52,0.108979618,0.0289863040032591,1.36609842,186.80560257944688,186.88536423137907
2024-04-09 16:17:56,0.108984143,0.0289870729549259,1.36613466,186.80736143361798,186.8875003566365
2024-04-09 16:18:00,0.108985651,0.0289873292721482,1.36614674,186.8076957050766,186.8882119374361
2024-04-09 16:18:04,0.108989271,0.0289868166377036,1.36612258,186.8145706106571,186.8954641906105
2024-04-09 16:18:08,0.108986255,0.0289864321618702,1.36610446,186.8121401879657,186.89341115376428
2024-04-09 16:18:13,0.1089944,0.0289860476860368,1.36608634,186.82420683646248,186.90594958835584
2024-04-09 16:18:17,0.108995003,0.0289864962411758,1.36610748,186.82241261975648,186.9045328435542
2024-04-09 16:18:21,0.108996511,0.0289863680825647,1.36610144,186.8246366272127,186.9071343611605
2024-04-09 16:18:25,0.109002544,0.0289878416944096,1.36617089,186.8249020378045,186.9077773201464
2024-04-09 16:18:29,0.109000131,0.028987201113537,1.3661407,186.82451891674435,186.9077717857227
2024-04-09 16:18:33,0.109003148,0.0289870729549259,1.36613466,186.82871551836996,186.9123460122253
2024-04-09 16:18:38,0.109000433,0.0289859836067312,1.36608332,186.8300494322955,186.91415201102024
2024-04-09 16:18:42,0.109003449,0.0289856634223865,1.36606823,186.8351889634748,186.9196692531114
2024-04-09 16:18:46,0.109009181,0.0289852789465531,1.36605011,186.84419561106165,186.929053649845
2024-04-09 16:18:50,0.109009784,0.0289868166377036,1.36612258,186.83704577877984,186.92228160494307
2024-04-09 16:18:54,0.109012499,0.0289864321618702,1.36610446,186.8421077156587,186.92772136743315
2024-04-09 16:18:59,0.109015516,0.0289862399239535,1.3660954,186.8465248882831,186.9326108758317
2024-04-09 16:19:03,0.109013706,0.0289852789465531,1.36605011,186.84850577566797,186.9349696748417
2024-04-09 16:19:07,0.109013706,0.0289846381534975,1.36601991,186.85127878251208,186.9381206315365
2024-04-09 16:19:11,0.109019136,0.0289862399239535,1.3660954,186.85012370182366,186.93734353892245
2024-04-09 16:19:15,0.109021247,0.028985727289509,1.36607124,186.85502628551856,186.9426241489136
2024-04-09 16:19:19,0.109020342,0.0289850226293309,1.36603803,186.856930154668,186.9449060825794
2024-04-09 16:19:24,0.10902728,0.0289858554481201,1.36607728,186.86143282854474,186.94988139084563
2024-04-09 16:19:28,0.109028789,0.0289863680825647,1.36610144,186.8605066052153,186.94933331802093
2024-04-09 16:19:32,0.109030297,0.0289861758446479,1.36609238,186.863045280238,186.9522501817624
2024-04-09 16:19:36,0.10903452,0.0289859836067312,1.36608332,186.8691335220964,186.95871665055176
2024-04-09 16:19:40,0.109033012,0.0289859836067312,1.36608332,186.86678371474895,186.95674510834567
2024-04-09 16:19:44,0.109041157,0.0289863680825647,1.36610144,186.87516318446743,186.96550288141395
2024-04-09 16:19:49,0.109039648,0.0289858554481201,1.36607728,186.87523861524136,186.9660512451029
2024-04-09 16:19:53,0.109042967,0.0289873292721482,1.36614674,186.87195107508094,186.9631420942544
2024-04-09 16:19:57,0.109037838,0.0289859195274257,1.3660803,186.8718002663146,186.96336971300235
2024-04-09 16:20:01,0.109041458,0.0289846381534975,1.36601991,186.88245694932857,186.974404861731
2024-04-09 16:20:05,0.109046285,0.0289859195274257,1.3660803,186.88208683371013,186.97441325002572
2024-04-09 16:20:10,0.109049,0.0289862399239535,1.3660954,186.8835873377785,186.9763869376992
2024-04-09 16:20:14,0.109049,0.0289861758446479,1.36609238,186.88352392125427,186.97670211102772
2024-04-09 16:20:18,0.109051715,0.0289859836067312,1.36608332,186.8876403819603,186.98119719977865
2024-04-09 16:20:22,0.109052921,0.0289858554481201,1.36607728,186.88946880839856,186.9834042924521
2024-04-09 16:20:26,0.109053826,0.028985150787942,1.36604407,186.89373948093544,186.9880536694125
2024-04-09 16:20:30,0.109053525,0.0289855352637754,1.36606219,186.89107597171522,186.98576890280205
2024-04-09 16:20:34,0.109057446,0.0289850226293309,1.36603803,186.89834528496934,186.99341699685036
2024-04-09 16:20:39,0.10905624,0.0289850226293309,1.36603803,186.89629499219876,186.9918402337662
2024-04-09 16:20:43,0.109062273,0.028985727289509,1.36607124,186.90033737915155,186.99626148742072
2024-04-09 16:20:47,0.109064385,0.0289863680825647,1.36610144,186.899567490903,186.99587050405177
2024-04-09 16:20:51,0.109065289,0.0289856634223865,1.36606823,186.90383684287264,187.00051879907684
2024-04-09 16:20:56,0.109070418,0.0289855352637754,1.36606219,186.91069934371012,187.00785503241545
2024-04-09 16:21:00,0.109074943,0.0289859836067312,1.36608332,186.91403061087726,187.01156532852644
2024-04-09 16:21:04,0.109070116,0.028985727289509,1.36607124,186.9086017013478,187.0065154861101
2024-04-09 16:21:08,0.109068909,0.0289845740741919,1.36601689,186.91231812619,187.01061101623267
2024-04-09 16:21:12,0.109071624,0.0289849585500253,1.36603501,186.9135971101308,187.01226914361905
2024-04-09 16:21:16,0.109074641,0.0289852789465531,1.36605011,186.9155861253316,187.0146373404286
2024-04-09 16:21:20,0.109076451,0.0289852789465531,1.36605011,186.91757335783186,187.0170037926987
2024-04-09 16:21:25,0.109079166,0.0289850226293309,1.36603803,186.92191010316898,187.021814616409
2024-04-09 16:21:29,0.109082484,0.0289848944707197,1.36603199,186.9264994961221,187.02678331498677
2024-04-09 16:21:33,0.109079166,0.0289845099948863,1.36601387,186.92367381129128,187.024336973935
2024-04-09 16:21:37,0.109080674,0.0289849585500253,1.36603501,186.92305899118705,187.024101535762
2024-04-09 16:21:41,0.109084596,0.0289842536776641,1.36600179,186.93127582943876,187.03269779409504
2024-04-09 16:21:46,0.109088819,0.0289850867086364,1.36604105,186.9322237612553,187.03412005465867
2024-04-09 16:21:50,0.109087311,0.0289841255190529,1.36599575,186.93460246031367,187.0368782596284
2024-04-09 16:21:54,0.109086104,0.0289841895983585,1.36599877,186.93232945481174,187.03498479818103
2024-04-09 16:21:58,0.109089724,0.0289843818362752,1.36600783,186.93573694804147,187.0387718736064
2024-04-09 16:22:02,0.109093344,0.028984702232803,1.36602293,186.93851367597514,187.0419282218747
2024-04-09 16:22:07,0.109095455,0.0289843177569696,1.36600481,186.94269122531333,187.0465803502607
2024-04-09 16:22:11,0.109097567,0.0289838694140138,1.36598368,186.94727941474892,187.0515482458356
2024-04-09 16:22:15,0.109100584,0.0289847663121086,1.36602595,186.94643029628267,187.05107887164053
2024-04-09 16:22:19,0.1091036,0.0289839334933194,1.3659867,186.95409269361616,187.0591210513749
2024-04-09 16:22:23,0.109100885,0.0289846381534975,1.36601991,186.94669496428375,187.0521031425709
2024-04-09 16:22:27,0.10910722,0.0289849585500253,1.36603501,186.95302105618325,187.05880909312413
2024-04-09 16:22:31,0.109108427,0.0289849585500253,1.36603501,186.95421926160756,187.06038719532532
2024-04-09 16:22:36,0.109111443,0.028984702232803,1.36602293,186.95894918898978,187.0655920472859
2024-04-09 16:22:40,0.109111142,0.028983549017486,1.36596858,186.96385188344908,187.070874724291
2024-04-09 16:22:44,0.109112348,0.0289856634223865,1.36606823,186.95464168067048,187.06204454217408
2024-04-09 16:22:48,0.109121096,0.0289839973604418,1.36598971,186.9738998393602,187.0816827596392
2024-04-09 16:22:52,0.109122303,0.0289854071051643,1.36605615,186.9681585779884,187.07632159515416
2024-04-09 16:22:57,0.10912713,0.0289850226293309,1.36603803,186.97588696529078,187.08452515715575
2024-04-09 16:23:01,0.109120191,0.0289840614397474,1.36599273,186.97116566398768,187.0801840384819
2024-04-09 16:23:05,0.109123208,0.0289832286209581,1.36595348,186.97882996243368,187.08822855766115
2024-04-09 16:23:09,0.109122906,0.0289841255190529,1.36599575,186.97363960506516,187.0834184591277
2024-04-09 16:23:13,0.109126225,0.0289844459155808,1.36601085,186.97602166706778,187.0861808180649
2024-04-09 16:23:17,0.10912713,0.0289833567795693,1.36595952,186.9821862928075,187.0927257788364
2024-04-09 16:23:21,0.10912713,0.0289825878279025,1.36592328,186.98559162209352,187.09651148124908
2024-04-09 16:23:25,0.109126225,0.0289839334933194,1.3659867,186.97740307184037,187.08870334221515
2024-04-09 16:23:30,0.109126225,0.0289818831677244,1.36589007,186.98702162692595,187.09879746488903
2024-04-09 16:23:34,0.10912894,0.0289829082244303,1.36593838,186.98514441293435,187.0973007478165
2024-04-09 16:23:38,0.109132258,0.0289824596692913,1.36591724,186.99131084006282,187.10384770994912
2024-04-09 16:23:42,0.109134973,0.0289831645416526,1.36595046,186.99100980812392,187.10392725109705
2024-04-09 16:23:46,0.109139196,0.0289841895983585,1.36599877,186.99110406834356,187.10440212248383
2024-04-09 16:23:51,0.109140403,0.0289836130967915,1.3659716,186.99504482980583,187.1088187014519
2024-04-09 16:23:55,0.109142816,0.0289830363830414,1.36594442,187.00065884580755,187.11481341429288
2024-04-09 16:23:59,0.109136783,0.0289819472470299,1.36589309,186.99775235501755,187.11228765841477
2024-04-09 16:24:03,0.109138291,0.0289816268505021,1.36587799,187.00092113214077,187.11583720852013
2024-04-09 16:24:07,0.109144928,0.0289818831677244,1.36589007,187.00795677322225,187.1232536606516
2024-04-09 16:24:11,0.109146436,0.0289809219781408,1.36584477,187.01428131832154,187.12995905486636
2024-04-09 16:24:16,0.109145531,0.0289820113263355,1.36589611,187.00725719019147,187.1234110416565
2024-04-09 16:24:20,0.109147944,0.0289812423746687,1.36585987,187.01381831128776,187.13035309750668
2024-04-09 16:24:24,0.109150357,0.0289828441451247,1.36593536,187.00870457811664,187.1256203371471
2024-04-09 16:24:28,0.109154279,0.0289818831677244,1.36589007,187.01818434020493,187.13548111010203
2024-04-09 16:24:32,0.109148547,0.0289825237485969,1.36592026,187.00715355603253,187.12483137484907
2024-04-09 16:24:36,0.109152167,0.0289815627711965,1.36587497,187.01623842266076,187.134297328447
2024-04-09 16:24:41,0.109154882,0.0289823955899858,1.36591422,187.0152107140332,187.133746032036
2024-04-09 16:24:45,0.109157597,0.0289816909298077,1.36588101,187.02185004109768,187.14076653167427
2024-04-09 16:24:49,0.109155184,0.0289819472470299,1.36589309,187.01705121268853,187.1363489138812
2024-04-09 16:24:53,0.109161217,0.0289821394849466,1.36590215,187.02361195981777,187.1432909096663
2024-04-09 16:24:57,0.109160916,0.0289813705332798,1.36586591,187.02662431281175,187.1466845493534
2024-04-09 16:25:02,0.109161217,0.0289824596692913,1.36591724,187.02117710020826,187.14171399860248
2024-04-09 16:25:06,0.109166044,0.0289823315106802,1.3659112,187.02773863599583,187.14865690665795
2024-04-09 16:25:10,0.109163027,0.0289811782953631,1.36585685,187.0290921391234,187.15039182008255
2024-04-09 16:25:14,0.109168155,0.0289816909298077,1.36588101,187.03289126805507,187.15457239733792
2024-04-09 16:25:18,0.109168457,0.0289814986918909,1.36587195,187.0338515766495,187.15591419228008
2024-04-09 16:25:22,0.109162424,0.0289804734230019,1.36582363,187.03063109162392,187.1530752316238
2024-04-09 16:25:26,0.109163329,0.0289803454765739,1.3658176,187.0320632207507,187.1548889231389
2024-04-09 16:25:31,0.109167854,0.028980601581613,1.36582967,187.03624194397887,187.15954465281277
2024-04-09 16:25:35,0.109169965,0.0289813064539742,1.36586289,187.03514866990196,187.1588330266576
2024-04-09 16:25:39,0.109175998,0.0289804734230019,1.36582363,187.04675969224326,187.17082573493127
2024-04-09 16:25:43,0.109176602,0.0289821394849466,1.36590215,187.03896064564597,187.1634084122745
2024-04-09 16:25:47,0.109179015,0.0289820113263355,1.36589611,187.042365444668,187.16719497324252
2024-04-09 16:25:51,0.10917992,0.0289827159865136,1.36592932,187.03969596735442,187.1649072958778
2024-04-09 16:25:56,0.109182333,0.0289827800658192,1.36593234,187.04205821612584,187.167746848023
2024-04-09 16:26:00,0.109182635,0.0289811142160575,1.36585383,187.050277429055,187.17634794639812
2024-04-09 16:26:04,0.109182937,0.0289822674313746,1.36590818,187.04460940111372,187.17106184189717
2024-04-09 16:26:08,0.109182635,0.0289816909298077,1.36588101,187.04667246471863,187.1735068669342
2024-04-09 16:26:12,0.109185953,0.0289818831677244,1.36589007,187.04968214856328,187.17689855020012
2024-04-09 16:26:16,0.10918535,0.0289816268505021,1.36587799,187.04977431870068,187.1773727577454
2024-04-09 16:26:20,0.109178713,0.0289808578988353,1.36584175,187.04450150143384,187.17248201587023
2024-04-09 16:26:25,0.109183842,0.0289796406042126,1.36578438,187.056728209058,187.18518637114477
2024-04-09 16:26:29,0.109185048,0.0289803454765739,1.3658176,187.05445031550013,187.1832906384325
2024-04-09 16:26:33,0.109186858,0.0289801532386572,1.36580854,187.05738217375327,187.1866046955065
2024-04-09 16:26:37,0.109191685,0.0289809860574464,1.36584779,187.0592088855231,187.1888136440697
2024-04-09 16:26:41,0.109195003,0.0289809860574464,1.36584779,187.06316542969182,187.1931524630016
2024-04-09 16:26:46,0.109195606,0.0289797046835182,1.3657874,187.06978972984476,187.20025465999944
2024-04-09 16:26:50,0.1091944,0.0289796406042126,1.36578438,187.06814600578738,187.19899329612747
2024-04-09 16:26:54,0.10919621,0.0289803454765739,1.3658176,187.06665738376472,187.1978870722512
2024-04-09 16:26:58,0.109195305,0.0289797046835182,1.3657874,187.0682489097906,187.1998610343818
2024-04-09 16:27:02,0.109201036,0.0289807297402241,1.36583571,187.07030996554906,187.2023045642005
2024-04-09 16:27:06,0.109204053,0.0289813064539742,1.36586289,187.0710309991047,187.20340810976916
2024-04-09 16:27:11,0.109202846,0.0289812423746687,1.36585987,187.06929020187448,187.20214550592223
2024-04-09 16:27:15,0.109207974,0.0289809219781408,1.36584477,187.0771920831381,187.21042998458276
2024-04-09 16:27:19,0.109204354,0.0289798328421293,1.36579344,187.07744259560488,187.21106313239025
2024-04-09 16:27:23,0.10920164,0.0289797046835182,1.3657874,187.07414229536272,187.20814550542988
2024-04-09 16:27:27,0.109205259,0.0289791279697681,1.36576022,187.08133434371015,187.21572026499737
2024-04-09 16:27:32,0.109206164,0.0289794483662959,1.36577532,187.08046045880923,187.2153248224681
2024-04-09 16:27:36,0.109212801,0.0289795765249071,1.36578136,187.08812553242947,187.22337269265944
2024-04-09 16:27:40,0.109210086,0.0289801532386572,1.36580854,187.08135007333144,187.2169800680617
2024-04-09 16:27:44,0.109212499,0.0289791279697681,1.36576022,187.08917555459465,187.2251884217516
2024-04-09 16:27:48,0.109214611,0.0289813064539742,1.36586289,187.0808185870682,187.21721436457543
2024-04-09 16:27:52,0.109216722,0.0289811782953631,1.36585685,187.0838276658933,187.2206063916716
2024-04-09 16:27:57,0.109215516,0.0289802173179627,1.36581156,187.08650767004778,187.22376513448657
2024-04-09 16:28:01,0.109217326,0.0289798969214349,1.36579646,187.09007062638904,187.22771112441023
2024-04-09 16:28:05,0.109216722,0.0289800891593516,1.36580552,187.08795026817683,187.22597383769187
2024-04-09 16:28:09,0.109219739,0.0289807297402241,1.36583571,187.08835550246081,187.22676218137832
2024-04-09 16:28:13,0.109220644,0.0289803454765739,1.3658176,187.0910496059991,187.22983943222488
2024-04-09 16:28:18,0.109222756,0.0289797687628238,1.36579042,187.09617489695668,187.2354437106184
2024-04-09 16:28:22,0.109220946,0.0289793202076848,1.36576928,187.0956354846028,187.23528753085023
2024-04-09 16:28:26,0.109225471,0.0289792561283792,1.36576626,187.10148562109197,187.24152093782152
2024-04-09 16:28:30,0.109225169,0.0289793202076848,1.36576928,187.10039152463102,187.2408101497362
2024-04-09 16:28:34,0.109231504,0.0289802173179627,1.36581156,187.10387078742798,187.24467275879937
2024-04-09 16:28:38,0.109228789,0.0289794483662959,1.36577532,187.1037271296754,187.2449124852006
2024-04-09 16:28:43,0.109229995,0.0289798969214349,1.36579646,187.10261401236727,187.24427865135985
2024-04-09 16:28:47,0.109231504,0.0289788716525458,1.36574814,187.10925772447428,187.25130583285733
2024-04-09 16:28:51,0.109233314,0.0289798328421293,1.36579344,187.10650322258522,187.24893483823672
2024-04-09 16:28:55,0.109232409,0.0289784873888956,1.36573003,187.11156847320365,187.25438363399888
2024-04-09 16:29:00,0.109235124,0.0289785514682011,1.36573305,187.1143237617887,187.25761840727105
2024-04-09 16:29:04,0.109233917,0.0289795765249071,1.36578136,187.10730858358608,187.2509868594205
2024-04-09 16:29:08,0.109240252,0.0289800891593516,1.36580552,187.11268244280458,187.25674438685655
2024-04-09 16:29:12,0.10923814,0.0289795124456015,1.36577834,187.1123797108477,187.25682536097983
2024-04-09 16:29:16,0.109242364,0.0289784873888956,1.36573003,187.1225733596864,187.26740275375823
2024-04-09 16:29:21,0.10923995,0.0289787434939347,1.3657421,187.1176740200045,187.2629831472364
2024-04-09 16:29:25,0.10924176,0.0289784873888956,1.36573003,187.12091988798775,187.2666128443324
2024-04-09 16:29:29,0.109242665,0.0289789357318514,1.36575116,187.11950922983522,187.26558605314244
2024-04-09 16:29:33,0.109242967,0.0289780388337566,1.36570889,187.12394209543118,187.27040282354776
2024-04-09 16:29:37,0.109239045,0.0289778465958399,1.36569983,187.11937665230275,187.2662213230724
2024-04-09 16:29:41,0.109244777,0.0289780388337566,1.36570889,187.12554132160878,187.2727699728722
2024-04-09 16:29:45,0.109244475,0.0289768856184395,1.36565454,187.13044832153196,187.2780609911268
2024-04-09 16:29:50,0.109241459,0.0289775902786176,1.36568775,187.122549395433,187.2706421411467
2024-04-09 16:29:54,0.10924357,0.0289772058027842,1.36566963,187.1268218048266,187.2752986539953
2024-04-09 16:29:58,0.109244173,0.0289768856184395,1.36565454,187.1288050241303,187.2776660145817
2024-04-09 16:30:02,0.109246888,0.0289777184372288,1.36569379,187.12786532437656,187.2771104939353
2024-04-09 16:30:06,0.10924719,0.0289774621200065,1.36568171,187.1291398762702,187.2787692627578
2024-04-09 16:30:10,0.109253525,0.028977974754451,1.36570587,187.13451307757813,187.28452671881308
2024-04-09 16:30:15,0.109254732,0.0289780388337566,1.36570889,187.13529528130977,187.28578929415636
2024-04-09 16:30:19,0.10925805,0.0289784873888956,1.36573003,187.13703850580998,187.28791685848404
2024-04-09 16:30:23,0.10926167,0.0289786796268123,1.36573909,187.14044044016978,187.29170317047968
2024-04-09 16:30:27,0.109260161,0.0289781029130622,1.36571191,187.140926310622,187.29257345637296
2024-04-09 16:30:31,0.109260765,0.0289779106751455,1.36570285,187.14227972053553,187.2943113195296
2024-04-09 16:30:35,0.109260161,0.0289773339613954,1.36567567,187.14394919384154,187.2963652838777
2024-04-09 16:30:39,0.109268005,0.0289793202076848,1.36576928,187.14402863370222,187.2968292525763
2024-04-09 16:30:44,0.109274339,0.0289804734230019,1.36582363,187.14614469017357,187.2994260232405
2024-04-09 16:30:48,0.109270116,0.0289795765249071,1.36578136,187.14466007915087,187.29832602608465
2024-04-09 16:30:52,0.109274038,0.0289798969214349,1.36579646,187.1478245228799,187.301875121466
2024-04-09 16:30:56,0.109277959,0.0289795765249071,1.36578136,187.15414748171744,187.30858276973828
2024-04-09 16:31:00,0.109274943,0.0289792561283792,1.36576626,187.1513985223751,187.30621853760977
2024-04-09 16:31:05,0.109273434,0.0289793202076848,1.36576928,187.14862813656174,187.3039291139357
2024-04-09 16:31:09,0.109271926,0.0289785514682011,1.36573305,187.15006211018675,187.3057478997659
2024-04-09 16:31:13,0.109277356,0.0289788075732403,1.36574512,187.15551562362813,187.3115862631812
2024-04-09 16:31:17,0.109279769,0.0289790638904625,1.3657572,187.1570223691292,187.3134778964217
2024-04-09 16:31:21,0.109280674,0.0289802813972683,1.36581458,187.1518168890807,187.30865734187483
2024-04-09 16:31:25,0.109286406,0.0289804734230019,1.36582363,187.15798084888874,187.3152062649436
2024-04-09 16:31:29,0.109283691,0.0289805375023074,1.36582665,187.15372939469674,187.3113398117681
2024-04-09 16:31:34,0.109286406,0.0289802173179627,1.36581156,187.15837752536217,187.31646924679333
2024-04-09 16:31:38,0.109283691,0.028978999811157,1.36575418,187.16044624081547,187.31892304820175
2024-04-09 16:31:42,0.109290026,0.0289787434939347,1.3657421,187.1696101377964,187.32847206888303
2024-04-09 16:31:46,0.109286406,0.0289791279697681,1.36576022,187.16259452366384,187.3218416161927
2024-04-09 16:31:50,0.109285802,0.0289782310716733,1.36571795,187.16584296196734,187.3254752536771
2024-04-09 16:31:54,0.109289422,0.0289783592302844,1.36572399,187.16955991365262,187.3295774422786
2024-04-09 16:31:59,0.109294852,0.0289793842869904,1.3657723,187.17112377605142,187.331622903883
2024-04-09 16:32:03,0.109296059,0.0289799610007405,1.36579948,187.16947248377963,187.33035693341992
2024-04-09 16:32:07,0.109292137,0.0289787434939347,1.3657421,187.1699630196076,187.33123282878117
2024-04-09 16:32:11,0.109290931,0.0289782951509789,1.36572097,187.1702117921621,187.3318669985902
2024-04-09 16:32:15,0.109294852,0.0289799610007405,1.36579948,187.16673784711028,187.3287784885109
2024-04-09 16:32:19,0.109297266,0.0289802813972683,1.36581458,187.16792904749488,187.3303551615826
2024-04-09 16:32:23,0.109295456,0.0289802173179627,1.36581156,187.1654925850933,187.32830420957936
2024-04-09 16:32:28,0.109296361,0.0289788075732403,1.36574512,187.17314732857676,187.3364408940871
2024-04-09 16:32:32,0.109302695,0.0289786155475067,1.36573607,187.18199252525136,187.34567168599807
2024-04-09 16:32:36,0.109302092,0.0289808578988353,1.36584175,187.16975808108643,187.33382287476988
2024-04-09 16:32:40,0.10930722,0.0289806656609186,1.36583269,187.177026479706,187.3414769440231
2024-04-09 16:32:44,0.109302092,0.0289788075732403,1.36574512,187.17909969064678,187.3439358632911
2024-04-09 16:32:49,0.109308729,0.0289788716525458,1.36574814,187.18698124921127,187.35229961026607
2024-04-09 16:32:53,0.10930903,0.0289786155475067,1.36573607,187.1882524990905,187.35395665327064
2024-04-09 16:32:57,0.109312047,0.028978999811157,1.36575418,187.18991668647985,187.3560066714678
2024-04-09 16:33:01,0.109309935,0.0289790638904625,1.3657572,187.18645264343732,187.35292849691223
2024-04-09 16:33:05,0.10931084,0.0289802813972683,1.36581458,187.1812444991433,187.3481062587808
2024-04-09 16:33:09,0.109316572,0.0289803454765739,1.3658176,187.18803840339515,187.35528610686745
2024-04-09 16:33:14,0.109316873,0.0289804734230019,1.36582363,187.18731840285804,187.3550485890952
2024-04-09 16:33:18,0.109316873,0.0289804734230019,1.36582363,187.18693237427328,187.3550485890952
2024-04-09 16:33:22,0.109320192,0.0289806656609186,1.36583269,187.18993835861485,187.35844063968256
2024-04-09 16:33:26,0.10931989,0.0289795124456015,1.36577834,187.1948462972648,187.3637346822358
2024-04-09 16:33:30,0.109318683,0.0289801532386572,1.36580854,187.18972052826336,187.35899505479176
2024-04-09 16:33:35,0.109322605,0.0289804095558794,1.36582062,187.1931023115778,187.36285956799867
2024-04-09 16:33:39,0.10932532,0.0289800891593516,1.36580552,187.1978472048797,187.36799068756693
2024-04-09 16:33:43,0.109322907,0.0289790638904625,1.3657572,187.19936345988592,187.36989320648223
2024-04-09 16:33:47,0.109322002,0.0289794483662959,1.36577532,187.19589678489618,187.3668128330408
2024-04-09 16:33:51,0.109331353,0.028980601581613,1.36582967,187.2020498730023,187.37335226033096
2024-04-09 16:33:55,0.10933437,0.0289802173179627,1.36581156,187.20750473890968,187.37919350305455
2024-04-09 16:34:00,0.109338895,0.0289799610007405,1.36579948,187.2142039183246,187.38637570640472
2024-04-09 16:34:04,0.10933075,0.0289798969214349,1.36579646,187.2034819480157,187.3760401975716
2024-04-09 16:34:08,0.109334068,0.0289797046835182,1.3657874,187.20838306491873,187.38132781357115
2024-04-09 16:34:12,0.10933256,0.0289793842869904,1.3657723,187.2076052218735,187.38093650723957
2024-04-09 16:34:16,0.109335275,0.0289796406042126,1.36578438,187.20950459274405,187.3832224524374
2024-04-09 16:34:21,0.109337688,0.0289804734230019,1.36582363,187.2080678760315,187.3822690065226
2024-04-09 16:34:25,0.1093398,0.0289806656609186,1.36583269,187.20949466645914,187.38408245589503
2024-04-09 16:34:29,0.109340101,0.028980025080046,1.3658025,187.21266219886502,187.3876366848477
2024-04-09 16:34:33,0.109332258,0.0289787434939347,1.3657421,187.20834204186258,187.3837032619905
2024-04-09 16:34:37,0.109340704,0.0289804095558794,1.36582062,187.21078024875865,187.38652824062652
2024-04-09 16:34:41,0.109341308,0.0289791279697681,1.36576022,187.21750693500482,187.39364173620385
2024-04-09 16:34:46,0.109341006,0.0289798328421293,1.36579344,187.21315036440137,187.38976873012143
2024-04-09 16:34:50,0.109337688,0.0289782951509789,1.36572097,187.21601174384142,187.3930170034596
2024-04-09 16:34:54,0.109344626,0.0289797687628238,1.36579042,187.2174268194228,187.3948190105185
2024-04-09 16:34:58,0.109346134,0.0289797687628238,1.36579042,187.21901195642752,187.39679111657648
2024-04-09 16:35:02,0.109348849,0.0289787434939347,1.3657421,187.22723500112733,187.4054011679017
2024-04-09 16:35:07,0.109350659,0.0289788716525458,1.36574814,187.22848588118765,187.40713585907403
2024-04-09 16:35:11,0.109348246,0.0289791920490737,1.36576324,187.22336193188403,187.40239900091967
2024-04-09 16:35:15,0.109351866,0.028980025080046,1.3658025,187.22359820550705,187.4030224032523
2024-04-09 16:35:19,0.109350358,0.0289799610007405,1.36579948,187.22155513830057,187.40136650231187
2024-04-09 16:35:23,0.109353676,0.0289802173179627,1.36581156,187.2242422496755,187.40444081750576
2024-04-09 16:35:27,0.109354279,0.0289802813972683,1.36581458,187.2243273729597,187.4049131821581
2024-04-09 16:35:31,0.109358502,0.028980025080046,1.3658025,187.23072762892247,187.4117007170345
2024-04-09 16:35:36,0.109356391,0.0289783592302844,1.36572399,187.23570398962886,187.41716122917552
2024-04-09 16:35:40,0.109354581,0.0289795765249071,1.36578136,187.22694192839506,187.4087865313191
2024-04-09 16:35:44,0.109355184,0.0289787434939347,1.3657421,187.2314542076437,187.4136862114785
2024-04-09 16:35:48,0.109357597,0.0289791279697681,1.36576022,187.23232504433295,187.4149444866081
2024-04-09 16:35:52,0.109361519,0.0289798328421293,1.36579344,187.2335880360839,187.4165949543254
2024-04-09 16:35:57,0.109361217,0.0289793202076848,1.36576928,187.23523865791935,187.4187299738839
2024-04-09 16:36:01,0.109359709,0.0289782310716733,1.36571795,187.23825429800553,187.422133174356
2024-04-09 16:36:05,0.109364837,0.0289802173179627,1.36581156,187.23477018677886,187.41903666102897
2024-04-09 16:36:09,0.109366647,0.0289797046835182,1.3657874,187.23927961131415,187.42393372097388
2024-04-09 16:36:13,0.109365441,0.0289792561283792,1.36576626,187.239528579962,187.4245703625375
2024-04-09 16:36:17,0.109366949,0.0289793842869904,1.3657723,187.24048049216483,187.42590998515848
2024-04-09 16:36:22,0.109370267,0.0289794483662959,1.36577532,187.24401877876466,187.42993296251296
2024-04-09 16:36:26,0.109371172,0.028980601581613,1.36582967,187.2391228133855,187.42542479191843
2024-04-09 16:36:30,0.109373284,0.028980601581613,1.36582967,187.24149692115049,187.4281867319581
2024-04-09 16:36:34,0.10937992,0.0289803454765739,1.3658176,187.25105126653781,187.4381289471063
2024-04-09 16:36:38,0.109376904,0.0289802173179627,1.36581156,187.24735174195612,187.43481732976784
2024-04-09 16:36:42,0.109378412,0.028980601581613,1.36582967,187.24703927353613,187.43489280606963
2024-04-09 16:36:47,0.109382032,0.0289812423746687,1.36585987,187.2481255306076,187.43646404674175
2024-04-09 16:36:51,0.109379619,0.0289792561283792,1.36576626,187.254385769998,187.44311231516664
2024-04-09 16:36:55,0.10938173,0.0289806656609186,1.36583269,187.2498009829132,187.4389155945824
2024-04-09 16:36:59,0.109379015,0.0289802173179627,1.36581156,187.2480752830435,187.4375779986754
2024-04-09 16:37:03,0.109388065,0.0289791920490737,1.36576324,187.2645834868103,187.4544743438632
2024-04-09 16:37:08,0.109385048,0.0289802173179627,1.36581156,187.25509159266872,187.4454676791678
2024-04-09 16:37:12,0.109384445,0.0289793842869904,1.3657723,187.25802679643914,187.44879110862624
2024-04-09 16:37:16,0.109387462,0.0289795124456015,1.36577834,187.26095151066332,187.4521040859841
2024-04-09 16:37:20,0.10938535,0.0289793842869904,1.3657723,187.25843378421249,187.44997466010875
2024-04-09 16:37:24,0.109389875,0.0289794483662959,1.36577532,187.263646921346,187.4555761352556
2024-04-09 16:37:28,0.109385953,0.0289794483662959,1.36577532,187.25812935229956,187.4504469416564
2024-04-09 16:37:32,0.109387763,0.0289791279697681,1.36576022,187.26168971688836,187.4543957191225
2024-04-09 16:37:37,0.109391987,0.0289791920490737,1.36576324,187.26641201186868,187.4596035828294
2024-04-09 16:37:41,0.109385652,0.0289794483662959,1.36577532,187.2564732256618,187.45005329370295
2024-04-09 16:37:45,0.109391082,0.0289782951509789,1.36572097,187.26887930758124,187.46284791012005
2024-04-09 16:37:49,0.10938716,0.0289775902786176,1.36568775,187.26684129069292,187.46119846514264
2024-04-09 16:37:53,0.109388668,0.0289783592302844,1.36572399,187.26462861497637,187.4593743987462
2024-04-09 16:37:58,0.109394098,0.0289788716525458,1.36574814,187.26871455422676,187.4639461522476
2024-04-09 16:38:02,0.109395606,0.0289789357318514,1.36575116,187.2699817003834,187.46560199188076
2024-04-09 16:38:06,0.109394702,0.028980025080046,1.3658025,187.26303278810653,187.4590418104768
2024-04-09 16:38:10,0.109399226,0.0289790638904625,1.3657572,187.27330578053093,187.4697035711664
2024-04-09 16:38:14,0.109393495,0.0289789357318514,1.36575116,187.2660545798779,187.462841176167
2024-04-09 16:38:19,0.109391685,0.0289783592302844,1.36572399,187.26604752525128,187.4633201811786
2024-04-09 16:38:23,0.109400735,0.0289778465958399,1.36569983,187.28002583575426,187.4776873814443
2024-04-09 16:38:27,0.109403751,0.0289798328421293,1.36579344,187.2737744808113,187.47182495363933
2024-04-09 16:38:31,0.109403148,0.0289795124456015,1.36577834,187.27417876208162,187.4726181994189
2024-04-09 16:38:36,0.109406165,0.0289791279697681,1.36576022,187.27953643465952,187.4784621301805
2024-04-09 16:38:40,0.10940526,0.0289797687628238,1.36579042,187.2748000254397,187.4741147695405
2024-04-09 16:38:44,0.10940526,0.0289793842869904,1.3657723,187.2763091955679,187.47601302560653
2024-04-09 16:38:48,0.109406768,0.0289793202076848,1.36576928,187.2782086250744,187.4783015784049
2024-04-09 16:38:52,0.109407673,0.0289799610007405,1.36579948,187.27583921323074,187.4763213272031
2024-04-09 16:38:56,0.10940526,0.0289790638904625,1.3657572,187.2767236321783,187.4775949441384
2024-04-09 16:39:00,0.10940707,0.0289780388337566,1.36570889,187.2837629575723,187.48502350486183
2024-04-09 16:39:05,0.109409784,0.0289782310716733,1.36571795,187.28587664241576,187.4876237863728
2024-04-09 16:39:09,0.109409784,0.0289784873888956,1.36573003,187.28422166038186,187.4863581236724
2024-04-09 16:39:13,0.109411594,0.0289795765249071,1.36578136,187.28082164312028,187.4833474630728
2024-04-09 16:39:17,0.109417326,0.0289794483662959,1.36577532,187.2885613531093,187.49147656704804
2024-04-09 16:39:21,0.109421248,0.0289803454765739,1.3658176,187.2888713019261,187.4921759471713
2024-04-09 16:39:26,0.109417628,0.0289795765249071,1.36578136,187.2874472095968,187.4912386964503
2024-04-09 16:39:30,0.109417628,0.0289788075732403,1.36574512,187.2908547364051,187.4950357385204
2024-04-09 16:39:34,0.109418834,0.0289794483662959,1.36577532,187.28887817553291,187.4934487302167
2024-04-09 16:39:38,0.109419136,0.0289782310716733,1.36571795,187.29489470595618,187.49985485051104
2024-04-09 16:39:42,0.109420946,0.0289798969214349,1.36579646,187.2886460982614,187.49399586998575
2024-04-09 16:39:46,0.109420041,0.0289795765249071,1.36578136,187.2886549689364,187.49439440512447
2024-04-09 16:39:51,0.109417929,0.028977974754451,1.36570587,187.2933154790948,187.49954204830115
2024-04-09 16:39:55,0.109418834,0.0289781669923677,1.36571493,187.293160005946,187.4997763235128
2024-04-09 16:39:59,0.109421549,0.0289786796268123,1.36573909,187.29378947641692,187.5007955796248
2024-04-09 16:40:03,0.109420041,0.0289776543579232,1.36569077,187.2964906582883,187.50388658441364
2024-04-09 16:40:07,0.109422153,0.0289768215391339,1.36565152,187.30297624459595,187.510762030911
2024-04-09 16:40:11,0.109420946,0.0289782310716733,1.36571795,187.29404640499519,187.5022220887679
2024-04-09 16:40:15,0.109425772,0.0289793842869904,1.3657723,187.2942730959046,187.5028387143988
2024-04-09 16:40:19,0.109424867,0.0289788716525458,1.36574814,187.2952311139648,187.50418670443992
2024-04-09 16:40:24,0.109426376,0.0289784873888956,1.36573003,187.29861483362313,187.5080579414642
2024-04-09 16:40:28,0.109428487,0.0289781029130622,1.36571191,187.30288450496369,187.51271766860413
2024-04-09 16:40:32,0.109435124,0.0289788075732403,1.36574512,187.30769442596267,187.5179176826482
2024-04-09 16:40:36,0.109431504,0.0289783592302844,1.36572399,187.30478419780698,187.515397584779
2024-04-09 16:40:40,0.109433917,0.0289791279697681,1.36576022,187.30375318884484,187.51475674334057
2024-04-09 16:40:45,0.109433616,0.0289784873888956,1.36573003,187.3060354996785,187.51752681593712
2024-04-09 16:40:49,0.109428487,0.0289770776441731,1.36566359,187.30589993136965,187.51778149892
2024-04-09 16:40:53,0.109430901,0.0289779106751455,1.36570285,187.3045524796567,187.51682433572196
2024-04-09 16:40:57,0.109435727,0.0289789357318514,1.36575116,187.30541116436794,187.51807334616709
2024-04-09 16:41:01,0.109433616,0.0289772698820898,1.36567265,187.31048773185756,187.5235402766052
2024-04-09 16:41:05,0.109433616,0.0289768215391339,1.36565152,187.31231189650754,187.52575484141403
2024-04-09 16:41:10,0.109435426,0.028977974754451,1.36570587,187.30849500085742,187.5224259982828
2024-04-09 16:41:14,0.109439347,0.028977526199312,1.36568473,187.3154483306093,187.52976981190085
2024-04-09 16:41:18,0.109443872,0.0289788075732403,1.36574512,187.3146466745852,187.52935867693915
2024-04-09 16:41:22,0.10944176,0.0289786796268123,1.36573909,187.31212591299874,187.527228473607
2024-04-09 16:41:27,0.109437839,0.0289772698820898,1.36567265,187.31347277209903,187.5290635828196
2024-04-09 16:41:31,0.10943814,0.0289772698820898,1.36567265,187.31347581125186,187.52945726389245
2024-04-09 16:41:35,0.10943814,0.0289773339613954,1.36567567,187.31276860854155,187.5291407402799
2024-04-09 16:41:39,0.109441157,0.0289768856184395,1.36565454,187.31853855726445,187.53530140527383
2024-04-09 16:41:43,0.109440554,0.0289767574598284,1.3656485,187.3179922054887,187.53514580693812
2024-04-09 16:41:47,0.109441157,0.0289772058027842,1.36566963,187.31617537167895,187.53371976373285
2024-04-09 16:41:51,0.109441459,0.0289759885081616,1.36561226,187.32219290918022,187.54012812899876
2024-04-09 16:41:56,0.109437839,0.0289756040323282,1.36559414,187.31886881051608,187.5372926172901
2024-04-09 16:42:00,0.109440252,0.0289752197686779,1.36557603,187.32353244658145,187.54234716471424
2024-04-09 16:42:04,0.109446587,0.0289766293012172,1.36564246,187.32446402680992,187.54366969344727
2024-04-09 16:42:08,0.109446889,0.0289766293012172,1.36564246,187.3244680388794,187.5440646911626
2024-04-09 16:42:12,0.109449302,0.0289765011426061,1.36563642,187.32786621798542,187.5478538930514
2024-04-09 16:42:17,0.109451715,0.0289769496977451,1.36565756,187.32831743085345,187.54879393661489
2024-04-09 16:42:21,0.10944719,0.0289772058027842,1.36566963,187.32074279338954,187.54161040547547
2024-04-09 16:42:25,0.109451715,0.0289765652219117,1.36563944,187.3294346359203,187.55069339145317
2024-04-09 16:42:29,0.109448699,0.028975924428856,1.36560924,187.32826446751685,187.5499144036146
2024-04-09 16:42:33,0.109451715,0.0289761807460783,1.36562132,187.3305517537249,187.55259290750095
2024-04-09 16:42:37,0.109452318,0.0289755399530226,1.36559112,187.33411519524478,187.55654760380813
2024-04-09 16:42:42,0.109456542,0.0289767574598284,1.3656485,187.33313557548067,187.5560571047058
2024-04-09 16:42:46,0.109460463,0.0289771417234787,1.36566661,187.33597414714347,187.55928701463463
2024-04-09 16:42:50,0.10946167,0.0289769496977451,1.36565756,187.33811019288848,187.56181443574005
2024-04-09 16:42:54,0.109455033,0.028975475873717,1.3655881,187.33631978394686,187.5604154392487
2024-04-09 16:42:58,0.109459558,0.0289773339613954,1.36567567,187.3326664655362,187.55715357037357
2024-04-09 16:43:02,0.109463781,0.0289762448253838,1.36562434,187.34317967475755,187.5680582662112
2024-04-09 16:43:07,0.109461067,0.0289770776441731,1.36566359,187.33502559826889,187.56039360013085
2024-04-09 16:43:11,0.109469815,0.0289774621200065,1.36568171,187.34417609547233,187.5699356673657
2024-04-09 16:43:15,0.109460463,0.0289756040323282,1.36559414,187.3407334587942,187.56688463778505
2024-04-09 16:43:19,0.109461972,0.0289753477151059,1.36558206,187.34358212391524,187.57012494706493
2024-04-09 16:43:23,0.10946529,0.0289765652219117,1.36563944,187.34151436348412,187.56844886784955
2024-04-09 16:43:28,0.109464988,0.0289760525874671,1.36561528,187.34316271413465,187.57058687212395
2024-04-09 16:43:32,0.109462575,0.0289751556893723,1.36557301,187.34404663123175,187.571862553798
2024-04-09 16:43:36,0.109464385,0.0289757321909393,1.36560018,187.34317360347933,187.57138132766448
2024-04-09 16:43:40,0.109467703,0.0289763089046894,1.36562736,187.3442719215702,187.5728714844116
2024-04-09 16:43:44,0.1094671,0.0289764370633005,1.3656334,187.34245808158767,187.57144952011805
2024-04-09 16:43:48,0.109465893,0.028975475873717,1.3655881,187.34523700313932,187.57462035438687
2024-04-09 16:43:53,0.109466195,0.0289763089046894,1.36562736,187.3410257780304,187.5708990722382
2024-04-09 16:43:57,0.10946529,0.0289756040323282,1.36559414,187.34293305125632,187.57319834147765
2024-04-09 16:44:01,0.109469211,0.028976372983995,1.36563038,187.34386993602203,187.57452725927
2024-04-09 16:44:05,0.10947253,0.0289748352928445,1.36555791,187.35541785822636,187.58646725150945
2024-04-09 16:44:09,0.109471625,0.0289752197686779,1.36557603,187.3519419440624,187.58338344438437
2024-04-09 16:44:14,0.109477055,0.028976372983995,1.36563038,187.35285523285026,187.5847869190003
2024-04-09 16:44:18,0.109476451,0.0289770776441731,1.36566359,187.3481909331717,187.5805148096021
2024-04-09 16:44:22,0.109477055,0.0289772058027842,1.36566963,187.34795541118217,187.5806715148816
2024-04-09 16:44:26,0.109477959,0.0289756040323282,1.36559414,187.35666099322302,187.58976936117537
2024-04-09 16:44:30,0.109479769,0.0289765011426061,1.36563642,187.35420272918577,187.58770339837028
2024-04-09 16:44:35,0.109479769,0.0289765011426061,1.36563642,187.35371230065067,187.58770339837028
2024-04-09 16:44:39,0.109482484,0.0289756040323282,1.36559414,187.36130456750004,187.59568804963797
2024-04-09 16:44:43,0.109480071,0.0289764370633005,1.3656334,187.3536391637765,187.58841506729664
2024-04-09 16:44:47,0.109483088,0.0289759885081616,1.36561226,187.35940958207968,187.5945779439413
2024-04-09 16:44:52,0.109483088,0.0289748352928445,1.36555791,187.36461847071286,187.60027745746805
2024-04-09 16:44:56,0.109485803,0.0289765652219117,1.36563944,187.3592274012929,187.5952789295305
2024-04-09 16:45:00,0.109488518,0.0289773339613954,1.36567567,187.35858680848085,187.59503091514472
2024-04-09 16:45:04,0.109488216,0.0289751556893723,1.36557301,187.3685647617355,187.60540148376475
2024-04-09 16:45:08,0.109483993,0.0289748352928445,1.36555791,187.3642318628434,187.60146123717232
2024-04-09 16:45:13,0.109488216,0.0289743226584,1.36553375,187.37179873394456,187.6095189755797
2024-04-09 16:45:17,0.109487613,0.028975475873717,1.3655881,187.36491723479205,187.60303021181164
2024-04-09 16:45:21,0.109485501,0.0289750916100668,1.36556999,187.3636611484788,187.60216689780168
2024-04-09 16:45:25,0.109487613,0.0289747712135389,1.36555489,187.36761452444344,187.6065130829836
2024-04-09 16:45:29,0.109487914,0.0289759885081616,1.36561226,187.3615988591879,187.60089026385464
2024-04-09 16:45:33,0.109487311,0.0289746430549278,1.36554885,187.36706722160702,187.60675150930464
2024-04-09 16:45:38,0.109487311,0.0289750916100668,1.36556999,187.3643589928907,187.60453443626648
2024-04-09 16:45:42,0.109486104,0.0289734898396107,1.3654945,187.37030452892762,187.61087293835163
2024-04-09 16:45:46,0.109485803,0.0289734257603052,1.36549148,187.36983453767613,187.6107959500372
2024-04-09 16:45:50,0.109490026,0.0289731694430829,1.3654794,187.376232703438,187.61758715562
2024-04-09 16:45:55,0.109494249,0.0289745789756222,1.36554583,187.3742977244758,187.61614352829457
2024-04-09 16:45:59,0.109493042,0.0289740022618721,1.36551865,187.37517656393143,187.61741549054224
2024-04-09 16:46:03,0.109493947,0.0289752836358003,1.36557904,187.36963329040123,187.61226537667216
2024-04-09 16:46:07,0.109499981,0.0289755399530226,1.36559112,187.37586571060592,187.61889099340036
2024-04-09 16:46:11,0.109499981,0.0289744508170111,1.36553979,187.38085632407504,187.6242748402513
2024-04-09 16:46:15,0.109496361,0.0289752836358003,1.36557904,187.37161115930905,187.6154229457207
2024-04-09 16:46:20,0.109500282,0.0289747071342334,1.36555187,187.37909806646906,187.6234014924928
2024-04-09 16:46:24,0.109501791,0.0289750275307612,1.36556697,187.37909472722745,187.62379150638915
2024-04-09 16:46:28,0.109502696,0.0289747071342334,1.36555187,187.38146895522934,187.62655912436665
2024-04-09 16:46:32,0.109500886,0.0289748352928445,1.36555791,187.37807442635827,187.62355802230397
2024-04-09 16:46:36,0.109504204,0.0289753477151059,1.36558206,187.37948795170277,187.6253650112846
2024-04-09 16:46:40,0.10950722,0.0289756040323282,1.36559414,187.38177236576863,187.62804292580947
2024-04-09 16:46:45,0.109502394,0.0289734898396107,1.3654945,187.3854194751287,187.6321819625179
2024-04-09 16:46:49,0.109505712,0.0289750916100668,1.36556999,187.38144746795552,187.62860353863715
2024-04-09 16:46:53,0.109506919,0.0289750275307612,1.36556697,187.3829494200819,187.63049911086276
2024-04-09 16:46:57,0.10950722,0.0289757962702449,1.3656032,187.37914928581907,187.62709263350104
2024-04-09 16:47:01,0.109506315,0.0289748352928445,1.36555791,187.3823223511056,187.63065939248563
2024-04-09 16:47:05,0.109509332,0.0289738100239554,1.36550959,187.39094379429855,187.63967456616848
2024-04-09 16:47:10,0.109508125,0.0289734257603052,1.36549148,187.39077253910258,187.639995525816
2024-04-09 16:47:14,0.10950722,0.0289744508170111,1.36553979,187.3841270955223,187.6337438954893
2024-04-09 16:47:18,0.109511142,0.0289738100239554,1.36550959,187.39203155935925,187.6420422093556
2024-04-09 16:47:22,0.109513857,0.0289743867377055,1.36553677,187.39233777239184,187.6427423091882
2024-04-09 16:47:27,0.109511745,0.0289742585790944,1.36553073,187.38971634539084,187.64061329238848
2024-04-09 16:47:31,0.109513555,0.0289740022618721,1.36551865,187.39295724942093,187.64424816593447
2024-04-09 16:47:35,0.109515667,0.0289747712135389,1.36555489,187.39152410414295,187.64320902692683
2024-04-09 16:47:39,0.109516874,0.0289740022618721,1.36551865,187.39651072256186,187.64858968836543
2024-04-09 16:47:43,0.109518684,0.0289745148963167,1.36554281,187.39594963996942,187.64842268553707
2024-04-09 16:47:47,0.109516572,0.0289741944997888,1.36552771,187.39437700714183,187.6472441692129
2024-04-09 16:47:52,0.109523208,0.0289753477151059,1.36558206,187.39686278005905,187.6502226394164
2024-04-09 16:47:56,0.109517779,0.0289745789756222,1.36554583,187.3931680143729,187.64692207287865
2024-04-09 16:48:00,0.10952532,0.028975475873717,1.3655881,187.39820325838895,187.652351552766
2024-04-09 16:48:04,0.10952351,0.0289747712135389,1.36555489,187.39892550181665,187.65346806878284
2024-04-09 16:48:08,0.109523208,0.0289756681116337,1.36559716,187.39370168838326,187.6486385646513
2024-04-09 16:48:13,0.109523812,0.0289738100239554,1.36550959,187.40318597435996,187.65861578887476
2024-04-09 16:48:17,0.109525923,0.0289731694430829,1.3654794,187.40872063016707,187.66454483656872
2024-04-09 16:48:21,0.109523812,0.0289737459446499,1.36550657,187.40271401086392,187.6589326458486
2024-04-09 16:48:25,0.109525622,0.0289737459446499,1.36550657,187.40468721523095,187.66130031548968
2024-04-09 16:48:29,0.109522303,0.0289731694430829,1.3654794,187.4028018008452,187.65980940306392
2024-04-09 16:48:33,0.109528337,0.028973874103261,1.36551261,187.40681594036354,187.66421808122308
2024-04-09 16:48:38,0.109528337,0.0289741304204833,1.36552469,187.40505525485062,187.6629506205857
2024-04-09 16:48:42,0.10952894,0.0289740022618721,1.36551865,187.40608314141315,187.66437312830203
2024-04-09 16:48:46,0.109524415,0.0289732335223885,1.36548242,187.40357065928382,187.6622553039906
2024-04-09 16:48:50,0.109524415,0.0289729772051662,1.36547034,187.40444345852902,187.6635227977127
2024-04-09 16:48:54,0.109524415,0.0289718878569715,1.365419,187.40943582592166,187.66890989623596
2024-04-09 16:48:59,0.109525622,0.0289718878569715,1.365419,187.41052134419442,187.67048887995853
2024-04-09 16:49:03,0.109528337,0.0289720160155827,1.36542504,187.41304444282687,187.67340679217364
2024-04-09 16:49:07,0.109528035,0.0289733616809996,1.36548846,187.4055997680582,187.66635696762464
2024-04-09 16:49:11,0.109531052,0.0289741944997888,1.36552771,187.40503312199243,187.66618520841024
2024-04-09 16:49:15,0.109531957,0.0289727849672495,1.36546128,187.41279247626105,187.6743394861568
2024-04-09 16:49:20,0.109528337,0.0289720160155827,1.36542504,187.4113660764323,187.67340679217364
2024-04-09 16:49:24,0.109533163,0.028973297601694,1.36548544,187.41094619009527,187.6733819117053
2024-04-09 16:49:28,0.109536481,0.0289732335223885,1.36548242,187.41520841125572,187.67803917534397
2024-04-09 16:49:32,0.109537386,0.0289734898396107,1.3654945,187.414729566528,187.67795540969888
2024-04-09 16:49:36,0.109537386,0.0289730412844718,1.36547336,187.41655280302015,187.6801737618728
2024-04-09 16:49:40,0.109538291,0.0289729772051662,1.36547034,187.4176584300364,187.68167454116465
2024-04-09 16:49:45,0.109541006,0.0289737459446499,1.36550657,187.4169140964089,187.68142419933383
2024-04-09 16:49:49,0.1095398,0.0289741304204833,1.36552469,187.4130398891177,187.6779452266353
2024-04-09 16:49:53,0.109545833,0.0289731694430829,1.3654794,187.42528911215814,187.6905897208452
2024-04-09 16:49:57,0.109548548,0.0289750916100668,1.36556999,187.4189388042293,187.68463472065736
2024-04-09 16:50:01,0.109544928,0.0289748993721501,1.36556093,187.41475901485117,187.6808502755864
2024-04-09 16:50:06,0.109546738,0.0289756681116337,1.36559716,187.41283072341017,187.67941621594264
2024-04-09 16:50:10,0.109551263,0.0289743226584,1.36553375,187.42500813385738,187.6919890529517
2024-04-09 16:50:14,0.109551263,0.0289741944997888,1.36552771,187.4252465225001,187.69262290470533
2024-04-09 16:50:18,0.109552469,0.0289749634514556,1.36556395,187.42262550449985,187.6903973863597
2024-04-09 16:50:22,0.109551866,0.0289756040323282,1.36559414,187.41827321167196,187.6864406297248
2024-04-09 16:50:26,0.109555486,0.0289748352928445,1.36555791,187.4264146300038,187.6949776207827
2024-04-09 16:50:31,0.109557899,0.0289747071342334,1.36555187,187.42971031859722,187.69876782665017
2024-04-09 16:50:35,0.109556994,0.0289756681116337,1.36559716,187.42337808557065,187.6928312485296
2024-04-09 16:50:39,0.109558503,0.0289756681116337,1.36559716,187.42495619330793,187.69480504768853
2024-04-09 16:50:43,0.109561519,0.0289761166667727,1.3656183,187.42628700902463,187.6965315913372
2024-04-09 16:50:48,0.109562424,0.0289763089046894,1.36562736,187.42602528949644,187.69676458305852
2024-04-09 16:50:52,0.109566044,0.0289757321909393,1.36560018,187.43321680969788,187.70435191332064
2024-04-09 16:50:56,0.109567251,0.0289761807460783,1.36562132,187.43218118675762,187.70371213693392
2024-04-09 16:51:00,0.109561821,0.0289757321909393,1.36560018,187.4269012933049,187.69882812652224
2024-04-09 16:51:04,0.109564837,0.0289760525874671,1.36561528,187.42886571097998,187.70118846372048
2024-04-09 16:51:09,0.109567552,0.0289770135648675,1.36566057,187.4271691721743,187.69998687561355
2024-04-09 16:51:13,0.109572077,0.0289772058027842,1.36566963,187.43174095047064,187.70495465549803
2024-04-09 16:51:17,0.109566044,0.0289760525874671,1.36561528,187.42915749156697,187.70276723464707
2024-04-09 16:51:21,0.109566949,0.0289756681116337,1.36559716,187.43184680256775,187.70585262015965
2024-04-09 16:51:25,0.109565441,0.0289757321909393,1.36560018,187.42916124458478,187.7035631731422
2024-04-09 16:51:29,0.109567251,0.0289751556893723,1.36557301,187.43398411756314,187.70878219353432
2024-04-09 16:51:34,0.109563631,0.0289753477151059,1.36558206,187.42780395188205,187.70309726336745
2024-04-09 16:51:38,0.109568457,0.0289745789756222,1.36554583,187.4375228506525,187.7132123915403
2024-04-09 16:51:42,0.109570569,0.0289750916100668,1.36556999,187.43735347182837,187.71343927854912
2024-04-09 16:51:46,0.109569966,0.0289756040323282,1.36559414,187.4336337895411,187.7101158985198
2024-04-09 16:51:50,0.109572379,0.0289751556893723,1.36557301,187.43861144091818,187.71548988857444
2024-04-09 16:51:54,0.109571474,0.0289752836358003,1.36557904,187.4363983952307,187.71367321797865
2024-04-09 16:51:58,0.109575697,0.0289763089046894,1.36562736,187.43645441437863,187.7141256486269
2024-04-09 16:52:02,0.10957811,0.0289752197686779,1.36557603,187.44460167127983,187.7226693534315
2024-04-09 16:52:07,0.109577507,0.0289760525874671,1.36561528,187.43919768719178,187.71776098040624
2024-04-09 16:52:11,0.109579317,0.0289752197686779,1.36557603,187.445288346731,187.7242481697358
2024-04-09 16:52:15,0.10957992,0.0289755399530226,1.36559112,187.44409664887496,187.7234530380553
2024-04-09 16:52:19,0.109582334,0.028976372983995,1.36563038,187.4427368851344,187.72248987687
2024-04-09 16:52:23,0.109584747,0.0289761807460783,1.36562132,187.4464473894183,187.7265970200833
2024-04-09 16:52:28,0.109582032,0.0289755399530226,1.36559112,187.44557012857874,187.7262156090482
2024-04-09 16:52:32,0.10957992,0.0289746430549278,1.36554885,187.44684769473318,187.72788989595364
2024-04-09 16:52:36,0.109579317,0.0289743867377055,1.36553677,187.44693018487285,187.72836914320047
2024-04-09 16:52:40,0.10958173,0.0289745148963167,1.36554281,187.4490557814177,187.73089153320308
2024-04-09 16:52:44,0.109583842,0.0289745789756222,1.36554583,187.45110460368403,187.7333371852721
2024-04-09 16:52:49,0.10958716,0.0289749634514556,1.36556395,187.45304659299626,187.7357752629394
2024-04-09 16:52:53,0.109586557,0.0289752836358003,1.36557904,187.4502769105688,187.73340249207055
2024-04-09 16:52:57,0.109584747,0.0289752836358003,1.36557904,187.44751239747046,187.73103492685763
2024-04-09 16:53:01,0.109585652,0.0289753477151059,1.36558206,187.4479821907978,187.7319017043917
2024-04-09 16:53:05,0.109584144,0.0289741304204833,1.36552469,187.45163484314747,187.73595137726372
2024-04-09 16:53:09,0.109586255,0.0289744508170111,1.36553979,187.45241403736534,187.737127628314
2024-04-09 16:53:14,0.109586859,0.0289740022618721,1.36551865,187.45492697519617,187.7401369382378
2024-04-09 16:53:18,0.109586557,0.0289749634514556,1.36556395,187.44937940028368,187.7349865018348
2024-04-09 16:53:22,0.109590177,0.0289746430549278,1.36554885,187.4553025551096,187.74130683146197
2024-04-09 16:53:26,0.109585652,0.0289740663411777,1.36552167,187.45183953503883,187.73824102247852
2024-04-09 16:53:30,0.10959078,0.0289740663411777,1.36552167,187.45815023490272,187.74494896971024
2024-04-09 16:53:34,0.10959621,0.0289741304204833,1.36552469,187.46453889860695,187.7517349170571
2024-04-09 16:53:38,0.109592892,0.0289748352928445,1.36555791,187.4563138035387,187.74390714190065
2024-04-09 16:53:43,0.10959621,0.028975924428856,1.36560924,187.45476873823563,187.74285877748216
2024-04-09 16:53:47,0.10959078,0.0289744508170111,1.36553979,187.45455927073172,187.74304671147488
2024-04-09 16:53:51,0.10959078,0.0289740663411777,1.36552167,187.45606409121967,187.74494896971024
2024-04-09 16:53:55,0.109595305,0.0289745789756222,1.36554583,187.45904934111206,187.7483316935949
2024-04-09 16:53:59,0.109595003,0.0289756040323282,1.36559414,187.45318524839402,187.74286511110856
2024-04-09 16:54:04,0.10960345,0.0289760525874671,1.36561528,187.46151795897282,187.75169476042973
2024-04-09 16:54:08,0.109605863,0.0289762448253838,1.36562434,187.46332548491145,187.7538998781176
2024-04-09 16:54:12,0.109600735,0.0289757962702449,1.3656032,187.45843961201268,187.7494116331888
2024-04-09 16:54:16,0.109606165,0.0289757321909393,1.36560018,187.46546163365022,187.75683131901133
2024-04-09 16:54:20,0.109605863,0.0289753477151059,1.36558206,187.4665712744463,187.75833866020167
2024-04-09 16:54:24,0.109606768,0.0289756681116337,1.36559716,187.46577200449283,187.75793712684597
2024-04-09 16:54:29,0.109606768,0.0289751556893723,1.36557301,187.46781026809538,187.76047261209823
2024-04-09 16:54:33,0.109604656,0.0289744508170111,1.36553979,187.46813763280463,187.7611977948422
2024-04-09 16:54:37,0.10960345,0.0289741944997888,1.36552771,187.4674305388554,187.76088855511253
2024-04-09 16:54:41,0.10960345,0.0289736818653443,1.36550355,187.46956936484713,187.76342527150285
2024-04-09 16:54:45,0.109607673,0.0289740022618721,1.36551865,187.4731101566487,187.76736398987623
2024-04-09 16:54:50,0.109608578,0.0289745789756222,1.36554583,187.4709426731164,187.76569396541865
2024-04-09 16:54:54,0.109609483,0.0289748993721501,1.36556093,187.47014303983403,187.76529234007683
2024-04-09 16:54:58,0.109609181,0.0289754117944115,1.36558508,187.4668143708098,187.7623617151476
2024-04-09 16:55:02,0.1096125,0.0289748993721501,1.36556093,187.4732933812525,187.76923880583396
2024-04-09 16:55:06,0.109610086,0.0289741944997888,1.36552771,187.47322561867662,187.76956915964456
2024-04-09 16:55:10,0.109613103,0.0289745148963167,1.36554281,187.4751884861271,187.7719301796185
2024-04-09 16:55:15,0.109610388,0.0289730412844718,1.36547336,187.4784318226199,187.77567125757437
2024-04-09 16:55:19,0.109609785,0.0289735537067332,1.36549751,187.47470884316874,187.7723465119336
2024-04-09 16:55:23,0.109611595,0.028973874103261,1.36551261,187.4750927109317,187.77312864962497
2024-04-09 16:55:27,0.109620343,0.028973874103261,1.36551261,187.48613786001118,187.78457210474505
2024-04-09 16:55:31,0.109619136,0.0289752197686779,1.36557603,187.47750106040013,187.7763336472809
2024-04-09 16:55:35,0.109617326,0.0289758603495504,1.36560622,187.47156519417956,187.77079615930768
2024-04-09 16:55:39,0.109616421,0.0289748993721501,1.36556093,187.4747383929643,187.77436777243437
2024-04-09 16:55:43,0.109616119,0.0289732335223885,1.36548242,187.48218906168773,187.7822168915885
2024-04-09 16:55:48,0.109617628,0.0289734898396107,1.3654945,187.48239637556821,187.782922319248
2024-04-09 16:55:52,0.109615516,0.0289742585790944,1.36553073,187.47543059252413,187.77635506781263
2024-04-09 16:55:56,0.109620343,0.0289741944997888,1.36552771,187.48166338019274,187.7829864231595
2024-04-09 16:56:00,0.109625169,0.0289752197686779,1.36557603,187.48250353674774,187.7842251834564
2024-04-09 16:56:04,0.109622153,0.0289750916100668,1.36556999,187.47879401690344,187.78091430341175
2024-04-09 16:56:08,0.109619739,0.0289750916100668,1.36556999,187.47523766616595,187.77775662852565
2024-04-09 16:56:12,0.109618231,0.028973297601694,1.36548544,187.4817448859754,187.7846625602324
2024-04-09 16:56:17,0.109621549,0.0289740663411777,1.36552167,187.48178216197394,187.78519827678303
2024-04-09 16:56:21,0.109621851,0.0289724645707216,1.36544618,187.489706306956,187.79352121474392
2024-04-09 16:56:25,0.109618231,0.0289738100239554,1.36550959,187.4779127477701,187.78212648456335
2024-04-09 16:56:29,0.109621851,0.0289739381825666,1.36551563,187.48161500808249,187.78622760990172
2024-04-09 16:56:33,0.109626678,0.0289750275307612,1.36556697,187.48213893807923,187.78715044093903
2024-04-09 16:56:37,0.109626678,0.0289736818653443,1.36550355,187.4884001012721,187.7938105411812
2024-04-09 16:56:42,0.109626074,0.0289735537067332,1.36549751,187.487745592167,187.79365475401568
2024-04-09 16:56:46,0.109625169,0.0289737459446499,1.36550657,187.48521123413087,187.79151941402648
2024-04-09 16:56:50,0.109625471,0.0289732335223885,1.36548242,187.4877434892085,187.79445072314013
2024-04-09 16:56:54,0.109626376,0.0289745789756222,1.36554583,187.4818690382987,187.78897536224963
2024-04-09 16:56:58,0.109630297,0.0289737459446499,1.36550657,187.4907220456316,187.79822749557903
2024-04-09 16:57:03,0.109634521,0.0289733616809996,1.36548846,187.4976507487396,187.8056551567664
2024-04-09 16:57:07,0.109634822,0.0289751556893723,1.36557301,187.4887654409536,187.79716905590357
2024-04-09 16:57:11,0.109632711,0.0289744508170111,1.36553979,187.4890935816413,187.79789643947203
2024-04-09 16:57:15,0.109632409,0.0289746430549278,1.36554885,187.48734777769033,187.79654991435345
2024-04-09 16:57:19,0.109632711,0.0289738100239554,1.36550959,187.49146669754927,187.8010681489903
2024-04-09 16:57:23,0.109637839,0.0289741304204833,1.36552469,187.49618951780047,187.80619031995892
2024-04-09 16:57:27,0.109635727,0.0289742585790944,1.36553073,187.49239301589532,187.8027932047046
2024-04-09 16:57:32,0.109639046,0.0289741304204833,1.36552469,187.49686975129308,187.80776922393807
2024-04-09 16:57:36,0.109638744,0.0289746430549278,1.36554885,187.49353775334757,187.80483669347143
2024-04-09 16:57:40,0.109641459,0.0289754117944115,1.36558508,187.4928846481501,187.8045830916666
2024-04-09 16:57:44,0.109641157,0.0289752836358003,1.36557904,187.4927244145383,187.80482239735497
2024-04-09 16:57:48,0.109641459,0.0289748993721501,1.36556093,187.49462188901092,187.80711944702932
2024-04-09 16:57:53,0.109641459,0.0289740663411777,1.36552167,187.4982458451242,187.81124292262191
2024-04-09 16:57:57,0.109642364,0.0289743867377055,1.36553677,187.49744404943655,187.81084078289211
2024-04-09 16:58:01,0.109641761,0.0289748352928445,1.36555791,187.49403524716175,187.80783167245676
2024-04-09 16:58:05,0.109642665,0.0289741944997888,1.36552771,187.497989965686,187.81218611869605
2024-04-09 16:58:10,0.109642967,0.0289735537067332,1.36549751,187.50105738897048,187.81575325206492
2024-04-09 16:58:14,0.10964357,0.0289745789756222,1.36554583,187.496371103674,187.81146677518103
2024-04-09 16:58:18,0.109646587,0.0289733616809996,1.36548846,187.50594386707806,187.8214393828532
2024-04-09 16:58:22,0.10964719,0.028973874103261,1.36551261,187.50379604863787,187.81969144453063
2024-04-09 16:58:26,0.109648699,0.0289747712135389,1.36555489,187.50092909878083,187.81722441063448
2024-04-09 16:58:31,0.109650207,0.0289744508170111,1.36553979,187.50398782334895,187.82078308054895
2024-04-09 16:58:35,0.109648397,0.0289740663411777,1.36552167,187.50312344351232,187.82031869729803
2024-04-09 16:58:39,0.109650207,0.0289743867377055,1.36553677,187.50350501149535,187.82110029769
2024-04-09 16:58:43,0.10965081,0.0289748993721501,1.36556093,187.50135602242221,187.8193513768429
2024-04-09 16:58:47,0.109654129,0.0289743867377055,1.36553677,187.50783525068698,187.82623070914445
2024-04-09 16:58:51,0.10965624,0.0289742585790944,1.36553073,187.51083100662544,187.8296266049244
2024-04-09 16:58:55,0.109659558,0.0289751556893723,1.36557301,187.5103298322701,187.82952560620896
2024-04-09 16:59:00,0.109655637,0.0289748993721501,1.36556093,187.50596947324345,187.82566551706424
2024-04-09 16:59:04,0.109657145,0.0289736818653443,1.36550355,187.51356937397395,187.8336656739584
2024-04-09 16:59:08,0.109654129,0.0289737459446499,1.36550657,187.50890647926664,187.82940307119293
2024-04-09 16:59:12,0.10965624,0.0289747071342334,1.36555187,187.50650905294532,187.82740597258547
2024-04-09 16:59:16,0.109658653,0.0289744508170111,1.36553979,187.51053407874318,187.83183136186287
2024-04-09 16:59:21,0.109658653,0.0289741944997888,1.36552771,187.511302548828,187.83310033658316
2024-04-09 16:59:25,0.109658955,0.028975924428856,1.36560924,187.50273304014027,187.824931271825
2024-04-09 16:59:29,0.109665893,0.0289753477151059,1.36558206,187.51426287593188,187.83686158729157
2024-04-09 16:59:33,0.109661067,0.0289751556893723,1.36557301,187.50850026659245,187.8314994933662
2024-04-09 16:59:37,0.109666195,0.0289741944997888,1.36552771,187.51956639749815,187.8429661754188
2024-04-09 16:59:41,0.109666195,0.0289754117944115,1.36558508,187.51313901657588,187.83693938137003
2024-04-09 16:59:46,0.109665893,0.028973874103261,1.36551261,187.51985632935262,187.84415747796947
2024-04-09 16:59:50,0.109666195,0.0289752197686779,1.36557603,187.51318824629524,187.83789006214727
2024-04-09 16:59:54,0.109666497,0.0289728490465551,1.3654643,187.52492062054827,187.85002313934157
2024-04-09 16:59:58,0.109670117,0.0289744508170111,1.36553979,187.52132425609608,187.84682751353037
2024-04-09 17:00:02,0.109669513,0.0289738100239554,1.36550959,187.52330617753086,187.8492102092996
2024-04-09 17:00:06,0.109668005,0.0289749634514556,1.36556395,187.51522184883257,187.8415266906229
2024-04-09 17:00:11,0.109667402,0.0289743226584,1.36553375,187.5171046306247,187.8439105351173
2024-04-09 17:00:15,0.109668608,0.0289735537067332,1.36549751,187.52208869652364,187.8492954913106
2024-04-09 17:00:19,0.10967253,0.0289740022618721,1.36551865,187.52459727901365,187.8522049997615
2024-04-09 17:00:23,0.109672228,0.0289736177860387,1.36550053,187.5257050412344,187.85371372360328
2024-04-09 17:00:28,0.109669212,0.0289724645707216,1.36544618,187.52696882796116,187.85547876249368
2024-04-09 17:00:32,0.109672228,0.0289742585790944,1.36553073,187.52162980504312,187.85054078140865
2024-04-09 17:00:36,0.109674038,0.0289739381825666,1.36551563,187.52518291998047,187.85449497381848
2024-04-09 17:00:40,0.109677658,0.0289728490465551,1.3654643,187.53491070542495,187.86462387236847
2024-04-09 17:00:44,0.109675245,0.0289743226584,1.36553375,187.5240557943361,187.8541701100118
2024-04-09 17:00:48,0.109673435,0.0289722082534994,1.3654341,187.5317571625811,187.86227266260917
2024-04-09 17:00:53,0.10968158,0.0289741944997888,1.36552771,187.5320746840078,187.8630917145576
2024-04-09 17:00:57,0.109676753,0.0289748352928445,1.36555791,187.52218612226847,187.8536044172928
2024-04-09 17:01:01,0.109681881,0.0289743226584,1.36553375,187.53103123676576,187.862850831864
2024-04-09 17:01:05,0.10967615,0.0289734898396107,1.3654945,187.52725696373656,187.8594778945017
2024-04-09 17:01:09,0.109680675,0.0289745148963167,1.36554281,187.5276990059114,187.86032130793
2024-04-09 17:01:13,0.109677658,0.0289734257603052,1.36549148,187.52874421629204,187.8617679251442
2024-04-09 17:01:18,0.109679166,0.0289730412844718,1.36547336,187.53211910064104,187.86564461805983
2024-04-09 17:01:22,0.109682485,0.0289740022618721,1.36551865,187.53130053038396,187.86522753466792
2024-04-09 17:01:26,0.109677356,0.0289728490465551,1.3654643,187.529900271619,187.86422879832725
2024-04-09 17:01:30,0.109678563,0.0289732335223885,1.36548242,187.52917370845518,187.8639037931404
2024-04-09 17:01:34,0.109681278,0.028973297601694,1.36548544,187.53200647445917,187.86713815266748
2024-04-09 17:01:39,0.109684294,0.0289734257603052,1.36549148,187.5348151956267,187.87044891571583
2024-04-09 17:01:43,0.10967796,0.0289729772051662,1.36547034,187.52834888633038,187.8643842798978
2024-04-09 17:01:47,0.10968339,0.0289727849672495,1.36546128,187.53600267850018,187.87243978107097
2024-04-09 17:01:51,0.109685501,0.028973874103261,1.36551261,187.53296870342018,187.8698075505129
2024-04-09 17:01:55,0.109684898,0.028973297601694,1.36548544,187.53463310795092,187.8718737350776
2024-04-09 17:01:59,0.109684596,0.0289735537067332,1.36549751,187.53256791037157,187.87021035303772
2024-04-09 17:02:03,0.109690026,0.0289740663411777,1.36552167,187.5367305820116,187.87477487571627
2024-04-09 17:02:08,0.109692439,0.0289732335223885,1.36548242,187.54350936966455,187.88205602707785
2024-04-09 17:02:12,0.109687613,0.0289731053637773,1.36547638,187.53742889818872,187.87637748648947
2024-04-09 17:02:16,0.109686104,0.0289729772051662,1.36547034,187.53568759529685,187.87503814996268
2024-04-09 17:02:20,0.109687009,0.0289734257603052,1.36549148,187.53424803031103,187.8740005868132
2024-04-09 17:02:24,0.109691233,0.0289727849672495,1.36546128,187.5425453613025,187.88269995510564
2024-04-09 17:02:29,0.109683691,0.0289717596983604,1.36541296,187.5372541795117,187.87791136980317
2024-04-09 17:02:33,0.109688216,0.0289727849672495,1.36546128,187.5376938231769,187.87875313054076
2024-04-09 17:02:37,0.109689121,0.0289729772051662,1.36547034,187.53752348846058,187.87898494834008
2024-04-09 17:02:41,0.109685501,0.0289711191174879,1.36538277,187.54158846153138,187.88345210936316
2024-04-09 17:02:45,0.109692741,0.0289715035933213,1.36540089,187.54875364844955,187.89101951966376
2024-04-09 17:02:50,0.109694551,0.0289719519362771,1.36542202,187.5483979576383,187.891166657894
2024-04-09 17:02:54,0.109693948,0.0289731694430829,1.3654794,187.5411764327612,187.8843474360928
2024-04-09 17:02:58,0.109694853,0.0289725927293328,1.36545222,187.5448144406289,187.88838778244505
2024-04-09 17:03:02,0.109692741,0.0289718878569715,1.365419,187.54514043879234,187.889116154495
2024-04-09 17:03:06,0.109696059,0.0289721441741938,1.36543108,187.54780913408936,187.89218725907384
2024-04-09 17:03:10,0.109697869,0.0289724004914161,1.36544316,187.54850495529362,187.89328552494865
2024-04-09 17:03:15,0.109696663,0.0289736177860387,1.36550053,187.54039487637922,187.88567855162765
2024-04-09 17:03:19,0.109700584,0.0289737459446499,1.36550657,187.54448687384365,187.8901730733629
2024-04-09 17:03:23,0.109699981,0.0289725927293328,1.36545222,187.54900749218413,187.89509625134127
2024-04-09 17:03:27,0.109693344,0.0289720160155827,1.36542504,187.54277886874866,187.8892702229041
2024-04-09 17:03:31,0.109698774,0.0289720800948882,1.36542806,187.54916251379998,187.89605649830744
2024-04-09 17:03:36,0.109699679,0.028971695831238,1.36540995,187.55174658180277,187.89914390395631
2024-04-09 17:03:40,0.109702092,0.0289726568086384,1.36545524,187.54974042806217,187.89754046008923
