time,voltage,current,shunt_voltage,temperature,temperature old
2024-04-16 16:49:00,0.0927587911,0.0292869916887867,1.38026956,164.47709231888518,164.47709231888518
2024-04-16 16:49:04,0.0931014762,0.0292800078932124,1.37994042,164.9479803970406,164.9474801623507
2024-04-16 16:49:08,0.0933862426,0.0292671294380754,1.37933347,165.36868113435003,165.36768066593396
2024-04-16 16:49:13,0.0936354132,0.0292628365489686,1.37913115,165.7084984655929,165.70687270637364
2024-04-16 16:49:17,0.0938486864,0.0292579030789894,1.37889864,166.00462987138366,166.002503880605
2024-04-16 16:49:21,0.0940351119,0.0292551480932162,1.3787688,166.25717667204566,166.25455045066997
2024-04-16 16:49:25,0.0942010245,0.0292497019887924,1.37851213,166.49448785543842,166.4913614044277
2024-04-16 16:49:29,0.094345821,0.0292466266064915,1.37836719,166.69475039261877,166.6911237129346
2024-04-16 16:49:33,0.0944797578,0.0292439354878408,1.37824036,166.8794329639532,166.87530605655678
2024-04-16 16:49:38,0.0947066056,0.0292410523434565,1.37810448,167.18508947559462,167.180337284909
2024-04-16 16:49:42,0.0948094715,0.0292397068902228,1.37804107,167.32409265106338,167.31884023482675
2024-04-16 16:49:46,0.094898461,0.029238361436989,1.37797766,167.44518579382628,167.43943315299862
2024-04-16 16:49:50,0.0949814173,0.0292349654459771,1.37781761,167.56710470781815,167.56085184335902
2024-04-16 16:49:54,0.0950541172,0.0292321463808984,1.37768475,167.67337711338288,167.6666240262515
2024-04-16 16:49:59,0.0951244038,0.02922971157947,1.37757,167.7750620282968,167.76768366417332
2024-04-16 16:50:03,0.0951934838,0.0292299038173867,1.37757906,167.8640238007893,167.85614521615034
2024-04-16 16:50:07,0.0952517041,0.0292279816504028,1.37748847,167.9478565787977,167.9394777746012
2024-04-16 16:50:11,0.0953044945,0.0292268925143913,1.37743714,168.02117248400336,168.01229346120692
2024-04-16 16:50:15,0.0954055504,0.029226059695602,1.37739789,168.15579703115887,168.14641779071968
2024-04-16 16:50:20,0.0954520059,0.0292251625853241,1.37735561,168.22025394255692,168.21024943140986
2024-04-16 16:50:24,0.0954984614,0.029223560814868,1.37728012,168.28756691520684,168.27706218856946
2024-04-16 16:50:28,0.0955409954,0.0292229841011179,1.37725294,168.34548613214764,168.3344811909759
2024-04-16 16:50:32,0.0955744796,0.0292211260134396,1.37716537,168.39712711404445,168.3856219592941
2024-04-16 16:50:36,0.0956100754,0.0292209339877061,1.37715632,168.44445721808822,168.43245185071447
2024-04-16 16:50:41,0.0956453695,0.029219908718817,1.377108,168.4950493827757,168.48241875096562
2024-04-16 16:50:45,0.0956794571,0.0292205495118727,1.3771382,168.5369072757133,168.52377643342794
2024-04-16 16:50:49,0.0957099247,0.0292185632655832,1.37704459,168.5852086499677,168.57157759816124
2024-04-16 16:50:53,0.0957569835,0.029216833336516,1.37696306,168.65388355482827,168.63975229445447
2024-04-16 16:50:57,0.0957877528,0.0292159362262381,1.37692078,168.69797239468747,168.6833409266997
2024-04-16 16:51:01,0.0958152038,0.0292160643848492,1.37692682,168.73342526783262,168.718293593184
2024-04-16 16:51:06,0.0958399398,0.0292169614951272,1.3769691,168.7622307376306,168.7464738059957
2024-04-16 16:51:10,0.0958580394,0.0292154878832823,1.37689965,168.7923863667587,168.77612923060613
2024-04-16 16:51:14,0.0958797589,0.0292140781385598,1.37683321,168.82695519374437,168.81019785402603
2024-04-16 16:51:18,0.0959023833,0.029214783010921,1.37686643,168.85372060071182,168.83646305837934
2024-04-16 16:51:23,0.0959204829,0.0292137579542151,1.37681812,168.88210378076198,168.86422098649948
2024-04-16 16:51:27,0.0959419007,0.0292141422178653,1.37683623,168.9086696315093,168.89028663677254
2024-04-16 16:51:31,0.0959774965,0.029213181240465,1.37679094,168.95928511173392,168.94040191747337
2024-04-16 16:51:35,0.0959937861,0.0292134375576872,1.37680302,168.97976255684242,168.96037916400823
2024-04-16 16:51:39,0.0960064558,0.029212732685326,1.3767698,168.99964356263396,168.97975997217603
2024-04-16 16:51:44,0.0960209355,0.0292114513113978,1.37670941,169.02444229458752,169.00393345843503
2024-04-16 16:51:48,0.0960387334,0.0292111949941755,1.37669733,169.0490511112548,169.0280420796144
2024-04-16 16:51:52,0.0960526097,0.0292106182804254,1.37667015,169.06995092717796,169.04844170099847
2024-04-16 16:51:56,0.0960676927,0.0292104262546918,1.3766611,169.09077607692393,169.06876665715373
2024-04-16 16:52:00,0.0960794574,0.0292087604049302,1.37658259,169.1135800310454,169.09107041863257
2024-04-16 16:52:05,0.0960924287,0.029208504087708,1.37657051,169.1320740336706,169.10893918178732
2024-04-16 16:52:09,0.0961189747,0.029208055532569,1.37654937,169.16882057239667,169.14518553000283
2024-04-16 16:52:13,0.0961343594,0.0292081836911801,1.37655541,169.18867552610664,169.16454029414933
2024-04-16 16:52:17,0.0961431075,0.0292090165099694,1.37659466,169.19694564077085,169.17231022019678
2024-04-16 16:52:21,0.0961569838,0.029208055532569,1.37654937,169.21948666052438,169.19435105228
2024-04-16 16:52:25,0.0961663353,0.0292076710567356,1.37653125,169.23372072438076,169.20808492941222
2024-04-16 16:52:30,0.096175385,0.0292068382379464,1.376492,169.24959959976502,169.22333857272116
2024-04-16 16:52:34,0.0961820216,0.0292063896828074,1.37647086,169.26059564292794,169.2338344312875
2024-04-16 16:52:38,0.0961886581,0.029206453762113,1.37647388,169.26940783517122,169.24214643987932
2024-04-16 16:52:42,0.0962031377,0.0292070943429855,1.37650407,169.28590947322056,169.25814789522195
2024-04-16 16:52:47,0.0962224439,0.0292074147395133,1.37651917,169.3101434785475,169.2817566734937
2024-04-16 16:52:51,0.0962317953,0.0292050442295736,1.37640745,169.332844362178,169.3039573765422
2024-04-16 16:52:55,0.0962432584,0.0292056207311406,1.37643462,169.34571646472008,169.31632929944607
2024-04-16 16:52:59,0.0962544198,0.0292067100793352,1.37648596,169.35601135057968,169.32612400661094
2024-04-16 16:53:03,0.0962580397,0.0292061974448907,1.3764618,169.36337988891574,169.33299236719552
2024-04-16 16:53:08,0.0962685978,0.02920760697743,1.37652823,169.37165341963973,169.3406406770561
2024-04-16 16:53:12,0.0962734243,0.0292066460000297,1.37648294,169.38249461889134,169.35098170067738
2024-04-16 16:53:16,0.0962836808,0.0292062615241963,1.37646482,169.3979025205261,169.36588942762404
2024-04-16 16:53:20,0.0962909206,0.0292057488897517,1.37644066,169.40995485112805,169.37744158447993
2024-04-16 16:53:24,0.0962945405,0.0292057488897517,1.37644066,169.41513796115484,169.38212452170228
2024-04-16 16:53:28,0.09631445,0.029206005206974,1.37645274,169.4403009072236,169.40678729590798
2024-04-16 16:53:33,0.0963195782,0.0292054284932239,1.37642556,169.45002084126116,169.41588201644015
2024-04-16 16:53:37,0.0963274214,0.0292045956744346,1.37638631,169.46422136421234,169.42958236964537
2024-04-16 16:53:41,0.0963322479,0.029204980150268,1.37640443,169.46932501433741,169.43418585096498
2024-04-16 16:53:45,0.0963349628,0.0292034424591176,1.37633196,169.4798997680485,169.4442604368108
2024-04-16 16:53:49,0.0963461242,0.0292043393572124,1.37637423,169.49101218678422,169.4548726886211
2024-04-16 16:53:53,0.0963557773,0.0292050442295736,1.37640745,169.50099232480096,169.4643526606521
2024-04-16 16:53:58,0.0963566823,0.0292025453488396,1.37628968,169.51345543414936,169.47619056383928
2024-04-16 16:54:02,0.0963657321,0.0292034424591176,1.37633196,169.521834373206,169.48406933902334
2024-04-16 16:54:06,0.0963756869,0.0292029939039786,1.37631082,169.5371291577655,169.49886396064903
2024-04-16 16:54:10,0.0963832283,0.0292038267227678,1.37635007,169.54383031722043,169.50506495810865
2024-04-16 16:54:15,0.0963847366,0.0292033143005064,1.37632592,169.54859501796142,169.5092044576748
2024-04-16 16:54:19,0.0963961997,0.0292040830399901,1.37636215,169.56064323508187,169.52075251491055
2024-04-16 16:54:23,0.0963995179,0.0292037626434623,1.37634705,169.56680468047995,169.52641380136154
2024-04-16 16:54:27,0.0964013279,0.0292029939039786,1.37631082,169.57292978289084,169.5320387457627
2024-04-16 16:54:31,0.096409171,0.0292027375867563,1.37629874,169.58467231393936,169.54328111973854
2024-04-16 16:54:35,0.0964164109,0.029203378379812,1.37632894,169.59180242798024,169.54991107764366
2024-04-16 16:54:40,0.0964215391,0.0292036985641567,1.37634403,169.5976947943179,169.5551782501286
2024-04-16 16:54:44,0.0964290806,0.0292030579832842,1.37631384,169.61068877701757,169.56767207879938
2024-04-16 16:54:48,0.0964357171,0.0292030579832842,1.37631384,169.61977540579466,169.57625855448367
2024-04-16 16:54:52,0.0964414486,0.0292029939039786,1.37631082,169.62796491900528,169.58394791553724
2024-04-16 16:54:57,0.0964453702,0.0292030579832842,1.37631384,169.63339017777176,169.5887479854229
2024-04-16 16:55:01,0.0964474818,0.029203378379812,1.37632894,169.63525331389775,169.59011097149636
2024-04-16 16:55:05,0.0964553249,0.0292028016660619,1.37630176,169.64836550392343,169.60272301240448
2024-04-16 16:55:09,0.0964571349,0.0292026094281452,1.3762927,169.6520290682972,169.6058864285954
2024-04-16 16:55:13,0.0964622631,0.0292022249523118,1.37627458,169.6608075925995,169.61416480564935
2024-04-16 16:55:17,0.096467693,0.0292017125300504,1.37625043,169.6705235896991,169.6233806564348
2024-04-16 16:55:21,0.096467693,0.0292011998956059,1.37622627,169.67321496703883,169.6255718883944
2024-04-16 16:55:25,0.0964737262,0.0292014562128281,1.37623835,169.68042588783422,169.63228266474337
2024-04-16 16:55:30,0.0964839826,0.0292014562128281,1.37623835,169.69432189863065,169.64555349629458
2024-04-16 16:55:34,0.0964882058,0.0292018404764784,1.37625646,169.69864362593484,169.64937508125246
2024-04-16 16:55:38,0.096493334,0.029200430943939,1.37619003,169.7118059080392,169.66203722194354
2024-04-16 16:55:42,0.0964954456,0.0292011998956059,1.37622627,169.71175041692516,169.66148159034896
2024-04-16 16:55:46,0.0964996689,0.0292010076576892,1.37621721,169.7185372185953,169.66776825247112
2024-04-16 16:55:50,0.0965029871,0.0292018404764784,1.37625646,169.71976971730572,169.66850061256588
2024-04-16 16:55:55,0.0965090203,0.0292015202921337,1.37624137,169.72957044117572,169.67767616447702
2024-04-16 16:55:59,0.0965102269,0.029200430943939,1.37619003,169.73629042763253,169.68389601441504
2024-04-16 16:56:03,0.0965096236,0.0292000466802888,1.37617192,169.73765329644723,169.68475874764255
2024-04-16 16:56:07,0.0965192767,0.0291995340458442,1.37614776,169.7528370241199,169.69944234065937
2024-04-16 16:56:11,0.0965201817,0.0291995981251498,1.37615078,169.75423414261329,169.70033932542813
2024-04-16 16:56:16,0.0965219916,0.029199277728622,1.37613568,169.75857184090196,169.70405185787007
2024-04-16 16:56:20,0.0965256116,0.0291995340458442,1.37614776,169.76265989710672,169.70763978244452
2024-04-16 16:56:24,0.0965352647,0.0292000466802888,1.37617192,169.7734582172151,169.71793797185296
2024-04-16 16:56:28,0.0965364713,0.0291999826009832,1.3761689,169.7757938070875,169.71977343195567
2024-04-16 16:56:32,0.0965397896,0.0292009435783836,1.37621419,169.77647672590206,169.71995622193066
2024-04-16 16:56:36,0.0965428061,0.0291999826009832,1.3761689,169.7849912548198,169.72797062293864
2024-04-16 16:56:40,0.0965412978,0.0291992136493164,1.37613266,169.78682947896775,169.72930872010642
2024-04-16 16:56:45,0.0965461244,0.0291996622044554,1.3761538,169.79178120740494,169.73363529112544
2024-04-16 16:56:49,0.0965548725,0.0291997262837609,1.37615682,169.8033272533064,169.74468121213764
2024-04-16 16:56:53,0.0965551742,0.0291987650941774,1.37611152,169.8083307536854,169.74918458855643
2024-04-16 16:56:57,0.0965566825,0.0291990214113997,1.3761236,169.8096858520716,169.75003956391112
2024-04-16 16:57:01,0.0965612074,0.0291995340458442,1.37614776,169.8138476695199,169.75370125925656
2024-04-16 16:57:05,0.0965630173,0.0291988932527886,1.37611756,169.81943207917422,169.75878554773635
2024-04-16 16:57:10,0.0965684472,0.0291990854907053,1.37612662,169.82626107537874,169.76498939377797
2024-04-16 16:57:14,0.0965690505,0.0291991495700108,1.37612964,169.82726764877435,169.7654958480873
2024-04-16 16:57:18,0.0965717654,0.0291985087769552,1.37609944,169.8340235140709,169.77175159522525
2024-04-16 16:57:22,0.0965750837,0.0291990214113997,1.3761236,169.8366236129435,169.77385157686683
2024-04-16 16:57:26,0.0965784019,0.0291983167512216,1.37609039,169.84443377790973,169.78116162552945
2024-04-16 16:57:31,0.0965841335,0.0291989573320941,1.37612058,169.84973402517127,169.7858367287153
2024-04-16 16:57:35,0.0965850385,0.0291992136493164,1.37613266,169.85030810072706,169.78591069005347
2024-04-16 16:57:39,0.0965874517,0.0291980604339993,1.37607831,169.85886754470275,169.7939700207383
2024-04-16 16:57:43,0.0965919766,0.0291976759581659,1.37606019,169.86686927959943,169.8014716432708
2024-04-16 16:57:47,0.0965931833,0.0291988932527886,1.37611756,169.8637196809349,169.79782193316845
2024-04-16 16:57:51,0.0965980098,0.0291995981251498,1.37615078,169.86744799967693,169.80105014139892
2024-04-16 16:57:56,0.0965974065,0.0291983167512216,1.37609039,169.87277810161694,169.8057551065018
2024-04-16 16:58:00,0.0966007247,0.0291985728562607,1.37610246,169.87647577407316,169.80895267053
2024-04-16 16:58:04,0.096604043,0.0291987650941774,1.37611152,169.8804469604752,169.8124237494297
2024-04-16 16:58:08,0.0966067579,0.0291988932527886,1.37611756,169.88391161969219,169.81538830206983
2024-04-16 16:58:12,0.0966127911,0.0291981885926105,1.37608435,169.89523633347767,169.82621291020394
2024-04-16 16:58:17,0.0966133944,0.0291981885926105,1.37608435,169.89664219124464,169.82699363720764
2024-04-16 16:58:21,0.0966170143,0.0291975477995548,1.37605415,169.90457082920926,169.8344221716023
2024-04-16 16:58:25,0.0966161094,0.0291980604339993,1.37607831,169.90170465690764,169.83105589665558
2024-04-16 16:58:29,0.0966230475,0.0291991495700108,1.37612964,169.906519332436,169.83537047046354
2024-04-16 16:58:33,0.0966251591,0.0291988932527886,1.37611756,169.91084957552394,169.8392006127556
2024-04-16 16:58:38,0.0966269691,0.0291983167512216,1.37609039,169.91628581391305,169.84401172644968
2024-04-16 16:58:42,0.0966257625,0.0291989573320941,1.37612058,169.91248122723175,169.8397070410521
2024-04-16 16:58:46,0.0966311923,0.029199277728622,1.37613568,169.91863570707662,169.84536142310472
2024-04-16 16:58:50,0.096633304,0.0291981885926105,1.37608435,169.92653293742626,169.85275855658602
2024-04-16 16:58:54,0.0966372255,0.0291985728562607,1.37610246,169.93046204783394,169.85618757104902
2024-04-16 16:58:59,0.0966408454,0.0291984446976496,1.37609642,169.9363205585985,169.86142096318156
2024-04-16 16:59:03,0.0966420521,0.0291981245133049,1.37608133,169.93975367504822,169.86435398576447
2024-04-16 16:59:07,0.096644767,0.0291965868221544,1.37600886,169.95035411108805,169.87445432886074
2024-04-16 16:59:11,0.096646577,0.0291979322753882,1.37607227,169.9474330294555,169.87103315520773
2024-04-16 16:59:15,0.0966477836,0.0291974196409437,1.37604811,169.95169058116124,169.874790615816
2024-04-16 16:59:19,0.0966495936,0.0291966506892768,1.37601187,169.957827239066,169.88042718354615
2024-04-16 16:59:23,0.0966486886,0.0291975477995548,1.37605415,169.95331294872327,169.87541280395143
2024-04-16 16:59:28,0.0966538168,0.0291975477995548,1.37605415,169.96057463215033,169.8820493771109
2024-04-16 16:59:32,0.0966592467,0.0291974196409437,1.37604811,169.96865079983002,169.88962545761422
2024-04-16 16:59:36,0.0966574367,0.029197227403027,1.37603905,169.96763208967818,169.8881066612082
2024-04-16 16:59:40,0.0966562301,0.0291940238621149,1.37588807,169.9802968446959,169.90027133089396
2024-04-16 16:59:44,0.0966610566,0.0291956897118765,1.37596658,169.9799054288477,169.89937983063578
2024-04-16 16:59:49,0.0966649782,0.0291958178704876,1.37597262,169.98505679494716,169.9039060925191
2024-04-16 16:59:53,0.0966652798,0.0291959460290987,1.37597866,169.9853980477289,169.90374726296488
2024-04-16 16:59:57,0.0966646765,0.0291960101084043,1.37598168,169.98484274982548,169.9026918836471
2024-04-16 17:00:01,0.0966664865,0.0291949848395152,1.37593336,169.99207885515358,169.90942790848231
2024-04-16 17:00:06,0.0966719164,0.0291966506892768,1.37601187,169.9925928663067,169.90931682031498
2024-04-16 17:00:10,0.0966719164,0.0291956256325709,1.37596356,169.99748559102983,169.91370946661812
2024-04-16 17:00:14,0.0966776479,0.0291953052360431,1.37594846,170.00677667152166,169.922500469611
2024-04-16 17:00:18,0.0966800612,0.0291974196409437,1.37604811,170.00133872139364,169.91656244290505
2024-04-16 17:00:22,0.0966818711,0.0291969710858047,1.37602697,170.00610331705658,169.9208269629109
2024-04-16 17:00:26,0.0966821728,0.0291961382670154,1.37598772,170.01056297405506,169.92478654517305
2024-04-16 17:00:31,0.096685491,0.0291966506892768,1.37601187,170.0132863623822,169.9268848413744
2024-04-16 17:00:35,0.0966885076,0.0291966506892768,1.37601187,170.01769046848676,169.9307888748139
2024-04-16 17:00:39,0.0966860943,0.029196202346321,1.37599074,170.0169888027107,169.92958713729325
2024-04-16 17:00:43,0.0966912225,0.0291954974739598,1.37595752,170.02714703875242,169.93924530251064
2024-04-16 17:00:47,0.0966906192,0.029196202346321,1.37599074,170.02384508352523,169.93544327737925
2024-04-16 17:00:51,0.0966921275,0.029195753791182,1.3759696,170.02821980271682,169.93931792758684
2024-04-16 17:00:56,0.0966954458,0.0291967147685824,1.37601489,170.0290204838624,169.93949352379605
2024-04-16 17:01:00,0.0966933342,0.0291956256325709,1.37596356,170.03145602656514,169.9414289995846
2024-04-16 17:01:04,0.0966936358,0.0291951770774319,1.37594242,170.0342691414183,169.9437420484433
2024-04-16 17:01:08,0.0966918259,0.0291956897118765,1.37596658,170.03022940956322,169.93920225151348
2024-04-16 17:01:13,0.096699669,0.0291963945842377,1.3759998,170.0379837765373,169.9463315384373
2024-04-16 17:01:17,0.096700574,0.0291965868221544,1.37600886,170.03883106975792,169.9466787686521
2024-04-16 17:01:21,0.0967078138,0.0291962664256266,1.37599376,170.050074309914,169.9574219467218
2024-04-16 17:01:25,0.0967105287,0.0291961382670154,1.37598772,170.05463744003882,169.96148501567947
2024-04-16 17:01:30,0.0967063055,0.0291970351651103,1.37602999,170.04595204766227,169.95217454813672
2024-04-16 17:01:34,0.0967105287,0.0291972914823325,1.37604207,170.05081891485955,169.95654135623496
2024-04-16 17:01:38,0.0967087188,0.0291954333946542,1.3759545,170.0569420467733,169.96216442996877
2024-04-16 17:01:42,0.0967084171,0.0291954974739598,1.37595752,170.05677691367785,169.96149923961232
2024-04-16 17:01:46,0.0967087188,0.0291951129981264,1.3759394,170.05931576172026,169.96353803131262
2024-04-16 17:01:51,0.0967126404,0.0291950489188208,1.37593638,170.0652911437718,169.96888834422853
2024-04-16 17:01:55,0.0967111321,0.0291955615532653,1.37596054,170.06164124620602,169.96473839238774
2024-04-16 17:01:59,0.0967201818,0.0291949848395152,1.37593336,170.07632657798652,169.97892367081192
2024-04-16 17:02:03,0.0967144503,0.0291960741877099,1.3759847,170.06473809581658,169.96683513620422
2024-04-16 17:02:07,0.0967171653,0.0291959460290987,1.37597866,170.0693014137891,169.97089840265747
2024-04-16 17:02:11,0.0967195785,0.0291947287344761,1.37592129,170.078144026872,169.9792409651395
2024-04-16 17:02:16,0.0967207852,0.0291945364965594,1.37591223,170.0811551951619,169.9816270714697
2024-04-16 17:02:20,0.0967204835,0.0291938957035037,1.37588203,170.08401249300096,169.98398432077406
2024-04-16 17:02:24,0.09672893,0.0291949207602097,1.37593034,170.09104918696684,169.99052096712344
2024-04-16 17:02:28,0.096728025,0.0291959460290987,1.37597866,170.0859815652916,169.98495329874987
2024-04-16 17:02:32,0.0967313432,0.0291945364965594,1.37591223,170.09682047190577,169.99529215958384
2024-04-16 17:02:37,0.0967325499,0.0291953052360431,1.37594846,170.09571071938268,169.99355735112636
2024-04-16 17:02:41,0.0967322482,0.0291938957035037,1.37588203,170.10186497188812,169.99921155991706
2024-04-16 17:02:45,0.0967364715,0.0291943442586427,1.37590317,170.1059075760005,170.00275412123258
2024-04-16 17:02:49,0.0967373764,0.0291954333946542,1.3759545,170.1029079624872,169.9992544658402
2024-04-16 17:02:53,0.0967355665,0.0291958819497932,1.37597564,170.09914201926537,169.99498848165717
2024-04-16 17:02:58,0.0967400914,0.0291950489188208,1.37593638,170.1091958319864,170.00441724446722
2024-04-16 17:03:02,0.0967364715,0.0291940879414204,1.37589109,170.10913203260543,170.00385340618988
2024-04-16 17:03:06,0.0967388847,0.0291944724172538,1.37590921,170.11110655736994,170.00532789297569
2024-04-16 17:03:10,0.0967385831,0.0291956897118765,1.37596658,170.10599573741726,169.99971703596185
2024-04-16 17:03:15,0.0967440129,0.0291954974739598,1.37595752,170.11447273246637,170.00756898597484
2024-04-16 17:03:19,0.096742203,0.0291943442586427,1.37590317,170.11757622101644,170.0101724395282
2024-04-16 17:03:23,0.0967455212,0.0291953052360431,1.37594846,170.11824940097992,170.01034558541244
2024-04-16 17:03:27,0.0967479345,0.0291945364965594,1.37591223,170.1251700578073,170.016766209078
2024-04-16 17:03:31,0.0967494428,0.0291951129981264,1.3759394,170.125149570268,170.0162456892943
2024-04-16 17:03:36,0.0967500461,0.0291953052360431,1.37594846,170.12573092057696,170.01620200058773
2024-04-16 17:03:40,0.0967506494,0.0291954333946542,1.3759545,170.12646210062064,170.01643315045095
2024-04-16 17:03:44,0.0967557777,0.0291952411567375,1.37594544,170.13442403974696,170.02389506031415
2024-04-16 17:03:48,0.0967572859,0.0291963305049321,1.37599678,170.13220361750197,170.02117460972323
2024-04-16 17:03:52,0.0967578893,0.0291951770774319,1.37594242,170.13843193277012,170.0269028975627
2024-04-16 17:03:57,0.0967566826,0.029195753791182,1.3759696,170.1350214743453,170.02286740614187
2024-04-16 17:04:01,0.0967596992,0.0291952411567375,1.37594544,170.1416246212999,170.02897052773147
2024-04-16 17:04:05,0.0967606042,0.029194152020726,1.37589411,170.14796801979494,170.03481390177862
2024-04-16 17:04:10,0.0967575876,0.0291931908311425,1.37584881,170.14881199034437,170.03503284305788
2024-04-16 17:04:14,0.0967603025,0.0291933830690592,1.37585787,170.15200134524125,170.03772217557042
2024-04-16 17:04:18,0.0967615092,0.0291937675448926,1.37587599,170.15241383128551,170.03763464014736
2024-04-16 17:04:22,0.0967642241,0.0291931908311425,1.37584881,170.1589020598967,170.04362284820832
2024-04-16 17:04:26,0.0967639225,0.0291940238621149,1.37588807,170.15543786226058,170.03965863093907
2024-04-16 17:04:30,0.0967690507,0.0291942801793371,1.37590015,170.16147575693793,170.04519650690025
2024-04-16 17:04:34,0.0967660341,0.0291939597828093,1.37588505,170.15944589604186,170.0426666282051
2024-04-16 17:04:39,0.096766939,0.0291933830690592,1.37585787,170.16371641295197,170.04631212415586
2024-04-16 17:04:43,0.0967714639,0.0291945364965594,1.37591223,170.1651245708639,170.04722026633198
2024-04-16 17:04:47,0.0967714639,0.029193703465587,1.37587297,170.1691985841245,170.05079426477377
2024-04-16 17:04:51,0.0967723689,0.0291933830690592,1.37585787,170.17224467137348,170.0533403381209
2024-04-16 17:04:56,0.0967720673,0.0291931267518369,1.37584579,170.17357907937557,170.05404973003525
2024-04-16 17:05:00,0.0967726706,0.0291935753069759,1.37586693,170.17293538705545,170.05290602587655
2024-04-16 17:05:04,0.0967717656,0.0291932549104481,1.37585183,170.1736387042692,170.05310933216876
2024-04-16 17:05:08,0.0967765921,0.0291928065674922,1.3758307,170.1823097769745,170.0612803948694
2024-04-16 17:05:12,0.0967784021,0.0291939597828093,1.37588505,170.18020428478397,170.05867489359127
2024-04-16 17:05:17,0.0967808154,0.0291942161000316,1.37589713,170.18285310403806,170.06069870277545
2024-04-16 17:05:21,0.0967823237,0.0291942161000316,1.37589713,170.18530533814695,170.06265092986004
2024-04-16 17:05:25,0.0967777988,0.0291933189897536,1.37585485,170.183797953627,170.0606435392328
2024-04-16 17:05:29,0.096782022,0.0291931267518369,1.37584579,170.1905892256239,170.0669348060395
2024-04-16 17:05:33,0.0967823237,0.0291926784088811,1.37582466,170.19340368049328,170.06924925663566
2024-04-16 17:05:37,0.096783832,0.0291938316241982,1.37587901,170.1909073540145,170.0662529268008
2024-04-16 17:05:41,0.0967808154,0.0291932549104481,1.37585183,170.1899775099924,170.0648230803396
2024-04-16 17:05:46,0.0967880552,0.0291935753069759,1.37586693,170.19859853297052,170.07281910155865
2024-04-16 17:05:50,0.0967898652,0.0291934471483648,1.37586089,170.20199128592333,170.07571185413582
2024-04-16 17:05:54,0.0967895635,0.029193703465587,1.37587297,170.20100083240274,170.07422140115688
2024-04-16 17:05:58,0.0967883569,0.0291939597828093,1.37588505,170.1988391611487,170.07155973136156
2024-04-16 17:06:02,0.0967904685,0.029193703465587,1.37587297,170.20317221127414,170.07539278386295
2024-04-16 17:06:07,0.0967940884,0.0291939597828093,1.37588505,170.20738263079386,170.07897820764242
2024-04-16 17:06:11,0.0967943901,0.029194152020726,1.37589411,170.2074481538689,170.07854373515715
2024-04-16 17:06:15,0.0967949934,0.0291926143295755,1.37582164,170.2153282347012,170.0859238213464
2024-04-16 17:06:19,0.0967940884,0.0291929347261034,1.37583674,170.2132817304256,170.0833773233451
2024-04-16 17:06:24,0.0967949934,0.0291926784088811,1.37582466,170.21617819998949,170.08564880204187
2024-04-16 17:06:28,0.0967965017,0.0291931267518369,1.37584579,170.2167063008874,170.08567691127814
2024-04-16 17:06:32,0.0967955967,0.0291931908311425,1.37584881,170.21575987442088,170.08423049406733
2024-04-16 17:06:36,0.0967968033,0.0291927424881867,1.37582768,170.21974586721836,170.08771649703803
2024-04-16 17:06:40,0.0968013282,0.0291926784088811,1.37582466,170.22637786911508,170.09384851002545
2024-04-16 17:06:45,0.09679801,0.0291926784088811,1.37582466,170.22270780580976,170.0895534618738
2024-04-16 17:06:49,0.0968007249,0.0291935112276703,1.37586391,170.22314749260136,170.0894931618206
2024-04-16 17:06:53,0.0968019315,0.0291923580123533,1.37580956,170.23015893997373,170.0960046232658
2024-04-16 17:06:57,0.0968010266,0.0291929347261034,1.37583674,170.22701228971187,170.09235798799443
2024-04-16 17:07:01,0.0968031382,0.0291927424881867,1.37582768,170.23107060227093,170.0959163164617
2024-04-16 17:07:05,0.0968079647,0.0291926784088811,1.37582466,170.23809302457641,170.1024387555932
2024-04-16 17:07:10,0.0968040431,0.0291929347261034,1.37583674,170.23254173076506,170.096262484105
2024-04-16 17:07:14,0.0968052498,0.0291929988054089,1.37583976,170.23432859734788,170.097549369579
2024-04-16 17:07:18,0.0968028365,0.029191653139992,1.37577634,170.237480859861,170.10020165190122
2024-04-16 17:07:22,0.0968043448,0.0291919094572143,1.37578842,170.2388329958433,170.10105380861057
2024-04-16 17:07:26,0.0968058531,0.0291917812986031,1.37578238,170.24183550639287,170.10355634080528
2024-04-16 17:07:31,0.0968061548,0.0291923580123533,1.37580956,170.24037543389252,170.10147129665245
2024-04-16 17:07:35,0.0968109813,0.0291929988054089,1.37583976,170.24437224397826,170.10496813044912
2024-04-16 17:07:39,0.0968079647,0.0291923580123533,1.37580956,170.24371814854524,170.1038140596453
2024-04-16 17:07:43,0.0968130929,0.0291928706467978,1.37583372,170.24865555708143,170.108251493729
2024-04-16 17:07:47,0.0968152045,0.0291938957035037,1.37588203,170.2474886403534,170.10658460346684
2024-04-16 17:07:52,0.0968146012,0.0291926143295755,1.37582164,170.25283313093263,170.11130412842
2024-04-16 17:07:56,0.0968130929,0.0291930628847145,1.37584278,170.24945526692497,170.10742629294475
2024-04-16 17:08:00,0.0968142996,0.0291938316241982,1.37587901,170.24821734637086,170.10568840184175
2024-04-16 17:08:04,0.0968118863,0.0291933189897536,1.37585485,170.2477940765101,170.10476516235067
2024-04-16 17:08:09,0.0968176178,0.0291926143295755,1.37582164,170.25886270347056,170.11520882856527
2024-04-16 17:08:13,0.0968124896,0.0291919094572143,1.37578842,170.25575057014785,170.1115967276795
2024-04-16 17:08:17,0.0968127913,0.029192101695131,1.37579748,170.25581581545615,170.1111620063437
2024-04-16 17:08:21,0.0968176178,0.0291917812986031,1.37578238,170.26393882899487,170.11878505415729
2024-04-16 17:08:25,0.0968176178,0.0291918453779087,1.3757854,170.26416369227826,170.1185099526346
2024-04-16 17:08:29,0.0968194278,0.0291923580123533,1.37580956,170.26480577989688,170.1186520763663
2024-04-16 17:08:34,0.0968173162,0.02919255025027,1.37581862,170.2618721794848,170.11509352238824
2024-04-16 17:08:38,0.0968203328,0.0291924861709644,1.3758156,170.26655194597157,170.11927332705648
2024-04-16 17:08:42,0.0968218411,0.0291929988054089,1.37583976,170.2668034974302,170.119024917616
2024-04-16 17:08:46,0.0968230477,0.0291931908311425,1.37584881,170.26804089763013,170.1197623578363
2024-04-16 17:08:50,0.0968251593,0.0291926143295755,1.37582164,170.27374907778227,170.12497057892844
2024-04-16 17:08:54,0.0968248576,0.0291933189897536,1.37585485,170.2708333211422,170.12155486414804
2024-04-16 17:08:59,0.0968257626,0.0291923580123533,1.37580956,170.2767553443797,170.1268519410036
2024-04-16 17:09:03,0.0968275726,0.0291929347261034,1.37583674,170.27712216592306,170.12671880647622
2024-04-16 17:09:07,0.0968281759,0.0291926143295755,1.37582164,170.2797785936712,170.1288752790737
2024-04-16 17:09:11,0.0968278742,0.0291917812986031,1.37578238,170.28346463055155,170.1320613617234
2024-04-16 17:09:15,0.0968275726,0.0291928065674922,1.3758307,170.27917224837412,170.12726902623552
2024-04-16 17:09:20,0.0968281759,0.0291933189897536,1.37585485,170.27837814488956,170.12584998240715
2024-04-16 17:09:24,0.0968314942,0.0291921657744366,1.3758005,170.28812452529587,170.13509641157378
2024-04-16 17:09:28,0.0968302875,0.0291922939330477,1.37580654,170.28651223454904,170.13298417050785
2024-04-16 17:09:32,0.0968311925,0.0291926143295755,1.37582164,170.28680799265862,170.13277997921898
2024-04-16 17:09:36,0.0968333041,0.0291917812986031,1.37578238,170.2936180103587,170.1390900484413
2024-04-16 17:09:41,0.0968323991,0.0291920376158254,1.37579446,170.29197090845682,170.13681801223717
2024-04-16 17:09:45,0.0968320975,0.0291918453779087,1.3757854,170.29290587554976,170.1372530329244
2024-04-16 17:09:49,0.096836019,0.0291931908311425,1.37584881,170.29270492145073,170.13655213334076
2024-04-16 17:09:53,0.0968390356,0.0291931908311425,1.37584881,170.29710948905014,170.14045675637675
2024-04-16 17:09:57,0.0968393373,0.0291926143295755,1.37582164,170.3004753200386,170.14332264372308
2024-04-16 17:10:02,0.0968363207,0.02919255025027,1.37581862,170.29747068832071,170.13969308374837
2024-04-16 17:10:06,0.0968357174,0.0291919735365198,1.37579144,170.2996660144977,170.14138846835664
2024-04-16 17:10:10,0.0968381307,0.0291912047970362,1.37575521,170.30659086699987,170.1478133802118
2024-04-16 17:10:14,0.0968323991,0.0291922298537421,1.37580352,170.2952700263007,170.13599259978747
2024-04-16 17:10:18,0.0968390356,0.0291920376158254,1.37579446,170.30518586169413,170.1454084963777
2024-04-16 17:10:23,0.0968393373,0.0291924861709644,1.3758156,170.30427522993799,170.14387294241416
2024-04-16 17:10:27,0.0968405439,0.0291921657744366,1.3758005,170.30771278681354,170.1468105625613
2024-04-16 17:10:31,0.0968420522,0.0291924861709644,1.3758156,170.30878929625464,170.1473871361964
2024-04-16 17:10:35,0.0968375273,0.0291918453779087,1.3757854,170.30618366971152,170.1442815747697
2024-04-16 17:10:39,0.0968399406,0.0291906921625916,1.37573105,170.31475973388635,170.1523577049836
2024-04-16 17:10:44,0.0968435605,0.0291909484798139,1.37574313,170.31896982618332,170.15594288112703
2024-04-16 17:10:48,0.0968429572,0.0291924861709644,1.3758156,170.31208545421168,170.14855857727082
2024-04-16 17:10:52,0.0968438622,0.029192101695131,1.37579748,170.31540783968285,170.1513810317805
2024-04-16 17:10:56,0.0968495937,0.029191653139992,1.37577634,170.32525319270206,170.1607264547614
2024-04-16 17:11:00,0.0968474821,0.0291928065674922,1.3758307,170.31806649160046,170.15303982454475
2024-04-16 17:11:04,0.0968480854,0.0291932549104481,1.37585183,170.3174220746242,170.151895479377
2024-04-16 17:11:09,0.0968498954,0.0291922939330477,1.37580654,170.32451657222418,170.1583650680364
2024-04-16 17:11:13,0.0968489904,0.029192101695131,1.37579748,170.3246705969879,170.15801916668687
2024-04-16 17:11:17,0.096852007,0.0291932549104481,1.37585183,170.32412290083732,170.15697154534706
2024-04-16 17:11:21,0.0968535153,0.0291928065674922,1.3758307,170.32850051666966,170.1608492369142
2024-04-16 17:11:25,0.0968517053,0.02919255025027,1.37581862,170.32775830175663,170.15960709866022
2024-04-16 17:11:29,0.0968483871,0.0291926143295755,1.37582164,170.3236879106301,170.1550367851171
2024-04-16 17:11:34,0.0968459738,0.0291915249813809,1.3757703,170.32586705244358,170.15659102521002
2024-04-16 17:11:38,0.0968535153,0.0291918453779087,1.3757854,170.33475312592097,170.1649771783512
2024-04-16 17:11:42,0.096850197,0.0291923580123533,1.37580956,170.32875614815987,170.1584802811788
2024-04-16 17:11:46,0.0968523086,0.0291917812986031,1.37578238,170.33446615458257,170.16369036911524
2024-04-16 17:11:50,0.0968523086,0.0291911407177306,1.37575219,170.33771725061212,170.16644154758373
2024-04-16 17:11:55,0.0968504987,0.0291913968227697,1.37576426,170.33489934797555,170.16299874929712
2024-04-16 17:11:59,0.0968498954,0.0291903717660638,1.37571595,170.33902080697555,170.16662029281832
2024-04-16 17:12:03,0.0968535153,0.0291926143295755,1.37582164,170.33457523216543,170.16167480345507
2024-04-16 17:12:07,0.0968559286,0.0291921657744366,1.3758005,170.34012536941162,170.16672502707405
2024-04-16 17:12:11,0.0968592468,0.029191653139992,1.37577634,170.34712223740988,170.1732219823711
2024-04-16 17:12:15,0.0968607551,0.0291924861709644,1.3758156,170.34599669992264,170.17159653310893
2024-04-16 17:12:20,0.0968589452,0.0291917812986031,1.37578238,170.34730618321643,170.1722811279867
2024-04-16 17:12:24,0.0968607551,0.0291917812986031,1.37578238,170.35014892123473,170.1746239563147
2024-04-16 17:12:28,0.0968658833,0.0291931908311425,1.37584881,170.35123292829277,170.1752080546091
2024-04-16 17:12:32,0.0968628667,0.02919255025027,1.37581862,170.3505793940272,170.17405461250684
2024-04-16 17:12:36,0.0968586435,0.0291923580123533,1.37580956,170.34643834080825,170.1694136523783
2024-04-16 17:12:41,0.0968622634,0.0291927424881867,1.37582768,170.3500976163311,170.17244804556825
2024-04-16 17:12:45,0.0968580402,0.0291919735365198,1.37579144,170.34843347245513,170.17028399686933
2024-04-16 17:12:49,0.0968640734,0.0291926784088811,1.37582466,170.35371552452463,170.17506614504364
2024-04-16 17:12:53,0.0968631684,0.0291935753069759,1.37586693,170.3491919779701,170.17004269552172
2024-04-16 17:12:57,0.0968613584,0.0291913329556473,1.37576125,170.3569798023601,170.17733061787243
2024-04-16 17:13:02,0.0968649783,0.0291922298537421,1.37580352,170.3584381029682,170.17816404223674
2024-04-16 17:13:06,0.0968622634,0.029191076638425,1.37574917,170.36037704380962,170.17960308312763
2024-04-16 17:13:10,0.0968625651,0.0291926784088811,1.37582466,170.35438764308407,170.17311378338027
2024-04-16 17:13:14,0.0968616601,0.0291924861709644,1.3758156,170.35454174150618,170.17276798370935
2024-04-16 17:13:18,0.0968583418,0.0291924220916588,1.37581258,170.3510215703424,170.1687479153816
2024-04-16 17:13:23,0.096864375,0.0291923580123533,1.37580956,170.3597311814569,170.17683265634793
2024-04-16 17:13:27,0.0968619617,0.0291919735365198,1.37579144,170.35875857638953,170.17536015620766
2024-04-16 17:13:31,0.096864375,0.0291935753069759,1.37586693,170.35550279941762,170.17160448509247
2024-04-16 17:13:35,0.0968649783,0.0291929988054089,1.37583976,170.35925957102626,170.1748613634877
2024-04-16 17:13:39,0.0968625651,0.0291931267518369,1.37584579,170.35608631793437,170.1711882181125
2024-04-16 17:13:44,0.096866185,0.0291923580123533,1.37580956,170.36469853170235,170.17917556783448
2024-04-16 17:13:48,0.0968664866,0.0291919735365198,1.37579144,170.36724023668128,170.18121738262352
2024-04-16 17:13:52,0.0968628667,0.0291914609020753,1.37576728,170.3652562438598,170.17873350054273
2024-04-16 17:13:56,0.0968649783,0.0291911407177306,1.37575219,170.36986485520012,170.18284222355476
2024-04-16 17:14:00,0.09686347,0.0291912688763417,1.37575823,170.3678617870447,170.18033926800217
2024-04-16 17:14:04,0.0968685983,0.0291918453779087,1.3757854,170.3725237576276,170.18450135211918
2024-04-16 17:14:09,0.09686528,0.0291926784088811,1.37582466,170.36527524487855,170.17662798259784
2024-04-16 17:14:13,0.0968695032,0.0291911407177306,1.37575219,170.37784676372675,170.18869961707645
2024-04-16 17:14:17,0.0968667883,0.0291913968227697,1.37576426,170.3737321592849,170.18408512919703
2024-04-16 17:14:21,0.0968682966,0.029191076638425,1.37574917,170.37755987089363,170.18741295830048
2024-04-16 17:14:26,0.0968716148,0.0291914609020753,1.37576728,170.3808293831099,170.19005761869633
2024-04-16 17:14:30,0.0968749331,0.0291919735365198,1.37579144,170.3834225426426,170.19215089782205
2024-04-16 17:14:34,0.0968716148,0.0291923580123533,1.37580956,170.37797556770346,170.18620404340882
2024-04-16 17:14:38,0.0968719165,0.0291912688763417,1.37575823,170.3835444499649,170.19127304712936
2024-04-16 17:14:42,0.0968737265,0.0291919735365198,1.37579144,170.38336030299854,170.1905890225555
2024-04-16 17:14:47,0.0968767431,0.0291922939330477,1.37580654,170.38651363770708,170.1931175115675
2024-04-16 17:14:51,0.0968701065,0.0291914609020753,1.37576728,170.38200117725071,170.18810517560456
2024-04-16 17:14:55,0.0968767431,0.0291907562418972,1.37573407,170.39411912904075,170.19972325282208
2024-04-16 17:14:59,0.0968752348,0.0291912047970362,1.37575521,170.3907395301719,170.1958437803151
2024-04-16 17:15:03,0.0968731231,0.0291913329556473,1.37576125,170.38795531151902,170.19255968895865
2024-04-16 17:15:07,0.0968755364,0.0291915249813809,1.3757703,170.39075421657753,170.19485872224834
2024-04-16 17:15:12,0.0968746314,0.0291910125591195,1.37574615,170.3924088625483,170.1958885298231
2024-04-16 17:15:16,0.0968746314,0.0291906280832861,1.37572803,170.3945604391542,170.19754023676433
2024-04-16 17:15:20,0.0968749331,0.0291908844005083,1.37574011,170.39434971319795,170.19682964207902
2024-04-16 17:15:24,0.0968740281,0.0291909484798139,1.37574313,170.39340278514769,170.1953828462355
2024-04-16 17:15:28,0.0968743298,0.0291905640039805,1.37572501,170.39594490830817,170.19742510253872
2024-04-16 17:15:32,0.0968773464,0.0291913329556473,1.37576125,170.39704630293554,170.19802663124517
2024-04-16 17:15:37,0.096879458,0.0291915249813809,1.3757703,170.3995795918075,170.1999350890329
2024-04-16 17:15:41,0.0968752348,0.0291911407177306,1.37575219,170.39626342646073,170.1961190598727
2024-04-16 17:15:45,0.0968806646,0.0291921657744366,1.3758005,170.3993883947565,170.19874416529206
2024-04-16 17:15:49,0.0968806646,0.0291924220916588,1.37581258,170.3987871613315,170.19764306992795
2024-04-16 17:15:54,0.0968818713,0.0291918453779087,1.3757854,170.4034515044527,170.2016825869438
2024-04-16 17:15:58,0.0968815696,0.0291924220916588,1.37581258,170.40108330043793,170.19881452309977
2024-04-16 17:16:02,0.0968812679,0.0291901154488415,1.37570387,170.41110240407298,170.20833376784373
2024-04-16 17:16:06,0.096880363,0.0291908203212028,1.37573709,170.40740242989537,170.2041339357134
2024-04-16 17:16:10,0.0968833796,0.0291913329556473,1.37576125,170.4096048365147,170.20583648531863
2024-04-16 17:16:15,0.0968842845,0.0291913329556473,1.37576125,170.41140103342227,170.2070078622789
2024-04-16 17:16:19,0.0968824746,0.0291913968227697,1.37576426,170.40928361779447,170.2043905917498
2024-04-16 17:16:23,0.0968851895,0.0291917172192976,1.37577936,170.4119213396634,170.206528459657
2024-04-16 17:16:27,0.0968854912,0.0291918453779087,1.3757854,170.41226113390363,170.20636840087514
2024-04-16 17:16:31,0.0968845862,0.0291908844005083,1.37574011,170.4157181597254,170.2093255746148
2024-04-16 17:16:35,0.0968839829,0.0291922939330477,1.37580654,170.40938137569754,170.20248893944515
2024-04-16 17:16:40,0.0968848879,0.0291922298537421,1.37580352,170.4114529448306,170.20393569597348
2024-04-16 17:16:44,0.0968851895,0.0291924220916588,1.37581258,170.4115173326993,170.20350023481691
2024-04-16 17:16:48,0.0968866978,0.0291913968227697,1.37576426,170.4183743830643,170.2098574370977
2024-04-16 17:16:52,0.0968866978,0.0291919094572143,1.37578842,170.41667178773423,170.20765499462476
2024-04-16 17:16:56,0.096890921,0.02919255025027,1.37581862,170.41988531896743,170.21036867965682
2024-04-16 17:17:01,0.0968882061,0.0291915890606864,1.37577332,170.42112540824482,170.2109839625073
2024-04-16 17:17:05,0.0968857928,0.0291910125591195,1.37574615,170.42097817862233,170.21033688880334
2024-04-16 17:17:09,0.0968876028,0.0291919094572143,1.37578842,170.41996761085548,170.20882647789756
2024-04-16 17:17:13,0.0968894127,0.0291915890606864,1.37577332,170.42418684620407,170.21254587105
2024-04-16 17:17:17,0.0968900161,0.029192101695131,1.37579748,170.42326528227906,170.211124465872
2024-04-16 17:17:22,0.0968897144,0.0291906280832861,1.37572803,170.42983098018297,170.21706536353622
2024-04-16 17:17:26,0.0968924293,0.0291914609020753,1.37576728,170.43026687565606,170.2170014198793
2024-04-16 17:17:30,0.0968906194,0.0291912688763417,1.37575823,170.42924889474932,170.2154836007865
2024-04-16 17:17:34,0.0968879045,0.0291912047970362,1.37575521,170.42650965108967,170.21224451988513
2024-04-16 17:17:39,0.0968885078,0.0291908203212028,1.37573709,170.4295673460779,170.2146774196495
2024-04-16 17:17:43,0.0968921277,0.0291906280832861,1.37572803,170.43557917445582,170.2201894129114
2024-04-16 17:17:47,0.0968894127,0.0291912047970362,1.37575521,170.430086462255,170.2141968665397
2024-04-16 17:17:51,0.0968888094,0.0291912047970362,1.37575521,170.42980533092876,170.21341590198813
2024-04-16 17:17:55,0.0968873011,0.0291912688763417,1.37575823,170.42807737222898,170.21118811100888
2024-04-16 17:18:00,0.0968876028,0.02918902631283,1.37565254,170.43872856551658,170.22121451527755
2024-04-16 17:18:04,0.0968903177,0.0291899232109248,1.37569481,170.43888898128785,170.22087510089847
2024-04-16 17:18:08,0.0968948426,0.029191653139992,1.37577634,170.43781309892228,170.21929938932928
2024-04-16 17:18:12,0.0968987642,0.029192101695131,1.37579748,170.44146196541342,170.22244842756388
2024-04-16 17:18:16,0.0968960493,0.029192101695131,1.37579748,170.43844749549265,170.2189341303339
2024-04-16 17:18:20,0.0968906194,0.0291912047970362,1.37575521,170.43577211661196,170.21575892509168
2024-04-16 17:18:25,0.0968921277,0.0291898591316193,1.37569179,170.44413155398897,170.22349358084983
2024-04-16 17:18:29,0.0968921277,0.0291907562418972,1.37573407,170.44077653254664,170.21963873517933
2024-04-16 17:18:33,0.0968960493,0.0291910125591195,1.37574615,170.44525151205767,170.2236138914108
2024-04-16 17:18:37,0.0968921277,0.0291909484798139,1.37574313,170.4409501706249,170.21881272764745
2024-04-16 17:18:41,0.0968972559,0.0291906280832861,1.37572803,170.44946520128536,170.22682793692655
2024-04-16 17:18:46,0.0968951443,0.0291911407177306,1.37575219,170.44515373152376,170.22189169177364
2024-04-16 17:18:50,0.0968981609,0.0291904358453694,1.37571897,170.45258740771686,170.22882554872243
2024-04-16 17:18:54,0.0968939376,0.0291903717660638,1.37571595,170.4478954206864,170.2236337433978
2024-04-16 17:18:58,0.0968957476,0.0291901795281471,1.37570689,170.45156439903036,170.2268029043983
2024-04-16 17:19:03,0.0968969542,0.0291904999246749,1.37572199,170.45237435718332,170.22698809220913
2024-04-16 17:19:07,0.0968996692,0.0291911407177306,1.37575219,170.45363521311944,170.2277491329417
2024-04-16 17:19:11,0.0968978592,0.0291915249813809,1.3757703,170.45014085245748,170.22375495802785
2024-04-16 17:19:15,0.0968993675,0.0291917812986031,1.37578238,170.4514917552042,170.22460604747454
2024-04-16 17:19:19,0.0968969542,0.0291908844005083,1.37574011,170.45272149679724,170.22533597671986
2024-04-16 17:19:23,0.0968987642,0.0291908844005083,1.37574011,170.45556435701272,170.22767902554023
2024-04-16 17:19:28,0.0968969542,0.0291905640039805,1.37572501,170.45522283098163,170.2267127366053
2024-04-16 17:19:32,0.0968969542,0.0291897309730081,1.37568575,170.45930235738078,170.23029245375375
2024-04-16 17:19:36,0.0968960493,0.0291892826300523,1.37566462,170.46055741921924,170.23104770729526
2024-04-16 17:19:40,0.0968987642,0.0291908203212028,1.37573709,170.45796389950996,170.22795438024292
2024-04-16 17:19:44,0.0969008758,0.0291915890606864,1.37577332,170.4578938456499,170.22738451999408
2024-04-16 17:19:49,0.0968978592,0.0291898591316193,1.37569179,170.46204736259799,170.23091328029875
2024-04-16 17:19:53,0.0969020824,0.0291895389472746,1.3756767,170.46939031776185,170.23775643122227
2024-04-16 17:19:57,0.0968990658,0.0291909484798139,1.37574313,170.4599277828505,170.22779409302595
2024-04-16 17:20:01,0.0968996692,0.029190051369536,1.37570085,170.46506378097018,170.23243028881635
2024-04-16 17:20:05,0.0969017808,0.0291913329556473,1.37576125,170.4627898050599,170.22965651153288
2024-04-16 17:20:10,0.0969008758,0.0291906280832861,1.37572803,170.46527199016217,170.2315139462636
2024-04-16 17:20:14,0.0969020824,0.0291911407177306,1.37575219,170.46513084112482,170.23087299800545
2024-04-16 17:20:18,0.0969002725,0.0291915249813809,1.3757703,170.46163655280085,170.22687891141783
2024-04-16 17:20:22,0.0969026858,0.0291905640039805,1.37572501,170.46938982502957,170.23413238634038
2024-04-16 17:20:27,0.0969020824,0.0291907562418972,1.37573407,170.46840735589166,170.2325251719168
2024-04-16 17:20:31,0.0969011775,0.0291908844005083,1.37574011,170.46718502660931,170.23080304748396
2024-04-16 17:20:35,0.0968993675,0.0291904999246749,1.37572199,170.46699392861746,170.23011215530016
2024-04-16 17:20:39,0.096906004,0.0291912047970362,1.37575521,170.47305567022676,170.23567410367662
2024-04-16 17:20:43,0.0969026858,0.0291908844005083,1.37574011,170.4706369038412,170.2327555450175
2024-04-16 17:20:47,0.0969029874,0.0291907562418972,1.37573407,170.472077851608,170.23369670147042
2024-04-16 17:20:51,0.0969002725,0.0291906280832861,1.37572803,170.46961390677401,170.23073296628263
2024-04-16 17:20:55,0.0969063057,0.0291924861709644,1.3758156,170.46993914440608,170.23055841452128
2024-04-16 17:21:00,0.0969044957,0.0291917172192976,1.37577936,170.47152512858048,170.231519663305
2024-04-16 17:21:04,0.0969057024,0.0291917172192976,1.37577936,170.4735869469438,170.23308169443706
2024-04-16 17:21:08,0.0969108306,0.0291927424881867,1.37582768,170.47631920150448,170.23531416272806
2024-04-16 17:21:12,0.0969111322,0.0291926143295755,1.37582164,170.47776009459383,170.23625527050967
2024-04-16 17:21:16,0.0969099256,0.0291930628847145,1.37584278,170.4747705826222,170.23276597419255
2024-04-16 17:21:21,0.0969153555,0.0291942801793371,1.37590015,170.47719309134482,170.23456375383714
2024-04-16 17:21:25,0.0969093223,0.02919255025027,1.37581862,170.4773169617338,170.2341878420471
2024-04-16 17:21:29,0.0969072107,0.0291915249813809,1.3757703,170.47948912977347,170.23586022887122
2024-04-16 17:21:33,0.0969047974,0.0291909484798139,1.37574313,170.47934232619025,170.23521364503634
2024-04-16 17:21:37,0.0969041941,0.0291904999246749,1.37572199,170.4809887419237,170.2363602814823
2024-04-16 17:21:41,0.0969105289,0.0291915890606864,1.37577332,170.48500841544129,170.239880176677
2024-04-16 17:21:45,0.0969087189,0.0291924220916588,1.37581258,170.47958550450267,170.23395748838047
2024-04-16 17:21:50,0.0969090206,0.029191653139992,1.37577634,170.483905093393,170.23765235693085
2024-04-16 17:21:54,0.0969099256,0.0291921657744366,1.3758005,170.48337343033262,170.23662091868508
2024-04-16 17:21:58,0.0969057024,0.0291913968227697,1.37576426,170.4817107859257,170.23445850005888
2024-04-16 17:22:02,0.0969020824,0.0291908203212028,1.37573709,170.48000186569544,170.2322498065759
2024-04-16 17:22:06,0.0969032891,0.0291899872902304,1.37569783,170.48564360541945,170.23739177401413
2024-04-16 17:22:11,0.0969057024,0.0291910125591195,1.37574615,170.48498634027618,170.23610979487398
2024-04-16 17:22:15,0.0969090206,0.029191076638425,1.37574917,170.48950612820929,170.2401298126983
2024-04-16 17:22:19,0.0969090206,0.0291908844005083,1.37574011,170.49083204163995,170.24095595698833
2024-04-16 17:22:23,0.0969126405,0.0291919735365198,1.37579144,170.49133717452705,170.24096132170342
2024-04-16 17:22:27,0.0969087189,0.0291905640039805,1.37572501,170.49281795277236,170.24194233274565
2024-04-16 17:22:32,0.096906004,0.0291913968227697,1.37576426,170.48634924270948,170.23484891504205
2024-04-16 17:22:36,0.0969063057,0.0291906921625916,1.37573105,170.4902677379236,170.23826764523466
2024-04-16 17:22:40,0.0969032891,0.0291902436074527,1.37570991,170.48879010489588,170.23629024815557
2024-04-16 17:22:44,0.0969038924,0.0291903717660638,1.37571595,170.48952009914018,170.2365204793192
2024-04-16 17:22:48,0.096907814,0.0291903076867582,1.37571293,170.49537185997156,170.24187247804088
2024-04-16 17:22:53,0.0969087189,0.0291906280832861,1.37572803,170.49579102812046,170.2416669449187
2024-04-16 17:22:57,0.0969096239,0.029191653139992,1.37577634,170.49305715261315,170.2384333094879
2024-04-16 17:23:01,0.0969141488,0.0291917172192976,1.37577936,170.49913886720543,170.24401526512898
2024-04-16 17:23:05,0.0969075123,0.0291907562418972,1.37573407,170.4951775798427,170.23955421978775
2024-04-16 17:23:10,0.0969057024,0.0291908203212028,1.37573709,170.49318397066313,170.23693591450348
2024-04-16 17:23:14,0.0969047974,0.0291903076867582,1.37571293,170.49471521777085,170.2379674058227
2024-04-16 17:23:18,0.0969035907,0.0291895389472746,1.3756767,170.49695658551622,170.23970901875362
2024-04-16 17:23:22,0.0969044957,0.0291902436074527,1.37570991,170.49559954929336,170.23785222869066
2024-04-16 17:23:26,0.0969023841,0.0291893467093579,1.37566764,170.4972202487315,170.2389731752636
2024-04-16 17:23:30,0.0969063057,0.0291911407177306,1.37575219,170.49508684612306,170.2363400207651
2024-04-16 17:23:35,0.0969099256,0.0291903717660638,1.37571595,170.50370212045908,170.24433060661067
2024-04-16 17:23:39,0.0969102272,0.0291913968227697,1.37576426,170.50018702393254,170.2403157603899
2024-04-16 17:23:43,0.0969102272,0.0291921657744366,1.3758005,170.49738233564466,170.2370113233843
2024-04-16 17:23:47,0.0969054007,0.0291903076867582,1.37571293,170.49961915437683,170.23874839437576
2024-04-16 17:23:51,0.0969032891,0.0291903076867582,1.37571293,170.49738537647795,170.23601486971356
2024-04-16 17:23:56,0.0969084173,0.0291914609020753,1.37576728,170.49969269973377,170.2376975108903
2024-04-16 17:24:00,0.0969054007,0.029190051369536,1.37570085,170.50234487280719,170.2398499394011
2024-04-16 17:24:04,0.0969075123,0.0291906280832861,1.37572803,170.5030996619468,170.24010498495682
2024-04-16 17:24:08,0.096905099,0.029189474867969,1.37567368,170.50543142397026,170.2419370043756
2024-04-16 17:24:12,0.0969044957,0.0291899232109248,1.37569481,170.50322331740108,170.23922915618124
2024-04-16 17:24:16,0.0969075123,0.029191076638425,1.37574917,170.50267122988785,170.2381773280229
2024-04-16 17:24:21,0.096907814,0.0291911407177306,1.37575219,170.5034110774469,170.23829250115443
2024-04-16 17:24:25,0.0969084173,0.0291905640039805,1.37572501,170.50717022135476,170.24155190662378
2024-04-16 17:24:29,0.096906909,0.0291901795281471,1.37570689,170.50736976134002,170.24125170915192
2024-04-16 17:24:33,0.0969057024,0.0291906280832861,1.37572803,170.50437983367723,170.23776204501394
2024-04-16 17:24:38,0.0969072107,0.0291901795281471,1.37570689,170.50888472774557,170.2416422698696
2024-04-16 17:24:42,0.0969075123,0.0291902436074527,1.37570991,170.50949950162183,170.2417573094814
2024-04-16 17:24:46,0.0969105289,0.029191076638425,1.37574917,170.5103242227954,170.2420822973737
2024-04-16 17:24:50,0.0969093223,0.0291908844005083,1.37574011,170.5100881659944,170.24134650827511
2024-04-16 17:24:54,0.0969044957,0.0291901795281471,1.37570689,170.50736900080335,170.2381276117706
2024-04-16 17:24:58,0.0969081156,0.0291909484798139,1.37574313,170.50925017187242,170.2395090525108
2024-04-16 17:25:03,0.0969054007,0.0291913968227697,1.37576426,170.50443373651527,170.23406795562778
2024-04-16 17:25:07,0.0969063057,0.0291890903921356,1.37565556,170.5160170990163,170.2451515900168
2024-04-16 17:25:11,0.096907814,0.0291908203212028,1.37573709,170.51103462728642,170.23966939116087
2024-04-16 17:25:15,0.096906004,0.0291896668937026,1.37568273,170.5141482611751,170.24228329891
2024-04-16 17:25:19,0.096906004,0.0291897950523137,1.37568877,170.51409719345864,170.24173250604085
2024-04-16 17:25:24,0.0969090206,0.0291904999246749,1.37572199,170.51559762068268,170.24260827821251
2024-04-16 17:25:28,0.0969081156,0.0291904999246749,1.37572199,170.51492580377257,170.24143673837187
2024-04-16 17:25:32,0.0969108306,0.029190051369536,1.37570085,170.52086794435024,170.2468791570073
2024-04-16 17:25:36,0.0969099256,0.0291914609020753,1.37576728,170.51413847816042,170.23964996986405
2024-04-16 17:25:40,0.0969105289,0.0291906921625916,1.37573105,170.51872285081217,170.2437346225516
2024-04-16 17:25:45,0.0969129422,0.0291902436074527,1.37570991,170.52439935761933,170.24878648079536
2024-04-16 17:25:49,0.0969150538,0.029191076638425,1.37574917,170.52405234596048,170.24793975139983
2024-04-16 17:25:53,0.0969144505,0.0291917172192976,1.37577936,170.52101811658028,170.24440580527363
2024-04-16 17:25:57,0.0969132438,0.0291914609020753,1.37576728,170.5210573289991,170.24394530193766
2024-04-16 17:26:01,0.0969111322,0.0291913329556473,1.37576125,170.51937347438323,170.24176173255867
2024-04-16 17:26:05,0.0969105289,0.0291913329556473,1.37576125,170.5190922270314,170.24098077143577
2024-04-16 17:26:10,0.0969144505,0.0291908844005083,1.37574011,170.52672107041275,170.2479849739992
2024-04-16 17:26:14,0.0969126405,0.0291909484798139,1.37574313,170.52460234020398,170.24536653225329
2024-04-16 17:26:18,0.0969123389,0.0291914609020753,1.37576728,170.52250944860572,170.24277393011153
2024-04-16 17:26:22,0.0969102272,0.0291908203212028,1.37573709,170.52302851855555,170.24279329051194
2024-04-16 17:26:26,0.0969093223,0.0291906280832861,1.37572803,170.52318299094952,170.24244805435103
2024-04-16 17:26:31,0.0969123389,0.0291903076867582,1.37571293,170.52908965726098,170.24773008636822
2024-04-16 17:26:35,0.0969117355,0.0291901795281471,1.37570689,170.52935905166945,170.24749977446123
2024-04-16 17:26:39,0.0969120372,0.0291906280832861,1.37572803,170.52832151151853,170.245962528991
2024-04-16 17:26:43,0.0969132438,0.0291898591316193,1.37569179,170.53368807058118,170.25082938373083
2024-04-16 17:26:47,0.0969150538,0.0291919094572143,1.37578842,170.52771899771045,170.24436060753436
2024-04-16 17:26:52,0.0969132438,0.0291917812986031,1.37578238,170.5265514131455,170.24256839521502
2024-04-16 17:26:56,0.0969162604,0.0291923580123533,1.37580956,170.52847755623552,170.24399483722428
2024-04-16 17:27:00,0.096919277,0.0291924861709644,1.3758156,170.53233128751253,170.24734886841918
2024-04-16 17:27:04,0.096918372,0.0291917812986031,1.37578238,170.534688775153,170.24920665697658
2024-04-16 17:27:08,0.0969207853,0.0291913329556473,1.37576125,170.540239349773,170.25425753351303
2024-04-16 17:27:12,0.0969204837,0.0291935753069759,1.37586693,170.53071190313062,170.24423038978716
2024-04-16 17:27:17,0.0969189754,0.0291919094572143,1.37578842,170.53654308204347,170.24943694875265
2024-04-16 17:27:21,0.0969189754,0.0291923580123533,1.37580956,170.5351150611639,170.2475092330414
2024-04-16 17:27:25,0.0969150538,0.0291919094572143,1.37578842,170.53246612948692,170.24436060753436
2024-04-16 17:27:29,0.0969216903,0.0291926143295755,1.37582164,170.53852715810194,170.24992194332137
2024-04-16 17:27:33,0.0969235003,0.0291931908311425,1.37584881,170.53889219498757,170.24978728838164
2024-04-16 17:27:38,0.0969174671,0.0291929988054089,1.37583976,170.53253262007587,170.2428031000988
2024-04-16 17:27:42,0.0969189754,0.0291912688763417,1.37575823,170.54241924653857,170.25219003699377
2024-04-16 17:27:46,0.0969207853,0.0291912688763417,1.37575823,170.5452618426779,170.25453294456946
2024-04-16 17:27:50,0.0969198803,0.029191076638425,1.37574917,170.54541624443326,170.25418765876586
2024-04-16 17:27:54,0.096921087,0.0291924861709644,1.3758156,170.54142006089924,170.24969178867815
2024-04-16 17:27:58,0.0969244052,0.029192101695131,1.37579748,170.54786737573863,170.25563941796946
2024-04-16 17:28:03,0.0969216903,0.02919255025027,1.37581862,170.54304989542615,170.2501973321369
2024-04-16 17:28:07,0.0969162604,0.0291906921625916,1.37573105,170.54450636622403,170.2511541196513
2024-04-16 17:28:11,0.0969180704,0.029191653139992,1.37577634,170.54321896247606,170.24936703362718
2024-04-16 17:28:15,0.0969222936,0.0291924861709644,1.3758156,170.54560526954015,170.25125365942293
2024-04-16 17:28:20,0.0969180704,0.0291918453779087,1.3757854,170.54351706598777,170.24854085570314
2024-04-16 17:28:24,0.0969195787,0.0291924861709644,1.3758156,170.5432152875603,170.2477393982767
2024-04-16 17:28:28,0.096918372,0.0291908844005083,1.37574011,170.54903695620948,170.2530613889364
2024-04-16 17:28:32,0.096920182,0.0291924220916588,1.37581258,170.54527095814342,170.24879571389084
2024-04-16 17:28:36,0.096919277,0.0291909484798139,1.37574313,170.55093242907554,170.25395750885394
2024-04-16 17:28:40,0.0969165621,0.0291903717660638,1.37571595,170.55039633969426,170.2529217445146
2024-04-16 17:28:45,0.0969195787,0.0291906280832861,1.37572803,170.55382433642077,170.25572514896606
2024-04-16 17:28:49,0.0969189754,0.0291913968227697,1.37576426,170.5502389984464,170.25164013831022
2024-04-16 17:28:53,0.096920182,0.0291909484798139,1.37574313,170.5542275720299,170.25512904022497
2024-04-16 17:28:57,0.0969171654,0.0291913329556473,1.37576125,170.54916980514483,170.2495716026843
2024-04-16 17:29:01,0.0969156571,0.0291909484798139,1.37574313,170.54936939085067,170.24927151874823
2024-04-16 17:29:06,0.0969195787,0.029191076638425,1.37574917,170.55451969405215,170.25379723632358
2024-04-16 17:29:10,0.0969235003,0.0291922298537421,1.37580352,170.55513938250803,170.2539172574203
2024-04-16 17:29:14,0.0969247069,0.0291924861709644,1.3758156,170.55609932680395,170.25437753537244
2024-04-16 17:29:18,0.0969250086,0.0291922939330477,1.37580654,170.5578157326859,170.25559427592654
2024-04-16 17:29:23,0.0969231986,0.0291913968227697,1.37576426,170.55995306513123,170.25710702814143
2024-04-16 17:29:27,0.0969222936,0.0291922939330477,1.37580654,170.55542554382856,170.25207984379864
2024-04-16 17:29:31,0.0969244052,0.0291913968227697,1.37576426,170.56251432173164,170.2586689596792
2024-04-16 17:29:35,0.0969225953,0.0291915890606864,1.37577332,170.5598448477005,170.25549982464372
2024-04-16 17:29:39,0.0969195787,0.0291920376158254,1.37579446,170.55451179210402,170.2496671090616
2024-04-16 17:29:43,0.096921087,0.0291915249813809,1.3757703,170.5591671074449,170.25382276543607
2024-04-16 17:29:48,0.0969216903,0.0291911407177306,1.37575219,170.56222420824844,170.25625529396564
2024-04-16 17:29:52,0.0969271202,0.0291917812986031,1.37578238,170.56699952904472,170.26053095809067
2024-04-16 17:29:56,0.0969231986,0.0291914609020753,1.37576728,170.56379983924595,170.2568316126417
2024-04-16 17:30:00,0.0969228969,0.029191076638425,1.37574917,170.56556054112414,170.2580926598911
2024-04-16 17:30:04,0.0969204837,0.029191076638425,1.37574917,170.562936297391,170.25496876255124
2024-04-16 17:30:09,0.0969253102,0.0291913329556473,1.37576125,170.56870708417864,170.26011498376857
2024-04-16 17:30:13,0.096921087,0.0291918453779087,1.3757854,170.56153749383617,170.25244574212095
2024-04-16 17:30:17,0.0969213886,0.0291911407177306,1.37575219,170.56545614492683,170.25586474293027
2024-04-16 17:30:21,0.0969259135,0.0291920376158254,1.37579446,170.56795831234808,170.25786726109453
2024-04-16 17:30:25,0.0969247069,0.0291904999246749,1.37572199,170.57350529869657,170.2629145992109
2024-04-16 17:30:30,0.0969247069,0.0291909484798139,1.37574313,170.57220182596305,170.26098656762937
2024-04-16 17:30:34,0.0969256119,0.0291917812986031,1.37578238,170.57029340891722,170.25857850465945
2024-04-16 17:30:38,0.0969268185,0.0291921657744366,1.3758005,170.57070247173198,170.25848792257676
2024-04-16 17:30:42,0.0969247069,0.029191076638425,1.37574917,170.57314990537182,170.2604357123464
2024-04-16 17:30:47,0.0969238019,0.0291917812986031,1.37578238,170.5695742551808,170.25623550876307
2024-04-16 17:30:51,0.0969235003,0.0291917172192976,1.37577936,170.56995889403126,170.2561205060566
2024-04-16 17:30:55,0.0969274218,0.029191653139992,1.37577634,170.57581024372905,170.26147221522652
2024-04-16 17:30:59,0.0969247069,0.0291912047970362,1.37575521,170.57472252990118,170.25988486190033
2024-04-16 17:31:03,0.0969262152,0.0291912688763417,1.37575823,170.57689923266454,170.26156192619555
2024-04-16 17:31:07,0.0969228969,0.0291909484798139,1.37574313,170.57448044879365,170.25864350488723
2024-04-16 17:31:12,0.0969268185,0.0291913329556473,1.37576125,170.57852895644,170.26206746718702
2024-04-16 17:31:16,0.0969268185,0.0291906280832861,1.37572803,170.58205836826897,170.2650972438997
2024-04-16 17:31:20,0.0969195787,0.0291896668937026,1.37568273,170.57731734831836,170.2598565898653
2024-04-16 17:31:24,0.0969268185,0.0291911407177306,1.37575219,170.58085414691965,170.26289375541592
2024-04-16 17:31:29,0.0969259135,0.0291919735365198,1.37579144,170.57672760479,170.25814267342656
2024-04-16 17:31:33,0.096920182,0.0291918453779087,1.3757854,170.5703588088319,170.25127424674432
2024-04-16 17:31:37,0.0969250086,0.0291910125591195,1.37574615,170.5806858839101,170.2611016921333
2024-04-16 17:31:41,0.0969250086,0.0291908844005083,1.37574011,170.58173637197993,170.2616525515494
2024-04-16 17:31:45,0.0969235003,0.0291895389472746,1.3756767,170.58606679998408,170.26548335193593
2024-04-16 17:31:49,0.0969225953,0.0291915249813809,1.3757703,170.57685831063998,170.2557752360109
2024-04-16 17:31:54,0.0969235003,0.0291913968227697,1.37576426,170.57920518214706,170.2574975757504
2024-04-16 17:31:58,0.0969225953,0.0291902436074527,1.37570991,170.58349003588486,170.26128280524182
2024-04-16 17:32:02,0.0969195787,0.0291906280832861,1.37572803,170.57843200281698,170.25572514896606
2024-04-16 17:32:06,0.0969189754,0.0291899872902304,1.37569783,170.58090488520645,170.25769840918676
2024-04-16 17:32:10,0.0969222936,0.029191076638425,1.37574917,170.58101778270495,170.25731168555615
2024-04-16 17:32:15,0.096921992,0.0291906280832861,1.37572803,170.58317984585864,170.25884922376142
2024-04-16 17:32:19,0.0969250086,0.0291906280832861,1.37572803,170.5875845257774,170.26275428489248
2024-04-16 17:32:23,0.0969283268,0.029191653139992,1.37577634,170.5879735769489,170.2626437183179
2024-04-16 17:32:27,0.0969235003,0.0291912047970362,1.37575521,170.58415239542282,170.25832292008783
2024-04-16 17:32:31,0.0969250086,0.0291912047970362,1.37575521,170.58660450307457,170.26027541207836
2024-04-16 17:32:36,0.0969265168,0.0291915890606864,1.37577332,170.5875297425418,170.26057613343633
2024-04-16 17:32:40,0.0969198803,0.0291903076867582,1.37571293,170.58494592084642,170.25749269842808
2024-04-16 17:32:44,0.096921992,0.0291909484798139,1.37574313,170.58542493765373,170.25747210296714
2024-04-16 17:32:48,0.0969286285,0.0291906921625916,1.37573105,170.59561733283243,170.26716488692287
2024-04-16 17:32:52,0.0969228969,0.0291904358453694,1.37571897,170.5897989893274,170.26084693324066
2024-04-16 17:32:57,0.0969231986,0.0291904999246749,1.37572199,170.59053862740947,170.26096206007293
2024-04-16 17:33:01,0.0969244052,0.0291906921625916,1.37573105,170.59177391082775,170.26169773566937
2024-04-16 17:33:05,0.0969247069,0.0291904358453694,1.37571897,170.59376581906352,170.26319003713104
2024-04-16 17:33:09,0.0969238019,0.0291910125591195,1.37574615,170.59061499824207,170.25953961058394
2024-04-16 17:33:13,0.0969256119,0.0291922298537421,1.37580352,170.58822561666904,170.25665062433416
2024-04-16 17:33:18,0.0969247069,0.0291923580123533,1.37580956,170.58712783416618,170.25492833746145
2024-04-16 17:33:22,0.0969259135,0.029192101695131,1.37579748,170.59029094899066,170.25759184997162
2024-04-16 17:33:26,0.0969268185,0.0291919735365198,1.37579144,170.59251286394255,170.2593141636601
2024-04-16 17:33:30,0.0969301368,0.0291927424881867,1.37582768,170.5940028730093,170.26030457251497
2024-04-16 17:33:34,0.0969286285,0.0291924861709644,1.3758156,170.59365171726387,170.25945381760982
2024-04-16 17:33:39,0.0969310417,0.0291926143295755,1.37582164,170.5968491279865,170.26202673086328
2024-04-16 17:33:43,0.0969292318,0.029191076638425,1.37574917,170.6016152079477,170.26629321403425
2024-04-16 17:33:47,0.0969253102,0.0291917812986031,1.37578238,170.59400955184387,170.2581879621943
2024-04-16 17:33:51,0.0969289301,0.02919255025027,1.37581862,170.59588999430116,170.25956880997026
2024-04-16 17:33:56,0.0969259135,0.0291915249813809,1.3757703,170.59701626980493,170.26007059360643
2024-04-16 17:34:00,0.0969268185,0.029191076638425,1.37574917,170.60061445574846,170.263169187244
2024-04-16 17:34:04,0.0969256119,0.0291921657744366,1.3758005,170.59487089193564,170.2569260321819
2024-04-16 17:34:08,0.0969238019,0.029191653139992,1.37577634,170.59523078225462,170.25678633230893
2024-04-16 17:34:12,0.0969247069,0.0291912047970362,1.37575521,170.59882890098,170.25988486190033
2024-04-16 17:34:17,0.0969250086,0.0291913329556473,1.37576125,170.5992930887629,170.2597245647544
2024-04-16 17:34:21,0.0969295334,0.0291909484798139,1.37574313,170.60730262994986,170.26723451919008
2024-04-16 17:34:25,0.0969292318,0.029192101695131,1.37579748,170.6024549486059,170.26188725215474
2024-04-16 17:34:29,0.0969247069,0.0291914609020753,1.37576728,170.59985136858438,170.25878408750248
2024-04-16 17:34:33,0.0969253102,0.02919255025027,1.37581862,170.59644993570504,170.2548830710536
2024-04-16 17:34:37,0.096920182,0.0291908844005083,1.37574011,170.59747090398113,170.25540445682196
2024-04-16 17:34:42,0.096921992,0.0291901154488415,1.37570387,170.60374360371262,170.26105267991298
2024-04-16 17:34:46,0.0969238019,0.0291908203212028,1.37573709,170.60355639515063,170.2603658912347
2024-04-16 17:34:50,0.096921992,0.0291908844005083,1.37574011,170.6014376076759,170.25774752470755
2024-04-16 17:34:54,0.0969241036,0.0291920376158254,1.37579446,170.5997140761729,170.2555244152167
2024-04-16 17:34:58,0.0969225953,0.0291913329556473,1.37576125,170.6012898032739,170.25660056539493
2024-04-16 17:35:03,0.0969241036,0.0291908203212028,1.37573709,170.60607015409028,170.26075644655674
2024-04-16 17:35:07,0.096921992,0.0291907562418972,1.37573407,170.60411165387345,170.25829837181604
2024-04-16 17:35:11,0.0969216903,0.0291904999246749,1.37572199,170.60532237644898,170.25900952093497
2024-04-16 17:35:15,0.0969244052,0.0291913329556473,1.37576125,170.60575589573043,170.25894346782758
2024-04-16 17:35:20,0.0969250086,0.0291906921625916,1.37573105,170.60991574162907,170.26247884974285
2024-04-16 17:35:24,0.0969241036,0.0291906280832861,1.37572803,170.6095192025328,170.2615827406627
2024-04-16 17:35:28,0.0969280251,0.0291923580123533,1.37580956,170.60765960326896,170.25922357248496
2024-04-16 17:35:32,0.0969213886,0.029190051369536,1.37570085,170.60948258478018,170.26054698615286
2024-04-16 17:35:36,0.096919277,0.0291908844005083,1.37574011,170.60366808827868,170.2542329228792
2024-04-16 17:35:40,0.0969198803,0.0291910125591195,1.37574615,170.60439780318697,170.2544630720872
2024-04-16 17:35:45,0.0969225953,0.0291910125591195,1.37574615,170.60853684520217,170.25797765848526
2024-04-16 17:35:49,0.096921992,0.0291912688763417,1.37575823,170.60715376240597,170.2560950124028
2024-04-16 17:35:53,0.0969204837,0.0291912047970362,1.37575521,170.6059762483223,170.2544179361068
2024-04-16 17:35:57,0.0969225953,0.0291915249813809,1.3757703,170.6078331093641,170.2557752360109
2024-04-16 17:36:01,0.0969213886,0.0291905640039805,1.37572501,170.6109009674608,170.2583435340451
2024-04-16 17:36:05,0.096921087,0.0291906921625916,1.37573105,170.61045924792836,170.2574022555261
2024-04-16 17:36:10,0.0969235003,0.0291910125591195,1.37574615,170.6128306269061,170.2591491872846
2024-04-16 17:36:14,0.0969177687,0.0291903076867582,1.37571293,170.60894014770824,170.2547591515234
2024-04-16 17:36:18,0.0969144505,0.0291899872902304,1.37569783,170.6065212405716,170.25184068890138
2024-04-16 17:36:22,0.0969162604,0.0291902436074527,1.37570991,170.60826212314822,170.2530820170713
2024-04-16 17:36:26,0.096919277,0.0291891544714412,1.37565858,170.61734830598078,170.2616686465766
2024-04-16 17:36:31,0.0969235003,0.0291909484798139,1.37574313,170.6157287116465,170.25942461210195
2024-04-16 17:36:35,0.0969228969,0.0291917812986031,1.37578238,170.61186766125581,170.2550640108149
2024-04-16 17:36:39,0.0969235003,0.0291920376158254,1.37579446,170.61204666684654,170.25474346659075
2024-04-16 17:36:43,0.0969216903,0.0291908844005083,1.37574011,170.6151597192314,170.25735697024288
2024-04-16 17:36:47,0.0969165621,0.0291901154488415,1.37570387,170.61232571717983,170.25402342054142
2024-04-16 17:36:52,0.0969171654,0.0291903717660638,1.37571595,170.61262946738512,170.2537027377081
2024-04-16 17:36:56,0.0969204837,0.0291903076867582,1.37571293,170.617700097678,170.25827382278987
2024-04-16 17:37:00,0.0969207853,0.0291912688763417,1.37575823,170.6144587635837,170.25453294456946
2024-04-16 17:37:04,0.0969235003,0.029191653139992,1.37577634,170.61682127963178,170.2563959175771
2024-04-16 17:37:08,0.0969180704,0.0291901154488415,1.37570387,170.61690088940594,170.25597598539713
2024-04-16 17:37:12,0.0969189754,0.0291904358453694,1.37571897,170.61719486877624,170.2557704239003
2024-04-16 17:37:16,0.0969186737,0.0291901154488415,1.37570387,170.61868097010384,170.2567569854485
2024-04-16 17:37:21,0.0969174671,0.029190051369536,1.37570085,170.61801881779647,170.2554704099474
2024-04-16 17:37:25,0.0969207853,0.0291913329556473,1.37576125,170.61730547869175,170.25425753351303
2024-04-16 17:37:29,0.0969189754,0.0291899232109248,1.37569481,170.62152132191184,170.25797384049332
2024-04-16 17:37:33,0.0969228969,0.0291912047970362,1.37575521,170.62158883629954,170.25754181973176
2024-04-16 17:37:37,0.096921992,0.0291897309730081,1.37568575,170.62725187344276,170.262705322817
2024-04-16 17:37:42,0.0969265168,0.0291912688763417,1.37575823,170.62712331272945,170.26195234606675
2024-04-16 17:37:46,0.0969241036,0.029192101695131,1.37579748,170.62091950749954,170.2552490092366
2024-04-16 17:37:50,0.0969204837,0.0291899872902304,1.37569783,170.62582101138497,170.25965098261526
2024-04-16 17:37:54,0.0969207853,0.0291904999246749,1.37572199,170.62450752974394,170.25783797156157
2024-04-16 17:37:59,0.0969225953,0.0291917812986031,1.37578238,170.62196756620548,170.25467359779702
2024-04-16 17:38:03,0.0969216903,0.0291912047970362,1.37575521,170.6237733732761,170.25597987791926
2024-04-16 17:38:07,0.0969298351,0.0291924220916588,1.37581258,170.6295841270824,170.26129110587365
2024-04-16 17:38:11,0.0969277235,0.0291917812986031,1.37578238,170.63010445953736,170.2613119135737
2024-04-16 17:38:15,0.0969238019,0.0291904358453694,1.37571897,170.63131055480665,170.26201848518585
2024-04-16 17:38:19,0.0969244052,0.0291897950523137,1.37568877,170.63534550598456,170.2655539138051
2024-04-16 17:38:24,0.0969228969,0.0291912047970362,1.37575521,170.62795781356385,170.25754181973176
2024-04-16 17:38:28,0.0969250086,0.029192101695131,1.37579748,170.6273360082438,170.25642049432705
2024-04-16 17:38:32,0.0969241036,0.0291914609020753,1.37576728,170.62941815634858,170.2580031234479
2024-04-16 17:38:36,0.0969235003,0.0291912688763417,1.37575823,170.62996205089055,170.2580475001073
2024-04-16 17:38:40,0.0969265168,0.029191653139992,1.37577634,170.63271477969883,170.26030071213518
2024-04-16 17:38:44,0.0969250086,0.0291908844005083,1.37574011,170.6345661347907,170.2616525515494
2024-04-16 17:38:49,0.0969262152,0.0291910125591195,1.37574615,170.6362016205185,170.262663644232
2024-04-16 17:38:53,0.0969253102,0.0291912688763417,1.37575823,170.63442789716325,170.26039040768296
2024-04-16 17:38:57,0.0969271202,0.0291910125591195,1.37574615,170.6383721746003,170.26383517303134
2024-04-16 17:39:01,0.0969271202,0.0291921657744366,1.3758005,170.63391497245019,170.2588784598983
2024-04-16 17:39:06,0.0969238019,0.0291917172192976,1.37577936,170.6321718196559,170.25651091993143
2024-04-16 17:39:10,0.0969268185,0.0291908203212028,1.37573709,170.64043133486553,170.26427092664878
2024-04-16 17:39:14,0.0969247069,0.0291917812986031,1.37578238,170.63406692231226,170.25740700671128
2024-04-16 17:39:18,0.0969231986,0.0291899872902304,1.37569783,170.64032498488078,170.26316556300435
2024-04-16 17:39:22,0.0969271202,0.0291910125591195,1.37574615,170.64149410007366,170.26383517303134
2024-04-16 17:39:27,0.0969256119,0.0291910125591195,1.37574615,170.64016597512105,170.26188266818264
2024-04-16 17:39:31,0.0969271202,0.0291920376158254,1.37579446,170.63821209739788,170.25942928779256
2024-04-16 17:39:35,0.0969280251,0.0291924220916588,1.37581258,170.63823047256804,170.25894816140757
2024-04-16 17:39:39,0.0969277235,0.0291912047970362,1.37575521,170.6435716574844,170.26378984588138
2024-04-16 17:39:43,0.0969316451,0.0291922298537421,1.37580352,170.64474162898918,170.26446031805685
2024-04-16 17:39:47,0.0969265168,0.0291926784088811,1.37582466,170.63667494490556,170.2558941357579
2024-04-16 17:39:52,0.0969241036,0.0291924861709644,1.3758156,170.6350017790953,170.25359659874607
2024-04-16 17:39:56,0.0969250086,0.0291910125591195,1.37574615,170.6430063681888,170.2611016921333
2024-04-16 17:40:00,0.0969259135,0.0291924220916588,1.37581258,170.63861898313888,170.25621481249348
2024-04-16 17:40:04,0.0969271202,0.0291920376158254,1.37579446,170.64233295191087,170.25942928779256
2024-04-16 17:40:08,0.0969271202,0.0291913329556473,1.37576125,170.64586117212392,170.26245801565045
2024-04-16 17:40:13,0.0969283268,0.0291919735365198,1.37579144,170.6452941245782,170.2612666042338
2024-04-16 17:40:17,0.0969292318,0.0291928065674922,1.3758307,170.64338471606942,170.25885770588752
2024-04-16 17:40:21,0.0969292318,0.0291922939330477,1.37580654,170.64608749665365,170.26106099775438
2024-04-16 17:40:25,0.0969301368,0.0291931267518369,1.37584579,170.64417903013975,170.25865304364396
2024-04-16 17:40:29,0.0969280251,0.0291928065674922,1.3758307,170.64332119330467,170.25729572033396
2024-04-16 17:40:34,0.0969283268,0.029192101695131,1.37579748,170.64736559655032,170.26071576706428
2024-04-16 17:40:38,0.0969304384,0.0291927424881867,1.37582768,170.64784428611298,170.26069497267827
2024-04-16 17:40:42,0.096933455,0.0291922298537421,1.37580352,170.6544519447659,170.26680314850648
2024-04-16 17:40:46,0.0969304384,0.0291922298537421,1.37580352,170.65104657960458,170.26289830164512
2024-04-16 17:40:50,0.0969262152,0.0291913329556473,1.37576125,170.6499342582435,170.26128649970948
2024-04-16 17:40:54,0.0969268185,0.0291917172192976,1.37577936,170.64956307334802,170.26041583536562
2024-04-16 17:40:58,0.0969250086,0.0291913968227697,1.37576426,170.64909677120096,170.25945005489712
2024-04-16 17:41:03,0.0969268185,0.0291913329556473,1.37576125,170.65233852980685,170.26206746718702
2024-04-16 17:41:07,0.0969253102,0.0291913968227697,1.37576426,170.65061101146011,170.25984047305707
2024-04-16 17:41:11,0.0969301368,0.0291918453779087,1.3757854,170.65543045005006,170.26416043699317
2024-04-16 17:41:15,0.0969250086,0.0291913329556473,1.37576125,170.6514940513351,170.2597245647544
2024-04-16 17:41:19,0.0969247069,0.029191076638425,1.37574917,170.6527046713201,170.2604357123464
2024-04-16 17:41:24,0.0969298351,0.0291927424881867,1.37582768,170.65280734078226,170.2599140429087
2024-04-16 17:41:28,0.0969313434,0.0291933830690592,1.37585787,170.65250603359456,170.25911326587507
2024-04-16 17:41:32,0.0969283268,0.0291919094572143,1.37578842,170.6554342610644,170.26154202463232
2024-04-16 17:41:36,0.0969298351,0.029192101695131,1.37579748,170.65705990307723,170.26266819906644
2024-04-16 17:41:41,0.0969262152,0.0291923580123533,1.37580956,170.651896789209,170.25688075232068
2024-04-16 17:41:45,0.0969259135,0.0291922298537421,1.37580352,170.65255653326585,170.2570410313531
2024-04-16 17:41:49,0.0969262152,0.0291921657744366,1.3758005,170.65372194318007,170.25770697737934
2024-04-16 17:41:53,0.0969247069,0.0291924220916588,1.37581258,170.65116736436389,170.2546529358124
2024-04-16 17:41:57,0.0969268185,0.0291917172192976,1.37577936,170.65742972553,170.26041583536562
2024-04-16 17:42:02,0.0969271202,0.0291915249813809,1.3757703,170.6592708633143,170.2616326477353
2024-04-16 17:42:06,0.0969259135,0.0291924220916588,1.37581258,170.65435248712222,170.25621481249348
2024-04-16 17:42:10,0.0969283268,0.0291935753069759,1.37586693,170.65301953164803,170.25438239911003
2024-04-16 17:42:14,0.0969328517,0.029193703465587,1.37587297,170.6588251863249,170.25968859701882
2024-04-16 17:42:19,0.0969250086,0.0291924861709644,1.3758156,170.65452897706794,170.25476806840766
2024-04-16 17:42:23,0.0969274218,0.0291922298537421,1.37580352,170.6592538176417,170.2589934547838
2024-04-16 17:42:27,0.0969280251,0.0291909484798139,1.37574313,170.66604182596728,170.26528201005533
2024-04-16 17:42:31,0.0969231986,0.0291922939330477,1.37580654,170.65451058899612,170.2532513211746
2024-04-16 17:42:35,0.0969295334,0.0291924861709644,1.3758156,170.66238387641314,170.26062515782723
2024-04-16 17:42:39,0.0969265168,0.0291914609020753,1.37576728,170.66338514787049,170.26112697966613
2024-04-16 17:42:44,0.0969222936,0.0291904999246749,1.37572199,170.66267298931427,170.25979051069953
2024-04-16 17:42:48,0.0969265168,0.0291924220916588,1.37581258,170.66037767648598,170.25699575083402
2024-04-16 17:42:52,0.0969259135,0.0291911407177306,1.37575219,170.6656036033007,170.26172223175996
2024-04-16 17:42:56,0.0969271202,0.0291923580123533,1.37580956,170.66243304340543,170.25805222712518
2024-04-16 17:43:00,0.0969271202,0.0291935753069759,1.37586693,170.65770084399654,170.25282058412677
2024-04-16 17:43:05,0.0969268185,0.0291924220916588,1.37581258,170.6628908474648,170.2573862847265
2024-04-16 17:43:09,0.0969253102,0.0291913329556473,1.37576125,170.66611898750605,170.26011498376857
2024-04-16 17:43:13,0.0969256119,0.0291934471483648,1.37586089,170.65792246039643,170.2514190168123
2024-04-16 17:43:17,0.0969268185,0.0291933189897536,1.37585485,170.66053449875574,170.25353161647828
2024-04-16 17:43:21,0.0969277235,0.0291926143295755,1.37582164,170.66523385336953,170.2577315335528
2024-04-16 17:43:26,0.0969225953,0.0291915890606864,1.37577332,170.6636264397604,170.25549982464372
2024-04-16 17:43:30,0.0969241036,0.0291914609020753,1.37576728,170.6666291735043,170.2580031234479
2024-04-16 17:43:34,0.0969271202,0.0291910125591195,1.37574615,170.67296065687083,170.26383517303134
2024-04-16 17:43:38,0.0969274218,0.0291920376158254,1.37579446,170.66944461384753,170.25981969738243
2024-04-16 17:43:42,0.0969271202,0.0291919735365198,1.37579144,170.66982905148598,170.25970470355338
2024-04-16 17:43:47,0.0969256119,0.0291906921625916,1.37573105,170.6740084700011,170.2632598343641
2024-04-16 17:43:51,0.0969247069,0.0291920376158254,1.37579446,170.6675534283383,170.25630536384267
2024-04-16 17:43:55,0.0969250086,0.0291915249813809,1.3757703,170.67064670701373,170.25889921482025
2024-04-16 17:43:59,0.096921992,0.0291912688763417,1.37575823,170.66834193113263,170.2560950124028
2024-04-16 17:44:03,0.0969268185,0.0291920376158254,1.37579446,170.67178509286035,170.25903874875652
2024-04-16 17:44:08,0.0969280251,0.0291913968227697,1.37576426,170.67672550792707,170.26335488374156
2024-04-16 17:44:12,0.0969277235,0.0291922298537421,1.37580352,170.6732540381894,170.25938399124806
2024-04-16 17:44:16,0.0969280251,0.0291934471483648,1.37586089,170.6689121290237,170.2545426604915
2024-04-16 17:44:20,0.0969213886,0.0291915249813809,1.3757703,170.66908207083938,170.25421318188197
2024-04-16 17:44:24,0.0969213886,0.0291899872902304,1.37569783,170.67619073132417,170.2608224231081
2024-04-16 17:44:28,0.096921087,0.0291909484798139,1.37574313,170.67216829790345,170.25630057159606
2024-04-16 17:44:32,0.096918372,0.0291899232109248,1.37569481,170.6735598490736,170.25719270584295
2024-04-16 17:44:37,0.0969207853,0.0291913968227697,1.37576426,170.6709744483577,170.2539830356169
2024-04-16 17:44:41,0.0969228969,0.029192101695131,1.37579748,170.67117781300013,170.2536869859673
2024-04-16 17:44:45,0.0969189754,0.0291915890606864,1.37577332,170.6688041715942,170.25081393144
2024-04-16 17:44:49,0.0969256119,0.0291932549104481,1.37585183,170.6707348271847,170.25224517508073
2024-04-16 17:44:53,0.0969268185,0.0291922939330477,1.37580654,170.6769261641149,170.25793710123347
2024-04-16 17:44:57,0.0969238019,0.0291919094572143,1.37578842,170.67517316253944,170.25568469005367
2024-04-16 17:45:02,0.0969298351,0.0291922298537421,1.37580352,170.6822300910022,170.26211735816193
2024-04-16 17:45:06,0.0969250086,0.0291940879414204,1.37589109,170.6684964977345,170.24788435793246
2024-04-16 17:45:10,0.0969283268,0.0291939597828093,1.37588505,170.67384162902874,170.2527300834406
2024-04-16 17:45:14,0.0969247069,0.0291930628847145,1.37584278,170.67350993601588,170.2518989858183
2024-04-16 17:45:18,0.0969295334,0.0291933830690592,1.37585787,170.67888075216294,170.2567703985332
2024-04-16 17:45:23,0.0969310417,0.0291939597828093,1.37588505,170.6789787918552,170.25624418559232
2024-04-16 17:45:27,0.0969298351,0.0291944724172538,1.37590921,170.67571334407833,170.25247933703548
2024-04-16 17:45:31,0.0969271202,0.0291924861709644,1.3758156,170.6812348179647,170.2575014113219
2024-04-16 17:45:35,0.0969289301,0.0291933189897536,1.37585485,170.6804976864784,170.25626488141648
2024-04-16 17:45:39,0.0969268185,0.029192101695131,1.37579748,170.68349553736147,170.2587633350621
2024-04-16 17:45:44,0.0969277235,0.0291926784088811,1.37582466,170.68281257535187,170.2574561281687
2024-04-16 17:45:48,0.0969225953,0.0291904999246749,1.37572199,170.68603691206715,170.2601810703083
2024-04-16 17:45:52,0.0969253102,0.0291918453779087,1.3757854,170.68426778309933,170.25791254794922
2024-04-16 17:45:56,0.0969231986,0.0291905640039805,1.37572501,170.68754125500462,170.26068662764828
2024-04-16 17:46:00,0.0969198803,0.0291906280832861,1.37572803,170.68346959578426,170.25611557740774
2024-04-16 17:46:04,0.0969186737,0.0291905640039805,1.37572501,170.6826824313029,170.254829023093
2024-04-16 17:46:09,0.0969153555,0.029190051369536,1.37570085,170.68121448287084,170.25273683903947
2024-04-16 17:46:13,0.0969195787,0.0291908203212028,1.37573709,170.68387592442707,170.25489889343564
2024-04-16 17:46:17,0.0969247069,0.0291907562418972,1.37573407,170.69128927658502,170.26181285962303
2024-04-16 17:46:21,0.0969225953,0.0291918453779087,1.3757854,170.68437399300848,170.25439819126632
2024-04-16 17:46:25,0.0969247069,0.0291917812986031,1.37578238,170.68788219204248,170.25740700671128
2024-04-16 17:46:29,0.0969213886,0.0291909484798139,1.37574313,170.68766556348075,170.25669099575245
2024-04-16 17:46:34,0.0969231986,0.0291910125591195,1.37574615,170.69035742858168,170.25875863453462
2024-04-16 17:46:38,0.096919277,0.0291918453779087,1.3757854,170.68220092512684,170.2501027513677
2024-04-16 17:46:42,0.0969265168,0.0291935753069759,1.37586693,170.68463709947224,170.2520395471958
2024-04-16 17:46:46,0.0969222936,0.0291914609020753,1.37576728,170.68875703143374,170.2556601018355
2024-04-16 17:46:50,0.0969195787,0.0291914609020753,1.37576728,170.68574200458926,170.2521456988656
2024-04-16 17:46:55,0.0969159588,0.0291923580123533,1.37580956,170.67782495929268,170.24360443509596
2024-04-16 17:46:59,0.0969147521,0.0291902436074527,1.37570991,170.6858493584155,170.25112946078826
2024-04-16 17:47:03,0.0969177687,0.0291906280832861,1.37572803,170.68860133036503,170.25338206050645
2024-04-16 17:47:07,0.0969141488,0.0291893467093579,1.37566764,170.68992208162263,170.25420344073257
2024-04-16 17:47:11,0.0969129422,0.0291904999246749,1.37572199,170.68390287527473,170.247684864554
2024-04-16 17:47:15,0.0969120372,0.0291901154488415,1.37570387,170.6848831202492,170.24816574089948
2024-04-16 17:47:20,0.0969156571,0.0291899872902304,1.37569783,170.69074428430696,170.25340269586206
2024-04-16 17:47:24,0.0969165621,0.029191653139992,1.37577634,170.68525554187826,170.24741458751112
2024-04-16 17:47:28,0.0969171654,0.0291915890606864,1.37577332,170.68681125164105,170.24847093255605
2024-04-16 17:47:32,0.0969156571,0.029191076638425,1.37574917,170.68756040197778,170.24872071938012
2024-04-16 17:47:36,0.0969177687,0.0291907562418972,1.37573407,170.69217027746822,170.25283123256403
2024-04-16 17:47:41,0.0969138472,0.0291906921625916,1.37573105,170.6879934432842,170.2480301971942
2024-04-16 17:47:45,0.0969096239,0.0291903717660638,1.37571595,170.68440265414486,170.2439400484651
2024-04-16 17:47:49,0.0969132438,0.0291908844005083,1.37574011,170.68738486236282,170.24642289830223
2024-04-16 17:47:53,0.096907814,0.029191076638425,1.37574917,170.6800291979695,170.23856787673773
2024-04-16 17:47:57,0.0969093223,0.0291912047970362,1.37575521,170.6819302800759,170.23996960288355
2024-04-16 17:48:02,0.0969099256,0.0291906280832861,1.37572803,170.68581390477146,170.243229034332
2024-04-16 17:48:06,0.0969120372,0.029190051369536,1.37570085,170.6915253715023,170.24844114782917
2024-04-16 17:48:10,0.0969087189,0.0291901795281471,1.37570689,170.68717826079143,170.24359468509795
2024-04-16 17:48:14,0.0969108306,0.0291915890606864,1.37577332,170.68435364503583,170.24027071853618
2024-04-16 17:48:19,0.0969105289,0.0291919735365198,1.37579144,170.68293506632924,170.23822795303073
2024-04-16 17:48:23,0.0969117355,0.0291915249813809,1.3757703,170.68692392485676,170.2417174634873
2024-04-16 17:48:31,0.0969108306,0.0291910125591195,1.37574615,170.6889533853125,170.24274823145288
2024-04-16 17:48:35,0.0969099256,0.0291901795281471,1.37570689,170.69186129679215,170.24515679851527
2024-04-16 17:48:39,0.0969081156,0.0291906280832861,1.37572803,170.68808980641242,170.24088596493775
2024-04-16 17:48:44,0.0969105289,0.0291907562418972,1.37573407,170.6912872507547,170.24345923199928
2024-04-16 17:48:48,0.0969099256,0.0291905640039805,1.37572501,170.69183178479383,170.243504425588
2024-04-16 17:48:52,0.0969147521,0.0291906921625916,1.37573105,170.69802829830232,170.24920159986848
