time,voltage,current,shunt_voltage,temperature,temperature old
2024-04-06 16:03:35,0.0635813929,0.0216162869649537,1.01875615,155.9554102923289,155.9554102923289
2024-04-06 16:03:39,0.0637120114,0.0216219891744166,1.01902489,156.15308606281104,156.1539361944394
2024-04-06 16:03:43,0.0638181955,0.0216204514832661,1.01895242,156.34532110367653,156.3470213585367
2024-04-06 16:03:47,0.0639056767,0.0216180809733264,1.0188407,156.50926200548204,156.51181237517255
2024-04-06 16:03:51,0.0639765666,0.0216174401802707,1.0188105,156.63536996242252,156.6387704385369
2024-04-06 16:03:55,0.0640429317,0.0216169275458262,1.01878634,156.75293240794466,156.75718298207155
2024-04-06 16:04:00,0.0641008503,0.0216166712286039,1.01877426,156.8542294959811,156.85954268078754
2024-04-06 16:04:04,0.0641907448,0.0216159024891203,1.01873803,157.0141796399541,157.0203429038293
2024-04-06 16:04:08,0.0642287539,0.0216148133531088,1.0186867,157.08528467413538,157.0922980086517
2024-04-06 16:04:12,0.0642646513,0.0216132113704696,1.0186112,157.1553739396587,157.1632373363836
2024-04-06 16:04:16,0.0642969289,0.0216119299965414,1.01855081,157.21749372155065,157.2262071720465
2024-04-06 16:04:20,0.0643237766,0.0216105845433076,1.0184874,157.27047899409976,157.28004248992394
2024-04-06 16:04:25,0.0643506243,0.0216102641467798,1.0184723,157.31793196854022,157.3285580091446
2024-04-06 16:04:29,0.0643750587,0.0216096235659072,1.01844211,157.36305229641798,157.37452836333625
2024-04-06 16:04:33,0.0644000964,0.0216094313279905,1.01843305,157.40689670136814,157.41922278614118
2024-04-06 16:04:37,0.0644251341,0.0216093031693794,1.01842701,157.45040879375782,157.46358488792143
2024-04-06 16:04:41,0.0644408204,0.021608021583268,1.01836661,157.48360471285702,157.49763080794185
2024-04-06 16:04:46,0.0644779245,0.0216082779004903,1.01837869,157.54596578007434,157.561054364393
2024-04-06 16:04:50,0.0644975324,0.0216079575039625,1.01836359,157.5810067527435,157.5969453189087
2024-04-06 16:04:54,0.0645141236,0.0216080856625736,1.01836963,157.6084463255663,157.62523486509204
2024-04-06 16:04:58,0.0645304132,0.0216062275748953,1.01828206,157.6457129956276,157.6633515000227
2024-04-06 16:05:02,0.0645457979,0.0216069965265621,1.0183183,157.66770751047204,157.68619597124018
2024-04-06 16:05:06,0.0645590709,0.021606419812812,1.01829112,157.69303258212258,157.71237099076222
2024-04-06 16:05:11,0.0645723439,0.0216062275748953,1.01828206,157.7161409725185,157.7365418040343
2024-04-06 16:05:15,0.0645868235,0.0216061637077729,1.01827905,157.74089871061733,157.76214947085708
2024-04-06 16:05:19,0.0645997949,0.0216065479714231,1.01829716,157.76068536514802,157.78278604559324
2024-04-06 16:05:23,0.0646073364,0.0216045617251337,1.01820355,157.7833670548119,157.80631764693885
2024-04-06 16:05:27,0.0646293575,0.0216036648270389,1.01816128,157.82564271481593,157.8494432100956
2024-04-06 16:05:31,0.0646381056,0.0216039211442611,1.01817336,157.83872608403559,157.86337647393367
2024-04-06 16:05:36,0.064651982,0.0216049462009671,1.01822167,157.85653333883974,157.88224608500144
2024-04-06 16:05:40,0.0646598251,0.0216040493028723,1.0181794,157.8740608060628,157.9006234276214
2024-04-06 16:05:44,0.0646727965,0.0216047539630504,1.01821261,157.8921732379632,157.9195857263672
2024-04-06 16:05:48,0.0646836562,0.0216043056200945,1.01819148,157.91262429927883,157.94088664597135
2024-04-06 16:05:52,0.0646890861,0.0216036648270389,1.01816128,157.92460318885338,157.9537153852722
2024-04-06 16:05:56,0.0646978342,0.0216032162718999,1.01814014,157.94137084170185,157.9713328792795
2024-04-06 16:06:01,0.0647077889,0.0216030240339832,1.01813108,157.95869294769554,157.98971727466528
2024-04-06 16:06:05,0.0647264918,0.0216023834531107,1.01810089,157.99384640837843,158.02572055721026
2024-04-06 16:06:09,0.0647355416,0.0216032803512055,1.01814316,158.00410435547528,158.0368283175842
2024-04-06 16:06:13,0.0647421781,0.0216034085098166,1.0181492,158.01417022332976,158.04774399012524
2024-04-06 16:06:17,0.0647521329,0.0216018067393606,1.01807371,158.0390821891658,158.07350575205191
2024-04-06 16:06:21,0.0647530378,0.0216016145014439,1.01806465,158.04081843746005,158.07609178783545
2024-04-06 16:06:26,0.0647651042,0.0216028317960665,1.01812202,158.05445203705656,158.09078760968964
2024-04-06 16:06:30,0.0647717407,0.0216016145014439,1.01806465,158.07156134862583,158.10874668937524
2024-04-06 16:06:34,0.0647795839,0.021601294104916,1.01804955,158.0860833381105,158.1241184383571
2024-04-06 16:06:38,0.0647838071,0.0216002690482101,1.01800124,158.09797525060364,158.1368601017228
2024-04-06 16:06:42,0.064789237,0.0216009098412657,1.01803144,158.10325068583538,158.14298527919698
2024-04-06 16:06:47,0.0648043199,0.0216007816826546,1.0180254,158.12919545870741,158.16999221772755
2024-04-06 16:06:51,0.0648100515,0.0216010377876938,1.01803747,158.1370118383124,158.17865832013695
2024-04-06 16:06:55,0.0648194029,0.021601294104916,1.01804955,158.1511471860286,158.1936433820095
2024-04-06 16:06:59,0.0648266427,0.021601294104916,1.01804955,158.16293843005982,158.20628433154332
2024-04-06 16:07:03,0.0648350892,0.0216012300256105,1.01804653,158.17717249788345,158.22136809621028
2024-04-06 16:07:07,0.0648350892,0.0216005894447379,1.01801634,158.17967998896984,158.22472527547512
2024-04-06 16:07:11,0.0648396141,0.0215993719379321,1.01795896,158.1931129818108,158.23900794782412
2024-04-06 16:07:15,0.0648462506,0.0215996282551544,1.01797104,158.20250822893007,158.2492528657753
2024-04-06 16:07:20,0.0648549987,0.0216009098412657,1.01803144,158.21000289844125,158.25780961161703
2024-04-06 16:07:24,0.0648595236,0.0215997564137655,1.01797708,158.22310168460822,158.2717580490741
2024-04-06 16:07:28,0.0648592219,0.0215981546433095,1.01790159,158.2301245431072,158.27963055016875
2024-04-06 16:07:32,0.0648737016,0.0215980264846984,1.01789555,158.25523322370375,158.30558886466082
2024-04-06 16:07:36,0.0648803381,0.021599243779321,1.01795292,158.25958760110106,158.31079286724784
2024-04-06 16:07:40,0.0648905945,0.0215993719379321,1.01795896,158.2759757188578,158.32803060148282
2024-04-06 16:07:44,0.0648927061,0.0216010377876938,1.01803747,158.27007453223317,158.32297902261917
2024-04-06 16:07:49,0.0648996443,0.0215997564137655,1.01797708,158.2878498282833,158.34181631610323
2024-04-06 16:07:53,0.0649053758,0.0216002690482101,1.01800124,158.29431873509208,158.34913481103828
2024-04-06 16:07:57,0.0649117107,0.0215997564137655,1.01797708,158.30722101882537,158.36288667416204
2024-04-06 16:08:01,0.0649141239,0.021599243779321,1.01795292,158.31327571214862,158.36979093813403
2024-04-06 16:08:05,0.0649183472,0.0215993719379321,1.01795896,158.31912844121123,158.376493229098
2024-04-06 16:08:10,0.0649286036,0.0215989235949763,1.01793783,158.33833012455932,158.3967568525128
2024-04-06 16:08:14,0.0649307152,0.021598667277754,1.01792575,158.3425136179606,158.4017898881125
2024-04-06 16:08:18,0.0649334301,0.0215983468812262,1.01791065,158.34808725098523,158.40821305456916
2024-04-06 16:08:22,0.0649418766,0.0215983468812262,1.01791065,158.3619881282892,158.42296345653304
2024-04-06 16:08:26,0.0649451949,0.0215987313570596,1.01792877,158.36491456889397,158.42673941301973
2024-04-06 16:08:30,0.0649533397,0.0215987313570596,1.01792877,158.37828834189267,158.4409626931165
2024-04-06 16:08:35,0.0649563562,0.021597065507298,1.01785026,158.3912437043182,158.45497992705324
2024-04-06 16:08:39,0.0649617861,0.0215978983260872,1.01788951,158.39550251623376,158.4600882262816
2024-04-06 16:08:43,0.0649657077,0.0215978983260872,1.01788951,158.40150165104913,158.4669368396068
2024-04-06 16:08:47,0.0649675176,0.0215971936659091,1.0178563,158.40751480221033,158.47379946046885
2024-04-06 16:08:51,0.0649759641,0.0215970014279924,1.01784724,158.42242671264913,158.48956083179365
2024-04-06 16:08:55,0.0649829023,0.0215972577452147,1.01785932,158.4323476158429,158.50033118705255
2024-04-06 16:09:00,0.0649892371,0.0215965528728535,1.0178261,158.4460536514446,158.5150990253224
2024-04-06 16:09:04,0.0649931587,0.0215985391191429,1.01791971,158.4416146198003,158.51150942587464
2024-04-06 16:09:08,0.0649970803,0.0215980264846984,1.01789555,158.45030778030113,158.52105200973176
2024-04-06 16:09:12,0.0650007002,0.0215971936659091,1.0178563,158.46015745550343,158.5317510994441
2024-04-06 16:09:16,0.0650007002,0.0215968732693813,1.0178412,158.4609921648437,158.5334352144422
2024-04-06 16:09:21,0.0650067334,0.021596616952159,1.01782912,158.47181472702383,158.545319521237
2024-04-06 16:09:25,0.06500975,0.0215981546433095,1.01790159,158.4681503324552,158.54250451238656
2024-04-06 16:09:29,0.0650194031,0.0215980264846984,1.01789555,158.48483273584887,158.5600362926266
2024-04-06 16:09:33,0.0650218163,0.0215975779295594,1.01787441,158.49055615311104,158.56660907785715
2024-04-06 16:09:37,0.0650293578,0.0215970014279924,1.01784724,158.5059091091189,158.5828113929494
2024-04-06 16:09:42,0.0650311678,0.0215974499831314,1.01786838,158.50564971187782,158.58361368206135
2024-04-06 16:09:46,0.0650332794,0.0215964247142423,1.01782006,158.51388012361727,158.5926934328739
2024-04-06 16:09:50,0.0650329777,0.0215956559747586,1.01778383,158.51654703545108,158.5962096748768
2024-04-06 16:09:54,0.0650393126,0.0215961043177145,1.01780496,158.5244039091286,158.60491586981345
2024-04-06 16:09:58,0.0650411225,0.0215965528728535,1.0178261,158.52435629150057,158.6057175645284
2024-04-06 16:10:02,0.0650456474,0.0215961043177145,1.01780496,158.53376944541657,158.61598002186508
2024-04-06 16:10:06,0.0650480607,0.021596616952159,1.01782912,158.53443838493618,158.6174982558768
2024-04-06 16:10:11,0.0650598254,0.0215975779295594,1.01787441,158.5488682569104,158.63298973340108
2024-04-06 16:10:15,0.065061937,0.0215962965556312,1.01781402,158.558448633103,158.64341938397405
2024-04-06 16:10:19,0.0650682719,0.021597065507298,1.01785026,158.56461732850804,158.65043734481085
2024-04-06 16:10:23,0.0650676686,0.0215957839211866,1.01778986,158.56945833995084,158.6561276127305
2024-04-06 16:10:27,0.0650685735,0.0215954637368419,1.01777477,158.57187461122427,158.65939313151964
2024-04-06 16:10:32,0.06507521,0.0215959761591033,1.01779892,158.57970764169548,158.66828770877436
2024-04-06 16:10:36,0.0650776233,0.0215955278161475,1.01777779,158.5854332289,158.67486252330917
2024-04-06 16:10:40,0.0650809416,0.0215957198418811,1.01778684,158.58936908740478,158.67964760016275
2024-04-06 16:10:44,0.0650845615,0.0215952714989252,1.01776571,158.5972025112265,158.68833023334548
2024-04-06 16:10:48,0.0650936113,0.0215961683970201,1.01780798,158.60743829429686,158.69941521678277
2024-04-06 16:10:53,0.065090293,0.0215961043177145,1.01780496,158.60091846999003,158.69395688027691
2024-04-06 16:10:57,0.0650975328,0.0215957839211866,1.01778986,158.61440107465123,158.70828866504513
2024-04-06 16:11:01,0.0651005494,0.0215960402384089,1.01780194,158.6174712124219,158.71220797390814
2024-04-06 16:11:05,0.065103566,0.0215955918954531,1.01778081,158.6242515513908,158.71983747494832
2024-04-06 16:11:09,0.0651071859,0.0215961043177145,1.01780496,158.62702678252433,158.72346185912565
2024-04-06 16:11:13,0.0651108058,0.0215964887935479,1.01782308,158.63047557086978,158.7277597914811
2024-04-06 16:11:18,0.0651165374,0.0215961043177145,1.01780496,158.64144948757018,158.7397951254804
2024-04-06 16:11:22,0.0651180457,0.0215955918954531,1.01778081,158.64593345909228,158.745128220663
2024-04-06 16:11:26,0.0651180457,0.0215955918954531,1.01778081,158.64508434448655,158.745128220663
2024-04-06 16:11:30,0.0651258888,0.0215960402384089,1.01780194,158.65557279606165,158.7564657777828
2024-04-06 16:11:34,0.0651307154,0.0215951433403141,1.01775967,158.66787853988745,158.76962061808564
2024-04-06 16:11:38,0.0651313187,0.0215953996575364,1.01777175,158.66673295650193,158.76932412210317
2024-04-06 16:11:43,0.0651367485,0.0215956559747586,1.01778383,158.67380529168554,158.77745780377035
2024-04-06 16:11:47,0.0651355419,0.0215953996575364,1.01777175,158.67219905172493,158.77670063077244
2024-04-06 16:11:51,0.0651376535,0.0215942462300362,1.01771739,158.68111530883715,158.78646594575224
2024-04-06 16:11:55,0.0651382568,0.0215943103093417,1.01772041,158.6809824437183,158.78718212939924
2024-04-06 16:11:59,0.0651400668,0.0215925803802746,1.01763888,158.69241099797676,158.79945972331535
2024-04-06 16:12:04,0.0651427817,0.0215939260456915,1.0177023,158.68900085351638,158.79711086560863
2024-04-06 16:12:08,0.0651464016,0.0215943103093417,1.01772041,158.6924500501124,158.8014090813449
2024-04-06 16:12:12,0.0651512282,0.0215935415698581,1.01768418,158.70408344124937,158.81389148249252
2024-04-06 16:12:16,0.0651557531,0.0215936697284692,1.01769022,158.7104631591885,158.8211202013062
2024-04-06 16:12:20,0.0651554514,0.0215932852526358,1.0176721,158.7111136610852,158.82261969493476
2024-04-06 16:12:24,0.0651651045,0.0215960402384089,1.01780194,158.71260554370159,158.82496056013363
2024-04-06 16:12:29,0.0651669145,0.0215962324763256,1.017811,158.71369253624894,158.8271087680327
2024-04-06 16:12:33,0.0651660095,0.0215937978870803,1.01769626,158.7240954595889,158.83836065334492
2024-04-06 16:12:37,0.0651705344,0.0215948229437863,1.01774457,158.72574689240423,158.84086103896152
2024-04-06 16:12:41,0.0651708361,0.0215947588644807,1.01774155,158.72576272517395,158.84172581535495
2024-04-06 16:12:46,0.0651765676,0.0215946947851751,1.01773853,158.73505076942777,158.85207502622222
2024-04-06 16:12:50,0.0651759643,0.0215940539921195,1.01770833,158.73652635594425,158.85439953568834
2024-04-06 16:12:54,0.0651774726,0.0215936056491636,1.0176872,158.74067601890744,158.8593981124019
2024-04-06 16:12:58,0.0651792825,0.021591939799402,1.01760869,158.7517729787064,158.8713439767451
2024-04-06 16:13:02,0.0651816958,0.0215915553235686,1.01759057,158.75716770960264,158.87758760297274
2024-04-06 16:13:06,0.0651844107,0.0215922599837467,1.01762378,158.75734538990687,158.87861416938887
2024-04-06 16:13:11,0.0651835057,0.0215913630856519,1.01758151,158.75943351286418,158.88176338701078
2024-04-06 16:13:15,0.0651874273,0.0215911708477352,1.01757245,158.76644971293243,158.88962845242222
2024-04-06 16:13:19,0.0651895389,0.0215914271649575,1.01758453,158.76793789393108,158.89196548952248
2024-04-06 16:13:23,0.0651916505,0.021591491244263,1.01758755,158.77044003086064,158.89531647330526
2024-04-06 16:13:27,0.0651952705,0.0215917475614853,1.01759963,158.7745632826907,158.90028856273346
2024-04-06 16:13:31,0.065201002,0.0215916194028742,1.01759359,158.78440347255983,158.91097758093866
2024-04-06 16:13:35,0.065201907,0.0215921961166243,1.01762077,158.7820932785819,158.909516206028
2024-04-06 16:13:40,0.0652013036,0.0215907863719018,1.01755433,158.7874153901999,158.91589932843533
2024-04-06 16:13:44,0.0652058285,0.0215907863719018,1.01755433,158.79447193650282,158.92380467292557
2024-04-06 16:13:48,0.0652070352,0.0215911708477352,1.01757245,158.79370273168155,158.92388425700048
2024-04-06 16:13:52,0.0652094485,0.021591491244263,1.01758755,158.79537957778777,158.92640988270483
2024-04-06 16:13:56,0.0652127667,0.0215914271649575,1.01758453,158.8006658828113,158.9325449580216
2024-04-06 16:14:00,0.0652184982,0.0215902739496404,1.01753018,158.81591605126957,158.94864388746123
2024-04-06 16:14:04,0.0652181966,0.0215916834821798,1.01759661,158.80710196931562,158.9406785571699
2024-04-06 16:14:09,0.0652245314,0.0215920679580132,1.01761473,158.81507897216414,158.94971648648152
2024-04-06 16:14:13,0.065227548,0.0215917475614853,1.01759963,158.82119110548513,158.9566773504725
2024-04-06 16:14:17,0.0652251347,0.0215921320373187,1.01761775,158.81409731103489,158.95043227735084
2024-04-06 16:14:21,0.065228453,0.0215909145305129,1.01756037,158.82547137819734,158.96265505649353
2024-04-06 16:14:25,0.0652308663,0.0215912990063463,1.01757849,158.8268095557952,158.96484193671628
2024-04-06 16:14:30,0.0652347878,0.0215917475614853,1.01759963,158.83023211807523,158.9693253641108
2024-04-06 16:14:34,0.0652375028,0.0215917475614853,1.01759963,158.83412657266575,158.97406850025104
2024-04-06 16:14:38,0.0652384078,0.0215911708477352,1.01757245,158.83790321625034,158.9786938160072
2024-04-06 16:14:42,0.065240821,0.021590338028946,1.0175332,158.84566716317462,158.98730642571786
2024-04-06 16:14:46,0.0652365978,0.0215896331565847,1.01749998,158.8411612288635,158.9836491448009
2024-04-06 16:14:50,0.0652483625,0.0215910426891241,1.01756641,158.85342532552082,158.99676188545294
2024-04-06 16:14:55,0.0652513791,0.0215923881423579,1.01762982,158.85053131955814,158.99492867125514
2024-04-06 16:14:59,0.0652565073,0.0215924522216634,1.01763284,158.8583031659585,159.00354914047588
2024-04-06 16:15:03,0.0652598256,0.0215915553235686,1.01759057,158.8679872780904,159.01408186600577
2024-04-06 16:15:07,0.0652580156,0.0215923240630523,1.0176268,158.85991755461816,159.006860746502
2024-04-06 16:15:11,0.0652577139,0.0215911067684296,1.01756943,158.86496936731916,159.0127611537348
2024-04-06 16:15:15,0.0652595239,0.0215911067684296,1.01756943,158.8672829906986,159.0159233622023
2024-04-06 16:15:20,0.0652610322,0.0215907222925962,1.01755131,158.8708877232815,159.02058881285396
2024-04-06 16:15:24,0.0652652554,0.0215911067684296,1.01756943,158.87538707778427,159.02593673116994
2024-04-06 16:15:28,0.065268272,0.021591491244263,1.01758755,158.87777826632583,159.0291764740577
2024-04-06 16:15:32,0.0652694787,0.0215917475614853,1.01759963,158.877684237551,159.02993099015475
2024-04-06 16:15:36,0.0652755119,0.0215906582132907,1.01754829,158.89312959026014,159.04622487825424
2024-04-06 16:15:41,0.0652773218,0.0215920679580132,1.01761473,158.8877849227195,159.0419408666071
2024-04-06 16:15:45,0.0652770201,0.0215905941339851,1.01754527,158.89419389699262,159.0491983549107
2024-04-06 16:15:49,0.06528426,0.0215928366974968,1.01765096,158.89414851445866,159.05000147690214
2024-04-06 16:15:53,0.0652869749,0.021592516300969,1.01763586,158.8997351683449,159.0564366258015
2024-04-06 16:15:57,0.0652866732,0.0215916834821798,1.01759661,158.90275883743269,159.0603087803828
2024-04-06 16:16:01,0.0652884832,0.0215923881423579,1.01762982,158.9013501419889,159.0597485609057
2024-04-06 16:16:06,0.0652908965,0.0215917475614853,1.01759963,158.90788954523768,159.06734854570453
2024-04-06 16:16:10,0.0652963263,0.0215921320373187,1.01761775,158.9144959011788,159.0748033561501
2024-04-06 16:16:14,0.065295723,0.0215920679580132,1.01761473,158.91293202151522,159.07408792144034
2024-04-06 16:16:18,0.0652972313,0.021591491244263,1.01758755,158.91776557505838,159.07976991037935
2024-04-06 16:16:22,0.0653005496,0.0215911708477352,1.01757245,158.92440733166396,159.08726009281546
2024-04-06 16:16:26,0.0652999463,0.0215904661875571,1.01753924,158.92622834005613,159.0899295174654
2024-04-06 16:16:31,0.0652996446,0.0215905300546795,1.01754225,158.92430323679514,159.08906492105382
2024-04-06 16:16:35,0.0653038678,0.0215899535531126,1.01751508,158.9338799417109,159.0994900206618
2024-04-06 16:16:39,0.0653047728,0.0215908504512074,1.01755735,158.92987299373362,159.09633145778002
2024-04-06 16:16:43,0.0653080911,0.0215906582132907,1.01754829,158.93583800087958,159.10314484041731
2024-04-06 16:16:47,0.065308996,0.0215907863719018,1.01755433,158.93589332316637,159.10404852858392
2024-04-06 16:16:51,0.0653150292,0.0215908504512074,1.01755735,158.94524706712275,159.11425062880105
2024-04-06 16:16:56,0.0653186491,0.0215916194028742,1.01759359,158.94644685202107,159.11651084548726
2024-04-06 16:17:00,0.0653267939,0.0215907222925962,1.01755131,158.9645701646578,159.1354824927147
2024-04-06 16:17:04,0.0653252856,0.0215922599837467,1.01762378,158.95295873389054,159.12471938689487
2024-04-06 16:17:08,0.0653280006,0.0215909145305129,1.01756037,158.9639655573019,159.1365745256029
2024-04-06 16:17:12,0.0653322238,0.021591491244263,1.01758755,158.96744689263951,159.1409041665789
2024-04-06 16:17:16,0.0653337321,0.0215913630856519,1.01758151,158.96991121538758,159.1442167852996
2024-04-06 16:17:21,0.0653361454,0.0215904021082515,1.01753622,158.9781477688882,159.15351369516196
2024-04-06 16:17:25,0.0653352404,0.0215913630856519,1.01758151,158.9706377088227,159.14685190929347
2024-04-06 16:17:29,0.0653346371,0.0215900176324181,1.0175181,158.97584877281523,159.1529112377927
2024-04-06 16:17:33,0.0653427819,0.0215908504512074,1.01755735,158.98482740299792,159.16273812278422
2024-04-06 16:17:37,0.0653430835,0.0215900817117237,1.01752112,158.9885710091176,159.16732997400732
2024-04-06 16:17:42,0.0653451952,0.0215909145305129,1.01756037,158.98679639618913,159.16661565379815
2024-04-06 16:17:46,0.0653436869,0.0215902739496404,1.01753018,158.9867002073411,159.16736768818845
2024-04-06 16:17:50,0.0653470051,0.0215893768393625,1.0174879,158.99639377381288,159.17790946816837
2024-04-06 16:17:54,0.0653448935,0.0215888642049179,1.01746374,158.99456716827066,159.1769310663965
2024-04-06 16:17:58,0.0653457985,0.0215884158619621,1.01744261,158.99767151091376,159.18088360306444
2024-04-06 16:18:02,0.0653521333,0.0215885440205732,1.01744865,159.0072144457563,159.1912747221787
2024-04-06 16:18:07,0.0653530383,0.0215909145305129,1.01756037,158.99519808888905,159.18031858192424
2024-04-06 16:18:11,0.0653572615,0.0215905300546795,1.01754225,159.00376182413575,159.18973047947011
2024-04-06 16:18:15,0.0653569599,0.0215897613151959,1.01750602,159.00645262599505,159.19326943385056
2024-04-06 16:18:19,0.0653587698,0.0215895690772792,1.01749696,159.00978361435355,159.19744856494438
2024-04-06 16:18:23,0.0653632947,0.021590338028946,1.0175332,159.01277409224141,159.20128717577416
2024-04-06 16:18:27,0.0653663113,0.0215907863719018,1.01755433,159.01482497462203,159.20418618129537
2024-04-06 16:18:32,0.0653681213,0.0215905941339851,1.01754527,159.01794407066885,159.20836541747315
2024-04-06 16:18:36,0.0653681213,0.0215893768393625,1.0174879,159.0235355408772,159.21480498874104
2024-04-06 16:18:40,0.0653641997,0.0215880313861287,1.01742449,159.02295331536106,159.21507085445796
2024-04-06 16:18:44,0.0653687246,0.0215896331565847,1.01749998,159.02153748740866,159.21450310790442
2024-04-06 16:18:48,0.0653762661,0.021590338028946,1.0175332,159.0301370034069,159.22395069545948
2024-04-06 16:18:53,0.0653777744,0.0215904661875571,1.01753924,159.03103417502697,159.2259079426734
2024-04-06 16:18:57,0.0653771711,0.0215907863719018,1.01755433,159.02743812039427,159.22315993742444
2024-04-06 16:19:01,0.0653795843,0.0215897613151959,1.01750602,159.03622974149351,159.23279959803995
2024-04-06 16:19:05,0.0653801876,0.0215895690772792,1.01749696,159.03745299017453,159.234870876362
2024-04-06 16:19:09,0.0653844109,0.0215899535531126,1.01751508,159.04194969467287,159.24021560061826
2024-04-06 16:19:13,0.0653813943,0.0215889923635291,1.01746978,159.04091704524126,159.24003096105355
2024-04-06 16:19:18,0.0653813943,0.0215889923635291,1.01746978,159.0398570468289,159.24003096105355
2024-04-06 16:19:22,0.0653826009,0.0215879673068231,1.01742147,159.0465419292589,159.24756383106688
2024-04-06 16:19:26,0.0653856175,0.0215891846014458,1.01747884,159.0445229722361,159.24639285171077
2024-04-06 16:19:30,0.0653904441,0.0215892486807513,1.01748186,159.05176935960557,159.25448720682232
2024-04-06 16:19:34,0.0653925557,0.0215880313861287,1.01742449,159.06105381543904,159.26461962046534
2024-04-06 16:19:39,0.0653943656,0.0215891846014458,1.01747884,159.05705262414892,159.26167836245747
2024-04-06 16:19:43,0.0653916507,0.0215886721791844,1.01745469,159.054172959643,159.25964663338397
2024-04-06 16:19:47,0.0653973822,0.0215887362584899,1.01745771,159.06300073216957,159.2693223313845
2024-04-06 16:19:51,0.0653961756,0.0215885440205732,1.01744865,159.06106200564662,159.26823152036917
2024-04-06 16:19:55,0.0653985889,0.0215882236240454,1.01743355,159.06612695343603,159.2741443736919
2024-04-06 16:19:59,0.0654049237,0.0215890564428346,1.0174728,159.07193960306722,159.28080491887405
2024-04-06 16:20:04,0.0654019071,0.0215883517826565,1.01743959,159.06933891495626,159.2792640861519
2024-04-06 16:20:08,0.065406432,0.0215882236240454,1.01743355,159.0770761727497,159.28784921700674
2024-04-06 16:20:12,0.0654070353,0.0215887362584899,1.01745771,159.0745686170997,159.28618952440962
2024-04-06 16:20:16,0.0654067337,0.0215892486807513,1.01748186,159.07048114820486,159.2829499085512
2024-04-06 16:20:20,0.0654121635,0.0215885440205732,1.01744865,159.08285137231414,159.29616797567223
2024-04-06 16:20:24,0.0654115602,0.0215884158619621,1.01744261,159.08162788119114,159.29579231752842
2024-04-06 16:20:29,0.065408242,0.0215884799412677,1.01744563,159.07443077044428,159.28965498388487
2024-04-06 16:20:33,0.0654118619,0.0215886721791844,1.01745469,159.07889043801046,159.29496246182714
2024-04-06 16:20:37,0.0654133702,0.0215888642049179,1.01746374,159.07966149521107,159.29658131934488
2024-04-06 16:20:41,0.0654188,0.0215892486807513,1.01748186,159.0862656844719,159.3040332988557
2024-04-06 16:20:45,0.06542061,0.0215884158619621,1.01744261,159.0929902716392,159.31160566619775
2024-04-06 16:20:49,0.06542061,0.0215891205221402,1.01747582,159.0884113309453,159.3078744955952
2024-04-06 16:20:54,0.0654242299,0.0215879032275176,1.01741845,159.10012281935278,159.32064568242464
2024-04-06 16:20:58,0.0654221183,0.0215886080998788,1.01745167,159.0918526731437,159.31322328358937
2024-04-06 16:21:02,0.0654263415,0.0215880954654343,1.01742751,159.10109911608342,159.32331746379285
2024-04-06 16:21:06,0.0654239283,0.021587839148212,1.01741543,159.0973919320879,159.32045800694294
2024-04-06 16:21:10,0.0654251349,0.0215867500122005,1.0173641,159.10442080592378,159.32833459779803
2024-04-06 16:21:14,0.0654248332,0.0215866218535893,1.01735806,159.1037246494449,159.32848614820372
2024-04-06 16:21:19,0.0654278498,0.0215870061172396,1.01737617,159.1059013281092,159.33172244620934
2024-04-06 16:21:23,0.0654296598,0.0215872624344619,1.01738825,159.1068590055044,159.333527807656
2024-04-06 16:21:27,0.0654332797,0.0215881595447398,1.01743053,159.10758540901875,159.33510188506045
2024-04-06 16:21:31,0.0654402179,0.0215886721791844,1.01745469,159.11614621799427,159.3445103577563
2024-04-06 16:21:35,0.0654375029,0.0215896331565847,1.01749998,159.10546500068924,159.33467679399354
2024-04-06 16:21:40,0.0654399162,0.0215891205221402,1.01747582,159.11133719040038,159.3416085363071
2024-04-06 16:21:44,0.0654399162,0.021587839148212,1.01741543,159.11727660915633,159.34839558567444
2024-04-06 16:21:48,0.0654420278,0.0215877750689064,1.01741241,159.12045830026577,159.35242489719025
2024-04-06 16:21:52,0.0654441394,0.0215871342758508,1.01738221,159.12669523506864,159.3595094421861
2024-04-06 16:21:56,0.0654426311,0.0215863014570615,1.01734296,159.1276240205576,159.36128582764633
2024-04-06 16:22:00,0.0654432345,0.0215871342758508,1.01738221,159.1234187412623,159.3579281380923
2024-04-06 16:22:05,0.0654429328,0.0215875828309897,1.01740335,159.11945581566343,159.35502468527113
2024-04-06 16:22:09,0.0654453461,0.0215873265137675,1.01739127,159.12418326653537,159.36059970283594
2024-04-06 16:22:13,0.0654483627,0.0215855325053947,1.01730672,159.13811256528567,159.3753765580218
2024-04-06 16:22:17,0.0654522842,0.0215863014570615,1.01734296,159.14004363945907,159.37815517836506
2024-04-06 16:22:21,0.0654492676,0.0215864296156726,1.017349,159.13324536807778,159.37220444287942
2024-04-06 16:22:25,0.0654549992,0.0215875187516842,1.01740033,159.13664308397878,159.3764496843935
2024-04-06 16:22:30,0.0654601274,0.0215876469102953,1.01740637,159.14386592372972,159.384731916688
2024-04-06 16:22:34,0.0654568091,0.021586814091506,1.01736712,159.14163273304135,159.38334622844596
2024-04-06 16:22:38,0.065460429,0.0215870701965452,1.01737919,159.14575393577576,159.3883149233166
2024-04-06 16:22:42,0.065462239,0.0215868781708116,1.01737014,159.14908701973386,159.39249548909234
2024-04-06 16:22:47,0.0654649539,0.0215882236240454,1.01743355,159.14564214789192,159.3901099549991
2024-04-06 16:22:51,0.0654643506,0.0215874546723786,1.01739731,159.14781517892047,159.39313044459746
2024-04-06 16:22:55,0.065461334,0.0215862373777559,1.01733994,159.14814710538207,159.39430981928265
2024-04-06 16:22:59,0.0654682722,0.0215874546723786,1.01739731,159.15297314960407,159.39998330137354
2024-04-06 16:23:03,0.0654661606,0.0215861732984504,1.01733692,159.15522667003097,159.40308424930598
2024-04-06 16:23:08,0.0654703838,0.0215866859328949,1.01736108,159.15883069560275,159.40774754467333
2024-04-06 16:23:12,0.0654703838,0.0215862373777559,1.01733994,159.16036073868884,159.41012499191626
2024-04-06 16:23:16,0.0654737021,0.0215880954654343,1.01742751,159.15546417147328,159.40607581846646
2024-04-06 16:23:20,0.065474607,0.0215870061172396,1.01737617,159.16197162403026,159.41343065438946
2024-04-06 16:23:24,0.0654761153,0.0215864936949782,1.01735202,159.16647614965692,159.41878255297377
2024-04-06 16:23:28,0.0654788303,0.0215868781708116,1.01737014,159.16833536786473,159.4214891337223
2024-04-06 16:23:33,0.0654809419,0.0215870061172396,1.01737617,159.17028802666522,159.42450098103672
2024-04-06 16:23:37,0.0654788303,0.0215863655363671,1.01734598,159.16914623304794,159.42420652649048
2024-04-06 16:23:41,0.0654800369,0.0215866218535893,1.01735806,159.1690487798713,159.42495640193982
2024-04-06 16:23:45,0.0654818469,0.0215870701965452,1.01737919,159.16898786435257,159.42574280459343
2024-04-06 16:23:49,0.065488785,0.0215871342758508,1.01738221,159.1799252371477,159.43752748509849
2024-04-06 16:23:54,0.0654936116,0.0215863655363671,1.01734598,159.19137645461706,159.45003782247937
2024-04-06 16:23:58,0.0654930082,0.0215869422501172,1.01737316,159.18641696921094,159.44592562121105
2024-04-06 16:24:02,0.0654927066,0.0215866859328949,1.01736108,159.18640160388722,159.44675752953452
2024-04-06 16:24:06,0.0654930082,0.0215857247433114,1.01731578,159.19117782815192,159.45238101694713
2024-04-06 16:24:10,0.0654911983,0.0215851482417444,1.01728861,159.190224416353,159.45227485778787
2024-04-06 16:24:15,0.0654951199,0.021584763765911,1.01727049,159.1980579398114,159.46116743225562
2024-04-06 16:24:19,0.0654963265,0.021585340267478,1.01729766,159.19626226983243,159.4602189912412
2024-04-06 16:24:23,0.0655008514,0.021585340267478,1.01729766,159.2033230477656,159.46812698760232
2024-04-06 16:24:27,0.0655017564,0.0215858529019225,1.01732182,159.20133885108217,159.46698999880147
2024-04-06 16:24:31,0.0655041696,0.0215864936949782,1.01735202,159.20131078944596,159.4678091344937
2024-04-06 16:24:35,0.0655102028,0.0215871342758508,1.01738221,159.207609826055,159.47495535786825
2024-04-06 16:24:39,0.0655071862,0.0215859810605337,1.01732786,159.20760682933397,159.47579953734095
2024-04-06 16:24:44,0.0655080912,0.0215861732984504,1.01733692,159.20710992441423,159.47636158778334
2024-04-06 16:24:48,0.0655102028,0.0215859169812281,1.01732484,159.2113124232692,159.48141123901323
2024-04-06 16:24:52,0.0655105045,0.0215859810605337,1.01732786,159.21065267490567,159.48159863242415
2024-04-06 16:24:56,0.0655123144,0.0215852761881724,1.01729464,159.21670724162232,159.4885003303058
2024-04-06 16:25:00,0.0655102028,0.0215863014570615,1.01734296,159.20673189644563,159.4793721056759
2024-04-06 16:25:04,0.0655165377,0.0215863014570615,1.01734296,159.2169555583595,159.4904428775094
2024-04-06 16:25:09,0.0655165377,0.0215865577742838,1.01735504,159.21453717259368,159.48908336418518
2024-04-06 16:25:13,0.0655216659,0.0215864936949782,1.01735202,159.22299184396036,159.49838512152783
2024-04-06 16:25:17,0.065518046,0.0215860451398392,1.01733088,159.21819798294345,159.4944383358308
2024-04-06 16:25:21,0.0655177443,0.0215848278452166,1.01727351,159.22328094455443,159.50036836209662
2024-04-06 16:25:25,0.0655150294,0.021584763765911,1.01727049,159.2180289691941,159.49596344071716
2024-04-06 16:25:29,0.065516236,0.0215850200831333,1.01728257,159.21793101056977,159.49671252539068
2024-04-06 16:25:33,0.0655186493,0.0215839307349387,1.01723123,159.2270808885247,159.50670943595162
2024-04-06 16:25:38,0.0655198559,0.0215857247433114,1.01731578,159.218613566583,159.49930088971817
2024-04-06 16:25:42,0.0655228725,0.0215852761881724,1.01729464,159.22541809759161,159.50695242924303
2024-04-06 16:25:46,0.0655228725,0.0215832901540661,1.01720104,159.23510827096484,159.51748960041135
2024-04-06 16:25:50,0.0655264924,0.0215844433693832,1.01725539,159.23446918171953,159.51769749823092
2024-04-06 16:25:54,0.0655255875,0.0215845074486888,1.01725841,159.23170067883538,159.5157759716725
2024-04-06 16:25:59,0.0655252858,0.0215839948142442,1.01723425,159.23283463880787,159.5179686369363
2024-04-06 16:26:03,0.0655258891,0.0215836103384108,1.01721613,159.23508219797176,159.52106314822962
2024-04-06 16:26:07,0.0655307157,0.0215841229728554,1.01724029,159.23995098103754,159.52677887265614
2024-04-06 16:26:11,0.0655334306,0.0215848919245222,1.01727653,159.23976873276538,159.52744355496708
2024-04-06 16:26:15,0.0655373522,0.021584763765911,1.01727049,159.2464557177227,159.5349774597206
2024-04-06 16:26:19,0.0655388605,0.0215858529019225,1.01732182,159.24246547923894,159.5318341302372
2024-04-06 16:26:24,0.0655355422,0.0215838025763275,1.01722519,159.2464875175244,159.53691478957745
2024-04-06 16:26:28,0.0655355422,0.0215846996866055,1.01726747,159.2408799590811,159.53215411581036
2024-04-06 16:26:32,0.0655424804,0.0215854043467836,1.01730068,159.24841964451994,159.54054067509986
2024-04-06 16:26:36,0.0655421787,0.0215846996866055,1.01726747,159.25078501397186,159.54375290756772
2024-04-06 16:26:40,0.0655421787,0.0215854043467836,1.01730068,159.24619865724023,159.54001340300823
2024-04-06 16:26:44,0.0655448937,0.02158521232105,1.01729163,159.25111580441262,159.54577739149966
2024-04-06 16:26:48,0.0655448937,0.0215848919245222,1.01727653,159.25196933099684,159.5474777485407
2024-04-06 16:26:53,0.0655494186,0.0215848278452166,1.01727351,159.25915917304445,159.55572611337035
2024-04-06 16:26:57,0.0655500219,0.0215850200831333,1.01728257,159.25834645873502,159.55576020504412
2024-04-06 16:27:01,0.0655524351,0.0215848278452166,1.01727351,159.26273759979412,159.56099814119432
2024-04-06 16:27:05,0.0655494186,0.0215849560038277,1.01727955,159.2559385827608,159.5550459083507
2024-04-06 16:27:09,0.0655554517,0.021585340267478,1.01729766,159.26359634911395,159.563550447983
2024-04-06 16:27:13,0.0655560551,0.0215849560038277,1.01727955,159.26584378901433,159.5666446502427
2024-04-06 16:27:18,0.0655566584,0.0215845074486888,1.01725841,159.26822076659664,159.5700800654039
2024-04-06 16:27:22,0.0655557534,0.0215842511314665,1.01724633,159.26715291576738,159.56985895233038
2024-04-06 16:27:26,0.065559675,0.021585340267478,1.01729766,159.26737869788914,159.57093146125783
2024-04-06 16:27:30,0.0655641999,0.0215857247433114,1.01731578,159.27239914412706,159.5767986233422
2024-04-06 16:27:34,0.0655599766,0.0215839948142442,1.01723425,159.27335470528698,159.57860088937997
2024-04-06 16:27:38,0.0655608816,0.0215841870521609,1.01724331,159.2730692064673,159.57916208446017
2024-04-06 16:27:43,0.0655635965,0.0215840588935498,1.01723727,159.27743630846018,159.584587538376
2024-04-06 16:27:47,0.0655654065,0.0215842511314665,1.01724633,159.27873251738478,159.586730416466
2024-04-06 16:27:51,0.0655651048,0.0215836744177164,1.01721915,159.2804204736508,159.58926503088918
2024-04-06 16:27:55,0.0655672165,0.0215834183126773,1.01720708,159.2846245278521,159.59431573222994
2024-04-06 16:27:59,0.0655687247,0.0215840588935498,1.01723727,159.2830127266506,159.59355056714094
2024-04-06 16:28:03,0.0655696297,0.0215840588935498,1.01723727,159.28374785365762,159.59513231922398
2024-04-06 16:28:08,0.0655768696,0.0215857247433114,1.01731578,159.28649818785573,159.5989409192328
2024-04-06 16:28:12,0.0655756629,0.0215839948142442,1.01723425,159.29272808003898,159.60601741162571
2024-04-06 16:28:16,0.0655765679,0.0215838666556331,1.01722821,159.29414381217646,159.60827973290586
2024-04-06 16:28:20,0.0655801878,0.0215850200831333,1.01728257,159.2934991521773,159.60848165097292
2024-04-06 16:28:24,0.0655795845,0.0215843792900776,1.01725237,159.29500085768106,159.61082992345695
2024-04-06 16:28:28,0.0655783778,0.0215834183126773,1.01720708,159.2971484291395,159.61382405080036
2024-04-06 16:28:33,0.0655810928,0.0215841229728554,1.01724029,159.29709345715122,159.614827258051
2024-04-06 16:28:37,0.065586221,0.0215852761881724,1.01729464,159.299085685326,159.61766601711153
2024-04-06 16:28:41,0.065587126,0.0215844433693832,1.01725539,159.3042436363166,159.6236704878617
2024-04-06 16:28:45,0.065585316,0.0215840588935498,1.01723727,159.30227552518755,159.6225488853565
2024-04-06 16:28:49,0.0655865227,0.021583161995455,1.017195,159.3083017099665,159.6294215676142
2024-04-06 16:28:53,0.0655883326,0.0215859810605337,1.01732786,159.29564700989712,159.6176133538688
2024-04-06 16:28:58,0.0655859193,0.0215845074486888,1.01725841,159.29819670462805,159.6212211408038
2024-04-06 16:29:02,0.0655916509,0.0215843792900776,1.01725237,159.3080484345579,159.63191933192462
2024-04-06 16:29:06,0.0655880309,0.0215834823919828,1.0172101,159.30563859554286,159.63035594291483
2024-04-06 16:29:10,0.0655886343,0.021583738497022,1.01722217,159.30448654190457,159.63005032808638
2024-04-06 16:29:14,0.0655868243,0.0215820726472603,1.01714366,159.30932481920976,159.63573503299654
2024-04-06 16:29:18,0.0655859193,0.0215820085679548,1.01714064,159.30723687757006,159.63449350774732
2024-04-06 16:29:23,0.0655877293,0.0215816883836101,1.01712555,159.31104357363984,159.63935820852012
2024-04-06 16:29:27,0.0655925558,0.0215825852817049,1.01716782,159.31386919881592,159.64303022481886
2024-04-06 16:29:31,0.0655928575,0.0215832260747606,1.01719802,159.31014623674778,159.6401536426276
2024-04-06 16:29:35,0.0655928575,0.021583161995455,1.017195,159.30964025214536,159.64049402664665
2024-04-06 16:29:39,0.065597684,0.0215823930437882,1.01715876,159.32131511839412,159.65301525025183
2024-04-06 16:29:44,0.0655937625,0.0215839948142442,1.01723425,159.30489402512876,159.6376520878258
2024-04-06 16:29:48,0.0655967791,0.0215828415989272,1.0171799,159.31544616342237,159.64905055809407
2024-04-06 16:29:52,0.0655967791,0.0215826493610104,1.01717084,159.31562109884572,159.65007181419557
2024-04-06 16:29:56,0.065597684,0.0215819444886492,1.01713762,159.3201013334577,159.65539835817955
2024-04-06 16:30:00,0.0655979857,0.0215824571230938,1.01716178,159.31705884765398,159.65320217043188
2024-04-06 16:30:04,0.0656016056,0.0215832901540661,1.01720104,159.31811421259317,159.6551038221015
2024-04-06 16:30:09,0.065598589,0.0215829697575383,1.01718594,159.31348580379824,159.6515332557781
2024-04-06 16:30:13,0.0656025106,0.0215818163300381,1.01713158,159.32562245022262,159.66451616341465
2024-04-06 16:30:17,0.0656049239,0.021583161995455,1.017195,159.32184474933888,159.66158471238575
2024-04-06 16:30:21,0.0656046222,0.0215824571230938,1.01716178,159.32421622957867,159.66480243111334
2024-04-06 16:30:25,0.0656052255,0.0215825852817049,1.01716782,159.32374359582127,159.66517602446686
2024-04-06 16:30:29,0.0656082421,0.0215828415989272,1.0171799,159.3268082840449,159.6690869284148
2024-04-06 16:30:34,0.0656088454,0.0215829056782327,1.01718292,159.32646456932784,159.66980096732578
2024-04-06 16:30:38,0.0656106554,0.0215824571230938,1.01716178,159.33116556635628,159.6753481544228
2024-04-06 16:30:42,0.065614577,0.0215825852817049,1.01716782,159.3364931017348,159.68152186845137
2024-04-06 16:30:46,0.065612767,0.0215826493610104,1.01717084,159.3321426582746,159.67801759221288
2024-04-06 16:30:50,0.0656160853,0.0215828415989272,1.0171799,159.33607510469258,159.6827961944144
2024-04-06 16:30:55,0.0656166886,0.0215833542333717,1.01720406,159.33334783823975,159.681126606591
2024-04-06 16:30:59,0.0656160853,0.0215828415989272,1.0171799,159.33417129605158,159.6827961944144
2024-04-06 16:31:03,0.0656181969,0.0215819444886492,1.01713762,159.34178368715973,159.69125470406382
2024-04-06 16:31:07,0.0656181969,0.0215827775196216,1.01717688,159.33651050312525,159.6868276270905
2024-04-06 16:31:11,0.0656227218,0.0215827775196216,1.01717688,159.34357358262275,159.69473680215913
2024-04-06 16:31:15,0.0656245317,0.0215825212023993,1.0171648,159.34725333633625,159.69926263994375
2024-04-06 16:31:20,0.0656233251,0.0215816883836101,1.01712555,159.3485130912684,159.70157998377795
2024-04-06 16:31:24,0.0656248334,0.0215820085679548,1.01714064,159.34860171772752,159.70251466839704
2024-04-06 16:31:28,0.065625135,0.0215819444886492,1.01713762,159.34862346245083,159.70338245974804
2024-04-06 16:31:32,0.06562785,0.0215826493610104,1.01717084,159.34877666650533,159.70438169888808
2024-04-06 16:31:36,0.0656302633,0.0215830338368439,1.01718896,159.35010539516014,159.70655645107627
2024-04-06 16:31:40,0.0656332799,0.021582264885177,1.01715272,159.35861953763424,159.7159166055216
2024-04-06 16:31:45,0.0656317716,0.0215824571230938,1.01716178,159.3539037123934,159.7122582789703
2024-04-06 16:31:49,0.0656341848,0.0215834823919828,1.0172101,159.3518261363541,159.71102668885084
2024-04-06 16:31:53,0.0656341848,0.0215832901540661,1.01720104,159.3520019547646,159.71204848158658
2024-04-06 16:31:57,0.0656405197,0.0215832260747606,1.01719802,159.36256936253028,159.72346185207283
2024-04-06 16:32:01,0.0656372014,0.0215823930437882,1.01715876,159.36035156501532,159.72209000566374
2024-04-06 16:32:05,0.0656408213,0.0215825852817049,1.01716782,159.36481111032558,159.7273954904551
2024-04-06 16:32:10,0.065639313,0.0215832260747606,1.01719802,159.35771087356687,159.72135266168522
2024-04-06 16:32:14,0.065642933,0.0215820085679548,1.01714064,159.3696650343943,159.73415273580133
2024-04-06 16:32:18,0.0656408213,0.0215830338368439,1.01718896,159.3596773358637,159.72501093890187
2024-04-06 16:32:22,0.065640218,0.0215820085679548,1.01714064,159.3632274278089,159.7294069208108
2024-04-06 16:32:26,0.0656453462,0.0215819444886492,1.01713762,159.3716863336646,159.73871170495252
2024-04-06 16:32:30,0.0656456479,0.0215811757491655,1.01710139,159.37545528808872,159.7433265259749
2024-04-06 16:32:35,0.0656489661,0.0215822008058715,1.0171497,159.37474788455307,159.74367643923577
2024-04-06 16:32:39,0.0656462512,0.0215817524629156,1.01712857,159.37154025108987,159.7413146460364
2024-04-06 16:32:43,0.0656438379,0.0215804708768043,1.01706817,159.37329031819795,159.74391054168754
2024-04-06 16:32:47,0.0656486645,0.0215817524629156,1.01712857,159.37406709974093,159.7455331400428
2024-04-06 16:32:52,0.0656528877,0.0215804708768043,1.01706817,159.3872074815739,159.75973077637906
2024-04-06 16:32:56,0.0656546977,0.0215816883836101,1.01712555,159.38305100780343,159.7564200929893
2024-04-06 16:33:00,0.065653491,0.0215827775196216,1.01717688,159.3743044870332,159.7485193508358
2024-04-06 16:33:04,0.0656540943,0.0215813679870822,1.01711045,159.38200850735447,159.75706913799968
2024-04-06 16:33:08,0.0656577143,0.0215825852817049,1.01716782,159.38101730105873,159.75692368676224
2024-04-06 16:33:12,0.0656595242,0.0215832260747606,1.01719802,159.379927730791,159.75667985975826
2024-04-06 16:33:17,0.0656595242,0.0215835462591053,1.01721311,159.3771680382562,159.7549773297015
2024-04-06 16:33:21,0.0656634458,0.0215836744177164,1.01721915,159.38249534489415,159.76115035302797
2024-04-06 16:33:25,0.0656631441,0.0215825212023993,1.0171648,159.38725484928233,159.76675556227693
2024-04-06 16:33:29,0.0656631441,0.0215807271940266,1.01708025,159.39595059823972,159.77629700425692
2024-04-06 16:33:33,0.0656598259,0.0215798302959318,1.01703798,159.3940748316641,159.77526691885555
2024-04-06 16:33:37,0.0656586192,0.0215798302959318,1.01703798,159.39111962405698,159.77315738056393
2024-04-06 16:33:42,0.0656613342,0.0215804067974987,1.01706515,159.39174241451263,159.77483724097215
2024-04-06 16:33:46,0.0656625408,0.0215800864009709,1.01705005,159.3947103113853,159.77865078044067
2024-04-06 16:33:50,0.065667669,0.0215813679870822,1.01711045,159.39601247313138,159.78079857289043
2024-04-06 16:33:54,0.065667669,0.0215820085679548,1.01714064,159.39175970740592,159.7773914259662
2024-04-06 16:33:58,0.0656697806,0.0215811757491655,1.01710139,159.3990350128934,159.78551233834202
2024-04-06 16:34:03,0.0656652557,0.0215805349561099,1.01707119,159.3934765522843,159.78101086957517
2024-04-06 16:34:07,0.0656700823,0.0215813039077767,1.01710743,159.39697812792068,159.78535802525812
2024-04-06 16:34:11,0.0656679707,0.0215807912733321,1.01708327,159.39516813321123,159.7843935986487
2024-04-06 16:34:15,0.0656724956,0.0215810475905544,1.01709535,159.40086909252759,159.79094011410822
2024-04-06 16:34:19,0.0656734005,0.0215812398284711,1.01710441,159.40058277081982,159.7914993365763
2024-04-06 16:34:24,0.0656706856,0.0215800223216653,1.01704703,159.4012566676398,159.79323014677118
2024-04-06 16:34:28,0.0656715906,0.0215793817407928,1.01701684,159.40540122402948,159.79822022037217
2024-04-06 16:34:32,0.0656721939,0.0215795739787095,1.0170259,159.40458765988203,159.79825216143485
2024-04-06 16:34:36,0.0656740039,0.0215786768684316,1.01698362,159.41167965084617,159.8061896455975
2024-04-06 16:34:40,0.0656740039,0.0215796380580151,1.01702892,159.4057200250689,159.80107550099672
2024-04-06 16:34:44,0.0656803387,0.0215803427181932,1.01706213,159.412199843128,159.80840078819978
2024-04-06 16:34:49,0.0656791321,0.0215800864009709,1.01705005,159.41039743900967,159.8076552035747
2024-04-06 16:34:53,0.065682752,0.0215809194319433,1.01708931,159.4114479388088,159.80955114540632
2024-04-06 16:34:57,0.0656851653,0.0215811757491655,1.01710139,159.41345746495446,159.81240610151784
2024-04-06 16:35:01,0.0656854669,0.0215807912733321,1.01708327,159.41518494032402,159.8149789947762
2024-04-06 16:35:05,0.0656869752,0.0215814961456934,1.01711649,159.4132258058698,159.81386526612317
2024-04-06 16:35:09,0.0656854669,0.0215809835112488,1.01709233,159.41247129737397,159.8139561513304
2024-04-06 16:35:14,0.0656848636,0.0215798302959318,1.01703798,159.4164960874829,159.8190376665391
2024-04-06 16:35:18,0.0656854669,0.0215798943752373,1.017041,159.4163644305734,159.81975137607327
2024-04-06 16:35:22,0.0656857686,0.0215803427181932,1.01706213,159.41366082029572,159.81789312010687
2024-04-06 16:35:26,0.0656890868,0.0215797021373206,1.01703194,159.42202503163563,159.8271026736151
2024-04-06 16:35:31,0.0656924051,0.02158111166986,1.01709837,159.41926861211533,159.82540291471304
2024-04-06 16:35:35,0.0656899918,0.0215798943752373,1.017041,159.42068217046386,159.8276617878695
2024-04-06 16:35:39,0.0656930084,0.0215808553526377,1.01708629,159.41999655748708,159.8278214775232
2024-04-06 16:35:43,0.0656945167,0.0215793176614872,1.01701382,159.42997130676414,159.8386415172427
2024-04-06 16:35:47,0.0656930084,0.0215807912733321,1.01708327,159.41864697778595,159.8281624665084
2024-04-06 16:35:51,0.0656987399,0.0215800223216653,1.01704703,159.43191346313574,159.84227421789274
2024-04-06 16:35:55,0.0656984383,0.0215818163300381,1.01713158,159.4209936899261,159.83219969849773
2024-04-06 16:36:00,0.0656984383,0.0215813679870822,1.01711045,159.4223229608528,159.83458551949226
2024-04-06 16:36:04,0.0657005499,0.0215809835112488,1.01709233,159.42721507500443,159.8403228599248
2024-04-06 16:36:08,0.0657002482,0.0215804708768043,1.01706817,159.4285706937005,159.8425236926472
2024-04-06 16:36:12,0.0657035665,0.0215807912733321,1.01708327,159.43182112622577,159.8466193269335
2024-04-06 16:36:16,0.0657059798,0.0215804067974987,1.01706515,159.43724108498085,159.8528844751737
2024-04-06 16:36:20,0.0657053764,0.0215816243043045,1.01712253,159.4288611544623,159.84534972185352
2024-04-06 16:36:25,0.0657011532,0.0215798302959318,1.01703798,159.4299701420438,159.8475151636386
2024-04-06 16:36:29,0.0657047731,0.0215799584545429,1.01704402,159.43477117096626,159.85316134207525
2024-04-06 16:36:33,0.0657032648,0.0215799584545429,1.01704402,159.43128921765265,159.8505245259543
2024-04-06 16:36:37,0.0657041698,0.0215803427181932,1.01706213,159.42998092216425,159.8500613553263
2024-04-06 16:36:41,0.0657062814,0.0215810475905544,1.01709535,159.4290755417907,159.8500010874701
2024-04-06 16:36:45,0.065709298,0.0215805990354154,1.01707421,159.43589134062074,159.85766198646365
2024-04-06 16:36:49,0.065709298,0.021580663114721,1.01707723,159.4347051706171,159.85732090425893
2024-04-06 16:36:54,0.065710203,0.0215800223216653,1.01704703,159.43864186142645,159.8623139374128
2024-04-06 16:36:58,0.065709298,0.0215807912733321,1.01708327,159.43212161000062,159.85663874592606
2024-04-06 16:37:02,0.0657068847,0.0215805990354154,1.01707421,159.42808098747287,159.85344317093768
2024-04-06 16:37:06,0.0657132196,0.0215810475905544,1.01709535,159.43592264585988,159.86212986445358
2024-04-06 16:37:10,0.0657159345,0.0215802786388876,1.01705911,159.4439169704009,159.8709692117021
2024-04-06 16:37:15,0.0657159345,0.0215800864009709,1.01705005,159.4438841020027,159.8719926042042
2024-04-06 16:37:19,0.0657168395,0.0215798943752373,1.017041,159.44564351775026,159.87459701467156
2024-04-06 16:37:23,0.0657150295,0.0215792535821817,1.0170108,159.44504573057753,159.87484420976193
2024-04-06 16:37:27,0.0657126163,0.0215800864009709,1.01705005,159.43554829904338,159.86619174802337
2024-04-06 16:37:32,0.0657195544,0.0215791895028761,1.01700778,159.45139645284908,159.88309609652453
2024-04-06 16:37:36,0.0657222694,0.0215801504802765,1.01705307,159.4501814850555,159.88272607043484
2024-04-06 16:37:40,0.0657195544,0.0215816243043045,1.01712253,159.436744295348,159.87013380992823
2024-04-06 16:37:44,0.0657228727,0.0215802786388876,1.01705911,159.44886398959264,159.88309842085994
2024-04-06 16:37:48,0.0657204594,0.0215791895028761,1.01700778,159.44959894210902,159.8846782775385
2024-04-06 16:37:52,0.0657192528,0.0215795739787095,1.0170259,159.44459755207538,159.88052177913147
2024-04-06 16:37:56,0.0657255876,0.0215807271940266,1.01708025,159.44868724770672,159.8854563538426
2024-04-06 16:38:01,0.065725286,0.0215804067974987,1.01706515,159.44880976307178,159.88663495039705
2024-04-06 16:38:05,0.0657286042,0.0215799584545429,1.01704402,159.45615292872264,159.8948229668577
2024-04-06 16:38:09,0.0657286042,0.0215808553526377,1.01708629,159.45053256715983,159.89004744352226
2024-04-06 16:38:13,0.0657310175,0.0215804067974987,1.01706515,159.45629487156526,159.89665457356176
2024-04-06 16:38:17,0.0657283026,0.0215799584545429,1.01704402,159.45309119349952,159.89429570852576
2024-04-06 16:38:22,0.0657301125,0.0215799584545429,1.01704402,159.45519926940682,159.89745978297864
2024-04-06 16:38:26,0.0657349391,0.0215805990354154,1.01707421,159.45938125062776,159.90248654882927
2024-04-06 16:38:30,0.0657370507,0.0215814320663878,1.01711347,159.457792087652,159.9017421578431
2024-04-06 16:38:34,0.065738559,0.0215810475905544,1.01709535,159.46163128901142,159.90642611854088
2024-04-06 16:38:38,0.0657346374,0.0215794458200984,1.01701986,159.46246066155746,159.90810023776305
2024-04-06 16:38:42,0.0657361457,0.0215797662166262,1.01703496,159.46254654346882,159.90903085367722
2024-04-06 16:38:47,0.0657373523,0.0215800223216653,1.01704703,159.46223617667664,159.90977638654977
2024-04-06 16:38:51,0.065735844,0.0215789331856538,1.0169957,159.4645549169978,159.91293983231824
2024-04-06 16:38:55,0.0657424805,0.0215798302959318,1.01703798,159.47053466781776,159.91976427587625
2024-04-06 16:38:59,0.0657430839,0.0215808553526377,1.01708629,159.46528568979986,159.91535997787582
2024-04-06 16:39:03,0.0657400673,0.0215799584545429,1.01704402,159.4639439618577,159.91486291721958
2024-04-06 16:39:07,0.0657427822,0.0215796380580151,1.01702892,159.46955196718002,159.92131557708518
2024-04-06 16:39:12,0.0657427822,0.021578612789126,1.0169806,159.47395706660004,159.92677647674788
2024-04-06 16:39:16,0.0657403689,0.0215793176614872,1.01701382,159.46513891842721,159.91880295440652
2024-04-06 16:39:20,0.0657406706,0.0215782285254757,1.01696249,159.47062283703943,159.92513148607125
2024-04-06 16:39:24,0.0657442905,0.0215784205512093,1.01697154,159.4750842279876,159.93043747728183
2024-04-06 16:39:29,0.065749117,0.0215789972649594,1.01699872,159.479394697162,159.93580367878118
2024-04-06 16:39:33,0.0657451955,0.0215794458200984,1.01701986,159.46930497620642,159.9265585292694
2024-04-06 16:39:37,0.0657497204,0.0215787409477371,1.01698664,159.480125889835,159.93822400151538
2024-04-06 16:39:41,0.0657467038,0.021578612789126,1.0169806,159.47469005576937,159.93363271322946
2024-04-06 16:39:45,0.0657476087,0.021578036287559,1.01695343,159.47849866261294,159.9382858530038
2024-04-06 16:39:49,0.065750927,0.0215783564719037,1.01696852,159.4817500096121,159.94238172007363
2024-04-06 16:39:53,0.0657506253,0.0215784205512093,1.01697154,159.48003665583653,159.94151287349732
2024-04-06 16:39:58,0.0657497204,0.0215785487098204,1.01697758,159.4767162403332,159.9392480738757
2024-04-06 16:40:02,0.0657542453,0.0215794458200984,1.01701986,159.4790036102491,159.9423799219892
2024-04-06 16:40:06,0.0657554519,0.0215786768684316,1.01698362,159.48436508243637,159.94858585946608
2024-04-06 16:40:10,0.0657566585,0.0215792535821817,1.0170108,159.48255770430328,159.94762293370343
2024-04-06 16:40:14,0.0657581668,0.0215782923925982,1.0169655,159.48947118677322,159.95538085561327
2024-04-06 16:40:18,0.0657572618,0.0215776518117256,1.01693531,159.49045756379417,159.9572116591322
2024-04-06 16:40:23,0.0657599768,0.0215777158910312,1.01693833,159.49380755859238,159.9616171688363
2024-04-06 16:40:27,0.0657596751,0.021578036287559,1.01695343,159.4907284849894,159.95938249257088
2024-04-06 16:40:31,0.0657635967,0.021578612789126,1.0169806,159.49366872295133,159.96316711489172
2024-04-06 16:40:35,0.0657669149,0.0215779722082535,1.01695041,159.5020391660556,159.9723819293649
2024-04-06 16:40:40,0.065765105,0.0215781644461702,1.01695947,159.49679493185363,159.9681931410896
2024-04-06 16:40:44,0.0657657083,0.0215784846305149,1.01697456,159.4952992496426,159.9675418009786
2024-04-06 16:40:48,0.0657702332,0.0215781644461702,1.01695947,159.50407228210068,159.97715916250976
2024-04-06 16:40:52,0.0657693282,0.0215788050270427,1.01698966,159.4982321474028,159.97216334384666
2024-04-06 16:40:56,0.0657735515,0.0215792535821817,1.0170108,159.50238124003138,159.97715673946033
2024-04-06 16:41:01,0.0657744564,0.0215788691063483,1.01699268,159.5049567569257,159.98078761671755
2024-04-06 16:41:05,0.0657723448,0.0215783564719037,1.01696852,159.503152561479,159.97982769485242
2024-04-06 16:41:09,0.0657738531,0.0215789331856538,1.0169957,159.50187198487112,159.97939137873936
2024-04-06 16:41:13,0.065776568,0.0215791895028761,1.01700778,159.50440828917036,159.9827719304352
2024-04-06 16:41:17,0.0657780763,0.0215793817407928,1.01701684,159.50517654407403,159.98438441962588
2024-04-06 16:41:22,0.0657780763,0.0215802786388876,1.01705911,159.49934182387543,159.97960497383303
2024-04-06 16:41:26,0.0657804896,0.0215789972649594,1.01699872,159.50954519785364,159.99065255255954
2024-04-06 16:41:30,0.0657807913,0.0215791254235705,1.01700476,159.5085454545567,159.99049700086402
2024-04-06 16:41:34,0.0657822996,0.0215788691063483,1.01699268,159.51170430622975,159.99450003098008
2024-04-06 16:41:38,0.0657807913,0.0215783564719037,1.01696852,159.51095533066484,159.99459522068824
2024-04-06 16:41:42,0.0657847129,0.0215794458200984,1.01701986,159.5111614772543,159.99564551936936
2024-04-06 16:41:47,0.0657862211,0.0215798302959318,1.01703798,159.51069394101555,159.99623315469137
2024-04-06 16:41:51,0.0657895394,0.0215810475905544,1.01709535,159.5091634476364,159.99554678370362
2024-04-06 16:41:55,0.065790746,0.0215803427181932,1.01706213,159.51418524733432,160.00141269257406
2024-04-06 16:41:59,0.0657895394,0.0215798943752373,1.017041,159.51362128611308,160.00169282729496
2024-04-06 16:42:03,0.0657889361,0.021578612789126,1.0169806,159.51855342420927,160.0074690480913
2024-04-06 16:42:08,0.0657880311,0.0215786768684316,1.01698362,159.51557451856624,160.0055452271843
2024-04-06 16:42:12,0.0657889361,0.0215791895028761,1.01700778,159.51358026344863,160.00439502493015
2024-04-06 16:42:16,0.0657889361,0.0215784205512093,1.01697154,159.51683495792753,160.00849375899287
2024-04-06 16:42:20,0.0657913494,0.021578612789126,1.0169806,159.51918552075455,160.01168834811256
2024-04-06 16:42:24,0.0657895394,0.021578036287559,1.01695343,159.51825007362206,160.01159691396992
2024-04-06 16:42:28,0.0657904444,0.0215770750979755,1.01690813,159.5241125039425,160.01830334396578
2024-04-06 16:42:33,0.0657901427,0.0215781003668646,1.01695645,159.51706431181094,160.01231013268747
2024-04-06 16:42:37,0.0657946676,0.0215785487098204,1.01697758,159.5217415401379,160.01783133068994
2024-04-06 16:42:41,0.0657949693,0.0215791254235705,1.01700476,159.51835074012266,160.01528448699798
2024-04-06 16:42:45,0.0658022091,0.0215799584545429,1.01704402,159.52572333394036,160.0235010237751
2024-04-06 16:42:49,0.0658019074,0.0215799584545429,1.01704402,159.52435195918264,160.02297357860124
2024-04-06 16:42:53,0.0658031141,0.0215795739787095,1.0170259,159.52766727494358,160.02713281055884
2024-04-06 16:42:58,0.0658031141,0.0215804708768043,1.01706817,159.5218311823442,160.02235159436168
2024-04-06 16:43:02,0.0658052257,0.0215801504802765,1.01705307,159.52638679076105,160.0277510888112
2024-04-06 16:43:06,0.0658046224,0.0215794458200984,1.01701986,159.52824480368804,160.03045297434562
2024-04-06 16:43:10,0.0658061307,0.021580214559582,1.01705609,159.52593959877427,160.02899162860228
2024-04-06 16:43:14,0.0658088456,0.021580663114721,1.01707723,159.52745071435064,160.0313465899005
2024-04-06 16:43:18,0.0658112589,0.0215809835112488,1.01709233,159.52911771544055,160.03385742325182
2024-04-06 16:43:23,0.0658079406,0.0215800223216653,1.01704703,159.5273861131852,160.03318059237665
2024-04-06 16:43:27,0.0658082423,0.0215797021373206,1.01703194,159.5287767632966,160.03541504442055
2024-04-06 16:43:31,0.0658091473,0.0215786768684316,1.01698362,159.5349816172182,160.04246368677605
2024-04-06 16:43:35,0.0658064323,0.0215795098994039,1.01702288,159.52494972089698,160.03327556537846
2024-04-06 16:43:39,0.0658082423,0.0215779722082535,1.01695041,159.53546913768227,160.04463874356512
2024-04-06 16:43:43,0.0658082423,0.0215785487098204,1.01697758,159.5315514133476,160.0415647670978
2024-04-06 16:43:48,0.0658088456,0.0215800223216653,1.01704703,159.5236947288569,160.0347627483913
2024-04-06 16:43:52,0.0658079406,0.0215786768684316,1.01698362,159.52844221870564,160.04035395561283
2024-04-06 16:43:56,0.0658100522,0.021579061344265,1.01700174,159.52924031326182,160.0419957539695
2024-04-06 16:44:00,0.0658145771,0.0215785487098204,1.01697758,159.53904115500288,160.05264028592686
2024-04-06 16:44:04,0.0658130688,0.0215788691063483,1.01699268,159.533851962283,160.04829476982724
2024-04-06 16:44:09,0.0658160854,0.0215779081289479,1.01694739,159.5431960685994,160.05869345278148
2024-04-06 16:44:13,0.0658163871,0.0215796380580151,1.01702892,159.53365495630146,160.04999598646938
2024-04-06 16:44:17,0.0658206103,0.0215782285254757,1.01696249,159.5477114729904,160.0648961355095
2024-04-06 16:44:21,0.065819102,0.0215779081289479,1.01694739,159.54593946520797,160.06396774643187
2024-04-06 16:44:25,0.0658172921,0.0215792535821817,1.0170108,159.53475644054947,160.05362832681982
2024-04-06 16:44:29,0.0658239286,0.0215791895028761,1.01700778,159.5458572690209,160.06557274666733
2024-04-06 16:44:34,0.0658224203,0.0215789331856538,1.0169957,159.5435327267874,160.0643026744121
2024-04-06 16:44:38,0.0658221186,0.0215783564719037,1.01696852,159.54523736204894,160.06685087024812
2024-04-06 16:44:42,0.0658227219,0.0215791254235705,1.01700476,159.54134772253403,160.0638047775987
2024-04-06 16:44:46,0.0658248335,0.0215793817407928,1.01701684,159.54282900797426,160.06612959618343
2024-04-06 16:44:50,0.065832375,0.0215795098994039,1.01702288,159.55448678426788,160.07863089188868
2024-04-06 16:44:54,0.0658311684,0.021579061344265,1.01700174,159.55392616231993,160.07891377560753
2024-04-06 16:44:59,0.0658281518,0.0215777158910312,1.01693833,159.55477404783792,160.08081602386204
2024-04-06 16:45:03,0.0658296601,0.0215781003668646,1.01695645,159.55451692178423,160.08140237250535
2024-04-06 16:45:07,0.0658278501,0.0215782285254757,1.01696249,159.54982527074785,160.07755418238224
2024-04-06 16:45:11,0.0658287551,0.0215781644461702,1.01695947,159.5509059129781,160.07947827172995
2024-04-06 16:45:16,0.065834185,0.0215797021373206,1.01703194,159.55114333492804,160.08076998315806
2024-04-06 16:45:20,0.0658375032,0.0215794458200984,1.01701986,159.55746822093388,160.08793828519694
2024-04-06 16:45:24,0.0658405198,0.021578612789126,1.0169806,159.56634245474424,160.09765592120544
2024-04-06 16:45:28,0.0658411232,0.0215791895028761,1.01700778,159.56347754552428,160.0956344003367
2024-04-06 16:45:32,0.0658390115,0.0215793817407928,1.01701684,159.55791681926704,160.09091704857173
2024-04-06 16:45:37,0.0658414248,0.0215798302959318,1.01703798,159.55868912608068,160.09274355399327
2024-04-06 16:45:41,0.0658399165,0.021579061344265,1.01700174,159.55931056867186,160.09420833985
2024-04-06 16:45:45,0.0658420281,0.0215789331856538,1.0169957,159.56284267923067,160.0985837797762
2024-04-06 16:45:49,0.0658420281,0.0215788050270427,1.01698966,159.56268303853767,160.09926745454038
2024-04-06 16:45:53,0.0658405198,0.0215781644461702,1.01695947,159.5626199855169,160.10004770305446
2024-04-06 16:45:57,0.0658471563,0.0215797021373206,1.01703194,159.5651764416382,160.10344744677604
2024-04-06 16:46:01,0.0658471563,0.0215803427181932,1.01706213,159.5609159992091,160.10003027800073
2024-04-06 16:46:06,0.0658480613,0.021579061344265,1.01700174,159.56827984972696,160.10844820095497
2024-04-06 16:46:10,0.065847458,0.0215795098994039,1.01702288,159.56398884725323,160.1050004407109
2024-04-06 16:46:14,0.0658477597,0.0215795098994039,1.01702288,159.56367308316874,160.1055279048701
2024-04-06 16:46:18,0.065847458,0.0215788050270427,1.01698966,159.56606285416632,160.10876089011313
2024-04-06 16:46:22,0.0658495696,0.0215775236531145,1.01692927,159.57574839639997,160.11928963258194
2024-04-06 16:46:27,0.065847458,0.0215781003668646,1.01695645,159.56792523634394,160.1125204530993
2024-04-06 16:46:31,0.0658507763,0.0215795739787095,1.0170259,159.56502159763468,160.1104599830574
2024-04-06 16:46:35,0.0658549995,0.0215797021373206,1.01703194,159.57087810441502,160.11715964445523
2024-04-06 16:46:39,0.0658546978,0.0215803427181932,1.01706213,159.56608994425426,160.11321462484986
2024-04-06 16:46:43,0.0658589211,0.0215803427181932,1.01706213,159.5726301569031,160.12059796397972
2024-04-06 16:46:47,0.0658540945,0.0215788050270427,1.01698966,159.57155298766875,160.12036390713985
2024-04-06 16:46:52,0.0658559045,0.0215786768684316,1.01698362,159.57434748783783,160.12421227797415
2024-04-06 16:46:56,0.0658571111,0.0215785487098204,1.01697758,159.5762978484204,160.1270057192118
2024-04-06 16:47:00,0.0658592227,0.0215791254235705,1.01700476,159.5760692985395,160.1276202358595
2024-04-06 16:47:04,0.0658577144,0.0215777799703367,1.01694135,159.57976872280304,160.13216271251315
2024-04-06 16:47:08,0.0658592227,0.0215788691063483,1.01699268,159.5757509086773,160.1289879366266
2024-04-06 16:47:12,0.0658589211,0.0215788691063483,1.01699268,159.5743805796146,160.12846063164002
2024-04-06 16:47:17,0.0658586194,0.0215781644461702,1.01695947,159.57655951754694,160.13169332973183
2024-04-06 16:47:21,0.0658619376,0.02157758773242,1.01693229,159.58459589209875,160.1405726964477
2024-04-06 16:47:25,0.0658685742,0.0215782923925982,1.0169655,159.591595813282,160.14841559559196
2024-04-06 16:47:29,0.0658670659,0.0215804708768043,1.01706817,159.5764904350725,160.13415318112806
2024-04-06 16:47:33,0.0658706858,0.0215793176614872,1.01701382,159.5881299801562,160.14663567572953
2024-04-06 16:47:37,0.0658718924,0.021580214559582,1.01705609,159.58461017056624,160.14395880141734
2024-04-06 16:47:42,0.0658706858,0.0215788691063483,1.01699268,159.58862726743732,160.1490295473417
2024-04-06 16:47:46,0.0658661609,0.0215779081289479,1.01694739,159.58500179110683,160.14624697420362
2024-04-06 16:47:50,0.0658755123,0.0215802786388876,1.01705911,159.58785724834894,160.14994532035797
2024-04-06 16:47:54,0.0658715907,0.0215799584545429,1.01704402,159.5818670950755,160.14479804170412
2024-04-06 16:47:58,0.0658752107,0.0215789972649594,1.01699872,159.59248291586476,160.15625672280808
2024-04-06 16:48:02,0.0658764173,0.021579061344265,1.01700174,159.5934076269583,160.15802427989888
2024-04-06 16:48:07,0.065874909,0.0215793817407928,1.01701684,159.5880070329818,160.15367722326627
2024-04-06 16:48:11,0.0658770206,0.0215783564719037,1.01696852,159.59632838202467,160.16284138604698
2024-04-06 16:48:15,0.0658797355,0.0215797662166262,1.01703496,159.59270764085002,160.1600634442525
2024-04-06 16:48:19,0.0658785289,0.0215784846305149,1.01697456,159.59659583716748,160.16479442557994
2024-04-06 16:48:23,0.0658770206,0.0215788050270427,1.01698966,159.59140579320692,160.16044715224683
2024-04-06 16:48:28,0.0658827521,0.021580214559582,1.01705609,159.5928495651378,160.16294436721762
2024-04-06 16:48:32,0.0658857687,0.0215792535821817,1.0170108,159.6024101383598,160.17334767866078
2024-04-06 16:48:36,0.0658845621,0.0215804067974987,1.01706515,159.5933024060141,160.16508267011318
2024-04-06 16:48:40,0.0658827521,0.0215793176614872,1.01701382,159.59510861934837,160.1677315928101
2024-04-06 16:48:44,0.0658830538,0.0215784846305149,1.01697456,159.5992401066737,160.17270577505002
2024-04-06 16:48:48,0.0658887853,0.0215787409477371,1.01698664,159.60705002507984,160.18135837391026
2024-04-06 16:48:52,0.0658921036,0.0215795739787095,1.0170259,159.60756180187292,160.1827128166844
2024-04-06 16:48:57,0.0658893886,0.0215797662166262,1.01703496,159.60073562557744,160.17693995249354
2024-04-06 16:49:01,0.0658866737,0.0215793176614872,1.01701382,159.59754090568063,160.17458786596785
2024-04-06 16:49:05,0.0658875787,0.021578036287559,1.01695343,159.60512110121115,160.18301068035572
2024-04-06 16:49:09,0.065888182,0.0215786768684316,1.01698362,159.6019134786224,160.18064566209813
2024-04-06 16:49:13,0.065889087,0.0215787409477371,1.01698664,159.6023110876106,160.18188586087865
2024-04-06 16:49:18,0.065889992,0.0215789972649594,1.01699872,159.60147179048315,160.18209978052732
2024-04-06 16:49:22,0.0658902936,0.0215782923925982,1.0169655,159.60491964241422,160.18639018949256
2024-04-06 16:49:26,0.065888182,0.021578036287559,1.01695343,159.6017524243674,160.1840655139003
2024-04-06 16:49:30,0.0658933102,0.02157758773242,1.01693229,159.61227124036995,160.19542685776514
2024-04-06 16:49:34,0.0658942152,0.021578612789126,1.0169806,159.60753802407476,160.1915361547275
2024-04-06 16:49:38,0.0658960252,0.0215783564719037,1.01696852,159.61122865684314,160.19606928613592
2024-04-06 16:49:43,0.0658933102,0.0215784205512093,1.01697154,159.60508648726747,160.1909802192854
2024-04-06 16:49:47,0.0658987401,0.0215796380580151,1.01702892,159.60723719715318,160.1939733948759
2024-04-06 16:49:51,0.0658987401,0.0215785487098204,1.01697758,159.6122109546094,160.19978960337846
2024-04-06 16:49:55,0.0658960252,0.0215778440496423,1.01694437,159.61038424652438,160.19880533166867
2024-04-06 16:49:59,0.0658981368,0.0215779722082535,1.01695041,159.6125495476201,160.20181305445587
2024-04-06 16:50:03,0.0658978351,0.0215791254235705,1.01700476,159.60502218931597,160.1951281031469
2024-04-06 16:50:08,0.0658987401,0.0215785487098204,1.01697758,159.60863070148974,160.19978960337846
2024-04-06 16:50:12,0.0658996451,0.0215784846305149,1.01697456,159.60971279371523,160.20171406948583
2024-04-06 16:50:16,0.0659008517,0.021579061344265,1.01700174,159.6079006911331,160.20074432604798
2024-04-06 16:50:20,0.065903265,0.0215782285254757,1.01696249,159.6157247674093,160.20941074671822
2024-04-06 16:50:24,0.06590055,0.0215770110186699,1.01690511,159.61663701500288,160.21116532394282
2024-04-06 16:50:29,0.0659035666,0.0215781003668646,1.01695645,159.61504124925355,160.2106224494524
2024-04-06 16:50:33,0.0659044716,0.0215784205512093,1.01697154,159.61407148760392,160.21049498417057
2024-04-06 16:50:37,0.0659038683,0.0215781003668646,1.01695645,159.6138841779649,160.21114995609497
2024-04-06 16:50:41,0.0659047733,0.0215778440496423,1.01694437,159.6159930538889,160.21410109876527
2024-04-06 16:50:45,0.0659029633,0.0215772673358922,1.01691719,159.61506590310074,160.2140161998936
2024-04-06 16:50:49,0.0659074882,0.0215792535821817,1.0170108,159.61152832026906,160.2113208541358
2024-04-06 16:50:54,0.0659102031,0.0215779722082535,1.01695041,159.62206516378376,160.22291047310097
2024-04-06 16:50:58,0.0659068849,0.0215773314151978,1.01692021,159.61884343208757,160.2205309450361
2024-04-06 16:51:02,0.0659068849,0.0215786768684316,1.01698362,159.61081598016716,160.21334568186285
2024-04-06 16:51:06,0.0659135214,0.0215787409477371,1.01698664,159.62123484739448,160.22460672294045
2024-04-06 16:51:10,0.0659123148,0.0215788691063483,1.01699268,159.61759864992382,160.22181268441028
2024-04-06 16:51:14,0.0659089965,0.0215781003668646,1.01695645,159.6150601666007,160.2201163451051
2024-04-06 16:51:19,0.0659117114,0.0215768187807532,1.01689605,159.625599401663,160.23170823918548
2024-04-06 16:51:23,0.0659095998,0.0215779722082535,1.01695041,159.6149046804777,160.22185562839556
2024-04-06 16:51:27,0.0659144264,0.0215781003668646,1.01695645,159.62181719740894,160.22961024075784
2024-04-06 16:51:31,0.0659180463,0.0215775236531145,1.01692927,159.6303847830138,160.23901990681662
2024-04-06 16:51:35,0.0659153314,0.0215777158910312,1.01693833,159.62376893407867,160.23324612334548
2024-04-06 16:51:40,0.0659168397,0.0215772673358922,1.01691719,159.6277495449342,160.23827929493177
2024-04-06 16:51:44,0.0659129181,0.0215773314151978,1.01692021,159.6197082733675,160.23108005505458
2024-04-06 16:51:48,0.0659168397,0.0215781644461702,1.01695947,159.62127371405165,160.23348751239638
2024-04-06 16:51:52,0.0659192529,0.0215789331856538,1.0169957,159.62054511151308,160.23360091147077
2024-04-06 16:51:56,0.0659168397,0.0215779722082535,1.01695041,159.6206165028846,160.23451428939757
2024-04-06 16:52:00,0.0659213645,0.0215793817407928,1.01701684,159.62015729733693,160.23489705533473
2024-04-06 16:52:04,0.0659255878,0.0215796380580151,1.01702892,159.62533008647296,160.24091180087208
2024-04-06 16:52:09,0.0659237778,0.0215784205512093,1.01697154,159.62761622378494,160.24425036245492
2024-04-06 16:52:13,0.0659273977,0.0215789331856538,1.0169957,159.6303650568325,160.24784111791877
2024-04-06 16:52:17,0.065928001,0.0215794458200984,1.01701986,159.62783969620807,160.24615766458507
2024-04-06 16:52:21,0.0659228728,0.0215782923925982,1.0169655,159.6241927426909,160.2433526032202
2024-04-06 16:52:25,0.0659283027,0.0215788691063483,1.01699268,159.62976395649954,160.24976569402966
2024-04-06 16:52:30,0.0659276994,0.021579061344265,1.01700174,159.626629969917,160.24768403237164
2024-04-06 16:52:34,0.065928906,0.0215783564719037,1.01696852,159.63166305169275,160.25355895701006
2024-04-06 16:52:38,0.0659231745,0.0215769469393644,1.01690209,159.62832967552126,160.2510674085076
2024-04-06 16:52:42,0.0659283027,0.0215781644461702,1.01695947,159.62995038920553,160.25352993465418
2024-04-06 16:52:46,0.0659301127,0.0215778440496423,1.01694437,159.63398495961152,160.2584063023029
2024-04-06 16:52:50,0.065929811,0.0215773314151978,1.01692021,159.63535441433223,160.26061753903355
2024-04-06 16:52:55,0.0659340342,0.02157758773242,1.01693229,159.64031709074249,160.26663242151554
2024-04-06 16:52:59,0.0659322243,0.0215795739787095,1.0170259,159.62569977995932,160.2528568584212
2024-04-06 16:53:03,0.065928906,0.0215766906221421,1.01689001,159.6344598927188,160.26245870359446
2024-04-06 16:53:07,0.0659292077,0.0215766265428365,1.01688699,159.6344880912768,160.26332861927816
2024-04-06 16:53:11,0.0659301127,0.0215768187807532,1.01689605,159.63420173499222,160.2638839648181
2024-04-06 16:53:15,0.0659337326,0.0215772032565866,1.01691417,159.63763538086138,160.26815929719749
2024-04-06 16:53:20,0.0659343359,0.0215770110186699,1.01690511,159.63866533347056,160.27024133638886
2024-04-06 16:53:24,0.0659337326,0.0215773954945033,1.01692323,159.6347145211116,160.2671321760352
2024-04-06 16:53:28,0.0659343359,0.0215778440496423,1.01694437,159.63253119859135,160.26579049016357
2024-04-06 16:53:32,0.0659346376,0.0215770110186699,1.01690511,159.636667960829,160.27076887367986
2024-04-06 16:53:36,0.0659376541,0.0215777799703367,1.01694135,159.63699216116623,160.2719346799127
2024-04-06 16:53:41,0.0659397658,0.021578036287559,1.01695343,159.63826291227318,160.27425741673682
2024-04-06 16:53:45,0.0659388608,0.0215774595738089,1.01692625,159.63892045423927,160.27575652993875
2024-04-06 16:53:49,0.0659388608,0.0215768187807532,1.01689605,159.64150295277202,160.27918058428156
2024-04-06 16:53:53,0.065943989,0.0215781003668646,1.01695645,159.64277996435706,160.28129913623783
2024-04-06 16:53:57,0.0659376541,0.0215763704377974,1.01687492,159.64010567570736,160.2794663725074
2024-04-06 16:54:01,0.0659397658,0.0215782285254757,1.01696249,159.6330280746453,160.2732302808993
2024-04-06 16:54:05,0.0659457989,0.021578036287559,1.01695343,159.64376238739467,160.2848060876243
2024-04-06 16:54:10,0.0659427824,0.0215767547014477,1.01689303,159.64428464695524,160.28638019286785
2024-04-06 16:54:14,0.0659445923,0.0215766265428365,1.01688699,159.64729282349873,160.2902298285124
2024-04-06 16:54:18,0.0659467039,0.0215773314151978,1.01692021,159.6463767184695,160.29015516706295
2024-04-06 16:54:22,0.0659494189,0.0215782923925982,1.0169655,159.64514708128704,160.2897669579258
2024-04-06 16:54:26,0.0659482122,0.0215779722082535,1.01695041,159.64390679828713,160.28936808742347
2024-04-06 16:54:31,0.0659482122,0.0215773954945033,1.01692323,159.64593698489782,160.29245001777204
2024-04-06 16:54:35,0.0659557537,0.0215789331856538,1.0169957,159.65006413544958,160.29741854579066
2024-04-06 16:54:39,0.0659545471,0.0215773314151978,1.01692021,159.65567344169264,160.30386921390988
2024-04-06 16:54:43,0.0659515305,0.0215768187807532,1.01689605,159.65229726702034,160.3013343855098
2024-04-06 16:54:47,0.0659551504,0.0215787409477371,1.01698664,159.64751259927007,160.2973910484144
2024-04-06 16:54:51,0.0659503238,0.0215777158910312,1.01693833,159.6437101655969,160.29442992976556
2024-04-06 16:54:56,0.0659515305,0.021575985961964,1.0168568,159.65401432937725,160.30578571532567
2024-04-06 16:55:00,0.0659545471,0.0215756014861306,1.01683868,159.6605032071175,160.313115872873
2024-04-06 16:55:04,0.0659494189,0.0215752170102972,1.01682056,159.65274948564385,160.3062034155327
2024-04-06 16:55:08,0.0659527371,0.0215770110186699,1.01690511,159.64812157983866,160.30241675817382
2024-04-06 16:55:12,0.0659566587,0.0215763704377974,1.01687492,159.65756152267767,160.31269793375878
2024-04-06 16:55:16,0.0659539438,0.021576562463531,1.01688397,159.6509466033163,160.30692423142963
2024-04-06 16:55:21,0.0659533404,0.0215759218826584,1.01685378,159.65226398253878,160.30929310982478
2024-04-06 16:55:25,0.0659527371,0.0215750247723805,1.0168115,159.6551633017208,160.31303361063448
2024-04-06 16:55:29,0.0659551504,0.0215750888516861,1.01681452,159.65819977149087,160.31691124627517
2024-04-06 16:55:33,0.0659584686,0.0215761781998807,1.01686586,159.65733773807787,160.3168903629624
2024-04-06 16:55:37,0.065959072,0.0215763063584918,1.0168719,159.65686664416177,160.3172604033627
2024-04-06 16:55:42,0.0659578653,0.0215756655654362,1.0168417,159.65713062262526,160.31857577750537
2024-04-06 16:55:46,0.0659602786,0.0215759218826584,1.01685378,159.65913934499758,160.32142559863172
2024-04-06 16:55:50,0.0659605803,0.021575537406825,1.01683566,159.6608812235035,160.32400856006433
2024-04-06 16:55:54,0.0659626919,0.0215751529309916,1.01681754,159.6657882057445,160.32975660939127
2024-04-06 16:55:58,0.0659614852,0.0215748966137694,1.01680546,159.6642073530825,160.32901680796118
2024-04-06 16:56:03,0.0659651051,0.021575985961964,1.0168568,159.66366213303434,160.32952287963758
2024-04-06 16:56:07,0.0659617869,0.0215747686673414,1.01679943,159.6635267050886,160.33022846720286
2024-04-06 16:56:11,0.0659669151,0.0215754733275195,1.01683264,159.66788595426908,160.33542871599658
2024-04-06 16:56:15,0.0659681217,0.0215758578033529,1.01685076,159.66709929575615,160.33548304118574
2024-04-06 16:56:19,0.06596963,0.0215752810896028,1.01682358,159.67197938480282,160.34120409800985
2024-04-06 16:56:23,0.0659711383,0.0215756655654362,1.0168417,159.67172022992648,160.34178589497273
2024-04-06 16:56:27,0.0659678201,0.0215748325344638,1.01680244,159.66953089189786,160.34043749283182
2024-04-06 16:56:32,0.06597144,0.021574384191508,1.01678131,159.67720747358896,160.34916522193004
2024-04-06 16:56:36,0.0659660101,0.0215741919535913,1.01677225,159.66789881675365,160.340697465042
2024-04-06 16:56:40,0.0659693284,0.0215741278742857,1.01676923,159.6732036068202,160.3468431390604
2024-04-06 16:56:44,0.06597325,0.021575985961964,1.0168568,159.669285022852,160.34376542303508
2024-04-06 16:56:49,0.0659708367,0.0215745123501191,1.01678735,159.6718934040509,160.34742486662947
2024-04-06 16:56:53,0.06597325,0.0215741919535913,1.01677225,159.6769862680729,160.35335856252482
2024-04-06 16:56:57,0.0659762665,0.0215742560328968,1.01677527,159.6810780229812,160.35829113325354
2024-04-06 16:57:01,0.0659771715,0.0215759218826584,1.01685378,159.67291147863725,160.35096538866358
2024-04-06 16:57:05,0.0659762665,0.0215749606930749,1.01680848,159.6756280362296,160.35452272992995
2024-04-06 16:57:10,0.0659789815,0.0215759218826584,1.01685378,159.67418482002142,160.35413047068116
2024-04-06 16:57:14,0.0659762665,0.0215758578033529,1.01685076,159.66893909621288,160.34972549431708
2024-04-06 16:57:18,0.0659789815,0.0215748966137694,1.01680546,159.67798612424727,160.35961325367185
2024-04-06 16:57:22,0.0659819981,0.0215753451689083,1.0168266,159.68002178850864,160.36248963311596
2024-04-06 16:57:26,0.0659804898,0.0215752810896028,1.01682358,159.67688619374042,160.36019473737923
2024-04-06 16:57:31,0.0659835064,0.0215758578033529,1.01685076,159.6780262883348,160.36238568302952
2024-04-06 16:57:35,0.065984713,0.0215761781998807,1.01686586,159.67758214822913,160.36278220556528
2024-04-06 16:57:39,0.0659832047,0.0215748325344638,1.01680244,159.68130057222643,160.36734127600852
2024-04-06 16:57:43,0.0659801881,0.0215751529309916,1.01681754,159.6734711883531,160.360352522372
2024-04-06 16:57:47,0.0659868246,0.0215756655654362,1.0168417,159.68149427986486,160.36921622789785
2024-04-06 16:57:52,0.0659844113,0.0215750247723805,1.0168115,159.67965047571076,160.36842316842737
2024-04-06 16:57:56,0.065983808,0.0215745764294247,1.01679037,159.68015277888267,160.36976604906232
2024-04-06 16:58:00,0.0659850147,0.0215752810896028,1.01682358,159.67765367118588,160.3681075025615
2024-04-06 16:58:04,0.0659844113,0.0215746405087302,1.01679339,159.67918398003505,160.37047835632583
2024-04-06 16:58:08,0.065984713,0.0215736152398412,1.01674507,159.6843549653436,160.3764898702551
2024-04-06 16:58:13,0.0659883329,0.0215734230019245,1.01673601,159.69066334115644,160.38384888390897
2024-04-06 16:58:17,0.0659904445,0.0215747045880358,1.01679641,159.6866602316174,160.38068626627813
2024-04-06 16:58:21,0.0659898412,0.0215748966137694,1.01680546,159.68373761337747,160.37860412360746
2024-04-06 16:58:25,0.0659907462,0.0215752170102972,1.01682056,159.68276603919242,160.378473008639
2024-04-06 16:58:29,0.0659943661,0.0215752170102972,1.01682056,159.68825579231458,160.3848032046114
2024-04-06 16:58:34,0.0659952711,0.0215753451689083,1.0168266,159.68810232927552,160.38570027209897
2024-04-06 16:58:38,0.0659940644,0.0215756655654362,1.0168417,159.68343800783566,160.38187635663485
2024-04-06 16:58:42,0.0659985893,0.0215766265428365,1.01688699,159.68537009194486,160.38464883030872
2024-04-06 16:58:46,0.065997986,0.0215766265428365,1.01688699,159.68347478420822,160.383593895712
2024-04-06 16:58:50,0.0659955727,0.0215754733275195,1.01683264,159.6845826948709,160.38554216307608
2024-04-06 16:58:54,0.0659964777,0.0215746405087302,1.01679339,159.68977988153338,160.39157968998774
2024-04-06 16:58:59,0.0659958744,0.0215746405087302,1.01679339,159.68767444767124,160.39052465828
2024-04-06 16:59:03,0.0659976844,0.0215757296447417,1.01684472,159.68417332017043,160.3878638339603
2024-04-06 16:59:07,0.065998891,0.021575537406825,1.01683566,159.68647130102883,160.39100210150275
2024-04-06 16:59:11,0.0659994943,0.0215747686673414,1.01679943,159.69079834702512,160.39616941767224
2024-04-06 16:59:15,0.0659937628,0.0215739997156746,1.01676319,159.68404848870114,160.3902598129967
2024-04-06 16:59:19,0.0659982877,0.0215740637949801,1.01676621,159.69077866876668,160.39783023017227
2024-04-06 16:59:24,0.0660010026,0.0215756655654362,1.0168417,159.68590724749967,160.3940090820144
2024-04-06 16:59:28,0.0660019076,0.0215757296447417,1.01684472,159.68630682361623,160.39524885797877
2024-04-06 16:59:32,0.0660040192,0.0215742560328968,1.01677527,159.6970428650021,160.40682508262898
2024-04-06 16:59:36,0.0660043209,0.021574384191508,1.01678131,159.69604462951676,160.4066670138107
2024-04-06 16:59:40,0.0660085441,0.0215766265428365,1.01688699,159.69059334448593,160.40205587883577
2024-04-06 16:59:45,0.0660106557,0.0215772032565866,1.01691417,159.69015042806856,160.4026631266077
2024-04-06 16:59:49,0.066011259,0.0215773954945033,1.01692323,159.68933687749936,160.40268968866854
2024-04-06 16:59:53,0.0660085441,0.021576434517103,1.01687794,159.6888902199835,160.4030831271265
2024-04-06 16:59:57,0.066011259,0.0215764985964085,1.01688096,159.69245470163935,160.40748768808606
2024-04-06 17:00:01,0.0660115607,0.0215764985964085,1.01688096,159.6921422008977,160.40801524996402
2024-04-06 17:00:06,0.0660160856,0.0215767547014477,1.01689303,159.69763433802933,160.4145574418871
2024-04-06 17:00:10,0.0660124657,0.021575985961964,1.0168568,159.69457722370893,160.41234035259646
2024-04-06 17:00:14,0.0660145773,0.0215762422791863,1.01686888,159.69605835560822,160.41466149279614
2024-04-06 17:00:18,0.066012164,0.0215761141205751,1.01686284,159.69168399238907,160.41112712113426
2024-04-06 17:00:22,0.0660133706,0.0215750888516861,1.01681452,159.69843953771664,160.41872264126195
2024-04-06 17:00:26,0.0660136723,0.0215757937240473,1.01684774,159.69435576328524,160.41547882485958
2024-04-06 17:00:31,0.066011259,0.0215750888516861,1.01681452,159.6928570059334,160.4150299914385
2024-04-06 17:00:35,0.0660115607,0.0215742560328968,1.01677527,159.69700084596997,160.42001375171813
2024-04-06 17:00:39,0.0660154823,0.0215744482708135,1.01678433,159.7019903862746,160.4258431954494
2024-04-06 17:00:43,0.0660160856,0.0215749606930749,1.01680848,159.69946355096786,160.4241562467389
2024-04-06 17:00:47,0.0660151806,0.0215742560328968,1.01677527,159.70081171238184,160.42634427790466
2024-04-06 17:00:51,0.0660154823,0.0215747045880358,1.01679641,159.6980992066547,160.4244716250709
2024-04-06 17:00:56,0.0660172922,0.021576562463531,1.01688397,159.6902736112801,160.4176958220846
2024-04-06 17:01:00,0.0660227221,0.021575985961964,1.0168568,159.70201340876758,160.43027543448284
2024-04-06 17:01:04,0.0660224204,0.0215750888516861,1.01681452,159.70544660953283,160.43454843325486
2024-04-06 17:01:08,0.0660209121,0.0215739997156746,1.01676319,159.7077977318786,160.43773933668945
2024-04-06 17:01:12,0.0660248337,0.0215770110186699,1.01690511,159.69770161603617,160.42848298500382
2024-04-06 17:01:17,0.0660266437,0.0215769469393644,1.01690209,159.7001597552482,160.43199080557986
2024-04-06 17:01:21,0.0660260403,0.0215762422791863,1.01686888,159.70203550813125,160.43470628447136
2024-04-06 17:01:25,0.0660260403,0.0215751529309916,1.01681754,159.70702529958086,160.44053578495175
2024-04-06 17:01:29,0.0660275486,0.021575537406825,1.01683566,159.70676564672905,160.44111582413893
2024-04-06 17:01:33,0.0660287553,0.0215752810896028,1.01682358,159.7094078785877,160.4445977310308
2024-04-06 17:01:37,0.0660284536,0.021575985961964,1.0168568,159.7042684389276,160.440297949384
2024-04-06 17:01:42,0.0660332802,0.0215768187807532,1.01689605,159.70720211641128,160.4442811754286
2024-04-06 17:01:46,0.0660317719,0.0215757296447417,1.01684472,159.70955363563994,160.44747231432427
2024-04-06 17:01:50,0.0660284536,0.0215744482708135,1.01678433,159.70976908296433,160.4485273642499
2024-04-06 17:01:54,0.0660296603,0.0215752810896028,1.01682358,159.70658246429667,160.44618033110373
2024-04-06 17:01:58,0.0660317719,0.0215752170102972,1.01682056,159.70977847025705,160.45021590549158
2024-04-06 17:02:03,0.0660338835,0.0215747045880358,1.01679641,159.71516438267,160.456651254379
2024-04-06 17:02:07,0.0660338835,0.0215758578033529,1.01685076,159.7081525575626,160.45047895918606
2024-04-06 17:02:11,0.0660347885,0.0215762422791863,1.01686888,159.7068379227969,160.4500038371948
2024-04-06 17:02:15,0.0660353918,0.0215754733275195,1.01683264,159.71116889123704,160.4551743012554
2024-04-06 17:02:19,0.0660372017,0.0215756655654362,1.0168417,159.7124655046391,160.4573103931097
2024-04-06 17:02:23,0.06603871,0.0215763704377974,1.01687492,159.71049095472375,160.45617530446418
2024-04-06 17:02:28,0.0660369001,0.0215757937240473,1.01684774,159.7093633899872,160.45609704213058
2024-04-06 17:02:32,0.0660365984,0.0215752810896028,1.01682358,159.71074017897564,160.4583132536766
2024-04-06 17:02:36,0.0660356934,0.0215747686673414,1.01679943,159.71106091323244,160.4594733932625
2024-04-06 17:02:40,0.0660402183,0.0215753451689083,1.0168266,159.71504865897697,160.46430052709343
2024-04-06 17:02:44,0.0660432349,0.0215759218826584,1.01685378,159.7163974779718,160.46648871691775
2024-04-06 17:02:48,0.0660432349,0.0215761141205751,1.01686284,159.7145291438454,160.46545973634974
2024-04-06 17:02:53,0.0660390117,0.021575537406825,1.01683566,159.7091817705052,160.46116153064833
2024-04-06 17:02:57,0.0660429333,0.0215752810896028,1.01682358,159.71657228898917,160.4693913637786
2024-04-06 17:03:01,0.0660450449,0.0215758578033529,1.01685076,159.71633848207048,160.46999685418888
2024-04-06 17:03:05,0.0660459499,0.0215750888516861,1.01681452,159.72119807121098,160.47569572332668
2024-04-06 17:03:09,0.0660444416,0.021574384191508,1.01678131,159.72149346646572,160.47683038123287
2024-04-06 17:03:13,0.0660444416,0.0215734230019245,1.01673601,159.72580022656737,160.48197638662583
2024-04-06 17:03:17,0.0660474582,0.0215748325344638,1.01680244,159.72269018376835,160.4797055717437
2024-04-06 17:03:22,0.0660477598,0.0215750888516861,1.01681452,159.7207964025156,160.47886080093252
2024-04-06 17:03:26,0.0660474582,0.0215748966137694,1.01680546,159.72045893242102,160.47936251961016
2024-04-06 17:03:30,0.0660507764,0.0215757296447417,1.01684472,159.720962826141,160.48070558468152
