time,voltage,current,shunt_voltage,temperature,temperature old
2024-02-12 22:08:43,0.1986266,0.0226861077338629,1.06917584,380.1179922788081,380.1179922788081
2024-02-12 22:08:47,0.198808199,0.0226827410241231,1.06901717,380.48868327914437,380.48581683814
2024-02-12 22:08:51,0.199036254,0.0226801615137993,1.0688956,380.92844703379996,380.92271404830825
2024-02-12 22:08:55,0.199100507,0.0226772747623018,1.06875955,381.0874890555746,381.0788894221513
2024-02-12 22:08:59,0.199171397,0.022675232924032,1.06866332,381.2452083049248,381.23374192016456
2024-02-12 22:09:03,0.199235047,0.0226742791608581,1.06861837,381.3736644151471,381.3593311756834
2024-02-12 22:09:08,0.199276375,0.0226727431671727,1.06854598,381.47285039954346,381.4549334464002
2024-02-12 22:09:12,0.199316194,0.0226722373225883,1.06852214,381.55290936151533,381.53212532123575
2024-02-12 22:09:16,0.199398547,0.0226718214436515,1.06850254,381.7057704139066,381.6821191832501
2024-02-12 22:09:20,0.199431729,0.0226702531981302,1.06842863,381.7905659815739,381.7640474573389
2024-02-12 22:09:24,0.199459784,0.0226693187436212,1.06838459,381.85670474007543,381.8273188190991
2024-02-12 22:09:28,0.199486631,0.0226689667318068,1.068368,381.9118021589122,381.8795487380703
2024-02-12 22:09:33,0.199510764,0.0226675841465251,1.06830284,381.9787067037447,381.9428687631115
2024-02-12 22:09:37,0.199536405,0.0226677698067648,1.06831159,382.023451407919,381.9847457355325
2024-02-12 22:09:41,0.199585877,0.0226672512311926,1.06828715,382.1205830751002,382.0790095679622
2024-02-12 22:09:45,0.199614233,0.0226672064605519,1.06828504,382.1736047698591,382.12916332501
2024-02-12 22:09:50,0.199631729,0.0226664126834588,1.06824763,382.2199071569537,382.171880645238
2024-02-12 22:09:54,0.199648321,0.0226662720060429,1.068241,382.25388266957225,382.20298798862814
2024-02-12 22:09:58,0.199681805,0.0226666751539919,1.06826,382.30897064001846,382.2552076870122
2024-02-12 22:10:02,0.199704128,0.0226653309738569,1.06819665,382.37144509134237,382.31481376347904
2024-02-12 22:10:07,0.199720116,0.0226645374089469,1.06815925,382.41512531243194,382.3549083715006
2024-02-12 22:10:11,0.199744248,0.0226651134861476,1.0681864,382.45124070814705,382.388155161211
2024-02-12 22:10:15,0.199759633,0.0226637372663598,1.06812154,382.5021160622768,382.4361618066668
2024-02-12 22:10:19,0.199779844,0.0226645244657759,1.06815864,382.5281428067149,382.45931973980026
2024-02-12 22:10:23,0.199782258,0.0226623099104374,1.06805427,382.5692869761311,382.4975949953197
2024-02-12 22:10:27,0.199817853,0.0226626044206233,1.06806815,382.62973787080716,382.5551768735456
2024-02-12 22:10:32,0.199820267,0.0226626491912639,1.06807026,382.63684785815695,382.5587004461757
2024-02-12 22:10:36,0.19983897,0.0226615995213148,1.06802079,382.68850599246997,382.60748933343456
2024-02-12 22:10:40,0.199845003,0.0226605880443293,1.06797312,382.71747009273275,382.6335840842152
2024-02-12 22:10:44,0.199853751,0.0226605048685419,1.0679692,382.73688643660034,382.6501309762114
2024-02-12 22:10:49,0.199883615,0.0226607546080871,1.06798097,382.78874727505945,382.698404855905
2024-02-12 22:10:53,0.199898095,0.0226601912618742,1.06795442,382.8255601209056,382.7323480196448
2024-02-12 22:10:58,0.19990805,0.0226588663904042,1.06789198,382.8669208137566,382.7701214660588
2024-02-12 22:11:02,0.199916798,0.0226598903861945,1.06794024,382.8692912081336,382.76962194828974
2024-02-12 22:11:06,0.199932182,0.022660498503048,1.0679689,382.88964644572934,382.7871071715624
2024-02-12 22:11:10,0.199958728,0.0226604600979012,1.06796709,382.9394371099938,382.83402771936494
2024-02-12 22:11:15,0.199965666,0.022659275903847,1.06791128,382.97337206434634,382.8643748845665
2024-02-12 22:11:19,0.199975923,0.0226587191353113,1.06788504,383.00272084425063,382.8908533183379
2024-02-12 22:11:23,0.199982258,0.0226588918523799,1.06789318,383.0139877735483,382.8992497994892
2024-02-12 22:11:27,0.199990403,0.0226589047955509,1.06789379,383.030875234888,382.91326671070766
2024-02-12 22:11:31,0.199992514,0.0226572981448828,1.06781807,383.06218313512574,382.9417039588877
2024-02-12 22:11:36,0.200013329,0.0226579767065358,1.06785005,383.0916491935746,382.967581558975
2024-02-12 22:11:40,0.200029618,0.0226582710045385,1.06786392,383.11841744131016,382.9914789254366
2024-02-12 22:11:44,0.200034445,0.0226573429155235,1.06782018,383.1440159808,383.0142064818411
2024-02-12 22:11:48,0.20003173,0.0226581623667755,1.0678588,383.12951998580525,382.99683940198815
2024-02-12 22:11:52,0.200047718,0.022657554249922,1.06783014,383.1696699988757,383.0341182284659
2024-02-12 22:11:57,0.200063706,0.0226575158447753,1.06782833,383.20175892834646,383.0626180316903
2024-02-12 22:12:01,0.20007909,0.0226588407162453,1.06789077,383.2110632617888,383.069050949778
2024-02-12 22:12:05,0.200087839,0.0226582839477095,1.06786453,383.23778762725277,383.0929037982778
2024-02-12 22:12:09,0.200100207,0.0226577846808023,1.067841,383.26994420748116,383.12218875997087
2024-02-12 22:12:13,0.200100508,0.0226569909037091,1.06780359,383.28557847081845,383.13495130324014
2024-02-12 22:12:18,0.200111368,0.0226569077279218,1.06779967,383.30940815856593,383.1551911981808
2024-02-12 22:12:22,0.200118608,0.0226561589336524,1.06776438,383.3364642825098,383.1793753737484
2024-02-12 22:12:26,0.200132183,0.0226561205285057,1.06776257,383.3636265380717,383.2036655795262
2024-02-12 22:12:31,0.200154204,0.0226574006293351,1.0678229,383.3859181072595,383.2223669439374
2024-02-12 22:12:35,0.200150282,0.0226568245521344,1.06779575,383.39082764195973,383.224404200826
2024-02-12 22:12:39,0.20015541,0.022656478905814,1.06777946,383.40798233894816,383.23868651871936
2024-02-12 22:12:43,0.200170493,0.0226569077279218,1.06779967,383.4305715479512,383.25840324738255
2024-02-12 22:12:48,0.200184068,0.0226573238190417,1.06781928,383.4514423044836,383.2756832611729
2024-02-12 22:12:52,0.200183766,0.0226562228007748,1.06776739,383.4707699976031,383.2921382462917
2024-02-12 22:12:56,0.200187386,0.0226557298993615,1.06774416,383.48756564543453,383.3060610850021
2024-02-12 22:13:00,0.200184671,0.0226557492080264,1.06774507,383.48540088180977,383.3010234111742
2024-02-12 22:13:04,0.200200659,0.0226560500837062,1.06775925,383.51154406340277,383.3242935815204
2024-02-12 22:13:09,0.200211519,0.0226556339925863,1.06773964,383.5405137966398,383.3496719086645
2024-02-12 22:13:13,0.200216949,0.0226552499411191,1.06772154,383.5587922520818,383.36507712565134
2024-02-12 22:13:17,0.200222982,0.0226553524255714,1.06772637,383.5706170101653,383.3740285443603
2024-02-12 22:13:21,0.200230222,0.0226553651565593,1.06772697,383.58593388538526,383.3864719793248
2024-02-12 22:13:26,0.200230523,0.0226544243365563,1.06768263,383.60456870151376,383.4015148533282
2024-02-12 22:13:30,0.20024259,0.0226560755456819,1.06776045,383.60303046651177,383.39710295122825
2024-02-12 22:13:34,0.200246511,0.0226542898124513,1.06767629,383.6403061043566,383.4315048212184
2024-02-12 22:13:38,0.200241082,0.0226537778145561,1.06765216,383.64160277479107,383.4299276230796
2024-02-12 22:13:42,0.200257673,0.0226539762057836,1.06766151,383.67038232260063,383.4558332016357
2024-02-12 22:13:46,0.200263404,0.0226541489228523,1.06766965,383.68059680294954,383.46317361208907
2024-02-12 22:13:51,0.200261293,0.0226535985198104,1.06764371,383.6889990571685,383.4679831374689
2024-02-12 22:13:55,0.200262499,0.0226535664801576,1.0676422,383.694473577134,383.4705833612338
2024-02-12 22:13:59,0.200276677,0.0226535280750109,1.06764039,383.72269577105504,383.49593115843646
2024-02-12 22:14:03,0.200298397,0.0226547443087179,1.06769771,383.7447187297686,383.5150796199518
2024-02-12 22:14:07,0.200301112,0.0226537330439155,1.06765005,383.7679448062882,383.5354310988317
2024-02-12 22:14:12,0.200306542,0.0226545906881311,1.06769047,383.7677788652486,383.53167176955446
2024-02-12 22:14:16,0.20030805,0.0226538162197029,1.06765397,383.7852427780702,383.5462608588823
2024-02-12 22:14:20,0.200303827,0.0226534385337296,1.06763617,383.78657516158484,383.5447183185855
2024-02-12 22:14:24,0.20031529,0.0226528497255411,1.06760842,383.81855645581413,383.573824588724
2024-02-12 22:14:28,0.200326451,0.0226538353161846,1.06765487,383.82570164838944,383.5780946569671
2024-02-12 22:14:32,0.200333691,0.0226537650835683,1.06765156,383.84230255039284,383.5918203344351
2024-02-12 22:14:36,0.200333691,0.0226536178284754,1.06764462,383.8474516071229,383.5940940664647
2024-02-12 22:14:41,0.200342741,0.0226537010042627,1.06764854,383.86556333744187,383.6086115001089
2024-02-12 22:14:45,0.200330373,0.0226518064210859,1.06755925,383.87609972588893,383.6162723386232
2024-02-12 22:14:49,0.200341836,0.0226532208338372,1.06762591,383.87714908651844,383.61444604927874
2024-02-12 22:14:53,0.200344249,0.0226526447566365,1.06759876,383.8931343919587,383.6275556047418
2024-02-12 22:14:57,0.200355109,0.0226522416086876,1.06757976,383.9211996570792,383.6527450199199
2024-02-12 22:15:01,0.200356315,0.0226519727726606,1.06756709,383.9303336789762,383.6590030919472
2024-02-12 22:15:06,0.200362047,0.0226523504586338,1.06758489,383.93810452257037,383.66317885774
2024-02-12 22:15:10,0.200360237,0.0226525615808491,1.06759484,383.9345593694554,383.6567575300585
2024-02-12 22:15:14,0.200373208,0.0226520623139419,1.06757131,383.9677967987397,383.6871186849729
2024-02-12 22:15:18,0.200378337,0.0226515759902056,1.06754839,383.9871417568759,383.7035872689736
2024-02-12 22:15:23,0.200390705,0.0226528367823701,1.06760781,383.99285876223456,383.7057086664257
2024-02-12 22:15:27,0.200388593,0.0226525168102085,1.06759273,383.99699003937934,383.70696334510166
2024-02-12 22:15:31,0.200388593,0.0226522863793282,1.06758187,384.0034262585414,383.7105228661531
2024-02-12 22:15:35,0.200398246,0.0226522479741815,1.06758006,384.02375242828083,383.72797223817776
2024-02-12 22:15:39,0.200406693,0.0226529585754873,1.06761355,384.0304018897452,383.7317448023613
2024-02-12 22:15:43,0.200403978,0.0226520368519661,1.06757011,384.0427771467265,383.7412430625338
2024-02-12 22:15:48,0.200412424,0.0226511342249268,1.06752757,384.07506807811035,383.7699376080032
2024-02-12 22:15:52,0.200406391,0.0226513262506604,1.06753662,384.06444295194666,383.75643526123145
2024-02-12 22:15:56,0.200417854,0.0226513903299659,1.06753964,384.08634794052546,383.7754629297974
2024-02-12 22:16:00,0.200421474,0.0226519152710321,1.06756438,384.0874360835674,383.77367365345975
2024-02-12 22:16:04,0.200425395,0.0226523568241277,1.06758519,384.0903383815798,383.77369843276375
2024-02-12 22:16:08,0.200430524,0.0226512942110076,1.06753511,384.1185912108036,383.79907364398815
2024-02-12 22:16:13,0.200425697,0.0226502638497234,1.06748655,384.12968070004285,383.8065659711581
2024-02-12 22:16:17,0.20043354,0.0226514544092715,1.06754266,384.12785763605757,383.80186506590735
2024-02-12 22:16:21,0.200437764,0.0226518384607386,1.06756076,384.1321774458014,383.803306935218
2024-02-12 22:16:25,0.200440478,0.0226507951562834,1.06751159,384.1559170920511,383.8241685419047
2024-02-12 22:16:29,0.200443797,0.0226513007886846,1.06753542,384.15677750283487,383.8221508140334
2024-02-12 22:16:34,0.200445305,0.0226500204756721,1.06747508,384.1827951057122,383.8445706043015
2024-02-12 22:16:38,0.2004444,0.0226506285925256,1.06750374,384.1746947035079,383.83359184062346
2024-02-12 22:16:42,0.200447417,0.0226500781894837,1.0674778,384.1913483658768,383.84736704254976
2024-02-12 22:16:47,0.20045345,0.0226498734327623,1.06746815,384.20864746630576,383.86106792830776
2024-02-12 22:16:51,0.200451338,0.0226497005035105,1.06746,384.2105104803756,383.8600522593931
2024-02-12 22:16:55,0.200457371,0.0226491564659626,1.06743436,384.2323348558761,383.878997853063
2024-02-12 22:16:59,0.200463405,0.0226489260350823,1.0674235,384.2493141160982,383.8930982326462
2024-02-12 22:17:04,0.200464611,0.0226499693395375,1.06747267,384.23889215921616,383.8790775360741
2024-02-12 22:17:08,0.200470644,0.0226504111048163,1.06749349,384.2454791067717,383.8827853808104
2024-02-12 22:17:12,0.200479091,0.0226506926718312,1.06750676,384.25875790763234,383.8931849801663
2024-02-12 22:17:16,0.200475773,0.0226494957467891,1.06745035,384.27434435917957,383.9058921315612
2024-02-12 22:17:21,0.200473963,0.0226486187939086,1.06740902,384.28833931363295,383.91628782215855
2024-02-12 22:17:25,0.200483917,0.0226492780468967,1.06744009,384.2984120468687,383.9234810334227
2024-02-12 22:17:29,0.200485727,0.022648836493801,1.06741928,384.31127922282866,383.9334685888863
2024-02-12 22:17:33,0.200483012,0.0226487403748427,1.06741475,384.3109030942546,383.9302127413286
2024-02-12 22:17:37,0.200494777,0.022648970805723,1.06742561,384.3307683681835,383.9471981978243
2024-02-12 22:17:42,0.200486632,0.0226483756320405,1.06739756,384.3293444948059,383.94217441426827
2024-02-12 22:17:46,0.20049719,0.0226495532484176,1.06745306,384.3324578165554,383.9424076972112
2024-02-12 22:17:50,0.200512575,0.0226495725570825,1.06745397,384.3619092746985,383.9689790182208
2024-02-12 22:17:54,0.200510765,0.0226496941380166,1.0674597,384.3597485520643,383.9639380601639
2024-02-12 22:17:58,0.200516497,0.0226499436653787,1.06747146,384.36878172715717,383.9700909015826
2024-02-12 22:18:02,0.200518005,0.0226500972859655,1.0674787,384.37192067077564,383.970349413313
2024-02-12 22:18:07,0.200520117,0.0226504879151097,1.06749711,384.3731703341995,383.9679983988207
2024-02-12 22:18:11,0.20051891,0.0226493421262022,1.06744311,384.39165863578745,383.9836060476772
2024-02-12 22:18:15,0.200523435,0.0226485035784685,1.06740359,384.4154090460728,384.00447570713936
2024-02-12 22:18:19,0.200529468,0.0226486765077202,1.06741174,384.4261529181009,384.0123387302907
2024-02-12 22:18:23,0.200526753,0.022649905260232,1.06746965,384.40529167946266,383.9885965447594
2024-02-12 22:18:27,0.20052796,0.0226485228871334,1.0674045,384.43165666405605,384.0120804844811
2024-02-12 22:18:32,0.200530373,0.022648701969696,1.06741294,384.43670326691074,384.0135256435212
2024-02-12 22:18:36,0.200537613,0.0226484524423339,1.06740118,384.4560887329321,384.0300298443566
2024-02-12 22:18:40,0.200532786,0.0226485356181212,1.0674051,384.4492529476595,384.0203126960418
2024-02-12 22:18:44,0.200532485,0.022648554714603,1.067406,384.45131336364426,384.0194916511656
2024-02-12 22:18:48,0.200537914,0.0226487467403366,1.06741505,384.46070755463734,384.0260042835165
2024-02-12 22:18:53,0.200550283,0.0226485483491091,1.0674057,384.4889814048625,384.05067604799154
2024-02-12 22:18:57,0.200549076,0.022648842859295,1.06741958,384.4852002473328,384.04401311194925
2024-02-12 22:19:01,0.200556919,0.0226492653159088,1.06743949,384.49524691925757,384.05117790770254
2024-02-12 22:19:05,0.200559332,0.0226495852880704,1.06745457,384.49739478791133,384.0504438025632
2024-02-12 22:19:09,0.200561746,0.0226487467403366,1.06741505,384.51746208008495,384.0676290233598
2024-02-12 22:19:14,0.200559031,0.0226495468829237,1.06745276,384.50394782805546,384.0505120449386
2024-02-12 22:19:18,0.200565969,0.0226483115527349,1.06739454,384.5380541774544,384.0817361035337
2024-02-12 22:19:22,0.200570494,0.0226488555902828,1.06742018,384.5404251339928,384.0812246718062
2024-02-12 22:19:26,0.200572605,0.0226487340093487,1.06741445,384.54887522521506,384.08679227733785
2024-02-12 22:19:31,0.20056627,0.0226484394991629,1.06740057,384.5459690143456,384.0802828224092
2024-02-12 22:19:35,0.200568985,0.0226490989643341,1.06743165,384.5433937089961,384.07482481230096
2024-02-12 22:19:39,0.200571097,0.022647229843133,1.06734356,384.5788773153216,384.1074256165651
2024-02-12 22:19:43,0.20058618,0.022648157932148,1.0673873,384.5937485267303,384.119413928647
2024-02-12 22:19:47,0.200581957,0.0226484140371872,1.06739937,384.5852936605821,384.1080760659443
2024-02-12 22:19:52,0.200583465,0.022648305187241,1.06739424,384.59321528897055,384.11239381197015
2024-02-12 22:19:56,0.200583163,0.0226479147702799,1.06737584,384.60161052227994,384.11790583009935
2024-02-12 22:20:00,0.200584973,0.0226485931197497,1.06740781,384.5971617254261,384.1105737209593
2024-02-12 22:20:04,0.200601866,0.0226495661915886,1.06745367,384.6144980350222,384.1250266212004
2024-02-12 22:20:08,0.200596738,0.0226489453437472,1.06742441,384.61802901236996,384.1256740921619
2024-02-12 22:20:13,0.200598246,0.0226484588078278,1.06740148,384.63179398978997,384.1358345502058
2024-02-12 22:20:17,0.200600961,0.0226489771712169,1.06742591,384.63140080469253,384.1325576405385
2024-02-12 22:20:21,0.200607598,0.0226488812644417,1.06742139,384.6473605081755,384.14563352254186
2024-02-12 22:20:25,0.200616346,0.022648164297642,1.0673876,384.6766164438954,384.1720055399098
2024-02-12 22:20:30,0.200611821,0.0226488171851361,1.06741837,384.66221677285387,384.1540008347585
2024-02-12 22:20:34,0.200626602,0.0226503597564986,1.06749107,384.66705294995535,384.1559528756818
2024-02-12 22:20:38,0.200612726,0.0226489837488939,1.06742622,384.66698897921776,384.15300467201513
2024-02-12 22:20:42,0.200612424,0.0226484140371872,1.06739937,384.67815983367103,384.1612911968258
2024-02-12 22:20:47,0.200615139,0.0226487724144955,1.06741626,384.68096299192325,384.1604888070781
2024-02-12 22:20:51,0.200607598,0.0226484140371872,1.06739937,384.6762205359895,384.1528618040326
2024-02-12 22:20:55,0.200616346,0.0226480938528425,1.06738428,384.69933884244267,384.1730954667818
2024-02-12 22:21:00,0.200616949,0.0226487787799894,1.06741656,384.69340105004216,384.1635517339752
2024-02-12 22:21:04,0.200618759,0.0226490796556692,1.06743074,384.69479242232256,384.16205824535547
2024-02-12 22:21:08,0.200622379,0.0226489387660702,1.0674241,384.70617986167804,384.17056072733976
2024-02-12 22:21:13,0.200627507,0.02264844607684,1.06740088,384.72636583846685,384.18714037180894
2024-02-12 22:21:17,0.200616648,0.0226473323275852,1.06734839,384.7275164299321,384.1854057889795
2024-02-12 22:21:22,0.200621172,0.0226476522997468,1.06736347,384.7340742822695,384.1883570379607
2024-02-12 22:21:26,0.200621172,0.0226480938528425,1.06738428,384.7301276140827,384.18152497874433
2024-02-12 22:21:30,0.200634144,0.02264749867916,1.06735623,384.76488092124157,384.21339279860746
2024-02-12 22:21:34,0.200638367,0.0226488939954295,1.06742199,384.7535521474991,384.1991784413404
2024-02-12 22:21:38,0.200636557,0.0226479659064145,1.06737825,384.7676370656921,384.21037767981727
2024-02-12 22:21:43,0.200632636,0.0226475818549473,1.06736015,384.77033823246893,384.20947161173615
2024-02-12 22:21:47,0.200631731,0.0226463337937707,1.06730133,384.7909570923191,384.2272045755751
2024-02-12 22:21:51,0.200644702,0.0226476843393996,1.06736498,384.79560038456987,384.228961875744
2024-02-12 22:21:55,0.200632032,0.0226469994122527,1.0673327,384.7869542340436,384.2174296371024
2024-02-12 22:22:00,0.20064259,0.0226481452011602,1.0673867,384.7912734830792,384.2181411410033
2024-02-12 22:22:04,0.200649528,0.022648433133669,1.06740027,384.8018227680784,384.2258041219478
2024-02-12 22:22:08,0.20064621,0.0226480554476957,1.06738247,384.8047581418117,384.2258530957137
2024-02-12 22:22:13,0.200643194,0.0226470441828933,1.06733481,384.8187476207751,384.2362344398974
2024-02-12 22:22:17,0.200643797,0.0226469035054775,1.06732818,384.8248646616435,384.23946486513074
2024-02-12 22:22:21,0.200653148,0.0226474282343605,1.06735291,384.83596476536286,384.2476782574232
2024-02-12 22:22:25,0.20065345,0.0226466474004383,1.06731611,384.8514638399739,384.2602905248527
2024-02-12 22:22:29,0.200650433,0.0226472746137736,1.06734567,384.83937345175906,384.2453132337384
2024-02-12 22:22:34,0.200646814,0.0226466474004383,1.06731611,384.8463675242631,384.2486985430719
2024-02-12 22:22:38,0.200650132,0.0226471914379862,1.06734175,384.84663078926974,384.2460746899501
2024-02-12 22:22:42,0.200655562,0.022646820117507,1.06732425,384.8647499553299,384.2613066422848
2024-02-12 22:22:47,0.200652243,0.0226458217958755,1.0672772,384.8780130586368,384.2709605940581
2024-02-12 22:22:51,0.200658578,0.0226469994122527,1.0673327,384.8737399479912,384.2638000547294
2024-02-12 22:22:56,0.200663405,0.0226465705901449,1.06731249,384.89241845500766,384.2788691416323
2024-02-12 22:23:00,0.200659483,0.0226467562503845,1.06732124,384.88558139233425,384.26914443550567
2024-02-12 22:23:04,0.200657372,0.0226459113371568,1.06728142,384.8978591538695,384.2785344581944
2024-02-12 22:23:09,0.200654355,0.0226470571260643,1.06733542,384.87846456310723,384.2555300597839
2024-02-12 22:23:13,0.200663103,0.0226473450585731,1.06734899,384.8921771427327,384.2663546860637
2024-02-12 22:23:17,0.20066612,0.0226470378173994,1.06733451,384.9050905576038,384.2763800523165
2024-02-12 22:23:22,0.200666723,0.0226474218688665,1.06735261,384.9038099174637,384.2714892174824
2024-02-12 22:23:26,0.200679091,0.0226473770982259,1.0673505,384.92899526341387,384.29378630058574
2024-02-12 22:23:30,0.200673058,0.0226462506179833,1.06729741,384.9387816072689,384.3006842864413
2024-02-12 22:23:35,0.200676376,0.0226468651003307,1.06732637,384.93867660584016,384.2969687037616
2024-02-12 22:23:39,0.200672455,0.0226468073865191,1.06732365,384.9356092269973,384.29101275296136
2024-02-12 22:23:43,0.200680298,0.0226471082621989,1.06733783,384.94754099113754,384.3000558501119
2024-02-12 22:23:48,0.200678789,0.0226466664969201,1.06731701,384.9553541235435,384.30425801519806
2024-02-12 22:23:52,0.200676979,0.0226460008784381,1.06728564,384.9653847642047,384.31139977518205
2024-02-12 22:23:57,0.200684823,0.022646564224651,1.06731219,384.97397790355996,384.3163816802248
2024-02-12 22:24:01,0.200684521,0.0226469482761181,1.06733029,384.97039445107015,384.30990913355726
2024-02-12 22:24:05,0.200678186,0.0226460840542255,1.06728956,384.97559521776833,384.31222071124864
2024-02-12 22:24:09,0.200682108,0.0226462826576361,1.06729892,384.98226139192417,384.3159976016054
2024-02-12 22:24:13,0.200680599,0.022647095531211,1.06733723,384.96993187275876,384.3007787038857
2024-02-12 22:24:17,0.200691459,0.022646416969558,1.06730525,385.0022960742979,384.3302534321522
2024-02-12 22:24:21,0.200683918,0.0226461097283843,1.06729077,384.99676868056406,384.321836470464
2024-02-12 22:24:26,0.200690554,0.0226466601314262,1.06731671,385.0034525631535,384.3249082600211
2024-02-12 22:24:30,0.200679091,0.022645360934115,1.06725548,385.00643012590456,384.3249960419195
2024-02-12 22:24:34,0.200690252,0.0226464617401987,1.06730736,385.0117758442945,384.3274518848952
2024-02-12 22:24:38,0.200685426,0.022646436278223,1.06730616,385.006629589571,384.31941566023255
2024-02-12 22:24:42,0.200693269,0.022646167442196,1.06729349,385.0273821928549,384.3372781990895
2024-02-12 22:24:47,0.200690554,0.0226453993392617,1.06725729,385.0381434699664,384.3444267628497
2024-02-12 22:24:51,0.200700811,0.0226457256769172,1.06727267,385.0538997318444,384.3572927478377
2024-02-12 22:24:55,0.200707447,0.0226472107466512,1.06734266,385.045390993846,384.34589363858095
2024-02-12 22:24:59,0.200702319,0.0226466217262795,1.0673149,385.0484423501721,384.34605452931726
2024-02-12 22:25:03,0.200709559,0.0226474666395072,1.06735472,385.0508998496614,384.3456214689223
2024-02-12 22:25:07,0.200698699,0.0226470121432405,1.0673333,385.041856024484,384.3336869896029
2024-02-12 22:25:12,0.200711369,0.0226469673725999,1.06733119,385.0682949234412,384.3565124383885
2024-02-12 22:25:16,0.20070624,0.0226471082621989,1.06733783,385.06004513299,384.34537178184985
2024-02-12 22:25:20,0.200699604,0.0226463337937707,1.06730133,385.06333367885486,384.34576936748886
2024-02-12 22:25:24,0.200712575,0.0226468778313186,1.06732697,385.080460758862,384.3600053931688
2024-02-12 22:25:28,0.200708352,0.0226461865386778,1.06729439,385.0866775313473,384.3633310172622
2024-02-12 22:25:33,0.20070986,0.0226471978034802,1.06734205,385.0772696479515,384.350309066154
2024-02-12 22:25:37,0.200705939,0.0226462185783305,1.0672959,385.0884716280289,384.3586196863284
2024-02-12 22:25:41,0.200718005,0.0226465321849982,1.06731068,385.1075856682967,384.3748422727477
2024-02-12 22:25:45,0.200704732,0.0226462697144651,1.06729831,385.0913544218186,384.3557194785126
2024-02-12 22:25:49,0.200705939,0.0226457000027583,1.06727146,385.1051751616704,384.36664857673554
2024-02-12 22:25:53,0.200705335,0.0226450407497703,1.06724039,385.11721918368625,384.3758008632874
2024-02-12 22:25:58,0.20070805,0.0226454184357435,1.06725819,385.1197290819712,384.3746959603426
2024-02-12 22:26:02,0.200710464,0.022645347990944,1.06725487,385.12792895099705,384.3800038829096
2024-02-12 22:26:06,0.200710464,0.0226466730745972,1.06731732,385.1103049010939,384.3594877928317
2024-02-12 22:26:10,0.200711067,0.0226467114797439,1.06731913,385.1136558091742,384.35994656705793
2024-02-12 22:26:14,0.200709559,0.0226459113371568,1.06728142,385.12630187687046,384.36970040725765
2024-02-12 22:26:18,0.20072072,0.0226459370113157,1.06728263,385.1482941234537,384.3888003327384
2024-02-12 22:26:23,0.200708352,0.0226444328450999,1.06721174,385.15359393517076,384.3904846114999
2024-02-12 22:26:27,0.200711067,0.0226450984635819,1.06724311,385.15092284015145,384.3849209848989
2024-02-12 22:26:31,0.2007171,0.0226461290370493,1.06729168,385.14839774179404,384.3795032614728
2024-02-12 22:26:35,0.200716799,0.0226451495997165,1.06724552,385.16593011107176,384.3941429122317
2024-02-12 22:26:39,0.200722832,0.0226460969973965,1.06729017,385.1646926563428,384.3900126455704
2024-02-12 22:26:44,0.200711369,0.0226447975879021,1.06722893,385.1684036083627,384.3901074513678
2024-02-12 22:26:48,0.200723737,0.022645885662998,1.06728021,385.17605506470466,384.3948658857305
2024-02-12 22:26:52,0.200712274,0.0226448807636895,1.06723285,385.174482848547,384.3904005542991
2024-02-12 22:26:56,0.200723133,0.0226445735225158,1.06721837,385.2011047651993,384.4141292624196
2024-02-12 22:27:00,0.200721022,0.0226457320424111,1.06727297,385.1823704307454,384.39250162621227
2024-02-12 22:27:05,0.200724038,0.0226453288944622,1.06725397,385.19749857724815,384.4040130144864
2024-02-12 22:27:09,0.200718005,0.0226449064378483,1.06723406,385.19639416231826,384.4000150881884
2024-02-12 22:27:13,0.200716195,0.0226451239255576,1.06724431,385.19275796264094,384.3934852840403
2024-02-12 22:27:17,0.200721323,0.0226452457186748,1.06725005,385.2027242760552,384.40055789991777
2024-02-12 22:27:21,0.200721022,0.0226445223863812,1.06721596,385.2162932950833,384.4112331283793
2024-02-12 22:27:25,0.200720117,0.022645079154917,1.0672422,385.20898429973533,384.40103024947166
2024-02-12 22:27:29,0.20072072,0.0226445096553933,1.06721536,385.22175069551895,384.4109026687392
2024-02-12 22:27:34,0.20071891,0.0226449128033423,1.06723436,385.215963201348,384.4014975732583
2024-02-12 22:27:38,0.200727055,0.0226455656908364,1.06726513,385.22297668909323,384.4056168754684
2024-02-12 22:27:42,0.200728262,0.022645360934115,1.06725548,385.23115025048264,384.4108961584847
2024-02-12 22:27:46,0.200733691,0.0226442215107014,1.06720178,385.2611746811145,384.438026217942
2024-02-12 22:27:50,0.200722228,0.0226445928311807,1.06721928,385.2382920986611,384.412249171549
2024-02-12 22:27:55,0.200734596,0.0226456615976116,1.06726965,385.2469667730064,384.41730563557456
2024-02-12 22:27:59,0.20073882,0.0226458152181985,1.06727689,385.2548617205789,384.4223059106193
2024-02-12 22:28:03,0.200733088,0.0226455593253425,1.06726483,385.25170550616303,384.4162549310293
2024-02-12 22:28:07,0.200736708,0.0226458345268634,1.0672778,385.2566627783337,384.4183173454157
2024-02-12 22:28:11,0.20074063,0.0226463210627828,1.06730073,385.2588751378045,384.4176347545284
2024-02-12 22:28:16,0.200735501,0.0226452841238215,1.06725186,385.2695912823682,384.4247320810183
2024-02-12 22:28:20,0.200734898,0.022645482515049,1.06726121,385.26836076332495,384.4206064034593
2024-02-12 22:28:24,0.200733691,0.0226446055621685,1.06721988,385.282728023814,384.4320784129773
2024-02-12 22:28:28,0.200738216,0.0226446632759802,1.0672226,385.29263493521745,384.43908998099073
2024-02-12 22:28:32,0.200737915,0.0226450280187824,1.06723979,385.2893558364348,384.43291544643546
2024-02-12 22:28:36,0.200737311,0.0226435047560848,1.067168,385.31478772553504,384.4554518074169
2024-02-12 22:28:41,0.200735501,0.0226452841238215,1.06725186,385.28768753909145,384.4247320810183
2024-02-12 22:28:45,0.200730373,0.0226447655482493,1.06722742,385.28965530328225,384.4238041094443
2024-02-12 22:28:49,0.200737613,0.0226453800305968,1.06725638,385.2956835373455,384.42693651551457
2024-02-12 22:28:53,0.200732786,0.0226439399436865,1.06718851,385.3124487930412,384.44080585102574
2024-02-12 22:28:57,0.200734596,0.0226436902041413,1.06717674,385.32237499028713,384.4478360359318
2024-02-12 22:29:01,0.200740931,0.0226455977304892,1.06726664,385.3067967561353,384.429361697321
2024-02-12 22:29:06,0.200738518,0.0226447784914203,1.06722803,385.3188885705439,384.4378332516689
2024-02-12 22:29:10,0.200748774,0.0226447335085966,1.06722591,385.34039919891126,384.45644756844223
2024-02-12 22:29:15,0.200743948,0.022644951208489,1.06723617,385.3322168907214,384.4446447413877
2024-02-12 22:29:19,0.20074063,0.0226456361356359,1.06726845,385.31870978946034,384.4282411215814
2024-02-12 22:29:23,0.200751791,0.0226449321120072,1.06723527,385.35200774393076,384.4586424655872
2024-02-12 22:29:27,0.200747266,0.0226440935642734,1.06719575,385.3599865810406,384.4637246003493
2024-02-12 22:29:31,0.200732786,0.0226437926885936,1.06718157,385.34224526543846,384.4430864905526
2024-02-12 22:29:36,0.200752093,0.0226448680327016,1.06723225,385.3629424228882,384.4601625261546
2024-02-12 22:29:40,0.200751489,0.0226452457186748,1.06725005,385.3589347398545,384.4532578424036
2024-02-12 22:29:44,0.200748774,0.0226450152877945,1.06723919,385.3606574487075,384.4520834588102
2024-02-12 22:29:48,0.200746361,0.0226455847873182,1.06726603,385.3505193598272,384.4390481857907
2024-02-12 22:29:53,0.200745456,0.0226447912224082,1.06722863,385.36484977954143,384.4497569964431
2024-02-12 22:29:57,0.200745456,0.0226448296275549,1.06723044,385.36715237535066,384.4491622019367
2024-02-12 22:30:01,0.200745456,0.0226444712502466,1.06721355,385.3756003042778,384.45471264897327
2024-02-12 22:30:05,0.200748473,0.0226448423585428,1.06723104,385.3780210889224,384.4542358601884
2024-02-12 22:30:09,0.200749076,0.0226449768826478,1.06723738,385.3798887579675,384.45320586430114
2024-02-12 22:30:13,0.200760237,0.0226446503328092,1.06722199,385.40734299898827,384.4777623489232
2024-02-12 22:30:18,0.200755713,0.0226455272856897,1.06726332,385.3894794307,384.4562764565667
2024-02-12 22:30:22,0.200754808,0.022645360934115,1.06725548,385.3933727137883,384.45727177758886
2024-02-12 22:30:26,0.200752394,0.0226440742556085,1.06719484,385.41198181129596,384.4729828216813
2024-02-12 22:30:30,0.200753903,0.0226448487240367,1.06723134,385.4055208649936,384.4636237306509
2024-02-12 22:30:34,0.200759634,0.0226451239255576,1.06724431,385.4141689940596,384.4693736237121
2024-02-12 22:30:38,0.200758729,0.0226448680327016,1.06723225,385.41944960818466,384.4717559105919
2024-02-12 22:30:43,0.200748473,0.0226456872717705,1.06727086,385.39246740073617,384.4411506658347
2024-02-12 22:30:47,0.200763857,0.0226452264100099,1.06724914,385.4293792499541,384.4751639826481
2024-02-12 22:30:51,0.200757221,0.022645610461477,1.06726724,385.4147366369319,384.4576227460982
2024-02-12 22:30:55,0.200764461,0.0226457193114233,1.06727237,385.4285976873683,384.4685850819199
2024-02-12 22:30:59,0.200767779,0.0226449832481418,1.06723768,385.4486934883358,384.48578207722153
2024-02-12 22:31:03,0.200763254,0.0226455145547018,1.06726272,385.435458016739,384.469647708944
2024-02-12 22:31:08,0.200775019,0.0226468841968125,1.06732727,385.43842226523236,384.4689882086517
2024-02-12 22:31:12,0.20077713,0.0226469353329471,1.06732968,385.44421709802737,384.4718839401142
2024-02-12 22:31:16,0.200770494,0.02264575771657,1.06727418,385.45376212665076,384.4785297765075
2024-02-12 22:31:20,0.200758428,0.0226450023446235,1.06723858,385.44728141292086,384.46914977968567
2024-02-12 22:31:25,0.200767176,0.0226452711806505,1.06725125,385.4620247604091,384.4802688955899
2024-02-12 22:31:29,0.200761444,0.022644554426034,1.06721747,385.4660119077041,384.48135655548606
2024-02-12 22:31:33,0.200767176,0.0226457704475578,1.06727478,385.4600910661765,384.4725361358151
2024-02-12 22:31:37,0.200770192,0.0226455977304892,1.06726664,385.47093469294794,384.4804800937345
2024-02-12 22:31:42,0.200769589,0.022645213679022,1.06724854,385.47945438160275,384.4853750688205
2024-02-12 22:31:46,0.200772606,0.0226459370113157,1.06728263,385.47642162126937,384.4794424356724
2024-02-12 22:31:50,0.200762047,0.0226465385504921,1.06731098,385.45155946903594,384.4516803200329
2024-02-12 22:31:54,0.200759031,0.0226443303606476,1.06720691,385.48339064830907,384.4806114453443
2024-02-12 22:31:58,0.200765366,0.0226452841238215,1.06725186,385.48258568028393,384.4769063328378
2024-02-12 22:32:03,0.200772606,0.0226452904893155,1.06725216,385.4987607598474,384.48945610456127
2024-02-12 22:32:07,0.200767779,0.0226463274282768,1.06730103,385.4771682967026,384.4649632933975
2024-02-12 22:32:11,0.200765366,0.0226446503328092,1.06722199,385.5018284658212,384.4867230240944
2024-02-12 22:32:15,0.200757221,0.022644803953396,1.06722923,385.4881198243722,384.4701138538568
2024-02-12 22:32:19,0.200768081,0.0226457768130518,1.06727508,385.49492514886185,384.474018559227
2024-02-12 22:32:24,0.200772304,0.0226459304336386,1.06728232,385.50354921922656,384.4790167287192
2024-02-12 22:32:28,0.200772907,0.0226460329180909,1.06728715,385.50591617632654,384.4784828635866
2024-02-12 22:32:32,0.20077532,0.0226453927615846,1.06725698,385.5229476133323,384.4926133881455
2024-02-12 22:32:36,0.200771097,0.0226462249438245,1.0672962,385.50558206756256,384.4723468397506
2024-02-12 22:32:40,0.200770192,0.0226444776157405,1.06721385,385.53396600803393,384.49782968745455
2024-02-12 22:32:45,0.200765064,0.0226449128033423,1.06723436,385.52189279880145,384.48212998555454
2024-02-12 22:32:49,0.200767779,0.022645347990944,1.06725487,385.52279677199556,384.480132663292
2024-02-12 22:32:53,0.200772606,0.0226457129459293,1.06727207,385.5284783063206,384.48291281213454
2024-02-12 22:32:57,0.200784672,0.0226464746833697,1.06730797,385.54066043468816,384.4921934650295
2024-02-12 22:33:01,0.200779242,0.0226459817819563,1.06728474,385.54171037522974,384.4903418401445
2024-02-12 22:33:06,0.200768986,0.0226461160938783,1.06729107,385.52534048027906,384.47034486196713
2024-02-12 22:33:10,0.200775924,0.022645885662998,1.06728021,385.5439315419516,384.4860341559474
2024-02-12 22:33:15,0.200778639,0.0226451816393693,1.06724703,385.56320659555246,384.5016818736027
2024-02-12 22:33:19,0.200776527,0.0226453159512912,1.06725336,385.56033844145094,384.4959117497245
2024-02-12 22:33:23,0.200767477,0.0226451111945698,1.06724371,385.5506014745281,384.48327272326776
2024-02-12 22:33:28,0.200768684,0.0226443176296598,1.06720631,385.568629716777,384.497673264933
2024-02-12 22:33:32,0.200767779,0.0226449064378483,1.06723406,385.56083050986337,384.4869717966628
2024-02-12 22:33:36,0.200759634,0.022643210245899,1.06715412,385.57577662554024,384.4990155613424
2024-02-12 22:33:40,0.200761444,0.0226441767400608,1.06719967,385.5668701766586,384.4872066718584
2024-02-12 22:33:44,0.200768081,0.0226445287518751,1.06721626,385.5759155659361,384.49334953096434
2024-02-12 22:33:48,0.200762349,0.022644554426034,1.06721747,385.5684063069413,384.4829376522644
2024-02-12 22:33:52,0.200761142,0.0226438117850754,1.06718247,385.58070351065396,384.4923321467742
2024-02-12 22:33:57,0.200761444,0.0226440615246206,1.06719424,385.5809912010418,384.48899132485656
2024-02-12 22:34:01,0.200772304,0.0226444839812345,1.06721415,385.59632370762466,384.50142092099713
2024-02-12 22:34:05,0.200759936,0.0226442471848603,1.06720299,385.5812866835166,384.4834808970652
2024-02-12 22:34:09,0.200764762,0.0226437606489408,1.06718006,385.60015773686854,384.4994488612473
2024-02-12 22:34:14,0.200771701,0.0226438117850754,1.06718247,385.61511801940685,384.5107801567348
2024-02-12 22:34:18,0.200767779,0.0226445798880097,1.06721867,385.59927099038276,384.49202983764303
2024-02-12 22:34:22,0.200768986,0.0226449255343301,1.06723496,385.5989292181811,384.4887846861436
2024-02-12 22:34:27,0.200762349,0.0226450089223006,1.06723889,385.5896719016836,384.4758980200987
2024-02-12 22:34:31,0.200772304,0.022644413536435,1.06721083,385.6191895900778,384.5025121285581
2024-02-12 22:34:35,0.200765969,0.0226442024142196,1.06720088,385.61429572657954,384.4947145960113
2024-02-12 22:34:39,0.200768986,0.022644676006968,1.0672232,385.61513459218025,384.492649703485
2024-02-12 22:34:44,0.200768081,0.0226441190262491,1.06719695,385.62581086599766,384.4996961544313
2024-02-12 22:34:48,0.200763254,0.0226434343112853,1.06716468,385.630888031199,384.5018693612096
2024-02-12 22:34:52,0.200768081,0.022643875864381,1.06718549,385.63538557773694,384.5034628603618
2024-02-12 22:34:56,0.200756316,0.022643747917953,1.06717946,385.6197166596647,384.484889805977
2024-02-12 22:35:01,0.200772606,0.0226447016811269,1.06722441,385.6370335185141,384.4985763694363
2024-02-12 22:35:05,0.200767779,0.0226443878622761,1.06720962,385.6363657426874,384.4950042573416
2024-02-12 22:35:09,0.200772002,0.0226441574313958,1.06719876,385.65021759798975,384.5059516875646
2024-02-12 22:35:13,0.200768986,0.0226440294849678,1.06719273,385.6498347588578,384.5026643345777
2024-02-12 22:35:17,0.200758126,0.0226432934216863,1.06715804,385.6451674071969,384.4950923803217
2024-02-12 22:35:21,0.200766874,0.0226438501902221,1.06718428,385.6547314911667,384.50175177299184
2024-02-12 22:35:26,0.200765969,0.0226441640090729,1.06719907,385.651920197371,384.4953094903851
2024-02-12 22:35:30,0.200769287,0.0226446566983031,1.06722229,385.65299024867124,384.4934746509306
2024-02-12 22:35:34,0.200767176,0.0226434597732611,1.06716588,385.67074791243857,384.50832733535424
2024-02-12 22:35:38,0.200773209,0.0226440678901146,1.06719454,385.67477316692026,384.5094475219387
2024-02-12 22:35:42,0.200776829,0.0226451305032347,1.06724462,385.6675426233996,384.4993118220029
2024-02-12 22:35:46,0.200769891,0.0226443303606476,1.06720691,385.67072084071714,384.499584794423
2024-02-12 22:35:51,0.20078256,0.0226444776157405,1.06721385,385.69420542825014,384.5194377014598
2024-02-12 22:35:55,0.200768081,0.0226450600584352,1.0672413,385.662793139329,384.4851199686856
2024-02-12 22:35:59,0.200778035,0.0226447335085966,1.06722591,385.6881469095147,384.5075682066513
2024-02-12 22:36:03,0.200778639,0.0226438631333931,1.06718489,385.70559069595913,384.52210637254393
2024-02-12 22:36:07,0.200772304,0.0226444903467284,1.06721445,385.68771235050167,384.5013223182388
2024-02-12 22:36:12,0.200763556,0.0226422948878718,1.06711098,385.7100709540557,384.5200486616209
2024-02-12 22:36:16,0.200765064,0.022643338192327,1.06716015,385.69944893635864,384.5065207365397
2024-02-12 22:36:20,0.200763556,0.0226433638664858,1.06716136,385.69932246393205,384.50348826854815
2024-02-12 22:36:24,0.200766271,0.0226432422855518,1.06715563,385.7088555893484,384.51011531025415
2024-02-12 22:36:28,0.200766874,0.0226437222437941,1.06717825,385.7053802084486,384.5037337575341
2024-02-12 22:36:32,0.200765064,0.022644413536435,1.06721083,385.69441596053895,384.4898632497296
2024-02-12 22:36:37,0.20077894,0.0226434534077671,1.06716558,385.7371653263846,384.528979666906
2024-02-12 22:36:41,0.200776527,0.0226445287518751,1.06721626,385.7191974872359,384.5081053698243
2024-02-12 22:36:45,0.200774717,0.0226442024142196,1.06720088,385.72399695316443,384.5099982898605
2024-02-12 22:36:49,0.200768382,0.0226434022716326,1.06716317,385.72823049765867,384.5113252005384
2024-02-12 22:36:53,0.20077713,0.0226448937068605,1.06723346,385.7233176340443,384.503505615219
2024-02-12 22:36:58,0.200771701,0.0226433829629676,1.06716226,385.7408687424906,384.5174231979945
2024-02-12 22:37:02,0.200772606,0.0226439719833393,1.06719002,385.73623214853416,384.509879684713
2024-02-12 22:37:06,0.200779544,0.0226446951034498,1.0672241,385.7400589227428,384.5107994518228
2024-02-12 22:37:10,0.200770796,0.0226441767400608,1.06719967,385.73571212908786,384.5035455633307
2024-02-12 22:37:14,0.20078437,0.0226453863960907,1.06725668,385.743596206589,384.5085224582917
2024-02-12 22:37:19,0.200776829,0.0226453736651028,1.06725608,385.7342532547911,384.4955454050401
2024-02-12 22:37:23,0.200771097,0.0226440678901146,1.06719454,385.7473728259317,384.505757596438
2024-02-12 22:37:27,0.200772606,0.0226439142695277,1.0671873,385.75529642418354,384.51077372735904
2024-02-12 22:37:31,0.200764159,0.0226435942973661,1.06717222,385.7484024758113,384.500972224103
2024-02-12 22:37:35,0.20077351,0.0226440999297673,1.06719605,385.7598149791084,384.5094770849988
2024-02-12 22:37:40,0.200768986,0.0226441126607552,1.06719665,385.7553484692732,384.50137589914425
2024-02-12 22:37:44,0.200769287,0.0226437542834469,1.06717976,385.7643337150506,384.5074533057349
2024-02-12 22:37:48,0.200775019,0.022644803953396,1.06722923,385.76099618053274,384.5012078446274
2024-02-12 22:37:52,0.200766874,0.0226438567678992,1.06718459,385.7643462303903,384.5016498805277
2024-02-12 22:37:56,0.200768382,0.0226438501902221,1.06718428,385.76999091218926,384.50438646103714
2024-02-12 22:38:01,0.200782259,0.0226442983209948,1.0672054,385.7909290002988,384.5216892997772
2024-02-12 22:38:05,0.200764159,0.0226439206350216,1.0671876,385.76806510892055,384.4959171107405
2024-02-12 22:38:09,0.200766874,0.0226439974453151,1.06719122,385.77452709922494,384.4994707161686
2024-02-12 22:38:13,0.200771399,0.0226440422159557,1.06719333,385.78464779412377,384.50668293900856
2024-02-12 22:38:18,0.200763857,0.0226442471848603,1.06720299,385.77193181240665,384.490331244671
2024-02-12 22:38:22,0.200767779,0.0226448680327016,1.06723225,385.7720758952366,384.48756665941016
2024-02-12 22:38:26,0.200773812,0.0226447528172615,1.06722682,385.7873092212347,384.49989123024926
2024-02-12 22:38:30,0.200771399,0.0226438310937403,1.06718338,385.80028024127955,384.50995340810215
2024-02-12 22:38:34,0.20077532,0.0226437286092881,1.06717855,385.8116273420295,384.5183915796625
2024-02-12 22:38:39,0.200772606,0.0226445798880097,1.06721867,385.7973349775823,384.5004629314411
2024-02-12 22:38:43,0.200768382,0.0226432743252045,1.06715714,385.8130884493295,384.5133072783824
2024-02-12 22:38:47,0.200763254,0.022644279224513,1.0672045,385.79147184797233,384.48878146533576
2024-02-12 22:38:51,0.200772002,0.0226447080466208,1.06722471,385.80302222854397,384.49742254736975
2024-02-12 22:38:55,0.200772606,0.0226447655482493,1.06722742,385.8060961518657,384.49758708534057
2024-02-12 22:38:59,0.200768684,0.0226446566983031,1.06722229,385.8038397121798,384.4924211735258
2024-02-12 22:39:03,0.200772907,0.0226443687657943,1.06720872,385.81858723969555,384.5042591421699
2024-02-12 22:39:08,0.200774415,0.0226447144121148,1.06722501,385.8195047775827,384.5015396095387
2024-02-12 22:39:12,0.200770796,0.0226451368687286,1.06724492,385.8095483538905,384.4886734319318
2024-02-12 22:39:16,0.200772606,0.0226447464517675,1.06722652,385.82166764648935,384.49788288398713
2024-02-12 22:39:20,0.20077532,0.0226449768826478,1.06723738,385.8257497580802,384.4990550684408
2024-02-12 22:39:24,0.200766572,0.0226442278761953,1.06720208,385.82497839270377,384.4953736893687
2024-02-12 22:39:29,0.200771399,0.0226455720563303,1.06726543,385.8162287034462,384.4829863613219
2024-02-12 22:39:33,0.200770192,0.0226442471848603,1.06720299,385.8375516371624,384.5013990867139
2024-02-12 22:39:37,0.200755411,0.0226431591097644,1.06715171,385.83149222443996,384.4924293792227
2024-02-12 22:39:41,0.200758729,0.0226436774731535,1.06717614,385.8321700517096,384.490196825314
2024-02-12 22:39:46,0.200768081,0.0226442535503542,1.06720329,385.8432236837417,384.4976123594133
2024-02-12 22:39:50,0.200780449,0.0226454568408902,1.06726,385.8491031263989,384.5005812265989
2024-02-12 22:39:54,0.200782862,0.0226452584496627,1.06725065,385.8593023840024,384.5078698224352
2024-02-12 22:39:59,0.200767176,0.0226440358504618,1.06719303,385.8544744471357,384.4994034370596
2024-02-12 22:40:03,0.200770494,0.0226448807636895,1.06723285,385.8500945549748,384.4921126890944
2024-02-12 22:40:07,0.20077713,0.0226455529598485,1.06726453,385.8541869517154,384.4932941438488
2024-02-12 22:40:12,0.200776225,0.0226457129459293,1.06727207,385.85376673521216,384.48923512872295
2024-02-12 22:40:16,0.200762349,0.0226436133938479,1.06717312,385.86495681505954,384.49751407280297
2024-02-12 22:40:20,0.200763556,0.0226439910798211,1.06719092,385.8641263669161,384.4937724028241
2024-02-12 22:40:24,0.200767477,0.0226441510659019,1.06719846,385.87140987793543,384.4981446059748
2024-02-12 22:40:28,0.200765667,0.0226435365835545,1.0671695,385.88067764932055,384.50450098349313
2024-02-12 22:40:32,0.200772002,0.0226442024142196,1.06720088,385.8843430225355,384.5052548768781
2024-02-12 22:40:37,0.200771097,0.0226446503328092,1.06722199,385.8794630461833,384.4967354299057
2024-02-12 22:40:41,0.200762651,0.0226440742556085,1.06719484,385.8765421702441,384.490902880847
2024-02-12 22:40:45,0.200760237,0.0226439463091805,1.06718881,385.87721827635744,384.4886672279913
2024-02-12 22:40:49,0.200765064,0.0226449255343301,1.06723496,385.87339568985664,384.4819327967065
2024-02-12 22:40:54,0.200754204,0.022643472716432,1.06716649,385.8805655139225,384.4854626941686
2024-02-12 22:40:58,0.200757523,0.0226430566253121,1.06714688,385.89572183682424,384.497706979331
2024-02-12 22:41:02,0.200759031,0.0226432870561924,1.06715774,385.89769915173207,384.49677217079807
2024-02-12 22:41:06,0.200774114,0.0226442024142196,1.06720088,385.91278397049894,384.5089447804578
2024-02-12 22:41:10,0.200759936,0.0226438951730459,1.0671864,385.89568492259014,384.4889334378103
2024-02-12 22:41:14,0.200763556,0.0226445096553933,1.06721536,385.89540369472394,384.48573982960886
2024-02-12 22:41:19,0.200761444,0.0226442215107014,1.06720178,385.89981765366355,384.48651319281214
2024-02-12 22:41:23,0.200761746,0.0226443814967822,1.06720932,385.9007797480809,384.4845627144293
2024-02-12 22:41:28,0.200754204,0.0226438247282464,1.06718308,385.89986797551137,384.48001010565247
2024-02-12 22:41:32,0.200762349,0.0226450984635819,1.06724311,385.89728179538093,384.4745111604332
2024-02-12 22:41:36,0.200766572,0.0226448680327016,1.06723225,385.91114146266125,384.4854579772197
2024-02-12 22:41:41,0.200764461,0.0226449705171539,1.06723708,385.909507270353,384.4801826017466
2024-02-12 22:41:45,0.200756919,0.0226440615246206,1.06719424,385.91332338001774,384.4810856688836
2024-02-12 22:41:49,0.200758126,0.022643875864381,1.06718549,385.92122107786474,384.4860702389112
2024-02-12 22:41:53,0.200767477,0.0226453352599561,1.06725427,385.9178663030567,384.4798022510266
2024-02-12 22:41:57,0.200772002,0.0226447016811269,1.06722441,385.9384984973961,384.49752114706735
2024-02-12 22:42:01,0.200762651,0.0226444392105938,1.06721204,385.9291406048903,384.4852498710754
2024-02-12 22:42:06,0.200765366,0.022644285590007,1.0672048,385.939905301148,384.4923727182335
2024-02-12 22:42:10,0.200751489,0.0226442151452075,1.06720148,385.91966562435823,384.46921946641305
2024-02-12 22:42:14,0.200754506,0.0226442919555009,1.0672051,385.9266605549641,384.4733007369137
2024-02-12 22:42:18,0.200761142,0.0226443239951537,1.06720661,385.94067170378975,384.4843981405945
2024-02-12 22:42:22,0.200764762,0.0226446696414741,1.0672229,385.9445561165284,384.4853687231834
2024-02-12 22:42:27,0.200765969,0.0226443878622761,1.06720962,385.9546718410427,384.49184204052506
2024-02-12 22:42:31,0.200752093,0.0226437542834469,1.06717976,385.9431568974976,384.477413075696
2024-02-12 22:42:35,0.200752696,0.0226427684806202,1.0671333,385.9623948079689,384.4937368799913
2024-02-12 22:42:39,0.200752696,0.0226435942973661,1.06717222,385.9525168404214,384.4809447214104
2024-02-12 22:42:44,0.200764461,0.0226442662813421,1.06720389,385.96630566561055,384.4910906885299
2024-02-12 22:42:48,0.200765969,0.0226444967122223,1.06721475,385.96828535617766,384.49015599726135
2024-02-12 22:42:52,0.200757221,0.0226438885953688,1.06718609,385.9653357210449,384.48429189554827
2024-02-12 22:42:56,0.200766874,0.0226445864656868,1.06721898,385.97430523458246,384.4903468577957
2024-02-12 22:43:01,0.200765969,0.0226452264100099,1.06724914,385.9664553662974,384.4788536813273
2024-02-12 22:43:05,0.200767779,0.0226439015385398,1.0671867,385.99305394137525,384.5025375146443
2024-02-12 22:43:09,0.200764461,0.0226448743981955,1.06723255,385.975102625735,384.481671372646
2024-02-12 22:43:13,0.200765064,0.0226446312363274,1.06722109,385.982837366268,384.48649120225815
2024-02-12 22:43:17,0.200767477,0.0226465065108393,1.06730947,385.96092342331383,384.4616622638552
2024-02-12 22:43:21,0.200769589,0.0226449959791296,1.06723828,385.99092325823153,384.4887470188308
2024-02-12 22:43:26,0.200766271,0.0226450280187824,1.06723979,385.9882743099426,384.4824541018481
2024-02-12 22:43:30,0.200762952,0.0226454952460369,1.06726181,385.97815464585466,384.4694191678345
2024-02-12 22:43:34,0.200762651,0.0226443687657943,1.06720872,385.997991851562,384.4863410192352
2024-02-12 22:43:38,0.200765969,0.0226457704475578,1.06727478,385.9849938086335,384.47042753765385
2024-02-12 22:43:42,0.200768986,0.0226446376018213,1.06722139,386.01072637585935,384.4932445819152
2024-02-12 22:43:46,0.200765667,0.0226454120702495,1.06725789,385.99584790582276,384.47545050463685
2024-02-12 22:43:51,0.200760539,0.0226447464517675,1.06722652,386.0008432187267,384.47680119002655
2024-02-12 22:43:55,0.200757523,0.0226455016115308,1.06726211,385.98679396804783,384.45983614260894
2024-02-12 22:43:59,0.200767176,0.0226452457186748,1.06725005,386.01053697196,384.4806632656175
2024-02-12 22:44:03,0.200765667,0.0226453159512912,1.06725336,386.009728897798,384.4769392264217
2024-02-12 22:44:07,0.200762651,0.0226465001453454,1.06730917,385.9890359391346,384.4533302186287
2024-02-12 22:44:11,0.200766572,0.0226460969973965,1.06729017,386.0050453381855,384.466423484489
2024-02-12 22:44:16,0.200767477,0.0226450343842763,1.06724009,386.02672956581887,384.48446242747553
2024-02-12 22:44:20,0.200764461,0.0226455336511836,1.06726362,386.0166440248962,384.4714605643508
2024-02-12 22:44:24,0.200754204,0.0226451752738753,1.06724673,386.0071918791687,384.4590920124721
2024-02-12 22:44:28,0.200765064,0.0226444646725696,1.06721324,386.0400875310353,384.4890711742732
2024-02-12 22:44:32,0.200756316,0.0226448296275549,1.06723044,386.0220680547634,384.4681351240558
2024-02-12 22:44:37,0.200771097,0.0226450216532885,1.06723949,386.04856263946556,384.49098387342224
2024-02-12 22:44:41,0.200760237,0.0226457897562228,1.06727569,386.0206103688751,384.4601148402823
2024-02-12 22:44:45,0.200760237,0.0226454441099023,1.0672594,386.02888043379534,384.4654680588851
2024-02-12 22:44:49,0.200760539,0.0226458408923573,1.0672781,386.0261797697396,384.4598504647785
2024-02-12 22:44:53,0.200761142,0.0226455720563303,1.06726543,386.0343138061179,384.4650674874068
2024-02-12 22:44:57,0.200764159,0.0226456425011298,1.06726875,386.0414105312225,384.46924711509695
2024-02-12 22:45:02,0.200762047,0.022645751351076,1.06727388,386.0396815661951,384.4638716607006
2024-02-12 22:45:06,0.200758126,0.0226456488666238,1.06726905,386.0373361650297,384.4586089740012
2024-02-12 22:45:10,0.200773209,0.0226467882900373,1.06732275,386.0489561986102,384.4673116384952
2024-02-12 22:45:14,0.200774114,0.0226466410349444,1.06731581,386.0557351508645,384.4711731381445
2024-02-12 22:45:19,0.200765064,0.0226463465247585,1.06730193,386.0481335740532,384.45992462818185
2024-02-12 22:45:23,0.200776527,0.0226473770982259,1.0673505,386.0551156630425,384.4639890767759
2024-02-12 22:45:27,0.200765366,0.022647101896705,1.06733753,386.0427984996928,384.4487541896244
2024-02-12 22:45:31,0.200763556,0.0226459817819563,1.06728474,386.05990117189054,384.46293905464825
2024-02-12 22:45:35,0.200761444,0.0226455079770248,1.06726241,386.06646753095305,384.4665875231991
2024-02-12 22:45:40,0.200759634,0.0226465385504921,1.06731098,386.05099252783873,384.4474650398038
2024-02-12 22:45:44,0.200756316,0.0226462697144651,1.06729831,386.05227760165207,384.4458320357212
2024-02-12 22:45:48,0.200759936,0.022645488880543,1.06726151,386.0736125428329,384.46424881578
2024-02-12 22:45:52,0.200754204,0.0226453095857973,1.06725306,386.06929381341325,384.45701184204654
2024-02-12 22:45:56,0.200759031,0.0226458281613695,1.0672775,386.07261350132313,384.4574132024852
2024-02-12 22:46:01,0.200752093,0.0226455656908364,1.06726513,386.068205891203,384.4493575661382
2024-02-12 22:46:05,0.200759936,0.0226456552321177,1.06726935,386.0834392687226,384.4616724292079
2024-02-12 22:46:09,0.200753903,0.0226442983209948,1.0672054,386.0968340851736,384.4721486481631
2024-02-12 22:46:13,0.200756014,0.0226448359930488,1.06723074,386.09511304263873,384.4675089251208
2024-02-12 22:46:18,0.200751188,0.022644951208489,1.06723617,386.08854582358873,384.45729323875366
2024-02-12 22:46:22,0.200746059,0.0226454311667313,1.06725879,386.07507109121747,384.44089963922426
2024-02-12 22:46:26,0.200755713,0.0226461417680371,1.06729228,386.08385045629626,384.4467600542447
2024-02-12 22:46:30,0.200753299,0.0226458345268634,1.0672778,386.08731045256434,384.4473010175885
2024-02-12 22:46:34,0.200753299,0.0226453288944622,1.06725397,386.09806030706477,384.4551317563329
2024-02-12 22:46:39,0.200751791,0.0226460906319025,1.06728987,386.08727806293103,384.4407005010744
2024-02-12 22:46:43,0.200748473,0.0226459113371568,1.06728142,386.08717759829074,384.4376807344322
2024-02-12 22:46:47,0.200743948,0.022645092098088,1.06724281,386.09487903849,384.44246278990914
2024-02-12 22:46:51,0.200739423,0.0226461033628904,1.06729047,386.0742330242575,384.4188973082682
2024-02-12 22:46:55,0.200748774,0.0226456681752887,1.06726996,386.100227504111,384.4419722380613
2024-02-12 22:46:59,0.200745456,0.0226454504753963,1.0672597,386.1007220837571,384.4395471850293
2024-02-12 22:47:03,0.200751188,0.022645885662998,1.06728021,386.1069159038306,384.4428212898412
2024-02-12 22:47:08,0.200740328,0.0226449896136357,1.06723798,386.10547013355165,384.43772575940426
2024-02-12 22:47:12,0.200734596,0.0226446887379559,1.0672238,386.1030356423512,384.43237136725423
2024-02-12 22:47:16,0.200750886,0.0226463081196118,1.06730012,386.109335797006,384.4357515384871
2024-02-12 22:47:20,0.200744853,0.0226452457186748,1.06725005,386.1181690616672,384.44166473728825
2024-02-12 22:47:25,0.200749981,0.0226463401592646,1.06730163,386.11382894839943,384.4336744258186
2024-02-12 22:47:29,0.200743948,0.0226458472578513,1.0672784,386.1138428979812,384.4307681241791
2024-02-12 22:47:33,0.200746059,0.0226453352599561,1.06725427,386.12838001908455,384.4423849117339
2024-02-12 22:47:37,0.20072977,0.0226437158783002,1.06717795,386.12792233997385,384.4390068167816
2024-02-12 22:47:42,0.200727055,0.0226452648151566,1.06725095,386.10284212944555,384.4102759707786
2024-02-12 22:47:46,0.200729167,0.0226438631333931,1.06718489,386.1311594521328,384.4356726925896
2024-02-12 22:47:50,0.200729167,0.0226434279457914,1.06716438,386.14082019073913,384.4424127481375
2024-02-12 22:47:54,0.200733088,0.0226451880048632,1.06724733,386.1233332740972,384.422005066289
2024-02-12 22:47:59,0.200739725,0.0226451175600637,1.06724401,386.1396701342929,384.4346908545076
2024-02-12 22:48:03,0.20073701,0.0226452648151566,1.06725095,386.13556754008516,384.4276673103848
2024-02-12 22:48:07,0.200732485,0.0226449832481418,1.06723768,386.13494374612804,384.4241224844753
2024-02-12 22:48:12,0.200726753,0.0226441510659019,1.06719846,386.14146863481994,384.4269959679135
2024-02-12 22:48:16,0.200718608,0.0226434086371265,1.06716347,386.1416576472979,384.42426376397975
2024-02-12 22:48:20,0.200721625,0.0226442599158481,1.06720359,386.13666642759523,384.4163512459387
2024-02-12 22:48:24,0.200727658,0.0226447655482493,1.06722742,386.1422974741371,384.4190609122497
2024-02-12 22:48:28,0.200737613,0.0226446055621685,1.06721988,386.1650883525443,384.4389303285676
2024-02-12 22:48:33,0.200731881,0.0226438631333931,1.06718489,386.1702242983591,384.4404143317089
2024-02-12 22:48:37,0.20072615,0.0226444008054471,1.06721023,386.1548064726753,384.4220748598785
2024-02-12 22:48:41,0.200723435,0.0226444199019289,1.06721113,386.15268919479365,384.4170358541024
2024-02-12 22:48:45,0.200730977,0.0226449832481418,1.06723768,386.16006313289444,384.4214879825947
2024-02-12 22:48:49,0.200744853,0.0226459304336386,1.06728232,386.17255810879385,384.43106106720575
2024-02-12 22:48:53,0.200733993,0.0226454504753963,1.0672597,386.1639405550047,384.4195215404824
2024-02-12 22:48:58,0.200743043,0.0226460008784381,1.06728564,386.1748798139846,384.4268082185317
2024-02-12 22:49:02,0.200740931,0.0226460713232376,1.06728896,386.1730215744491,384.4220278224829
2024-02-12 22:49:06,0.200746059,0.0226466217262795,1.0673149,386.17637892428957,384.42246293427456
2024-02-12 22:49:10,0.200732786,0.0226456615976116,1.06726965,386.1709819387969,384.4141436292316
2024-02-12 22:49:14,0.20073882,0.0226460138216091,1.06728625,386.17899117937196,384.4192304687888
2024-02-12 22:49:19,0.200728262,0.0226448680327016,1.06723225,386.1819428698964,384.4185290435288
2024-02-12 22:49:23,0.200736105,0.0226453352599561,1.06725427,386.19133178378195,384.4249953732185
2024-02-12 22:49:27,0.20072796,0.0226460522267558,1.06728806,386.1689231269419,384.3996640508254
2024-02-12 22:49:31,0.200731881,0.0226455145547018,1.06726272,386.18702144580556,384.4148396228126
2024-02-12 22:49:35,0.200733993,0.022646154499025,1.06729288,386.18372429892355,384.4086196477648
2024-02-12 22:49:39,0.200732183,0.022645469571878,1.0672606,386.19409134758723,384.41606378700703
2024-02-12 22:49:44,0.200725848,0.0226446503328092,1.06722199,386.19936431773533,384.41768300616445
2024-02-12 22:49:48,0.20072072,0.022645610461477,1.06726724,386.1784610272809,384.3938566235876
2024-02-12 22:49:52,0.20072615,0.0226454952460369,1.06726181,386.1926542725547,384.4051266955936
2024-02-12 22:49:56,0.200721323,0.0226448487240367,1.06723134,386.19715626421805,384.4067054328777
2024-02-12 22:50:00,0.200722228,0.0226452904893155,1.06725216,386.1948198279446,384.4014456611472
2024-02-12 22:50:04,0.200726753,0.0226455145547018,1.06726272,386.20217871229113,384.405881128993
2024-02-12 22:50:09,0.200726452,0.0226458408923573,1.0672781,386.20025401232436,384.400302044484
2024-02-12 22:50:13,0.200725547,0.0226452968548094,1.06725246,386.2100209282642,384.4071453616984
2024-02-12 22:50:17,0.200722832,0.0226452073135281,1.06724824,386.2095880701028,384.4037888238777
2024-02-12 22:50:21,0.200722228,0.0226455720563303,1.06726543,386.2058087106489,384.3970857038645
2024-02-12 22:50:26,0.200723737,0.0226453863960907,1.06725668,386.21497458224815,384.4025967610506
2024-02-12 22:50:30,0.200720418,0.022645200735851,1.06724793,386.2149751878393,384.39967342418106
2024-02-12 22:50:34,0.200717704,0.0226451495997165,1.06724552,386.21394972175005,384.3957239348412
2024-02-12 22:50:38,0.200718608,0.0226452841238215,1.06725186,386.2163700524313,384.39522016151545
2024-02-12 22:50:42,0.200736105,0.0226459049716629,1.06728112,386.2402471579074,384.4161730822621
2024-02-12 22:50:46,0.20072796,0.0226463658334235,1.06730284,386.2218065243554,384.394808183292
2024-02-12 22:50:50,0.200736105,0.0226477418410281,1.06736769,386.21765401246984,384.3877313253333
2024-02-12 22:50:54,0.200727658,0.0226462185783305,1.0672959,386.2294078047688,384.396560690938
2024-02-12 22:50:59,0.200724642,0.0226460776887315,1.06728926,386.2299762915499,384.3934735310291
2024-02-12 22:51:03,0.20072072,0.0226455784218243,1.06726573,386.2337801012443,384.3943527327549
2024-02-12 22:51:07,0.200719212,0.0226453543564379,1.06725517,386.2375398761073,384.39518781913785
2024-02-12 22:51:11,0.200721323,0.0226459433768096,1.06728293,386.2350319927599,384.38975516683263
2024-02-12 22:51:15,0.200716799,0.0226448871291834,1.06723315,386.2464088675284,384.39820719219927
2024-02-12 22:51:20,0.200717704,0.0226458602010223,1.06727901,386.23657875337403,384.3847209032195
2024-02-12 22:51:24,0.2007171,0.0226453032203033,1.06725276,386.247072905517,384.3922900250847
2024-02-12 22:51:28,0.200713782,0.0226460776887315,1.06728926,386.2322100282889,384.3745020372444
2024-02-12 22:51:32,0.200725245,0.0226461290370493,1.06729168,386.25436503150644,384.393731849549
2024-02-12 22:51:36,0.20071891,0.022646295388624,1.06729952,386.2436479617497,384.3800895086121
2024-02-12 22:51:41,0.200716497,0.0226456809062765,1.06727056,386.2526036502994,384.3853884953624
2024-02-12 22:51:45,0.200718307,0.0226458536233452,1.0672787,386.2560167561441,384.3858761495492
2024-02-12 22:51:49,0.200725245,0.0226470314519055,1.06733421,386.25282569549177,384.37975955708106
2024-02-12 22:51:53,0.200728563,0.0226474411775315,1.06735352,386.25520371488625,384.3792119645359
2024-02-12 22:51:57,0.20073158,0.0226471593983335,1.06734024,386.26776224235095,384.38884479997057
2024-02-12 22:52:01,0.200723435,0.0226472171121451,1.06734296,386.25556653380295,384.3737233193357
2024-02-12 22:52:06,0.200712575,0.0226450855204109,1.0672425,386.2732564040281,384.3877558619238
2024-02-12 22:52:10,0.200717402,0.0226472809792675,1.06734597,386.25062243531005,384.3621959411141
2024-02-12 22:52:14,0.200710464,0.0226460649577437,1.06728866,386.2602554115571,384.3689028853222
2024-02-12 22:52:18,0.200718307,0.022645482515049,1.06726121,386.28590100535286,384.391622367165
2024-02-12 22:52:22,0.200708654,0.0226454120702495,1.06725789,386.2730545179372,384.3758496879163
2024-02-12 22:52:27,0.20070986,0.022646416969558,1.06730525,386.26326040658176,384.3623977244889
2024-02-12 22:52:31,0.200711067,0.0226452841238215,1.06725186,386.2858352695556,384.38204621602176
2024-02-12 22:52:35,0.200705335,0.0226457704475578,1.06727478,386.2712182414961,384.3645027367502
2024-02-12 22:52:39,0.20071167,0.0226467433072135,1.06732063,386.27014921069537,384.3605071749998
2024-02-12 22:52:43,0.200716195,0.0226473898292138,1.0673511,386.2709710135748,384.3584023672256
2024-02-12 22:52:47,0.200703526,0.0226464106040641,1.06730495,386.2669268183011,384.3514314816279
2024-02-12 22:52:52,0.200695984,0.0226459113371568,1.06728142,386.2651397188016,384.3459859072378
2024-02-12 22:52:56,0.20070443,0.0226449896136357,1.06723798,386.29709229371986,384.3750116126961
2024-02-12 22:53:00,0.20070443,0.0226465321849982,1.06731068,386.2761360114889,384.3511283814437
2024-02-12 22:53:04,0.20070986,0.0226463144851058,1.06730042,386.29191908137653,384.3639844227821
2024-02-12 22:53:08,0.200701716,0.0226460008784381,1.06728564,386.2854747194318,384.3546129527937
2024-02-12 22:53:12,0.200703827,0.0226464106040641,1.06730495,386.2857462493696,384.3519572952267
2024-02-12 22:53:17,0.200710765,0.022646295388624,1.06729952,386.30330907526854,384.365861025054
2024-02-12 22:53:21,0.200705335,0.022646557859157,1.06731189,386.29268724332417,384.3523118269404
2024-02-12 22:53:25,0.200694174,0.0226457640820639,1.06727448,386.288406619724,384.34510375781895
2024-02-12 22:53:29,0.200707145,0.0226458217958755,1.0672772,386.31310006109453,384.3668696743496
2024-02-12 22:53:33,0.200703224,0.0226462697144651,1.06729831,386.3022431443328,384.3530851534628
2024-02-12 22:53:38,0.200701414,0.0226457833907288,1.06727539,386.31027020624344,384.3574525987734
2024-02-12 22:53:42,0.200694174,0.0226473770982259,1.0673505,386.27587855737136,384.32013316750704
2024-02-12 22:53:46,0.200695984,0.0226458536233452,1.0672787,386.30555267019344,384.3468794187585
2024-02-12 22:53:50,0.200699001,0.0226467049020668,1.06731882,386.30057201914565,384.338970826997
2024-02-12 22:53:54,0.200706844,0.0226462569834773,1.06729771,386.32413524727235,384.3596060353005
2024-02-12 22:53:58,0.200700509,0.0226465896866267,1.06731339,386.31084604292914,384.343388732058
2024-02-12 22:54:03,0.200699001,0.0226456231924649,1.06726784,386.32683503801934,384.3557174923741
2024-02-12 22:54:07,0.200697492,0.0226467817123603,1.06732244,386.30919157799207,384.33514575564834
2024-02-12 22:54:11,0.200702922,0.0226472555172918,1.06734477,386.3142704348328,384.33729625682287
2024-02-12 22:54:15,0.200703526,0.0226467433072135,1.06732063,386.32618337070267,384.34628075809246
2024-02-12 22:54:20,0.200705034,0.022646564224651,1.06731219,386.3352507349522,384.3516874681412
2024-02-12 22:54:24,0.20070443,0.0226478379599865,1.06737222,386.3174060252873,384.33091414639625
2024-02-12 22:54:28,0.200700509,0.0226470187209176,1.06733361,386.32616748580574,384.3367469160087
2024-02-12 22:54:32,0.200686331,0.022645616826971,1.06726754,386.3260316942039,384.33368235470857
2024-02-12 22:54:36,0.200684219,0.022646148133531,1.06729258,386.3170459420146,384.321767754062
2024-02-12 22:54:41,0.200697794,0.0226471466673456,1.06733964,386.32896300367884,384.3300236444505
2024-02-12 22:54:45,0.20070443,0.022647620260094,1.06736196,386.3361525013984,384.3342841166268
2024-02-12 22:54:49,0.200688744,0.0226471466673456,1.06733964,386.31901246458693,384.31421497562144
2024-02-12 22:54:53,0.200689649,0.0226460585922497,1.06728836,386.340366231412,384.3326395596352
2024-02-12 22:54:58,0.200689649,0.0226467562503845,1.06732124,386.3332276845726,384.3218394237767
2024-02-12 22:55:02,0.200682108,0.0226466601314262,1.06731671,386.3244719704017,384.3101543500272
2024-02-12 22:55:06,0.200691459,0.0226465130885164,1.06730978,386.3460125098431,384.3287654513808
2024-02-12 22:55:10,0.200685124,0.022646544915986,1.06731128,386.337382958104,384.317206383078
2024-02-12 22:55:14,0.200683013,0.0226463594679295,1.06730254,386.33949566303136,384.3163894929991
2024-02-12 22:55:19,0.200695381,0.0226472939224385,1.06734658,386.3502973635664,384.32352908951714
2024-02-12 22:55:23,0.200700811,0.0226475691239595,1.06735955,386.3584521503593,384.3287541049296
2024-02-12 22:55:27,0.200698397,0.0226471273586807,1.06733873,386.3640037712183,384.3313758760736
2024-02-12 22:55:31,0.200689348,0.0226476716084117,1.06736438,386.34270222603095,384.3071444028701
2024-02-12 22:55:36,0.200685426,0.0226467114797439,1.06731913,386.3543758831786,384.315155539937
2024-02-12 22:55:40,0.200684521,0.0226467753468663,1.06732214,386.3547364460205,384.3125859987065
2024-02-12 22:55:45,0.200677281,0.022646416969558,1.06730525,386.35129948928045,384.3054863019205
2024-02-12 22:55:49,0.200693571,0.0226469289674532,1.06732938,386.37476030888195,384.3260168415615
2024-02-12 22:55:53,0.200686331,0.0226475498152945,1.06735864,386.35543340554085,384.3037595801412
2024-02-12 22:55:57,0.200686934,0.0226474859481721,1.06735563,386.360405740179,384.30580147861497
2024-02-12 22:56:02,0.200689046,0.0226478379599865,1.06737222,386.3623093929869,384.3040419764605
2024-02-12 22:56:06,0.200690554,0.0226479338667617,1.06737674,386.36638961712026,384.3051915888588
2024-02-12 22:56:10,0.200693571,0.0226483692665465,1.06739726,386.367850937824,384.3037222198501
2024-02-12 22:56:14,0.200692666,0.0226483692665465,1.06739726,386.36920092393603,384.3021414383052
2024-02-12 22:56:18,0.200689348,0.0226479404444387,1.06737705,386.3729735231227,384.3029831919239
2024-02-12 22:56:23,0.200689348,0.0226481515666541,1.067387,386.373369381049,384.29971538337816
2024-02-12 22:56:27,0.200692062,0.0226488685334538,1.06742079,386.36994399342865,384.2933589750109
2024-02-12 22:56:31,0.200689951,0.0226482474734293,1.06739152,386.37880032955087,384.29928421258273
2024-02-12 22:56:35,0.200694476,0.0226490221540407,1.06742803,386.37764508195175,384.2951977886629
2024-02-12 22:56:39,0.200691761,0.0226483372268937,1.06739575,386.38643511574406,384.30105656839737
2024-02-12 22:56:44,0.200693269,0.0226475114101478,1.06735683,386.40551597053474,384.31647324634815
2024-02-12 22:56:48,0.200681203,0.022647895461615,1.06737493,386.38142638744245,384.2894522344104
2024-02-12 22:56:52,0.200679694,0.0226476075291062,1.06736136,386.3861786248194,384.2912729653122
2024-02-12 22:56:56,0.200681504,0.0226476716084117,1.06736438,386.39128002083885,384.29344277726
2024-02-12 22:57:00,0.200679996,0.0226485099439624,1.06740389,386.3786023615085,384.2778334562946
2024-02-12 22:57:04,0.200688141,0.0226488876299356,1.06742169,386.3899153977564,384.28621475337695
2024-02-12 22:57:09,0.200682711,0.0226472041689741,1.06734235,386.41015180661356,384.30278637930064
2024-02-12 22:57:13,0.200683314,0.0226481836063069,1.06738851,386.3989771297275,384.2886797889267
2024-02-12 22:57:17,0.200676678,0.0226474345998544,1.06735321,386.4019106439382,384.2886813122266
2024-02-12 22:57:21,0.200677884,0.022648017042549,1.06738066,386.3979344561729,384.28177305616055
2024-02-12 22:57:26,0.200677281,0.0226479659064145,1.06737825,386.40133782081347,384.281511226646
2024-02-12 22:57:30,0.200674265,0.0226488492247889,1.06741988,386.3853312609073,384.26257242443273
2024-02-12 22:57:34,0.200671248,0.0226468457916658,1.06732546,386.4140010440374,384.28830988797296
2024-02-12 22:57:39,0.200675773,0.022648017042549,1.06738066,386.40744237524956,384.2780857110698
2024-02-12 22:57:43,0.20067517,0.0226474218688665,1.06735261,386.4185333833183,384.28624422578366
2024-02-12 22:57:47,0.200676074,0.0226480938528425,1.06738428,386.41264440426346,384.2774226761988
2024-02-12 22:57:51,0.200670343,0.0226470505483873,1.06733511,386.4217141332131,384.2835597574761
2024-02-12 22:57:56,0.200669136,0.0226480106770551,1.06738036,386.4084114802351,384.2665911864764
2024-02-12 22:58:00,0.20066431,0.0226467433072135,1.06732063,386.4225298151205,384.27777670023977
2024-02-12 22:58:04,0.200660992,0.0226477354755342,1.06736739,386.4043109028555,384.25662488981766
2024-02-12 22:58:08,0.200660087,0.0226474155033726,1.06735231,386.4106151239316,384.25999613573447
2024-02-12 22:58:12,0.20065526,0.0226462249438245,1.0672962,386.4235429946108,384.26999095428494
2024-02-12 22:58:17,0.200650132,0.0226463721989174,1.06730314,386.41597234215703,384.25875387848265
2024-02-12 22:58:21,0.2006625,0.022647370732732,1.0673502,386.42505570700564,384.2649040181422
2024-02-12 22:58:25,0.200660388,0.0226476011636122,1.06736106,386.42073351040295,384.2576485194884
2024-02-12 22:58:29,0.200663103,0.0226470505483873,1.06733511,386.43693126902303,384.270912899228
2024-02-12 22:58:33,0.200658277,0.0226465321849982,1.06731068,386.4394575946677,384.2705057691957
2024-02-12 22:58:38,0.200653148,0.0226468010210252,1.06732335,386.4300041252565,384.2573853722437
2024-02-12 22:58:42,0.200664008,0.0226474539085193,1.06735412,386.4418032267334,384.2662508453719
2024-02-12 22:58:46,0.200659182,0.0226476459342529,1.06736317,386.43333512430706,384.25484903790766
2024-02-12 22:58:50,0.200652545,0.0226466730745972,1.06731732,386.43973214372255,384.2583122756286
2024-02-12 22:58:54,0.200652243,0.0226468010210252,1.06732335,386.44015822395676,384.2558044975445
2024-02-12 22:58:58,0.200641082,0.0226454568408902,1.06726,386.44439978602844,384.25711212470696
2024-02-12 22:59:03,0.200653752,0.0226470250864115,1.06733391,386.4459277951733,384.25497260755947
2024-02-12 22:59:07,0.200649227,0.0226466153607855,1.0673146,386.4472988133721,384.2534095186397
2024-02-12 22:59:11,0.200652243,0.0226459881474503,1.06728504,386.46520924981843,384.2683857714833
2024-02-12 22:59:15,0.200650735,0.022646820117507,1.06732425,386.4526324737803,384.2528747353912
2024-02-12 22:59:19,0.200645004,0.0226464810488636,1.06730827,386.45080343292796,384.24811135806647
2024-02-12 22:59:23,0.200638367,0.022646026552597,1.06728685,386.4491781455495,384.2435516578299
2024-02-12 22:59:28,0.20064983,0.0226463337937707,1.06730133,386.46811535093354,384.2588207397741
2024-02-12 22:59:32,0.200643495,0.0226463849299053,1.06730374,386.4591921867385,384.2469629909732
2024-02-12 22:59:36,0.200632636,0.0226461097283843,1.06729077,386.44741697989554,384.2322531232453
2024-02-12 22:59:40,0.200637764,0.0226459881474503,1.06728504,386.4611912803205,384.2430926865392
2024-02-12 22:59:44,0.20063535,0.0226462185783305,1.0672959,386.45634290023384,384.23530949310793
2024-02-12 22:59:49,0.200639574,0.0226460840542255,1.06728956,386.4694722099311,384.2447701789992
2024-02-12 22:59:53,0.200639574,0.022647364367238,1.0673499,386.4525931459171,384.22495613028
2024-02-12 22:59:57,0.200635049,0.0226469289674532,1.06732938,386.4543619294765,384.2237898530273
2024-02-12 23:00:01,0.200631429,0.0226470057777466,1.067333,386.4497850307554,384.21627781741984
2024-02-12 23:00:05,0.20064078,0.0226468905623065,1.06732757,386.4708375109221,384.2343950846587
2024-02-12 23:00:09,0.20064259,0.0226469162364653,1.06732878,386.4765371726745,384.23715945747455
2024-02-12 23:00:14,0.200643495,0.0226477034358814,1.06736588,386.4696049812417,384.2265580480334
2024-02-12 23:00:18,0.20065164,0.0226476970703875,1.06736558,386.4868661090727,384.24088371602767
2024-02-12 23:00:22,0.200647417,0.0226474345998544,1.06735321,386.4864870151802,384.237569086396
2024-02-12 23:00:26,0.2006444,0.0226476650307347,1.06736407,386.4805867035148,384.22873316312166
2024-02-12 23:00:30,0.200634747,0.0226461608645189,1.06729318,386.4899385667534,384.2351493389143
2024-02-12 23:00:35,0.200625396,0.0226463465247585,1.06730193,386.4744002655358,384.21594132179314
2024-02-12 23:00:39,0.20063716,0.0226477163790524,1.06736649,386.4766869940669,384.2152921923645
2024-02-12 23:00:43,0.200643194,0.0226473450585731,1.06734899,386.4959089504337,384.2315782150406
2024-02-12 23:00:47,0.200635652,0.0226470314519055,1.06733421,386.4905239386977,384.2232571939158
2024-02-12 23:00:51,0.200631731,0.0226470571260643,1.06733542,386.48621356663637,384.2160107368
2024-02-12 23:00:56,0.200641384,0.022647895461615,1.06737493,386.493772208879,384.21989916636994
2024-02-12 23:01:00,0.200638065,0.022647895461615,1.06737493,386.4909110989455,384.2141018012539
2024-02-12 23:01:04,0.200640177,0.0226494316674835,1.06744733,386.47376633332544,384.194020704892
2024-02-12 23:01:08,0.200652545,0.022649105329828,1.06743195,386.5033542250754,384.2206721903733
2024-02-12 23:01:13,0.20063897,0.0226496236932171,1.06745638,386.47529422308315,384.1889415743853
2024-02-12 23:01:17,0.200637764,0.0226493100865495,1.0674416,386.4809765259113,384.1916873011287
2024-02-12 23:01:21,0.200649227,0.0226493868968429,1.06744522,386.50274600406414,384.210520127776
2024-02-12 23:01:26,0.20064259,0.0226486635645492,1.06741113,386.50601684606664,384.2101200493857
2024-02-12 23:01:30,0.200643797,0.0226500525153249,1.06747659,386.48957120911865,384.1907375913543
2024-02-12 23:01:34,0.200638669,0.0226494189364957,1.06744673,386.4933543445887,384.19158383042617
2024-02-12 23:01:39,0.200638367,0.0226492141797742,1.06743708,386.4996661281624,384.1942243876401
2024-02-12 23:01:43,0.200638367,0.022648970805723,1.06742561,386.5063687872225,384.1979899809626
2024-02-12 23:01:47,0.200637462,0.0226495277864419,1.06745186,386.49910753831125,384.1877915911044
2024-02-12 23:01:52,0.200630222,0.022648567657774,1.06740661,386.50498885657055,384.19000137746696
2024-02-12 23:01:56,0.200649227,0.0226493868968429,1.06744522,386.5284449169279,384.210520127776
2024-02-12 23:02:00,0.200637462,0.0226481195270013,1.06738549,386.5304435098783,384.2095813355747
2024-02-12 23:02:04,0.200637764,0.0226479468099327,1.06737735,386.53658110055255,384.21278146602646
2024-02-12 23:02:09,0.200627809,0.0226486765077202,1.06741174,386.51157411808185,384.1841025527588
2024-02-12 23:02:13,0.200629016,0.0226489901143879,1.06742652,386.5117677951824,384.1813586008464
2024-02-12 23:02:17,0.200628412,0.0226495341519358,1.06745216,386.50523349079907,384.17188659248495
2024-02-12 23:02:21,0.200620871,0.0226485867542558,1.06740751,386.50965766819894,384.173372990974
2024-02-12 23:02:26,0.200633541,0.0226491691969505,1.06743496,386.5264482705692,384.18649126438106
2024-02-12 23:02:30,0.200632334,0.0226490732901752,1.06743044,386.5287619313092,384.1858669777304
2024-02-12 23:02:34,0.200632636,0.0226493421262022,1.06744311,386.52806803883215,384.1822350630356
2024-02-12 23:02:39,0.200630524,0.022649630058711,1.06745668,386.52359717899066,384.1740915702457
2024-02-12 23:02:43,0.200635049,0.0226494509761484,1.06744824,386.5372092834372,384.18476548423206
2024-02-12 23:02:47,0.200621172,0.0226489901143879,1.06742652,386.5230401937658,384.1676581293788
2024-02-12 23:02:51,0.200620569,0.0226493037210555,1.0674413,386.52007351263194,384.161753108374
2024-02-12 23:02:56,0.200622982,0.0226491180608159,1.06743255,386.53083344213195,384.1688400080529
2024-02-12 23:03:00,0.200636557,0.022649643001882,1.06745729,386.5493603095386,384.1844283676563
2024-02-12 23:03:04,0.200626602,0.022647908404786,1.06737554,386.5617494584111,384.1938789341417
2024-02-12 23:03:08,0.200629016,0.0226493805313489,1.06744492,386.5461274054195,384.17531822421154
2024-02-12 23:03:13,0.200612424,0.022648433133669,1.06740027,386.53547835535176,384.160995748182
2024-02-12 23:03:17,0.200621172,0.0226489580747351,1.06742501,386.5455752557962,384.1681538240656
2024-02-12 23:03:22,0.200630524,0.0226492589504149,1.06743919,386.56092818973065,384.1798331226129
2024-02-12 23:03:26,0.200619664,0.0226501038636426,1.06747901,386.53182817737166,384.1477941182347
2024-02-12 23:03:30,0.200622982,0.0226490476160164,1.06742923,386.5569030047113,384.1699298791818
2024-02-12 23:03:35,0.200616346,0.0226486315248965,1.06740962,386.5554238017745,384.1647767387161
2024-02-12 23:03:39,0.200611519,0.0226486508335614,1.06741053,386.54963325257603,384.1560469559033
2024-02-12 23:03:43,0.200611821,0.0226488492247889,1.06741988,386.5500307615645,384.1535051570093
2024-02-12 23:03:47,0.200623586,0.022649630058711,1.06745668,386.5614388637291,384.1619738770556
2024-02-12 23:03:52,0.200617553,0.0226485612922801,1.06740631,386.5711108643212,384.1679715456549
2024-02-12 23:03:56,0.200617553,0.0226495405174297,1.06745246,386.5589009153509,384.1528220476538
2024-02-12 23:04:00,0.200611821,0.0226496236932171,1.06745638,386.55054254754117,384.14152405668233
2024-02-12 23:04:04,0.200620267,0.0226502638497234,1.06748655,386.5583305647592,384.1463723766403
2024-02-12 23:04:08,0.200608201,0.0226489324005762,1.0674238,386.5607935995883,384.145895640143
2024-02-12 23:04:13,0.200607296,0.0226498861637502,1.06746875,386.5481335362799,384.1295607585702
2024-02-12 23:04:17,0.200613631,0.0226501293256183,1.06748021,386.5583762434738,384.1368635279068
2024-02-12 23:04:21,0.200618458,0.0226498541240974,1.06746724,386.5740039070274,384.1495511796418
2024-02-12 23:04:25,0.200612726,0.0226495852880704,1.06745457,386.57109161141216,384.1436987982789
2024-02-12 23:04:30,0.200608503,0.0226490539815103,1.06742953,386.57561026666366,384.1445422424323
2024-02-12 23:04:34,0.20060609,0.0226485803887619,1.06740721,386.58166254956336,384.1476542733621
2024-02-12 23:04:38,0.200605788,0.0226492653159088,1.06743949,386.57347956167683,384.1365309596813
2024-02-12 23:04:43,0.200610011,0.0226492909900677,1.0674407,386.5841336992337,384.1435095862292
2024-02-12 23:04:47,0.200602168,0.0226493100865495,1.0674416,386.5730803819359,384.12951577715046
2024-02-12 23:04:51,0.20060609,0.0226501165946304,1.06747961,386.5703951783508,384.1238900080651
2024-02-12 23:04:56,0.200606391,0.0226494253019896,1.06744703,386.585290225788,384.135109245008
2024-02-12 23:05:00,0.200605486,0.0226500525153249,1.06747659,386.57694803061906,384.1238263185877
2024-02-12 23:05:05,0.200602771,0.0226492653159088,1.06743949,386.58805926125984,384.1312615316472
2024-02-12 23:05:09,0.200600358,0.0226495789225764,1.06745427,386.5819345100113,384.12219588355936
2024-02-12 23:05:13,0.200601263,0.0226493932623368,1.06744552,386.58932807070227,384.1266484738686
2024-02-12 23:05:18,0.200607296,0.0226503213513519,1.06748926,386.58918496586324,384.1228290526824
2024-02-12 23:05:22,0.200604581,0.0226507631166307,1.06751008,386.58055126568945,384.1112542167741
2024-02-12 23:05:26,0.200607598,0.0226502829462052,1.06748745,386.59618881402537,384.12395055593765
2024-02-12 23:05:30,0.200607296,0.0226510253749806,1.06752244,386.5871189410914,384.1119394004256
2024-02-12 23:05:35,0.200619966,0.0226509294682054,1.06751792,386.61440659514534,384.1355503480792
2024-02-12 23:05:39,0.200607598,0.0226516271263402,1.0675508,386.58495731174213,384.1031596170527
2024-02-12 23:05:43,0.200611218,0.0226516848401518,1.06755352,386.5933281463818,384.10858893076767
2024-02-12 23:05:47,0.200616648,0.0226511983042324,1.06753059,386.6132781000259,384.1255972902181
2024-02-12 23:05:51,0.200600358,0.022650180673936,1.06748263,386.6035102987972,384.11288782155856
2024-02-12 23:05:56,0.200599151,0.0226506542666844,1.06750495,386.59775417457746,384.1034545101097
2024-02-12 23:06:00,0.200598246,0.0226501870394299,1.06748293,386.6063422333161,384.10910073675166
2024-02-12 23:06:04,0.200604883,0.022651102185274,1.06752606,386.60672060905625,384.1065372072624
2024-02-12 23:06:08,0.200601565,0.0226502061359117,1.06748383,386.61772739243605,384.11460201231216
2024-02-12 23:06:12,0.200591912,0.0226507374424718,1.06750887,386.59559290166453,384.089525470142
2024-02-12 23:06:17,0.200600358,0.0226515950866874,1.06754929,386.60075641953887,384.09101132106434
2024-02-12 23:06:21,0.200598246,0.0226518127865798,1.06755955,386.5966434468193,384.0839561326591
2024-02-12 23:06:25,0.20059885,0.0226508719665769,1.06751521,386.61519127328364,384.0995616704736
2024-02-12 23:06:29,0.200590705,0.0226499693395375,1.06747267,386.61786951727635,384.0992975528839
2024-02-12 23:06:33,0.200596436,0.0226512687490319,1.06753391,386.610723454988,384.08920905611296
2024-02-12 23:06:37,0.200590705,0.0226505133770854,1.06749831,386.6153398913169,384.0908829850911
2024-02-12 23:06:42,0.200582862,0.0226496814070287,1.0674591,386.6181882552361,384.0900531123995
2024-02-12 23:06:46,0.200587387,0.0226500270533492,1.06747539,386.62368780117663,384.0926099871528
2024-02-12 23:06:50,0.200587688,0.0226505838218849,1.06750163,386.61854494390855,384.0845243859332
2024-02-12 23:06:54,0.200590403,0.0226505965528728,1.06750223,386.62603249445976,384.0890691198006
2024-02-12 23:06:58,0.200577734,0.0226511789955674,1.06752968,386.5978420275917,384.0579357635488
2024-02-12 23:07:03,0.200582862,0.0226509294682054,1.06751792,386.6143353319568,384.07075035399794
2024-02-12 23:07:07,0.200578638,0.0226494253019896,1.06744703,386.63316495662406,384.0866369258228
2024-02-12 23:07:11,0.200581052,0.0226498220844446,1.06746573,386.6341872206634,384.08471606442345
2024-02-12 23:07:15,0.20058618,0.0226498668550852,1.06746784,386.6453940906424,384.0929797363993
2024-02-12 23:07:19,0.200587688,0.0226512174007142,1.06753149,386.63008323575446,384.0747256109759
2024-02-12 23:07:24,0.200588593,0.0226507310769779,1.06750857,386.64286427588894,384.0838274609912
2024-02-12 23:07:28,0.200585275,0.0226500588808188,1.06747689,386.65040935632084,384.0884291078065
2024-02-12 23:07:32,0.200590403,0.0226511983042324,1.06753059,386.6446862066697,384.0797624521104
2024-02-12 23:07:36,0.200584973,0.0226513903299659,1.06753964,386.6351770903174,384.0673097573164
2024-02-12 23:07:40,0.200583163,0.0226511598990857,1.06752878,386.6385233521377,384.0677123683304
2024-02-12 23:07:44,0.200589197,0.0226516655314869,1.06755261,386.6441852489702,384.0704305420236
2024-02-12 23:07:48,0.20058256,0.0226504686064448,1.0674962,386.654048953533,384.0773504511463
2024-02-12 23:07:53,0.20058256,0.0226517616504452,1.06755714,386.63773178771964,384.0573534394082
2024-02-12 23:07:57,0.200573209,0.0226505070115915,1.06749801,386.6437475926251,384.0604252863131
2024-02-12 23:08:01,0.200581353,0.0226517871124209,1.06755834,386.6411181636131,384.0548518271033
2024-02-12 23:08:05,0.200581655,0.0226510319526576,1.06752275,386.65626790843703,384.0670574695639
2024-02-12 23:08:09,0.200575924,0.0226506926718312,1.06750676,386.65445026839615,384.0622956550262
2024-02-12 23:08:14,0.200578638,0.0226509231027114,1.06751762,386.6593067990082,384.063471866128
2024-02-12 23:08:18,0.20058075,0.0226524720395679,1.06759062,386.6419867082261,384.0432074386652
2024-02-12 23:08:22,0.200582862,0.022652856091035,1.06760872,386.642680775902,384.0409570976303
2024-02-12 23:08:26,0.200583767,0.0226523568241277,1.06758519,386.6549257759831,384.05025761700233
2024-02-12 23:08:30,0.200573812,0.0226515950866874,1.06754929,386.6522646562904,384.0446519446343
2024-02-12 23:08:35,0.200571097,0.0226514223696187,1.06754115,386.65387488060725,384.0425813769527
2024-02-12 23:08:39,0.200570192,0.0226513326161543,1.06753692,386.6566270357421,384.04238881760415
2024-02-12 23:08:43,0.200573209,0.0226520943535947,1.06757282,386.65306163321475,384.0358786287305
