time,sample_holder_res,sample_holder_temp,exhaust_res,exhaust_temp,target_temp,cooling_active,heating_active,proportional,integral,derivative
2024-03-01 10:23:29,336.325267,108.538,302.041101,100.324,-1.000,0,0,19.3,0.0162,5.69
2024-03-01 10:23:34,336.392032,108.554,303.587713,100.689,100.000,0,0,19.3,0.0162,5.69
2024-03-01 10:23:38,336.452239,108.568,305.149823,101.058,100.000,1,0,19.3,0.0162,5.69
2024-03-01 10:23:42,336.511254,108.582,386.822774,120.458,100.000,1,0,19.3,0.0162,5.69
2024-03-01 10:23:46,336.619448,108.608,399.866292,123.580,100.000,1,0,19.3,0.0162,5.69
2024-03-01 10:23:50,336.6728,108.621,405.755875,124.992,100.000,1,0,19.3,0.0162,5.69
2024-03-01 10:23:54,336.729133,108.634,407.59011,125.432,100.000,1,0,19.3,0.0162,5.69
2024-03-01 10:23:59,336.78934,108.648,406.802647,125.243,100.000,1,0,19.3,0.0162,5.69
2024-03-01 10:24:03,336.855806,108.664,396.744158,122.832,100.000,1,0,19.3,0.0162,5.69
2024-03-01 10:24:07,336.924657,108.680,198.675649,76.174,100.000,1,0,19.3,0.0162,5.69
2024-03-01 10:24:11,337.062359,108.713,198.572819,76.150,100.000,0,0,19.3,0.0162,5.69
2024-03-01 10:24:15,337.1327,108.730,198.500392,76.133,100.000,0,0,19.3,0.0162,5.69
2024-03-01 10:24:20,337.198571,108.746,198.520958,76.138,100.000,0,0,19.3,0.0162,5.69
2024-03-01 10:24:24,337.256393,108.759,198.657169,76.170,100.000,0,0,19.3,0.0162,5.69
2024-03-01 10:24:28,337.305275,108.771,200.096481,76.503,100.000,0,0,19.3,0.0162,5.69
2024-03-01 10:24:32,337.345512,108.780,216.678517,80.347,100.000,0,0,19.3,0.0162,5.69
2024-03-01 10:24:37,337.399162,108.793,224.945392,82.268,100.000,0,0,19.3,0.0162,5.69
2024-03-01 10:24:41,337.412575,108.796,232.070416,83.926,100.000,0,0,19.3,0.0162,5.69
2024-03-01 10:24:45,337.420026,108.798,238.292927,85.376,100.000,0,0,19.3,0.0162,5.69
2024-03-01 10:24:49,337.419728,108.798,244.197114,86.753,100.000,0,0,19.3,0.0162,5.69
2024-03-01 10:24:53,337.415853,108.797,249.647065,88.026,100.000,0,0,19.3,0.0162,5.69
2024-03-01 10:24:57,337.40721,108.795,258.975019,90.207,100.000,0,0,19.3,0.0162,5.69
2024-03-01 10:25:02,337.379192,108.788,263.429165,91.250,100.000,0,0,19.3,0.0162,5.69
2024-03-01 10:25:06,337.361011,108.784,267.567371,92.219,100.000,0,0,19.3,0.0162,5.69
2024-03-01 10:25:10,337.34283,108.780,271.727634,93.195,100.000,0,0,19.3,0.0162,5.69
2024-03-01 10:25:14,337.32286,108.775,275.792519,94.149,100.000,0,0,19.3,0.0162,5.69
2024-03-01 10:25:18,337.302592,108.770,279.707482,95.068,100.000,0,0,19.3,0.0162,5.69
2024-03-01 10:25:22,337.282026,108.765,286.91,96.761,100.000,0,0,19.3,0.0162,5.69
2024-03-01 10:25:27,337.242981,108.756,290.253888,97.548,100.000,0,0,19.3,0.0162,5.69
2024-03-01 10:25:31,337.225992,108.752,293.436528,98.297,100.000,0,0,19.3,0.0162,5.69
2024-03-01 10:25:35,337.208108,108.748,296.524088,99.024,100.000,0,0,19.3,0.0162,5.69
2024-03-01 10:25:39,337.193206,108.744,299.478119,99.720,100.000,0,0,19.3,0.0162,5.69
2024-03-01 10:25:43,337.179197,108.741,302.343926,100.396,100.000,1,0,19.3,0.0162,5.69
2024-03-01 10:25:47,337.1634,108.737,324.700793,105.678,100.000,1,0,19.3,0.0162,5.69
2024-03-01 10:25:52,337.133892,108.730,198.591001,76.154,100.000,1,0,19.3,0.0162,5.69
2024-03-01 10:25:56,337.119288,108.727,198.654487,76.169,100.000,0,0,19.3,0.0162,5.69
2024-03-01 10:26:00,337.106769,108.724,198.450319,76.122,100.000,0,0,19.3,0.0162,5.69
2024-03-01 10:26:04,337.095741,108.721,198.436906,76.119,100.000,0,0,19.3,0.0162,5.69
2024-03-01 10:26:08,337.080541,108.717,198.463731,76.125,100.000,0,0,19.3,0.0162,5.69
2024-03-01 10:26:12,337.059975,108.713,198.544206,76.143,100.000,0,0,19.3,0.0162,5.69
2024-03-01 10:26:17,337.005729,108.700,198.753143,76.192,100.000,0,0,19.3,0.0162,5.69
2024-03-01 10:26:21,336.970558,108.691,199.468179,76.357,100.000,0,0,19.3,0.0162,5.69
2024-03-01 10:26:25,336.931811,108.682,200.163543,76.518,100.000,0,0,19.3,0.0162,5.69
2024-03-01 10:26:29,336.889487,108.672,200.993629,76.710,100.000,0,0,19.3,0.0162,5.69
2024-03-01 10:26:33,336.843884,108.661,202.133096,76.974,100.000,0,0,19.3,0.0162,5.69
2024-03-01 10:26:37,336.794109,108.649,204.887131,77.612,100.000,0,0,19.3,0.0162,5.69
2024-03-01 10:26:42,336.694558,108.626,206.661756,78.023,100.000,0,0,19.3,0.0162,5.69
2024-03-01 10:26:46,336.642995,108.614,208.412834,78.429,100.000,0,0,19.3,0.0162,5.69
2024-03-01 10:26:50,336.591431,108.601,210.341255,78.876,100.000,0,0,19.3,0.0162,5.69
2024-03-01 10:26:54,336.540165,108.589,211.970726,79.254,100.000,0,0,19.3,0.0162,5.69
2024-03-01 10:26:58,336.492476,108.578,214.407034,79.820,100.000,0,0,19.3,0.0162,5.69
2024-03-01 10:27:03,336.444489,108.566,221.290632,81.418,100.000,0,0,19.3,0.0162,5.69
2024-03-01 10:27:07,336.355073,108.545,223.345131,81.896,100.000,0,0,19.3,0.0162,5.69
2024-03-01 10:27:11,336.314239,108.535,225.627344,82.427,100.000,0,0,19.3,0.0162,5.69
2024-03-01 10:27:15,336.274002,108.526,228.129224,83.009,100.000,0,0,19.3,0.0162,5.69
2024-03-01 10:27:19,336.238235,108.517,230.611433,83.586,100.000,0,0,19.3,0.0162,5.69
2024-03-01 10:27:24,336.204256,108.509,233.048039,84.154,100.000,0,0,19.3,0.0162,5.69
2024-03-01 10:27:28,336.173557,108.502,237.838988,85.270,100.000,0,0,19.3,0.0162,5.69
2024-03-01 10:27:32,336.118416,108.489,240.260095,85.835,100.000,0,0,19.3,0.0162,5.69
2024-03-01 10:27:36,336.096062,108.484,242.70922,86.406,100.000,0,0,19.3,0.0162,5.69
2024-03-01 10:27:40,336.075794,108.479,245.155364,86.977,100.000,0,0,19.3,0.0162,5.69
2024-03-01 10:27:44,336.057315,108.474,247.673339,87.565,100.000,0,0,19.3,0.0162,5.69
2024-03-01 10:27:49,336.04271,108.471,250.217842,88.159,100.000,1,0,19.3,0.0162,5.69
2024-03-01 10:27:53,336.028702,108.468,287.520717,96.905,100.000,1,0,19.3,0.0162,5.69
2024-03-01 10:27:57,335.9983,108.460,198.736452,76.188,100.000,1,0,19.3,0.0162,5.69
2024-03-01 10:28:01,335.984589,108.457,198.53139,76.140,100.000,0,0,19.3,0.0162,5.69
2024-03-01 10:28:05,335.973263,108.454,198.430647,76.117,100.000,0,0,19.3,0.0162,5.69
2024-03-01 10:28:10,335.964322,108.452,198.430051,76.117,100.000,0,0,19.3,0.0162,5.69
2024-03-01 10:28:14,335.949121,108.449,198.430945,76.117,100.000,0,0,19.3,0.0162,5.69
2024-03-01 10:28:18,335.930045,108.444,198.452703,76.122,100.000,0,0,19.3,0.0162,5.69
2024-03-01 10:28:22,335.875799,108.431,198.506055,76.135,100.000,0,0,19.3,0.0162,5.69
2024-03-01 10:28:26,335.842715,108.423,198.585338,76.153,100.000,0,0,19.3,0.0162,5.69
2024-03-01 10:28:30,335.802179,108.414,198.716184,76.183,100.000,0,0,19.3,0.0162,5.69
2024-03-01 10:28:35,335.758961,108.404,198.937938,76.235,100.000,0,0,19.3,0.0162,5.69
2024-03-01 10:28:39,335.713359,108.393,199.242849,76.305,100.000,0,0,19.3,0.0162,5.69
2024-03-01 10:28:43,335.664775,108.381,200.277997,76.545,100.000,0,0,19.3,0.0162,5.69
2024-03-01 10:28:47,335.562244,108.357,200.898549,76.688,100.000,0,0,19.3,0.0162,5.69
2024-03-01 10:28:51,335.510085,108.344,201.444289,76.815,100.000,0,0,19.3,0.0162,5.69
2024-03-01 10:28:55,335.457329,108.332,201.897036,76.920,100.000,0,0,19.3,0.0162,5.69
2024-03-01 10:29:00,335.406063,108.320,202.250828,77.001,100.000,0,0,19.3,0.0162,5.69
2024-03-01 10:29:04,335.355692,108.308,202.671385,77.099,100.000,0,0,19.3,0.0162,5.69
2024-03-01 10:29:08,335.306512,108.296,203.590589,77.312,100.000,0,0,19.3,0.0162,5.69
2024-03-01 10:29:12,335.214115,108.274,204.133944,77.438,100.000,0,0,19.3,0.0162,5.69
2024-03-01 10:29:16,335.171493,108.264,204.747641,77.580,100.000,0,0,19.3,0.0162,5.69
2024-03-01 10:29:20,335.130958,108.254,205.366107,77.723,100.000,0,0,19.3,0.0162,5.69
2024-03-01 10:29:25,335.093104,108.245,206.006927,77.872,100.000,0,0,19.3,0.0162,5.69
2024-03-01 10:29:29,335.05853,108.237,206.698715,78.032,100.000,0,0,19.3,0.0162,5.69
2024-03-01 10:29:33,335.027234,108.230,207.830432,78.294,100.000,0,0,19.3,0.0162,5.69
2024-03-01 10:29:37,334.972988,108.217,209.291502,78.633,100.000,0,0,19.3,0.0162,5.69
2024-03-01 10:29:41,334.948547,108.211,211.098614,79.052,100.000,0,0,19.3,0.0162,5.69
2024-03-01 10:29:45,334.926789,108.206,213.960546,79.716,100.000,0,0,19.3,0.0162,5.69
2024-03-01 10:29:50,334.909204,108.202,216.307437,80.261,100.000,0,0,19.3,0.0162,5.69
2024-03-01 10:29:54,334.894301,108.198,218.064178,80.669,100.000,0,0,19.3,0.0162,5.69
2024-03-01 10:30:02,334.863005,108.191,223.702798,81.979,100.000,0,0,19.3,0.0162,5.69
2024-03-01 10:30:06,334.857938,108.190,225.757296,82.457,100.000,0,0,19.3,0.0162,5.69
2024-03-01 10:30:11,334.855554,108.189,227.894953,82.954,100.000,0,0,19.3,0.0162,5.69
2024-03-01 10:30:15,334.854958,108.189,230.165542,83.483,100.000,0,0,19.3,0.0162,5.69
2024-03-01 10:30:23,334.860025,108.190,237.520367,85.196,100.000,0,0,19.3,0.0162,5.69
2024-03-01 10:30:27,334.873139,108.193,239.976942,85.769,100.000,0,0,19.3,0.0162,5.69
2024-03-01 10:30:32,334.881485,108.195,242.383743,86.330,100.000,0,0,19.3,0.0162,5.69
2024-03-01 10:30:36,334.893109,108.198,244.775641,86.888,100.000,0,0,19.3,0.0162,5.69
2024-03-01 10:30:40,334.904435,108.201,247.258744,87.468,100.000,0,0,19.3,0.0162,5.69
2024-03-01 10:30:44,334.919636,108.204,249.768075,88.054,100.000,0,0,19.3,0.0162,5.69
2024-03-01 10:30:48,334.935433,108.208,254.723551,89.213,100.000,0,0,19.3,0.0162,5.69
2024-03-01 10:30:53,334.970305,108.216,257.25941,89.806,100.000,1,0,19.3,0.0162,5.69
2024-03-01 10:31:01,335.006966,108.225,296.884736,99.109,100.000,1,0,19.3,0.0162,5.69
2024-03-01 10:31:05,335.022763,108.229,298.195585,99.418,100.000,1,0,19.3,0.0162,5.69
2024-03-01 10:31:09,335.040349,108.233,198.650314,76.168,100.000,1,0,19.3,0.0162,5.69
2024-03-01 10:31:13,335.054357,108.236,198.48221,76.129,100.000,0,0,19.3,0.0162,5.69
2024-03-01 10:31:18,335.083269,108.243,198.429157,76.117,100.000,0,0,19.3,0.0162,5.69
2024-03-01 10:31:22,335.096383,108.246,198.429455,76.117,100.000,0,0,19.3,0.0162,5.69
2024-03-01 10:31:26,335.101152,108.247,198.433627,76.118,100.000,0,0,19.3,0.0162,5.69
2024-03-01 10:31:30,335.098768,108.247,198.442867,76.120,100.000,0,0,19.3,0.0162,5.69
2024-03-01 10:31:34,335.089528,108.245,198.456876,76.123,100.000,0,0,19.3,0.0162,5.69
2024-03-01 10:31:38,335.071942,108.240,198.573117,76.150,100.000,0,0,19.3,0.0162,5.69
2024-03-01 10:31:43,335.020081,108.228,198.675947,76.174,100.000,0,0,19.3,0.0162,5.69
2024-03-01 10:31:47,334.985208,108.220,198.803515,76.203,100.000,0,0,19.3,0.0162,5.69
2024-03-01 10:31:51,334.947057,108.211,198.990992,76.247,100.000,0,0,19.3,0.0162,5.69
2024-03-01 10:31:55,334.905329,108.201,199.217514,76.299,100.000,0,0,19.3,0.0162,5.69
2024-03-01 10:31:59,334.861515,108.190,199.611246,76.390,100.000,0,0,19.3,0.0162,5.69
2024-03-01 10:32:03,334.814422,108.179,200.481867,76.592,100.000,0,0,19.3,0.0162,5.69
2024-03-01 10:32:08,334.718746,108.157,201.016281,76.716,100.000,0,0,19.3,0.0162,5.69
2024-03-01 10:32:12,334.670163,108.145,201.527148,76.834,100.000,0,0,19.3,0.0162,5.69
2024-03-01 10:32:16,334.622474,108.134,201.901805,76.921,100.000,0,0,19.3,0.0162,5.69
2024-03-01 10:32:20,334.577468,108.123,202.23831,76.999,100.000,0,0,19.3,0.0162,5.69
2024-03-01 10:32:24,334.53276,108.112,202.513117,77.062,100.000,0,0,19.3,0.0162,5.69
2024-03-01 10:32:29,334.490734,108.102,203.008188,77.177,100.000,0,0,19.3,0.0162,5.69
2024-03-01 10:32:33,334.412345,108.084,203.39417,77.266,100.000,0,0,19.3,0.0162,5.69
2024-03-01 10:32:37,334.377472,108.076,203.85556,77.373,100.000,0,0,19.3,0.0162,5.69
2024-03-01 10:32:41,334.344388,108.068,204.30324,77.477,100.000,0,0,19.3,0.0162,5.69
2024-03-01 10:32:45,334.313987,108.060,204.916043,77.619,100.000,0,0,19.3,0.0162,5.69
2024-03-01 10:32:49,334.285671,108.054,205.256423,77.698,100.000,0,0,19.3,0.0162,5.69
2024-03-01 10:32:54,334.261529,108.048,206.651622,78.021,100.000,0,0,19.3,0.0162,5.69
2024-03-01 10:32:58,334.218609,108.038,207.461141,78.209,100.000,0,0,19.3,0.0162,5.69
2024-03-01 10:33:02,334.202514,108.034,208.492712,78.448,100.000,0,0,19.3,0.0162,5.69
2024-03-01 10:33:06,334.189399,108.031,209.931428,78.781,100.000,0,0,19.3,0.0162,5.69
2024-03-01 10:33:11,334.178073,108.028,212.287261,79.328,100.000,0,0,19.3,0.0162,5.69
2024-03-01 10:33:15,334.170026,108.026,214.429686,79.825,100.000,0,0,19.3,0.0162,5.69
2024-03-01 10:33:19,334.163468,108.025,217.990558,80.652,100.000,0,0,19.3,0.0162,5.69
2024-03-01 10:33:23,334.158998,108.024,219.696332,81.048,100.000,0,0,19.3,0.0162,5.69
2024-03-01 10:33:27,334.160488,108.024,221.333254,81.428,100.000,0,0,19.3,0.0162,5.69
2024-03-01 10:33:31,334.162872,108.025,222.919507,81.797,100.000,0,0,19.3,0.0162,5.69
2024-03-01 10:33:36,334.167343,108.026,224.553151,82.177,100.000,0,0,19.3,0.0162,5.69
2024-03-01 10:33:40,334.175391,108.028,226.272933,82.577,100.000,0,0,19.3,0.0162,5.69
2024-03-01 10:33:44,334.182246,108.029,229.988497,83.441,100.000,0,0,19.3,0.0162,5.69
2024-03-01 10:33:48,334.206985,108.035,232.087704,83.930,100.000,0,0,19.3,0.0162,5.69
2024-03-01 10:33:52,334.220397,108.038,234.23758,84.431,100.000,0,0,19.3,0.0162,5.69
2024-03-01 10:33:56,334.237088,108.042,236.606826,84.983,100.000,0,0,19.3,0.0162,5.69
2024-03-01 10:34:01,334.253779,108.046,239.028827,85.548,100.000,1,0,19.3,0.0162,5.69
2024-03-01 10:34:05,334.271067,108.050,276.870587,94.402,100.000,1,0,19.3,0.0162,5.69
2024-03-01 10:34:09,334.287162,108.054,290.678022,97.647,100.000,1,0,19.3,0.0162,5.69
2024-03-01 10:34:13,334.31965,108.062,198.727212,76.186,100.000,1,0,19.3,0.0162,5.69
2024-03-01 10:34:17,334.335447,108.066,198.52364,76.139,100.000,0,0,19.3,0.0162,5.69
2024-03-01 10:34:22,334.350349,108.069,198.43631,76.118,100.000,0,0,19.3,0.0162,5.69
2024-03-01 10:34:26,334.366146,108.073,198.433031,76.118,100.000,0,0,19.3,0.0162,5.69
2024-03-01 10:34:30,334.375684,108.075,198.432733,76.118,100.000,0,0,19.3,0.0162,5.69
2024-03-01 10:34:34,334.378665,108.076,198.458366,76.124,100.000,0,0,19.3,0.0162,5.69
2024-03-01 10:34:38,334.365252,108.073,198.527515,76.140,100.000,0,0,19.3,0.0162,5.69
2024-03-01 10:34:43,334.347369,108.068,198.619614,76.161,100.000,0,0,19.3,0.0162,5.69
2024-03-01 10:34:47,334.324419,108.063,198.82259,76.208,100.000,0,0,19.3,0.0162,5.69
2024-03-01 10:34:51,334.296103,108.056,199.073553,76.266,100.000,0,0,19.3,0.0162,5.69
2024-03-01 10:34:55,334.263615,108.049,199.471756,76.358,100.000,0,0,19.3,0.0162,5.69
2024-03-01 10:34:59,334.22606,108.040,200.837149,76.674,100.000,0,0,19.3,0.0162,5.69
2024-03-01 10:35:04,334.146777,108.021,201.498833,76.827,100.000,0,0,19.3,0.0162,5.69
2024-03-01 10:35:08,334.102963,108.010,202.036526,76.952,100.000,0,0,19.3,0.0162,5.69
2024-03-01 10:35:12,334.059149,108.000,202.650223,77.094,100.000,0,0,19.3,0.0162,5.69
2024-03-01 10:35:16,334.016825,107.990,203.223682,77.227,100.000,0,0,19.3,0.0162,5.69
2024-03-01 10:35:20,333.972117,107.979,203.852878,77.372,100.000,0,0,19.3,0.0162,5.69
2024-03-01 10:35:29,333.850808,107.950,205.668336,77.793,100.000,0,0,19.3,0.0162,5.69
2024-03-01 10:35:33,333.814147,107.942,206.243583,77.926,100.000,0,0,19.3,0.0162,5.69
2024-03-01 10:35:37,333.778678,107.933,206.867116,78.071,100.000,0,0,19.3,0.0162,5.69
2024-03-01 10:35:41,333.747681,107.926,207.591392,78.239,100.000,0,0,19.3,0.0162,5.69
2024-03-01 10:35:45,333.718173,107.919,208.36127,78.417,100.000,0,0,19.3,0.0162,5.69
2024-03-01 10:35:49,333.690752,107.912,210.636926,78.945,100.000,0,0,19.3,0.0162,5.69
2024-03-01 10:35:54,333.644553,107.902,213.065485,79.508,100.000,0,0,19.3,0.0162,5.69
2024-03-01 10:35:58,333.626074,107.897,215.770937,80.136,100.000,0,0,19.3,0.0162,5.69
2024-03-01 10:36:02,333.609085,107.893,217.30354,80.492,100.000,0,0,19.3,0.0162,5.69
2024-03-01 10:36:06,333.594778,107.890,218.775936,80.834,100.000,0,0,19.3,0.0162,5.69
2024-03-01 10:36:10,333.58375,107.887,220.380966,81.207,100.000,0,0,19.3,0.0162,5.69
2024-03-01 10:36:14,333.57451,107.885,224.086098,82.068,100.000,0,0,19.3,0.0162,5.69
2024-03-01 10:36:19,333.56378,107.882,226.046411,82.524,100.000,0,0,19.3,0.0162,5.69
2024-03-01 10:36:23,333.562588,107.882,228.032654,82.986,100.000,0,0,19.3,0.0162,5.69
2024-03-01 10:36:27,333.56378,107.882,230.1259,83.473,100.000,0,0,19.3,0.0162,5.69
2024-03-01 10:36:31,333.566463,107.883,232.347906,83.991,100.000,0,0,19.3,0.0162,5.69
2024-03-01 10:36:35,333.570635,107.884,234.619389,84.520,100.000,0,0,19.3,0.0162,5.69
2024-03-01 10:36:40,333.576597,107.885,239.219881,85.592,100.000,0,0,19.3,0.0162,5.69
2024-03-01 10:36:44,333.596566,107.890,241.486297,86.121,100.000,0,0,19.3,0.0162,5.69
2024-03-01 10:36:48,333.607594,107.893,243.78848,86.658,100.000,0,0,19.3,0.0162,5.69
2024-03-01 10:36:52,333.621901,107.896,246.169052,87.214,100.000,0,0,19.3,0.0162,5.69
2024-03-01 10:36:56,333.636804,107.900,248.511174,87.761,100.000,0,0,19.3,0.0162,5.69
2024-03-01 10:37:00,333.654687,107.904,250.844355,88.306,100.000,0,0,19.3,0.0162,5.69
2024-03-01 10:37:05,333.672272,107.908,255.571222,89.411,100.000,0,0,19.3,0.0162,5.69
2024-03-01 10:37:09,333.714,107.918,257.92467,89.961,100.000,1,0,19.3,0.0162,5.69
2024-03-01 10:37:13,333.733672,107.923,293.622515,98.341,100.000,1,0,19.3,0.0162,5.69
2024-03-01 10:37:17,333.753046,107.927,299.252193,99.667,100.000,1,0,19.3,0.0162,5.69
2024-03-01 10:37:21,333.772419,107.932,199.763552,76.426,100.000,1,0,19.3,0.0162,5.69
2024-03-01 10:37:26,333.790601,107.936,198.66015,76.170,100.000,0,0,19.3,0.0162,5.69
2024-03-01 10:37:30,333.808782,107.941,198.442271,76.120,100.000,0,0,19.3,0.0162,5.69
2024-03-01 10:37:34,333.844251,107.949,198.433627,76.118,100.000,0,0,19.3,0.0162,5.69
2024-03-01 10:37:38,333.853192,107.951,198.458068,76.124,100.000,0,0,19.3,0.0162,5.69
2024-03-01 10:37:42,333.856471,107.952,198.506353,76.135,100.000,0,0,19.3,0.0162,5.69
2024-03-01 10:37:47,333.850808,107.950,198.5451,76.144,100.000,0,0,19.3,0.0162,5.69
2024-03-01 10:37:51,333.838886,107.948,198.654785,76.169,100.000,0,0,19.3,0.0162,5.69
2024-03-01 10:37:55,333.820704,107.943,199.201717,76.296,100.000,0,0,19.3,0.0162,5.69
2024-03-01 10:37:59,333.767054,107.931,199.744179,76.421,100.000,0,0,19.3,0.0162,5.69
2024-03-01 10:38:03,333.733076,107.923,200.362346,76.564,100.000,0,0,19.3,0.0162,5.69
2024-03-01 10:38:07,333.696415,107.914,201.077084,76.730,100.000,0,0,19.3,0.0162,5.69
2024-03-01 10:38:12,333.65737,107.905,201.889286,76.918,100.000,0,0,19.3,0.0162,5.69
2024-03-01 10:38:16,333.616536,107.895,202.732188,77.113,100.000,0,0,19.3,0.0162,5.69
2024-03-01 10:38:20,333.574212,107.885,204.760458,77.583,100.000,0,0,19.3,0.0162,5.69
2024-03-01 10:38:24,333.490458,107.865,205.824517,77.829,100.000,0,0,19.3,0.0162,5.69
2024-03-01 10:38:28,333.449029,107.855,206.928218,78.085,100.000,0,0,19.3,0.0162,5.69
2024-03-01 10:38:32,333.409387,107.846,208.026255,78.340,100.000,0,0,19.3,0.0162,5.69
2024-03-01 10:38:37,333.37213,107.837,209.183904,78.608,100.000,0,0,19.3,0.0162,5.69
2024-03-01 10:38:41,333.335767,107.828,210.610101,78.939,100.000,0,0,19.3,0.0162,5.69
2024-03-01 10:38:45,333.300299,107.820,216.702361,80.353,100.000,0,0,19.3,0.0162,5.69
2024-03-01 10:38:49,333.239495,107.805,218.608428,80.795,100.000,0,0,19.3,0.0162,5.69
2024-03-01 10:38:53,333.211776,107.799,220.086487,81.139,100.000,0,0,19.3,0.0162,5.69
2024-03-01 10:38:57,333.187038,107.793,221.520731,81.472,100.000,0,0,19.3,0.0162,5.69
2024-03-01 10:39:02,333.165876,107.788,222.986868,81.813,100.000,0,0,19.3,0.0162,5.69
2024-03-01 10:39:06,333.145012,107.783,224.68519,82.208,100.000,0,0,19.3,0.0162,5.69
2024-03-01 10:39:10,333.129513,107.779,229.01296,83.214,100.000,0,0,19.3,0.0162,5.69
2024-03-01 10:39:14,333.10388,107.773,231.291298,83.745,100.000,0,0,19.3,0.0162,5.69
2024-03-01 10:39:18,333.09464,107.771,233.602125,84.283,100.000,0,0,19.3,0.0162,5.69
2024-03-01 10:39:22,333.088679,107.770,235.939777,84.828,100.000,0,0,19.3,0.0162,5.69
2024-03-01 10:39:27,333.083314,107.768,238.280707,85.373,100.000,0,0,19.3,0.0162,5.69
2024-03-01 10:39:31,333.08242,107.768,240.56143,85.905,100.000,0,0,19.3,0.0162,5.69
2024-03-01 10:39:35,333.082718,107.768,245.204841,86.989,100.000,0,0,19.3,0.0162,5.69
2024-03-01 10:39:39,333.089871,107.770,247.639063,87.557,100.000,0,0,19.3,0.0162,5.69
2024-03-01 10:39:43,333.097025,107.772,250.092658,88.130,100.000,0,0,19.3,0.0162,5.69
2024-03-01 10:39:48,333.105966,107.774,252.57278,88.710,100.000,0,0,19.3,0.0162,5.69
2024-03-01 10:39:52,333.115802,107.776,255.0839,89.297,100.000,0,0,19.3,0.0162,5.69
2024-03-01 10:39:56,333.127128,107.779,257.635258,89.894,100.000,0,0,19.3,0.0162,5.69
2024-03-01 10:40:00,333.141435,107.782,262.617857,91.060,100.000,0,0,19.3,0.0162,5.69
2024-03-01 10:40:04,333.174221,107.790,265.008562,91.620,100.000,0,0,19.3,0.0162,5.69
2024-03-01 10:40:08,333.192701,107.794,267.384365,92.177,100.000,0,0,19.3,0.0162,5.69
2024-03-01 10:40:13,333.211776,107.799,269.74139,92.729,100.000,0,0,19.3,0.0162,5.69
2024-03-01 10:40:17,333.234429,107.804,272.121366,93.287,100.000,0,0,19.3,0.0162,5.69
2024-03-01 10:40:21,333.25559,107.809,274.521311,93.850,100.000,1,0,19.3,0.0162,5.69
2024-03-01 10:40:25,333.277349,107.814,310.938365,102.424,100.000,1,0,19.3,0.0162,5.69
2024-03-01 10:40:29,333.318182,107.824,309.714548,102.135,100.000,1,0,19.3,0.0162,5.69
2024-03-01 10:40:34,333.337854,107.829,198.686677,76.176,100.000,1,0,19.3,0.0162,5.69
2024-03-01 10:40:38,333.358122,107.834,198.579377,76.152,100.000,0,0,19.3,0.0162,5.69
2024-03-01 10:40:42,333.373919,107.837,198.465221,76.125,100.000,0,0,19.3,0.0162,5.69
2024-03-01 10:40:46,333.394186,107.842,198.434522,76.118,100.000,0,0,19.3,0.0162,5.69
2024-03-01 10:40:50,333.408195,107.845,198.437502,76.119,100.000,0,0,19.3,0.0162,5.69
2024-03-01 10:40:55,333.417733,107.848,198.452405,76.122,100.000,0,0,19.3,0.0162,5.69
2024-03-01 10:40:59,333.411176,107.846,198.481614,76.129,100.000,0,0,19.3,0.0162,5.69
2024-03-01 10:41:03,333.398061,107.843,198.520958,76.138,100.000,0,0,19.3,0.0162,5.69
2024-03-01 10:41:07,333.379582,107.839,198.573714,76.150,100.000,0,0,19.3,0.0162,5.69
2024-03-01 10:41:11,333.355439,107.833,198.634815,76.164,100.000,0,0,19.3,0.0162,5.69
2024-03-01 10:41:20,333.256783,107.809,199.220495,76.300,100.000,0,0,19.3,0.0162,5.69
2024-03-01 10:41:24,333.218632,107.800,199.528088,76.371,100.000,0,0,19.3,0.0162,5.69
2024-03-01 10:41:28,333.18048,107.791,199.763254,76.426,100.000,0,0,19.3,0.0162,5.69
2024-03-01 10:41:32,333.139647,107.782,200.067569,76.496,100.000,0,0,19.3,0.0162,5.69
2024-03-01 10:41:36,333.100303,107.772,200.375461,76.567,100.000,0,0,19.3,0.0162,5.69
2024-03-01 10:41:40,333.05947,107.763,200.928056,76.695,100.000,0,0,19.3,0.0162,5.69
2024-03-01 10:41:45,332.982869,107.744,201.216872,76.762,100.000,0,0,19.3,0.0162,5.69
2024-03-01 10:41:49,332.946805,107.736,201.545628,76.838,100.000,0,0,19.3,0.0162,5.69
2024-03-01 10:41:53,332.913124,107.728,201.886306,76.917,100.000,0,0,19.3,0.0162,5.69
2024-03-01 10:41:57,332.88153,107.720,202.146806,76.977,100.000,0,0,19.3,0.0162,5.69
2024-03-01 10:42:01,332.851129,107.713,202.568854,77.075,100.000,0,0,19.3,0.0162,5.69
2024-03-01 10:42:05,332.824006,107.707,203.455271,77.280,100.000,0,0,19.3,0.0162,5.69
2024-03-01 10:42:10,332.776615,107.695,203.952429,77.396,100.000,0,0,19.3,0.0162,5.69
2024-03-01 10:42:14,332.758135,107.691,204.606065,77.547,100.000,0,0,19.3,0.0162,5.69
2024-03-01 10:42:18,332.740848,107.687,205.641213,77.787,100.000,0,0,19.3,0.0162,5.69
2024-03-01 10:42:22,332.726839,107.684,207.141924,78.135,100.000,0,0,19.3,0.0162,5.69
2024-03-01 10:42:26,332.714023,107.681,209.035472,78.574,100.000,0,0,19.3,0.0162,5.69
2024-03-01 10:42:30,332.704187,107.678,214.272014,79.788,100.000,0,0,19.3,0.0162,5.69
2024-03-01 10:42:35,332.693159,107.676,216.200435,80.236,100.000,0,0,19.3,0.0162,5.69
2024-03-01 10:42:39,332.691371,107.675,218.009336,80.656,100.000,0,0,19.3,0.0162,5.69
2024-03-01 10:42:43,332.690775,107.675,219.58158,81.021,100.000,0,0,19.3,0.0162,5.69
2024-03-01 10:42:47,332.694351,107.676,220.958598,81.341,100.000,0,0,19.3,0.0162,5.69
2024-03-01 10:42:51,332.698822,107.677,222.368998,81.669,100.000,0,0,19.3,0.0162,5.69
2024-03-01 10:42:56,332.705081,107.679,225.300973,82.351,100.000,0,0,19.3,0.0162,5.69
2024-03-01 10:43:00,332.723263,107.683,226.878284,82.718,100.000,0,0,19.3,0.0162,5.69
2024-03-01 10:43:04,332.734589,107.686,228.578991,83.113,100.000,0,0,19.3,0.0162,5.69
2024-03-01 10:43:08,332.748598,107.689,230.425148,83.543,100.000,0,0,19.3,0.0162,5.69
2024-03-01 10:43:12,332.7635,107.692,232.375327,83.997,100.000,0,0,19.3,0.0162,5.69
2024-03-01 10:43:17,332.780191,107.696,234.431614,84.476,100.000,0,0,19.3,0.0162,5.69
2024-03-01 10:43:21,332.798373,107.701,238.729877,85.478,100.000,0,0,19.3,0.0162,5.69
2024-03-01 10:43:25,332.839803,107.710,241.158734,86.044,100.000,0,0,19.3,0.0162,5.69
2024-03-01 10:43:29,332.862455,107.716,268.635901,92.470,100.000,1,0,19.3,0.0162,5.69
2024-03-01 10:43:33,332.882425,107.721,288.838123,97.214,100.000,1,0,19.3,0.0162,5.69
2024-03-01 10:43:38,332.901202,107.725,293.993893,98.428,100.000,1,0,19.3,0.0162,5.69
2024-03-01 10:43:42,332.920874,107.730,198.65091,76.168,100.000,1,0,19.3,0.0162,5.69
2024-03-01 10:43:46,332.938161,107.734,198.493537,76.132,100.000,0,0,19.3,0.0162,5.69
2024-03-01 10:43:50,332.974822,107.743,198.429455,76.117,100.000,0,0,19.3,0.0162,5.69
2024-03-01 10:43:54,332.990619,107.746,198.427666,76.116,100.000,0,0,19.3,0.0162,5.69
2024-03-01 10:43:58,332.999561,107.748,198.430647,76.117,100.000,0,0,19.3,0.0162,5.69
2024-03-01 10:44:03,333.001051,107.749,198.441377,76.120,100.000,0,0,19.3,0.0162,5.69
2024-03-01 10:44:07,332.996282,107.748,198.461943,76.124,100.000,0,0,19.3,0.0162,5.69
2024-03-01 10:44:11,332.985254,107.745,198.531092,76.140,100.000,0,0,19.3,0.0162,5.69
2024-03-01 10:44:15,332.944718,107.735,198.658063,76.170,100.000,0,0,19.3,0.0162,5.69
2024-03-01 10:44:19,332.918191,107.729,198.959696,76.240,100.000,0,0,19.3,0.0162,5.69
2024-03-01 10:44:28,332.852321,107.713,199.496196,76.364,100.000,0,0,19.3,0.0162,5.69
2024-03-01 10:44:32,332.815362,107.705,200.253258,76.539,100.000,0,0,19.3,0.0162,5.69
2024-03-01 10:44:36,332.777807,107.696,201.018069,76.716,100.000,0,0,19.3,0.0162,5.69
2024-03-01 10:44:40,332.700014,107.677,201.516418,76.831,100.000,0,0,19.3,0.0162,5.69
2024-03-01 10:44:44,332.661565,107.668,201.906275,76.922,100.000,0,0,19.3,0.0162,5.69
2024-03-01 10:44:48,332.624606,107.659,202.309545,77.015,100.000,0,0,19.3,0.0162,5.69
2024-03-01 10:44:53,332.587647,107.651,202.764676,77.120,100.000,0,0,19.3,0.0162,5.69
2024-03-01 10:44:57,332.553371,107.642,203.235306,77.229,100.000,0,0,19.3,0.0162,5.69
2024-03-01 10:45:01,332.520883,107.635,204.31397,77.479,100.000,0,0,19.3,0.0162,5.69
2024-03-01 10:45:05,332.461272,107.621,204.83676,77.600,100.000,0,0,19.3,0.0162,5.69
2024-03-01 10:45:09,332.435341,107.614,205.323485,77.713,100.000,0,0,19.3,0.0162,5.69
2024-03-01 10:45:13,332.412093,107.609,205.799778,77.824,100.000,0,0,19.3,0.0162,5.69
2024-03-01 10:45:18,332.390036,107.604,206.347307,77.950,100.000,0,0,19.3,0.0162,5.69
2024-03-01 10:45:22,332.371557,107.599,206.851319,78.067,100.000,0,0,19.3,0.0162,5.69
2024-03-01 10:45:26,332.356356,107.596,208.060234,78.347,100.000,0,0,19.3,0.0162,5.69
2024-03-01 10:45:30,332.332214,107.590,208.692708,78.494,100.000,0,0,19.3,0.0162,5.69
2024-03-01 10:45:34,332.324166,107.588,209.427415,78.664,100.000,0,0,19.3,0.0162,5.69
2024-03-01 10:45:39,332.318801,107.587,210.45839,78.903,100.000,0,0,19.3,0.0162,5.69
2024-03-01 10:45:43,332.31433,107.586,212.479507,79.372,100.000,0,0,19.3,0.0162,5.69
2024-03-01 10:45:47,332.312542,107.585,215.16648,79.996,100.000,0,0,19.3,0.0162,5.69
2024-03-01 10:45:51,332.314032,107.586,217.500555,80.538,100.000,0,0,19.3,0.0162,5.69
2024-03-01 10:45:55,332.323272,107.588,218.612005,80.796,100.000,0,0,19.3,0.0162,5.69
2024-03-01 10:46:00,332.330425,107.590,219.842379,81.082,100.000,0,0,19.3,0.0162,5.69
2024-03-01 10:46:04,332.339367,107.592,221.13922,81.383,100.000,0,0,19.3,0.0162,5.69
2024-03-01 10:46:08,332.350395,107.594,222.455732,81.689,100.000,0,0,19.3,0.0162,5.69
2024-03-01 10:46:12,332.363808,107.598,223.74691,81.989,100.000,0,0,19.3,0.0162,5.69
2024-03-01 10:46:16,332.377816,107.601,226.404376,82.607,100.000,0,0,19.3,0.0162,5.69
2024-03-01 10:46:20,332.412391,107.609,227.842793,82.942,100.000,0,0,19.3,0.0162,5.69
2024-03-01 10:46:25,332.431168,107.613,229.426363,83.311,100.000,0,0,19.3,0.0162,5.69
2024-03-01 10:46:29,332.451436,107.618,231.092495,83.698,100.000,0,0,19.3,0.0162,5.69
2024-03-01 10:46:33,332.473194,107.623,232.817344,84.100,100.000,0,0,19.3,0.0162,5.69
2024-03-01 10:46:37,332.496442,107.629,234.632802,84.523,100.000,1,0,19.3,0.0162,5.69
2024-03-01 10:46:41,332.5182,107.634,289.818429,97.445,100.000,1,0,19.3,0.0162,5.69
2024-03-01 10:46:46,332.559034,107.644,290.695309,97.651,100.000,1,0,19.3,0.0162,5.69
2024-03-01 10:46:54,332.600166,107.654,198.619018,76.161,100.000,1,0,19.3,0.0162,5.69
2024-03-01 10:46:58,332.617751,107.658,198.538245,76.142,100.000,0,0,19.3,0.0162,5.69
2024-03-01 10:47:02,332.634442,107.662,198.453299,76.122,100.000,0,0,19.3,0.0162,5.69
2024-03-01 10:47:06,332.652326,107.666,198.423195,76.115,100.000,0,0,19.3,0.0162,5.69
2024-03-01 10:47:11,332.669017,107.670,198.426772,76.116,100.000,0,0,19.3,0.0162,5.69
2024-03-01 10:47:15,332.66544,107.669,198.433925,76.118,100.000,0,0,19.3,0.0162,5.69
2024-03-01 10:47:19,332.655306,107.667,198.454789,76.123,100.000,0,0,19.3,0.0162,5.69
2024-03-01 10:47:23,332.637125,107.662,198.494729,76.132,100.000,0,0,19.3,0.0162,5.69
2024-03-01 10:47:27,332.61179,107.656,198.55285,76.145,100.000,0,0,19.3,0.0162,5.69
2024-03-01 10:47:31,332.58109,107.649,198.724828,76.185,100.000,0,0,19.3,0.0162,5.69
2024-03-01 10:47:36,332.505086,107.631,198.834214,76.211,100.000,0,0,19.3,0.0162,5.69
2024-03-01 10:47:40,332.462464,107.621,198.953735,76.238,100.000,0,0,19.3,0.0162,5.69
2024-03-01 10:47:44,332.416563,107.610,199.062227,76.263,100.000,0,0,19.3,0.0162,5.69
2024-03-01 10:47:48,332.369769,107.599,199.245829,76.306,100.000,0,0,19.3,0.0162,5.69
2024-03-01 10:47:52,332.320291,107.587,199.369523,76.334,100.000,0,0,19.3,0.0162,5.69
2024-03-01 10:47:56,332.272006,107.576,199.587103,76.385,100.000,0,0,19.3,0.0162,5.69
2024-03-01 10:48:01,332.17633,107.553,199.692019,76.409,100.000,0,0,19.3,0.0162,5.69
2024-03-01 10:48:09,332.083635,107.531,199.92033,76.462,100.000,0,0,19.3,0.0162,5.69
2024-03-01 10:48:13,332.041311,107.521,200.047003,76.491,100.000,0,0,19.3,0.0162,5.69
2024-03-01 10:48:17,332.000776,107.511,200.170399,76.520,100.000,0,0,19.3,0.0162,5.69
2024-03-01 10:48:21,331.962624,107.502,200.418679,76.577,100.000,0,0,19.3,0.0162,5.69
2024-03-01 10:48:26,331.894966,107.486,200.415996,76.577,100.000,0,0,19.3,0.0162,5.69
2024-03-01 10:48:30,331.865756,107.479,200.394835,76.572,100.000,0,0,19.3,0.0162,5.69
2024-03-01 10:48:34,331.839229,107.473,200.454148,76.585,100.000,0,0,19.3,0.0162,5.69
2024-03-01 10:48:38,331.814789,107.467,200.498856,76.596,100.000,0,0,19.3,0.0162,5.69
2024-03-01 10:48:42,331.793925,107.462,200.542372,76.606,100.000,0,0,19.3,0.0162,5.69
2024-03-01 10:48:47,331.774551,107.458,200.714052,76.646,100.000,0,0,19.3,0.0162,5.69
2024-03-01 10:48:51,331.746832,107.451,201.366794,76.797,100.000,0,0,19.3,0.0162,5.69
2024-03-01 10:48:55,331.736698,107.449,201.635641,76.859,100.000,0,0,19.3,0.0162,5.69
2024-03-01 10:48:59,331.729247,107.447,202.212081,76.992,100.000,0,0,19.3,0.0162,5.69
2024-03-01 10:49:03,331.72418,107.446,202.512521,77.062,100.000,0,0,19.3,0.0162,5.69
2024-03-01 10:49:07,331.722689,107.445,202.806404,77.130,100.000,0,0,19.3,0.0162,5.69
2024-03-01 10:49:12,331.721497,107.445,203.252892,77.234,100.000,0,0,19.3,0.0162,5.69
2024-03-01 10:49:16,331.727756,107.447,203.52144,77.296,100.000,0,0,19.3,0.0162,5.69
2024-03-01 10:49:20,331.734314,107.448,203.763461,77.352,100.000,0,0,19.3,0.0162,5.69
2024-03-01 10:49:24,331.742361,107.450,204.048701,77.418,100.000,0,0,19.3,0.0162,5.69
2024-03-01 10:49:28,331.752793,107.452,204.339901,77.485,100.000,0,0,19.3,0.0162,5.69
2024-03-01 10:49:33,331.766504,107.456,204.666868,77.561,100.000,0,0,19.3,0.0162,5.69
2024-03-01 10:49:37,331.779916,107.459,205.444198,77.741,100.000,0,0,19.3,0.0162,5.69
2024-03-01 10:49:41,331.813298,107.467,205.956854,77.860,100.000,0,0,19.3,0.0162,5.69
2024-03-01 10:49:45,331.832374,107.471,206.761902,78.046,100.000,0,0,19.3,0.0162,5.69
2024-03-01 10:49:49,331.852344,107.476,207.92432,78.316,100.000,0,0,19.3,0.0162,5.69
2024-03-01 10:49:54,331.874698,107.481,209.188077,78.609,100.000,0,0,19.3,0.0162,5.69
2024-03-01 10:49:58,331.895562,107.486,210.332909,78.874,100.000,0,0,19.3,0.0162,5.69
2024-03-01 10:50:02,331.918512,107.492,212.11409,79.288,100.000,0,0,19.3,0.0162,5.69
2024-03-01 10:50:06,331.96948,107.504,213.120923,79.521,100.000,0,0,19.3,0.0162,5.69
2024-03-01 10:50:10,331.996901,107.510,214.049963,79.737,100.000,0,0,19.3,0.0162,5.69
2024-03-01 10:50:14,332.02462,107.517,215.124454,79.986,100.000,0,0,19.3,0.0162,5.69
2024-03-01 10:50:19,332.053531,107.524,216.255874,80.249,100.000,0,0,19.3,0.0162,5.69
2024-03-01 10:50:23,332.083933,107.531,217.287445,80.488,100.000,0,0,19.3,0.0162,5.69
2024-03-01 10:50:27,332.113143,107.538,219.715109,81.052,100.000,0,0,19.3,0.0162,5.69
2024-03-01 10:50:31,332.177225,107.553,220.952637,81.340,100.000,0,0,19.3,0.0162,5.69
2024-03-01 10:50:35,332.209713,107.561,222.178839,81.625,100.000,0,0,19.3,0.0162,5.69
2024-03-01 10:50:39,332.243691,107.569,223.389243,81.906,100.000,0,0,19.3,0.0162,5.69
2024-03-01 10:50:44,332.279458,107.577,224.589216,82.185,100.000,0,0,19.3,0.0162,5.69
2024-03-01 10:50:48,332.312542,107.585,225.772795,82.460,100.000,0,0,19.3,0.0162,5.69
2024-03-01 10:50:52,332.348309,107.594,228.209401,83.027,100.000,0,0,19.3,0.0162,5.69
2024-03-01 10:50:56,332.417756,107.610,229.453784,83.317,100.000,0,0,19.3,0.0162,5.69
2024-03-01 10:51:00,332.454715,107.619,230.688332,83.604,100.000,0,0,19.3,0.0162,5.69
2024-03-01 10:51:04,332.491077,107.628,231.932715,83.894,100.000,0,0,19.3,0.0162,5.69
2024-03-01 10:51:09,332.52893,107.637,233.310626,84.215,100.000,0,0,19.3,0.0162,5.69
2024-03-01 10:51:13,332.566784,107.646,234.816404,84.566,100.000,0,0,19.3,0.0162,5.69
2024-03-01 10:51:17,332.604637,107.655,237.904859,85.286,100.000,0,0,19.3,0.0162,5.69
2024-03-01 10:51:21,332.680939,107.673,239.466969,85.650,100.000,0,0,19.3,0.0162,5.69
2024-03-01 10:51:25,332.720878,107.682,241.052328,86.020,100.000,0,0,19.3,0.0162,5.69
2024-03-01 10:51:30,332.758135,107.691,242.629937,86.388,100.000,0,0,19.3,0.0162,5.69
2024-03-01 10:51:34,332.798373,107.701,244.220363,86.759,100.000,0,0,19.3,0.0162,5.69
2024-03-01 10:51:38,332.837716,107.710,245.82122,87.132,100.000,0,0,19.3,0.0162,5.69
2024-03-01 10:51:42,332.876762,107.719,249.420542,87.973,100.000,0,0,19.3,0.0162,5.69
2024-03-01 10:51:46,332.958429,107.739,291.551325,97.853,100.000,1,0,19.3,0.0162,5.69
2024-03-01 10:51:51,332.996282,107.748,324.024206,105.518,100.000,1,0,19.3,0.0162,5.69
2024-03-01 10:51:55,333.032943,107.756,332.301812,107.479,100.000,1,0,19.3,0.0162,5.69
2024-03-01 10:51:59,333.071094,107.765,335.459713,108.227,100.000,1,0,19.3,0.0162,5.69
2024-03-01 10:52:03,333.110735,107.775,328.08462,106.479,100.000,1,0,19.3,0.0162,5.69
2024-03-01 10:52:07,333.152165,107.785,198.548975,76.145,100.000,1,0,19.3,0.0162,5.69
2024-03-01 10:52:12,333.227573,107.803,198.537947,76.142,100.000,1,0,19.3,0.0162,5.69
2024-03-01 10:52:16,333.26334,107.811,198.52364,76.139,100.000,0,0,19.3,0.0162,5.69
2024-03-01 10:52:20,333.300001,107.820,198.424388,76.116,100.000,0,0,19.3,0.0162,5.69
2024-03-01 10:52:24,333.332191,107.827,198.426176,76.116,100.000,0,0,19.3,0.0162,5.69
2024-03-01 10:52:28,333.348286,107.831,198.425282,76.116,100.000,0,0,19.3,0.0162,5.69
2024-03-01 10:52:32,333.362891,107.835,198.436608,76.119,100.000,0,0,19.3,0.0162,5.69
2024-03-01 10:52:37,333.362891,107.835,198.469394,76.126,100.000,0,0,19.3,0.0162,5.69
2024-03-01 10:52:41,333.352459,107.832,198.525131,76.139,100.000,0,0,19.3,0.0162,5.69
2024-03-01 10:52:45,333.335767,107.828,198.592789,76.155,100.000,0,0,19.3,0.0162,5.69
2024-03-01 10:52:49,333.312221,107.823,198.702772,76.180,100.000,0,0,19.3,0.0162,5.69
2024-03-01 10:52:53,333.282117,107.815,198.818119,76.207,100.000,0,0,19.3,0.0162,5.69
2024-03-01 10:52:57,333.251418,107.808,199.460132,76.355,100.000,0,0,19.3,0.0162,5.69
2024-03-01 10:53:02,333.184057,107.792,199.92182,76.462,100.000,0,0,19.3,0.0162,5.69
2024-03-01 10:53:06,333.1468,107.783,200.365923,76.565,100.000,0,0,19.3,0.0162,5.69
2024-03-01 10:53:14,333.069604,107.765,200.94594,76.699,100.000,0,0,19.3,0.0162,5.69
2024-03-01 10:53:18,333.03026,107.756,201.173058,76.752,100.000,0,0,19.3,0.0162,5.69
2024-03-01 10:53:22,332.993301,107.747,201.160242,76.749,100.000,0,0,19.3,0.0162,5.69
2024-03-01 10:53:27,332.919085,107.729,201.188259,76.755,100.000,0,0,19.3,0.0162,5.69
2024-03-01 10:53:31,332.884511,107.721,201.094371,76.734,100.000,0,0,19.3,0.0162,5.69
2024-03-01 10:53:35,332.854705,107.714,201.131032,76.742,100.000,0,0,19.3,0.0162,5.69
2024-03-01 10:53:39,332.830265,107.708,201.164117,76.750,100.000,0,0,19.3,0.0162,5.69
2024-03-01 10:53:43,332.80642,107.703,201.939062,76.929,100.000,0,0,19.3,0.0162,5.69
2024-03-01 10:53:47,332.78347,107.697,202.752158,77.118,100.000,0,0,19.3,0.0162,5.69
2024-03-01 10:53:52,332.742934,107.687,203.083298,77.194,100.000,0,0,19.3,0.0162,5.69
2024-03-01 10:53:56,332.721474,107.682,203.357807,77.258,100.000,0,0,19.3,0.0162,5.69
2024-03-01 10:54:00,332.706274,107.679,203.626654,77.320,100.000,0,0,19.3,0.0162,5.69
2024-03-01 10:54:04,332.694351,107.676,203.917258,77.387,100.000,0,0,19.3,0.0162,5.69
2024-03-01 10:54:08,332.686006,107.674,204.144078,77.440,100.000,0,0,19.3,0.0162,5.69
2024-03-01 10:54:13,332.679449,107.672,204.535724,77.531,100.000,0,0,19.3,0.0162,5.69
2024-03-01 10:54:17,332.672891,107.671,204.616795,77.549,100.000,0,0,19.3,0.0162,5.69
2024-03-01 10:54:21,332.672891,107.671,204.798609,77.592,100.000,0,0,19.3,0.0162,5.69
2024-03-01 10:54:25,332.67468,107.671,205.018872,77.643,100.000,0,0,19.3,0.0162,5.69
2024-03-01 10:54:29,332.680045,107.673,205.261788,77.699,100.000,0,0,19.3,0.0162,5.69
2024-03-01 10:54:34,332.686006,107.674,205.779212,77.819,100.000,0,0,19.3,0.0162,5.69
2024-03-01 10:54:38,332.694351,107.676,208.69241,78.494,100.000,0,0,19.3,0.0162,5.69
2024-03-01 10:54:42,332.715811,107.681,209.763026,78.742,100.000,0,0,19.3,0.0162,5.69
2024-03-01 10:54:46,332.729224,107.684,210.623513,78.942,100.000,0,0,19.3,0.0162,5.69
2024-03-01 10:54:50,332.744425,107.688,211.357923,79.112,100.000,0,0,19.3,0.0162,5.69
2024-03-01 10:54:54,332.760222,107.692,212.024078,79.267,100.000,0,0,19.3,0.0162,5.69
2024-03-01 10:54:59,332.778701,107.696,212.622872,79.406,100.000,0,0,19.3,0.0162,5.69
2024-03-01 10:55:03,332.797479,107.700,213.92925,79.709,100.000,0,0,19.3,0.0162,5.69
2024-03-01 10:55:07,332.838908,107.710,214.773046,79.905,100.000,0,0,19.3,0.0162,5.69
2024-03-01 10:55:11,332.862455,107.716,215.64009,80.106,100.000,0,0,19.3,0.0162,5.69
2024-03-01 10:55:15,332.885703,107.721,216.551545,80.317,100.000,0,0,19.3,0.0162,5.69
2024-03-01 10:55:20,332.91074,107.727,217.541388,80.547,100.000,0,0,19.3,0.0162,5.69
2024-03-01 10:55:24,332.935479,107.733,218.53153,80.777,100.000,0,0,19.3,0.0162,5.69
2024-03-01 10:55:28,332.962602,107.740,220.834905,81.312,100.000,0,0,19.3,0.0162,5.69
2024-03-01 10:55:32,333.018338,107.753,221.906714,81.562,100.000,0,0,19.3,0.0162,5.69
2024-03-01 10:55:36,333.047548,107.760,223.019058,81.820,100.000,0,0,19.3,0.0162,5.69
2024-03-01 10:55:40,333.078545,107.767,224.168957,82.087,100.000,0,0,19.3,0.0162,5.69
2024-03-01 10:55:45,333.108053,107.774,225.278321,82.345,100.000,0,0,19.3,0.0162,5.69
2024-03-01 10:55:49,333.138753,107.781,226.423153,82.612,100.000,0,0,19.3,0.0162,5.69
2024-03-01 10:55:53,333.170347,107.789,228.751565,83.154,100.000,0,0,19.3,0.0162,5.69
2024-03-01 10:55:57,333.235919,107.805,229.913983,83.424,100.000,1,0,19.3,0.0162,5.69
2024-03-01 10:56:01,333.268407,107.812,290.916168,97.703,100.000,1,0,19.3,0.0162,5.69
2024-03-01 10:56:05,333.29851,107.819,302.833929,100.511,100.000,1,0,19.3,0.0162,5.69
2024-03-01 10:56:10,333.328018,107.826,309.006367,101.968,100.000,1,0,19.3,0.0162,5.69
2024-03-01 10:56:14,333.359612,107.834,268.322645,92.396,100.000,1,0,19.3,0.0162,5.69
2024-03-01 10:56:18,333.390014,107.841,198.527813,76.140,100.000,1,0,19.3,0.0162,5.69
2024-03-01 10:56:22,333.44724,107.855,198.570733,76.150,100.000,0,0,19.3,0.0162,5.69
2024-03-01 10:56:26,333.475556,107.861,198.428262,76.117,100.000,0,0,19.3,0.0162,5.69
2024-03-01 10:56:30,333.498804,107.867,198.427368,76.116,100.000,0,0,19.3,0.0162,5.69
2024-03-01 10:56:35,333.514601,107.871,198.428262,76.117,100.000,0,0,19.3,0.0162,5.69
2024-03-01 10:56:39,333.523543,107.873,198.429455,76.117,100.000,0,0,19.3,0.0162,5.69
2024-03-01 10:56:43,333.523543,107.873,198.515593,76.137,100.000,0,0,19.3,0.0162,5.69
2024-03-01 10:56:47,333.504467,107.868,198.561195,76.147,100.000,0,0,19.3,0.0162,5.69
2024-03-01 10:56:51,333.484795,107.864,198.679523,76.175,100.000,0,0,19.3,0.0162,5.69
2024-03-01 10:56:55,333.459163,107.858,198.842262,76.212,100.000,0,0,19.3,0.0162,5.69
2024-03-01 10:57:00,333.428761,107.850,199.233609,76.303,100.000,0,0,19.3,0.0162,5.69
2024-03-01 10:57:04,333.395379,107.842,199.641349,76.397,100.000,0,0,19.3,0.0162,5.69
2024-03-01 10:57:08,333.358122,107.834,200.535517,76.604,100.000,0,0,19.3,0.0162,5.69
2024-03-01 10:57:12,333.280031,107.815,200.829698,76.672,100.000,0,0,19.3,0.0162,5.69
2024-03-01 10:57:16,333.24188,107.806,201.056518,76.725,100.000,0,0,19.3,0.0162,5.69
2024-03-01 10:57:21,333.202238,107.797,201.373054,76.798,100.000,0,0,19.3,0.0162,5.69
2024-03-01 10:57:25,333.162001,107.787,201.49466,76.826,100.000,0,0,19.3,0.0162,5.69
2024-03-01 10:57:29,333.122061,107.777,201.804638,76.898,100.000,0,0,19.3,0.0162,5.69
2024-03-01 10:57:33,333.082122,107.768,202.145316,76.977,100.000,0,0,19.3,0.0162,5.69
2024-03-01 10:57:37,333.011781,107.751,202.32564,77.019,100.000,0,0,19.3,0.0162,5.69
2024-03-01 10:57:42,332.979591,107.744,202.58167,77.078,100.000,0,0,19.3,0.0162,5.69
2024-03-01 10:57:46,332.950381,107.737,202.848728,77.140,100.000,0,0,19.3,0.0162,5.69
2024-03-01 10:57:50,332.922066,107.730,203.116978,77.202,100.000,0,0,19.3,0.0162,5.69
2024-03-01 10:57:54,332.898222,107.724,203.450503,77.279,100.000,0,0,19.3,0.0162,5.69
2024-03-01 10:57:58,332.875867,107.719,204.062411,77.421,100.000,0,0,19.3,0.0162,5.69
2024-03-01 10:58:03,332.843379,107.711,204.244523,77.463,100.000,0,0,19.3,0.0162,5.69
2024-03-01 10:58:07,332.826688,107.707,204.441836,77.509,100.000,0,0,19.3,0.0162,5.69
2024-03-01 10:58:11,332.815362,107.705,204.647793,77.557,100.000,0,0,19.3,0.0162,5.69
2024-03-01 10:58:15,332.807315,107.703,204.869248,77.608,100.000,0,0,19.3,0.0162,5.69
2024-03-01 10:58:19,332.801055,107.701,205.113356,77.664,100.000,0,0,19.3,0.0162,5.69
2024-03-01 10:58:23,332.7942,107.700,205.676979,77.795,100.000,0,0,19.3,0.0162,5.69
2024-03-01 10:58:28,332.786451,107.698,206.074288,77.887,100.000,0,0,19.3,0.0162,5.69
2024-03-01 10:58:32,332.787941,107.698,206.537764,77.995,100.000,0,0,19.3,0.0162,5.69
2024-03-01 10:58:36,332.79569,107.700,207.490351,78.215,100.000,0,0,19.3,0.0162,5.69
2024-03-01 10:58:40,332.800757,107.701,209.361247,78.649,100.000,0,0,19.3,0.0162,5.69
2024-03-01 10:58:44,332.807613,107.703,210.801453,78.983,100.000,0,0,19.3,0.0162,5.69
2024-03-01 10:58:48,332.815362,107.705,212.122138,79.289,100.000,0,0,19.3,0.0162,5.69
2024-03-01 10:58:53,332.837418,107.710,212.697982,79.423,100.000,0,0,19.3,0.0162,5.69
2024-03-01 10:58:57,332.850235,107.713,213.337013,79.571,100.000,0,0,19.3,0.0162,5.69
2024-03-01 10:59:01,332.865733,107.717,214.047876,79.736,100.000,0,0,19.3,0.0162,5.69
2024-03-01 10:59:05,332.881828,107.720,214.845474,79.921,100.000,0,0,19.3,0.0162,5.69
2024-03-01 10:59:09,332.900904,107.725,215.752159,80.132,100.000,0,0,19.3,0.0162,5.69
2024-03-01 10:59:13,332.920576,107.730,217.89369,80.629,100.000,0,0,19.3,0.0162,5.69
2024-03-01 10:59:18,332.963198,107.740,219.043888,80.896,100.000,0,0,19.3,0.0162,5.69
2024-03-01 10:59:22,332.986148,107.745,220.179182,81.160,100.000,0,0,19.3,0.0162,5.69
2024-03-01 10:59:26,333.010291,107.751,221.307323,81.422,100.000,0,0,19.3,0.0162,5.69
2024-03-01 10:59:30,333.035029,107.757,222.455732,81.689,100.000,0,0,19.3,0.0162,5.69
2024-03-01 10:59:34,333.060364,107.763,223.589835,81.953,100.000,0,0,19.3,0.0162,5.69
2024-03-01 10:59:39,333.087785,107.769,225.839858,82.476,100.000,0,0,19.3,0.0162,5.69
2024-03-01 10:59:43,333.144118,107.783,226.978431,82.741,100.000,0,0,19.3,0.0162,5.69
2024-03-01 10:59:47,333.174519,107.790,228.127734,83.008,100.000,0,0,19.3,0.0162,5.69
2024-03-01 10:59:51,333.204921,107.797,229.284489,83.278,100.000,0,0,19.3,0.0162,5.69
2024-03-01 10:59:55,333.234727,107.804,230.447502,83.548,100.000,0,0,19.3,0.0162,5.69
2024-03-01 10:59:59,333.26483,107.811,231.702317,83.840,100.000,0,0,19.3,0.0162,5.69
2024-03-01 11:00:04,333.297914,107.819,234.504936,84.493,100.000,0,0,19.3,0.0162,5.69
2024-03-01 11:00:08,333.367063,107.836,235.926662,84.824,100.000,1,0,19.3,0.0162,5.69
2024-03-01 11:00:12,333.396273,107.843,294.754829,98.607,100.000,1,0,19.3,0.0162,5.69
2024-03-01 11:00:16,333.427569,107.850,307.398654,101.588,100.000,1,0,19.3,0.0162,5.69
2024-03-01 11:00:20,333.458268,107.857,313.681074,103.072,100.000,1,0,19.3,0.0162,5.69
2024-03-01 11:00:24,333.489266,107.865,312.508224,102.795,100.000,1,0,19.3,0.0162,5.69
2024-03-01 11:00:29,333.521754,107.872,198.608586,76.158,100.000,1,0,19.3,0.0162,5.69
2024-03-01 11:00:33,333.580471,107.886,198.512314,76.136,100.000,0,0,19.3,0.0162,5.69
2024-03-01 11:00:37,333.607892,107.893,198.426474,76.116,100.000,0,0,19.3,0.0162,5.69
2024-03-01 11:00:41,333.633525,107.899,198.426176,76.116,100.000,0,0,19.3,0.0162,5.69
2024-03-01 11:00:45,333.651707,107.903,198.427964,76.117,100.000,0,0,19.3,0.0162,5.69
2024-03-01 11:00:50,333.66035,107.905,198.430647,76.117,100.000,0,0,19.3,0.0162,5.69
2024-03-01 11:00:54,333.661841,107.906,198.48221,76.129,100.000,0,0,19.3,0.0162,5.69
2024-03-01 11:00:58,333.642169,107.901,198.531986,76.141,100.000,0,0,19.3,0.0162,5.69
2024-03-01 11:01:02,333.621603,107.896,198.612759,76.159,100.000,0,0,19.3,0.0162,5.69
2024-03-01 11:01:06,333.595076,107.890,198.739731,76.189,100.000,0,0,19.3,0.0162,5.69
2024-03-01 11:01:11,333.56378,107.882,198.861337,76.217,100.000,0,0,19.3,0.0162,5.69
2024-03-01 11:01:15,333.527417,107.874,198.993972,76.248,100.000,0,0,19.3,0.0162,5.69
2024-03-01 11:01:19,333.48867,107.865,199.99544,76.479,100.000,0,0,19.3,0.0162,5.69
2024-03-01 11:01:23,333.404618,107.845,200.491107,76.594,100.000,0,0,19.3,0.0162,5.69
2024-03-01 11:01:27,333.360506,107.834,200.920605,76.693,100.000,0,0,19.3,0.0162,5.69
2024-03-01 11:01:31,333.316096,107.824,201.173058,76.752,100.000,0,0,19.3,0.0162,5.69
2024-03-01 11:01:36,333.272282,107.813,201.424915,76.810,100.000,0,0,19.3,0.0162,5.69
2024-03-01 11:01:40,333.228169,107.803,201.657101,76.864,100.000,0,0,19.3,0.0162,5.69
2024-03-01 11:01:44,333.18674,107.793,202.128029,76.973,100.000,0,0,19.3,0.0162,5.69
2024-03-01 11:01:48,333.108053,107.774,202.432046,77.043,100.000,0,0,19.3,0.0162,5.69
2024-03-01 11:01:52,333.071988,107.766,202.796866,77.128,100.000,0,0,19.3,0.0162,5.69
2024-03-01 11:01:56,333.038308,107.758,203.144697,77.208,100.000,0,0,19.3,0.0162,5.69
2024-03-01 11:02:01,333.006416,107.750,203.375691,77.262,100.000,0,0,19.3,0.0162,5.69
2024-03-01 11:02:05,332.978101,107.743,203.743789,77.347,100.000,0,0,19.3,0.0162,5.69
2024-03-01 11:02:09,332.952468,107.737,204.471344,77.516,100.000,0,0,19.3,0.0162,5.69
2024-03-01 11:02:13,332.908355,107.727,204.844211,77.602,100.000,0,0,19.3,0.0162,5.69
2024-03-01 11:02:17,332.890174,107.722,205.221848,77.690,100.000,0,0,19.3,0.0162,5.69
2024-03-01 11:02:21,332.874973,107.719,205.621541,77.782,100.000,0,0,19.3,0.0162,5.69
2024-03-01 11:02:26,332.861859,107.716,206.046569,77.881,100.000,0,0,19.3,0.0162,5.69
2024-03-01 11:02:30,332.851427,107.713,206.495441,77.985,100.000,0,0,19.3,0.0162,5.69
2024-03-01 11:02:34,332.843677,107.711,207.754428,78.277,100.000,0,0,19.3,0.0162,5.69
2024-03-01 11:02:38,332.835034,107.709,208.997321,78.565,100.000,0,0,19.3,0.0162,5.69
2024-03-01 11:02:42,332.834736,107.709,211.241681,79.085,100.000,0,0,19.3,0.0162,5.69
2024-03-01 11:02:47,332.835928,107.710,212.619891,79.405,100.000,0,0,19.3,0.0162,5.69
2024-03-01 11:02:51,332.839207,107.710,213.516443,79.613,100.000,0,0,19.3,0.0162,5.69
2024-03-01 11:02:55,332.84487,107.712,214.419552,79.823,100.000,0,0,19.3,0.0162,5.69
2024-03-01 11:02:59,332.852619,107.714,216.568236,80.321,100.000,0,0,19.3,0.0162,5.69
2024-03-01 11:03:03,332.873185,107.718,217.789669,80.605,100.000,0,0,19.3,0.0162,5.69
2024-03-01 11:03:07,332.885107,107.721,219.044484,80.896,100.000,0,0,19.3,0.0162,5.69
2024-03-01 11:03:12,332.899116,107.725,220.304664,81.189,100.000,0,0,19.3,0.0162,5.69
2024-03-01 11:03:16,332.915807,107.729,221.586006,81.487,100.000,0,0,19.3,0.0162,5.69
2024-03-01 11:03:20,332.932498,107.732,222.884933,81.789,100.000,0,0,19.3,0.0162,5.69
2024-03-01 11:03:24,332.950679,107.737,225.436588,82.382,100.000,0,0,19.3,0.0162,5.69
2024-03-01 11:03:28,332.991811,107.747,226.692894,82.675,100.000,0,0,19.3,0.0162,5.69
2024-03-01 11:03:33,333.013569,107.752,228.014473,82.982,100.000,0,0,19.3,0.0162,5.69
2024-03-01 11:03:37,333.036519,107.757,229.425767,83.310,100.000,0,0,19.3,0.0162,5.69
2024-03-01 11:03:41,333.061556,107.763,230.907999,83.655,100.000,0,0,19.3,0.0162,5.69
2024-03-01 11:03:45,333.086593,107.769,232.46236,84.017,100.000,0,0,19.3,0.0162,5.69
2024-03-01 11:03:49,333.112822,107.775,235.569293,84.741,100.000,0,0,19.3,0.0162,5.69
2024-03-01 11:03:54,333.168558,107.789,237.287287,85.142,100.000,0,0,19.3,0.0162,5.69
2024-03-01 11:03:58,333.196873,107.795,239.114965,85.568,100.000,0,0,19.3,0.0162,5.69
2024-03-01 11:04:02,333.226381,107.802,241.170656,86.047,100.000,0,0,19.3,0.0162,5.69
2024-03-01 11:04:06,333.257081,107.810,243.327388,86.550,100.000,0,0,19.3,0.0162,5.69
2024-03-01 11:04:10,333.28778,107.817,245.584862,87.077,100.000,0,0,19.3,0.0162,5.69
2024-03-01 11:04:14,333.319374,107.824,250.329016,88.185,100.000,0,0,19.3,0.0162,5.69
2024-03-01 11:04:19,333.382562,107.839,252.691705,88.737,100.000,0,0,19.3,0.0162,5.69
2024-03-01 11:04:23,333.416243,107.847,292.728348,98.130,100.000,1,0,19.3,0.0162,5.69
2024-03-01 11:04:27,333.446942,107.855,312.731468,102.848,100.000,1,0,19.3,0.0162,5.69
2024-03-01 11:04:31,333.477344,107.862,319.236536,104.385,100.000,1,0,19.3,0.0162,5.69
2024-03-01 11:04:35,333.507746,107.869,320.623092,104.713,100.000,1,0,19.3,0.0162,5.69
2024-03-01 11:04:39,333.540234,107.877,198.664621,76.171,100.000,1,0,19.3,0.0162,5.69
2024-03-01 11:04:44,333.60372,107.892,198.624681,76.162,100.000,1,0,19.3,0.0162,5.69
2024-03-01 11:04:48,333.630247,107.898,198.535562,76.141,100.000,0,0,19.3,0.0162,5.69
2024-03-01 11:04:52,333.657072,107.904,198.430349,76.117,100.000,0,0,19.3,0.0162,5.69
2024-03-01 11:04:56,333.680618,107.910,198.429157,76.117,100.000,0,0,19.3,0.0162,5.69
2024-03-01 11:05:00,333.697011,107.914,198.430051,76.117,100.000,0,0,19.3,0.0162,5.69
2024-03-01 11:05:04,333.70327,107.915,198.447934,76.121,100.000,0,0,19.3,0.0162,5.69
2024-03-01 11:05:09,333.695819,107.914,198.456876,76.123,100.000,0,0,19.3,0.0162,5.69
2024-03-01 11:05:13,333.681214,107.910,198.529303,76.140,100.000,0,0,19.3,0.0162,5.69
2024-03-01 11:05:17,333.65886,107.905,198.613057,76.159,100.000,0,0,19.3,0.0162,5.69
2024-03-01 11:05:21,333.630545,107.898,198.772815,76.196,100.000,0,0,19.3,0.0162,5.69
2024-03-01 11:05:25,333.598653,107.891,198.931083,76.233,100.000,0,0,19.3,0.0162,5.69
2024-03-01 11:05:29,333.562588,107.882,199.784416,76.430,100.000,0,0,19.3,0.0162,5.69
2024-03-01 11:05:34,333.482113,107.863,200.419275,76.577,100.000,0,0,19.3,0.0162,5.69
2024-03-01 11:05:38,333.439491,107.853,200.922095,76.694,100.000,0,0,19.3,0.0162,5.69
2024-03-01 11:05:42,333.396273,107.843,201.210613,76.761,100.000,0,0,19.3,0.0162,5.69
2024-03-01 11:05:46,333.353651,107.832,201.585567,76.847,100.000,0,0,19.3,0.0162,5.69
2024-03-01 11:05:50,333.309539,107.822,201.882431,76.916,100.000,0,0,19.3,0.0162,5.69
2024-03-01 11:05:55,333.268407,107.812,202.535471,77.067,100.000,0,0,19.3,0.0162,5.69
2024-03-01 11:05:59,333.188826,107.793,202.606707,77.084,100.000,0,0,19.3,0.0162,5.69
2024-03-01 11:06:03,333.152165,107.785,202.913704,77.155,100.000,0,0,19.3,0.0162,5.69
2024-03-01 11:06:07,333.118485,107.777,203.14738,77.209,100.000,0,0,19.3,0.0162,5.69
2024-03-01 11:06:11,333.085997,107.769,203.425764,77.274,100.000,0,0,19.3,0.0162,5.69
2024-03-01 11:06:16,333.055893,107.762,203.62874,77.321,100.000,0,0,19.3,0.0162,5.69
2024-03-01 11:06:20,333.029068,107.755,204.334238,77.484,100.000,0,0,19.3,0.0162,5.69
2024-03-01 11:06:24,332.982571,107.744,204.680877,77.564,100.000,0,0,19.3,0.0162,5.69
2024-03-01 11:06:28,332.963794,107.740,205.022449,77.643,100.000,0,0,19.3,0.0162,5.69
2024-03-01 11:06:32,332.946805,107.736,205.326764,77.714,100.000,0,0,19.3,0.0162,5.69
2024-03-01 11:06:37,332.931902,107.732,205.451649,77.743,100.000,0,0,19.3,0.0162,5.69
2024-03-01 11:06:41,332.920576,107.730,205.668038,77.793,100.000,0,0,19.3,0.0162,5.69
2024-03-01 11:06:45,332.910144,107.727,206.302002,77.940,100.000,0,0,19.3,0.0162,5.69
2024-03-01 11:06:49,332.899414,107.725,206.768758,78.048,100.000,0,0,19.3,0.0162,5.69
2024-03-01 11:06:53,332.897029,107.724,207.678722,78.259,100.000,0,0,19.3,0.0162,5.69
2024-03-01 11:06:57,332.898222,107.724,209.585087,78.701,100.000,0,0,19.3,0.0162,5.69
2024-03-01 11:07:02,332.90001,107.725,211.2235,79.081,100.000,0,0,19.3,0.0162,5.69
2024-03-01 11:07:06,332.903885,107.726,212.059248,79.275,100.000,0,0,19.3,0.0162,5.69
2024-03-01 11:07:10,332.909548,107.727,213.317938,79.567,100.000,0,0,19.3,0.0162,5.69
2024-03-01 11:07:14,332.927133,107.731,213.853842,79.691,100.000,0,0,19.3,0.0162,5.69
2024-03-01 11:07:18,332.938161,107.734,214.475288,79.835,100.000,0,0,19.3,0.0162,5.69
2024-03-01 11:07:22,332.951574,107.737,215.148,79.992,100.000,0,0,19.3,0.0162,5.69
2024-03-01 11:07:27,332.965582,107.740,215.888967,80.164,100.000,0,0,19.3,0.0162,5.69
2024-03-01 11:07:31,332.982571,107.744,216.886262,80.395,100.000,0,0,19.3,0.0162,5.69
2024-03-01 11:07:35,332.999262,107.748,219.017659,80.890,100.000,0,0,19.3,0.0162,5.69
2024-03-01 11:07:39,333.038308,107.758,220.240582,81.174,100.000,0,0,19.3,0.0162,5.69
2024-03-01 11:07:43,333.059172,107.763,221.480792,81.463,100.000,0,0,19.3,0.0162,5.69
2024-03-01 11:07:47,333.081526,107.768,222.67987,81.741,100.000,0,0,19.3,0.0162,5.69
2024-03-01 11:07:52,333.10537,107.774,223.806223,82.003,100.000,0,0,19.3,0.0162,5.69
2024-03-01 11:07:56,333.128917,107.779,224.929297,82.264,100.000,0,0,19.3,0.0162,5.69
2024-03-01 11:08:00,333.153953,107.785,227.275593,82.810,100.000,0,0,19.3,0.0162,5.69
2024-03-01 11:08:04,333.207902,107.798,228.464835,83.087,100.000,0,0,19.3,0.0162,5.69
2024-03-01 11:08:08,333.235919,107.805,229.680307,83.370,100.000,0,0,19.3,0.0162,5.69
2024-03-01 11:08:12,333.265724,107.812,230.960457,83.668,100.000,0,0,19.3,0.0162,5.69
2024-03-01 11:08:17,333.29404,107.818,232.288891,83.977,100.000,0,0,19.3,0.0162,5.69
2024-03-01 11:08:21,333.325336,107.826,233.646535,84.293,100.000,0,0,19.3,0.0162,5.69
2024-03-01 11:08:25,333.355737,107.833,236.568078,84.974,100.000,1,0,19.3,0.0162,5.69
2024-03-01 11:08:29,333.418329,107.848,292.327165,98.036,100.000,1,0,19.3,0.0162,5.69
2024-03-01 11:08:33,333.447538,107.855,304.157595,100.824,100.000,1,0,19.3,0.0162,5.69
2024-03-01 11:08:38,333.477344,107.862,309.97624,102.197,100.000,1,0,19.3,0.0162,5.69
2024-03-01 11:08:42,333.506851,107.869,305.653239,101.176,100.000,1,0,19.3,0.0162,5.69
2024-03-01 11:08:46,333.536657,107.876,198.801726,76.203,100.000,1,0,19.3,0.0162,5.69
2024-03-01 11:08:50,333.564674,107.883,198.612461,76.159,100.000,0,0,19.3,0.0162,5.69
2024-03-01 11:08:54,333.61445,107.894,198.430945,76.117,100.000,0,0,19.3,0.0162,5.69
2024-03-01 11:08:58,333.638294,107.900,198.430051,76.117,100.000,0,0,19.3,0.0162,5.69
2024-03-01 11:09:03,333.654389,107.904,198.42856,76.117,100.000,0,0,19.3,0.0162,5.69
2024-03-01 11:09:07,333.662437,107.906,198.436012,76.118,100.000,0,0,19.3,0.0162,5.69
2024-03-01 11:09:11,333.663033,107.906,198.449424,76.122,100.000,0,0,19.3,0.0162,5.69
2024-03-01 11:09:15,333.653197,107.904,198.475653,76.128,100.000,0,0,19.3,0.0162,5.69
2024-03-01 11:09:19,333.613854,107.894,198.527515,76.140,100.000,0,0,19.3,0.0162,5.69
2024-03-01 11:09:24,333.582856,107.887,198.603221,76.157,100.000,0,0,19.3,0.0162,5.69
2024-03-01 11:09:28,333.549175,107.879,198.689657,76.177,100.000,0,0,19.3,0.0162,5.69
2024-03-01 11:09:32,333.510428,107.870,198.76596,76.195,100.000,0,0,19.3,0.0162,5.69
2024-03-01 11:09:36,333.46721,107.859,198.869981,76.219,100.000,0,0,19.3,0.0162,5.69
2024-03-01 11:09:40,333.421608,107.849,199.068784,76.265,100.000,0,0,19.3,0.0162,5.69
2024-03-01 11:09:45,333.325336,107.826,199.193074,76.294,100.000,0,0,19.3,0.0162,5.69
2024-03-01 11:09:49,333.27556,107.814,199.266991,76.311,100.000,0,0,19.3,0.0162,5.69
2024-03-01 11:09:53,333.226083,107.802,199.410654,76.344,100.000,0,0,19.3,0.0162,5.69
2024-03-01 11:09:57,333.17601,107.790,199.359091,76.332,100.000,0,0,19.3,0.0162,5.69
2024-03-01 11:10:01,333.127725,107.779,199.424365,76.347,100.000,0,0,19.3,0.0162,5.69
2024-03-01 11:10:05,333.081228,107.768,200.006766,76.482,100.000,0,0,19.3,0.0162,5.69
2024-03-01 11:10:10,332.991215,107.746,200.220174,76.531,100.000,0,0,19.3,0.0162,5.69
2024-03-01 11:10:14,332.950679,107.737,200.421958,76.578,100.000,0,0,19.3,0.0162,5.69
2024-03-01 11:10:18,332.91074,107.727,200.703918,76.643,100.000,0,0,19.3,0.0162,5.69
2024-03-01 11:10:22,332.874973,107.719,200.953391,76.701,100.000,0,0,19.3,0.0162,5.69
2024-03-01 11:10:26,332.841293,107.711,201.189451,76.756,100.000,0,0,19.3,0.0162,5.69
2024-03-01 11:10:30,332.810295,107.703,201.709857,76.876,100.000,0,0,19.3,0.0162,5.69
2024-03-01 11:10:35,332.756943,107.691,201.955157,76.933,100.000,0,0,19.3,0.0162,5.69
2024-03-01 11:10:39,332.736079,107.686,202.310737,77.015,100.000,0,0,19.3,0.0162,5.69
2024-03-01 11:10:43,332.717898,107.682,202.552162,77.071,100.000,0,0,19.3,0.0162,5.69
2024-03-01 11:10:47,332.701207,107.678,202.668702,77.098,100.000,0,0,19.3,0.0162,5.69
2024-03-01 11:10:51,332.68839,107.675,202.72265,77.111,100.000,0,0,19.3,0.0162,5.69
2024-03-01 11:10:55,332.67617,107.672,203.450801,77.279,100.000,0,0,19.3,0.0162,5.69
2024-03-01 11:11:00,332.663652,107.669,204.984596,77.635,100.000,0,0,19.3,0.0162,5.69
2024-03-01 11:11:04,332.660373,107.668,205.912443,77.850,100.000,0,0,19.3,0.0162,5.69
2024-03-01 11:11:08,332.659777,107.668,206.51541,77.989,100.000,0,0,19.3,0.0162,5.69
2024-03-01 11:11:12,332.662161,107.668,207.406895,78.196,100.000,0,0,19.3,0.0162,5.69
2024-03-01 11:11:16,332.667228,107.670,208.541594,78.459,100.000,0,0,19.3,0.0162,5.69
2024-03-01 11:11:20,332.673189,107.671,211.641076,79.178,100.000,0,0,19.3,0.0162,5.69
2024-03-01 11:11:25,332.690477,107.675,212.849096,79.458,100.000,0,0,19.3,0.0162,5.69
2024-03-01 11:11:29,332.702697,107.678,213.881859,79.698,100.000,0,0,19.3,0.0162,5.69
2024-03-01 11:11:33,332.715811,107.681,214.841301,79.920,100.000,0,0,19.3,0.0162,5.69
2024-03-01 11:11:37,332.731012,107.685,215.820116,80.148,100.000,0,0,19.3,0.0162,5.69
2024-03-01 11:11:41,332.748598,107.689,216.882685,80.394,100.000,0,0,19.3,0.0162,5.69
2024-03-01 11:11:46,332.765587,107.693,219.240605,80.942,100.000,0,0,19.3,0.0162,5.69
2024-03-01 11:11:50,332.805526,107.702,220.332383,81.196,100.000,0,0,19.3,0.0162,5.69
2024-03-01 11:11:54,332.82788,107.708,221.419988,81.448,100.000,0,0,19.3,0.0162,5.69
2024-03-01 11:11:58,332.851725,107.713,222.496566,81.699,100.000,0,0,19.3,0.0162,5.69
2024-03-01 11:12:02,332.876165,107.719,223.597584,81.955,100.000,0,0,19.3,0.0162,5.69
2024-03-01 11:12:07,332.9015,107.725,224.6989,82.211,100.000,0,0,19.3,0.0162,5.69
2024-03-01 11:12:11,332.926835,107.731,226.944155,82.733,100.000,0,0,19.3,0.0162,5.69
2024-03-01 11:12:15,332.983466,107.745,228.072594,82.996,100.000,0,0,19.3,0.0162,5.69
2024-03-01 11:12:19,333.011781,107.751,229.2061,83.259,100.000,0,0,19.3,0.0162,5.69
2024-03-01 11:12:23,333.042183,107.759,230.318742,83.518,100.000,0,0,19.3,0.0162,5.69
2024-03-01 11:12:28,333.072584,107.766,231.470728,83.787,100.000,0,0,19.3,0.0162,5.69
2024-03-01 11:12:32,333.104476,107.773,232.7014,84.073,100.000,0,0,19.3,0.0162,5.69
2024-03-01 11:12:36,333.136368,107.781,235.324888,84.684,100.000,1,0,19.3,0.0162,5.69
2024-03-01 11:12:40,333.199258,107.796,299.143403,99.641,100.000,1,0,19.3,0.0162,5.69
2024-03-01 11:12:44,333.229958,107.803,308.647806,101.883,100.000,1,0,19.3,0.0162,5.69
2024-03-01 11:12:48,333.259763,107.810,312.612246,102.819,100.000,1,0,19.3,0.0162,5.69
2024-03-01 11:12:53,333.291357,107.818,198.734664,76.188,100.000,1,0,19.3,0.0162,5.69
2024-03-01 11:12:57,333.322653,107.825,198.622893,76.162,100.000,1,0,19.3,0.0162,5.69
2024-03-01 11:13:01,333.351564,107.832,198.528111,76.140,100.000,0,0,19.3,0.0162,5.69
2024-03-01 11:13:05,333.403426,107.844,198.432733,76.118,100.000,0,0,19.3,0.0162,5.69
2024-03-01 11:13:09,333.426376,107.850,198.434522,76.118,100.000,0,0,19.3,0.0162,5.69
2024-03-01 11:13:18,333.450519,107.855,198.441377,76.120,100.000,0,0,19.3,0.0162,5.69
2024-03-01 11:13:22,333.449625,107.855,198.453895,76.123,100.000,0,0,19.3,0.0162,5.69
2024-03-01 11:13:26,333.441279,107.853,198.486085,76.130,100.000,0,0,19.3,0.0162,5.69
2024-03-01 11:13:30,333.406109,107.845,198.567454,76.149,100.000,0,0,19.3,0.0162,5.69
2024-03-01 11:13:34,333.380774,107.839,198.68161,76.175,100.000,0,0,19.3,0.0162,5.69
2024-03-01 11:13:38,333.349776,107.832,198.818715,76.207,100.000,0,0,19.3,0.0162,5.69
2024-03-01 11:13:43,333.3155,107.823,199.02348,76.254,100.000,0,0,19.3,0.0162,5.69
2024-03-01 11:13:47,333.278541,107.815,199.380551,76.337,100.000,0,0,19.3,0.0162,5.69
2024-03-01 11:13:51,333.240092,107.806,200.388575,76.570,100.000,0,0,19.3,0.0162,5.69
2024-03-01 11:13:55,333.158126,107.786,200.77575,76.660,100.000,0,0,19.3,0.0162,5.69
2024-03-01 11:14:03,333.078247,107.767,201.209719,76.760,100.000,0,0,19.3,0.0162,5.69
2024-03-01 11:14:08,333.0395,107.758,201.554272,76.840,100.000,0,0,19.3,0.0162,5.69
2024-03-01 11:14:12,333.001051,107.749,201.747412,76.885,100.000,0,0,19.3,0.0162,5.69
2024-03-01 11:14:16,332.966178,107.740,202.340543,77.022,100.000,0,0,19.3,0.0162,5.69
2024-03-01 11:14:20,332.902096,107.725,202.494042,77.058,100.000,0,0,19.3,0.0162,5.69
2024-03-01 11:14:24,332.871695,107.718,202.712814,77.108,100.000,0,0,19.3,0.0162,5.69
2024-03-01 11:14:29,332.845466,107.712,203.006697,77.176,100.000,0,0,19.3,0.0162,5.69
2024-03-01 11:14:33,332.819535,107.706,203.056175,77.188,100.000,0,0,19.3,0.0162,5.69
2024-03-01 11:14:37,332.798671,107.701,203.458252,77.281,100.000,0,0,19.3,0.0162,5.69
2024-03-01 11:14:41,332.779893,107.696,204.105629,77.431,100.000,0,0,19.3,0.0162,5.69
2024-03-01 11:14:45,332.750386,107.689,204.389378,77.497,100.000,0,0,19.3,0.0162,5.69
2024-03-01 11:14:49,332.739358,107.687,204.666868,77.561,100.000,0,0,19.3,0.0162,5.69
2024-03-01 11:14:54,332.730118,107.684,204.846894,77.603,100.000,0,0,19.3,0.0162,5.69
2024-03-01 11:14:58,332.722965,107.683,205.064177,77.653,100.000,0,0,19.3,0.0162,5.69
2024-03-01 11:15:06,332.715513,107.681,205.835843,77.832,100.000,0,0,19.3,0.0162,5.69
2024-03-01 11:15:10,332.716109,107.681,206.180694,77.912,100.000,0,0,19.3,0.0162,5.69
2024-03-01 11:15:14,332.722667,107.683,206.654006,78.021,100.000,0,0,19.3,0.0162,5.69
2024-03-01 11:15:19,332.730118,107.684,207.481111,78.213,100.000,0,0,19.3,0.0162,5.69
2024-03-01 11:15:23,332.738762,107.687,209.092997,78.587,100.000,0,0,19.3,0.0162,5.69
2024-03-01 11:15:27,332.74979,107.689,210.272702,78.860,100.000,0,0,19.3,0.0162,5.69
2024-03-01 11:15:31,332.761116,107.692,211.542121,79.155,100.000,0,0,19.3,0.0162,5.69
2024-03-01 11:15:36,332.790325,107.699,212.063421,79.276,100.000,0,0,19.3,0.0162,5.69
2024-03-01 11:15:40,332.806718,107.703,212.603796,79.401,100.000,0,0,19.3,0.0162,5.69
2024-03-01 11:15:44,332.824602,107.707,213.187985,79.537,100.000,0,0,19.3,0.0162,5.69
2024-03-01 11:15:48,332.843975,107.711,213.961142,79.716,100.000,0,0,19.3,0.0162,5.69
2024-03-01 11:15:52,332.864243,107.716,214.823716,79.916,100.000,0,0,19.3,0.0162,5.69
2024-03-01 11:16:01,332.932796,107.733,217.614412,80.564,100.000,0,0,19.3,0.0162,5.69
2024-03-01 11:16:05,332.959323,107.739,218.642108,80.803,100.000,0,0,19.3,0.0162,5.69
2024-03-01 11:16:09,332.984062,107.745,219.783662,81.068,100.000,0,0,19.3,0.0162,5.69
2024-03-01 11:16:13,333.010589,107.751,220.832819,81.312,100.000,0,0,19.3,0.0162,5.69
2024-03-01 11:16:21,333.067219,107.764,223.959126,82.039,100.000,0,0,19.3,0.0162,5.69
2024-03-01 11:16:26,333.127725,107.779,225.061038,82.295,100.000,0,0,19.3,0.0162,5.69
2024-03-01 11:16:30,333.157232,107.786,226.151922,82.549,100.000,0,0,19.3,0.0162,5.69
2024-03-01 11:16:34,333.189124,107.793,227.292284,82.814,100.000,0,0,19.3,0.0162,5.69
2024-03-01 11:16:38,333.222208,107.801,228.441289,83.081,100.000,0,0,19.3,0.0162,5.69
2024-03-01 11:16:42,333.2541,107.809,229.568834,83.344,100.000,0,0,19.3,0.0162,5.69
2024-03-01 11:16:47,333.286886,107.817,231.928542,83.893,100.000,1,0,19.3,0.0162,5.69
2024-03-01 11:16:51,333.355737,107.833,233.248631,84.201,100.000,1,0,19.3,0.0162,5.69
2024-03-01 11:16:59,333.419223,107.848,307.228166,101.548,100.000,1,0,19.3,0.0162,5.69
2024-03-01 11:17:03,333.451711,107.856,312.091542,102.696,100.000,1,0,19.3,0.0162,5.69
2024-03-01 11:17:08,333.484497,107.864,198.753441,76.192,100.000,1,0,19.3,0.0162,5.69
2024-03-01 11:17:12,333.518476,107.872,198.480124,76.129,100.000,0,0,19.3,0.0162,5.69
2024-03-01 11:17:16,333.581365,107.887,198.446444,76.121,100.000,0,0,19.3,0.0162,5.69
2024-03-01 11:17:20,333.609383,107.893,198.43929,76.119,100.000,0,0,19.3,0.0162,5.69
2024-03-01 11:17:24,333.631141,107.898,198.445252,76.121,100.000,0,0,19.3,0.0162,5.69
2024-03-01 11:17:29,333.645746,107.902,198.48072,76.129,100.000,0,0,19.3,0.0162,5.69
2024-03-01 11:17:37,333.651409,107.903,198.924525,76.231,100.000,0,0,19.3,0.0162,5.69
2024-03-01 11:17:41,333.631737,107.898,199.10157,76.272,100.000,0,0,19.3,0.0162,5.69
2024-03-01 11:17:45,333.612363,107.894,199.38979,76.339,100.000,0,0,19.3,0.0162,5.69
2024-03-01 11:17:49,333.589115,107.888,199.632706,76.395,100.000,0,0,19.3,0.0162,5.69
2024-03-01 11:17:54,333.563184,107.882,199.899466,76.457,100.000,0,0,19.3,0.0162,5.69
2024-03-01 11:17:58,333.534273,107.875,200.207357,76.528,100.000,0,0,19.3,0.0162,5.69
2024-03-01 11:18:02,333.502679,107.868,200.798104,76.665,100.000,0,0,19.3,0.0162,5.69
2024-03-01 11:18:06,333.436212,107.852,201.148022,76.746,100.000,0,0,19.3,0.0162,5.69
2024-03-01 11:18:10,333.404022,107.844,201.572453,76.844,100.000,0,0,19.3,0.0162,5.69
2024-03-01 11:18:14,333.371534,107.837,202.097329,76.966,100.000,0,0,19.3,0.0162,5.69
2024-03-01 11:18:19,333.33845,107.829,202.64605,77.093,100.000,0,0,19.3,0.0162,5.69
2024-03-01 11:18:23,333.308942,107.822,203.422187,77.273,100.000,0,0,19.3,0.0162,5.69
2024-03-01 11:18:31,333.227275,107.802,206.022724,77.875,100.000,0,0,19.3,0.0162,5.69
2024-03-01 11:18:35,333.204325,107.797,207.104369,78.126,100.000,0,0,19.3,0.0162,5.69
2024-03-01 11:18:39,333.183461,107.792,208.486751,78.446,100.000,0,0,19.3,0.0162,5.69
2024-03-01 11:18:44,333.164087,107.787,210.349302,78.878,100.000,0,0,19.3,0.0162,5.69
2024-03-01 11:18:48,333.147396,107.784,212.564453,79.392,100.000,0,0,19.3,0.0162,5.69
2024-03-01 11:18:52,333.133388,107.780,215.425788,80.056,100.000,0,0,19.3,0.0162,5.69
2024-03-01 11:18:56,333.114014,107.776,216.655865,80.342,100.000,0,0,19.3,0.0162,5.69
2024-03-01 11:19:00,333.106265,107.774,218.043016,80.664,100.000,0,0,19.3,0.0162,5.69
2024-03-01 11:19:04,333.101496,107.773,219.614963,81.029,100.000,0,0,19.3,0.0162,5.69
2024-03-01 11:19:09,333.097621,107.772,221.180948,81.393,100.000,0,0,19.3,0.0162,5.69
2024-03-01 11:19:13,333.096131,107.771,222.534419,81.707,100.000,0,0,19.3,0.0162,5.69
2024-03-01 11:19:17,333.098515,107.772,225.83181,82.474,100.000,0,0,19.3,0.0162,5.69
2024-03-01 11:19:21,333.107457,107.774,227.675286,82.903,100.000,0,0,19.3,0.0162,5.69
2024-03-01 11:19:25,333.115206,107.776,229.42845,83.311,100.000,0,0,19.3,0.0162,5.69
2024-03-01 11:19:30,333.124148,107.778,231.182508,83.719,100.000,0,0,19.3,0.0162,5.69
2024-03-01 11:19:34,333.135176,107.781,232.881724,84.115,100.000,0,0,19.3,0.0162,5.69
2024-03-01 11:19:38,333.147694,107.784,234.787195,84.559,100.000,0,0,19.3,0.0162,5.69
2024-03-01 11:19:42,333.161107,107.787,239.167125,85.580,100.000,0,0,19.3,0.0162,5.69
2024-03-01 11:19:46,333.193893,107.795,241.53637,86.132,100.000,0,0,19.3,0.0162,5.69
2024-03-01 11:19:51,333.211776,107.799,243.907702,86.686,100.000,0,0,19.3,0.0162,5.69
2024-03-01 11:19:55,333.23115,107.803,246.436408,87.276,100.000,0,0,19.3,0.0162,5.69
2024-03-01 11:19:59,333.252312,107.808,248.735908,87.813,100.000,0,0,19.3,0.0162,5.69
2024-03-01 11:20:03,333.274368,107.814,251.198445,88.388,100.000,1,0,19.3,0.0162,5.69
2024-03-01 11:20:07,333.297318,107.819,304.878294,100.994,100.000,1,0,19.3,0.0162,5.69
2024-03-01 11:20:11,333.338152,107.829,306.32148,101.334,100.000,1,0,19.3,0.0162,5.69
2024-03-01 11:20:16,333.358718,107.834,198.615441,76.160,100.000,1,0,19.3,0.0162,5.69
2024-03-01 11:20:20,333.378688,107.838,198.678331,76.174,100.000,0,0,19.3,0.0162,5.69
2024-03-01 11:20:24,333.395677,107.842,198.480422,76.129,100.000,0,0,19.3,0.0162,5.69
2024-03-01 11:20:28,333.415348,107.847,198.442569,76.120,100.000,0,0,19.3,0.0162,5.69
2024-03-01 11:20:32,333.429059,107.850,198.450915,76.122,100.000,0,0,19.3,0.0162,5.69
2024-03-01 11:20:37,333.439491,107.853,198.516785,76.137,100.000,0,0,19.3,0.0162,5.69
2024-03-01 11:20:41,333.43353,107.851,198.518275,76.137,100.000,0,0,19.3,0.0162,5.69
2024-03-01 11:20:45,333.421309,107.849,198.571031,76.150,100.000,0,0,19.3,0.0162,5.69
2024-03-01 11:20:49,333.402234,107.844,198.70158,76.180,100.000,0,0,19.3,0.0162,5.69
2024-03-01 11:20:53,333.376899,107.838,199.057458,76.262,100.000,0,0,19.3,0.0162,5.69
2024-03-01 11:20:57,333.347988,107.831,200.081578,76.499,100.000,0,0,19.3,0.0162,5.69
2024-03-01 11:21:02,333.278839,107.815,200.295582,76.549,100.000,0,0,19.3,0.0162,5.69
2024-03-01 11:21:06,333.240092,107.806,200.900039,76.689,100.000,0,0,19.3,0.0162,5.69
2024-03-01 11:21:10,333.199854,107.796,201.54384,76.838,100.000,0,0,19.3,0.0162,5.69
2024-03-01 11:21:14,333.159616,107.786,202.237714,76.998,100.000,0,0,19.3,0.0162,5.69
2024-03-01 11:21:18,333.118187,107.777,202.872572,77.145,100.000,0,0,19.3,0.0162,5.69
2024-03-01 11:21:22,333.077651,107.767,204.319633,77.481,100.000,0,0,19.3,0.0162,5.69
2024-03-01 11:21:27,332.999859,107.748,205.062984,77.653,100.000,0,0,19.3,0.0162,5.69
2024-03-01 11:21:31,332.963496,107.740,205.815277,77.827,100.000,0,0,19.3,0.0162,5.69
2024-03-01 11:21:35,332.927729,107.731,206.676062,78.027,100.000,0,0,19.3,0.0162,5.69
2024-03-01 11:21:39,332.895837,107.724,207.406299,78.196,100.000,0,0,19.3,0.0162,5.69
2024-03-01 11:21:43,332.866032,107.717,208.205685,78.381,100.000,0,0,19.3,0.0162,5.69
2024-03-01 11:21:47,332.838312,107.710,210.070024,78.813,100.000,0,0,19.3,0.0162,5.69
2024-03-01 11:21:52,332.790623,107.699,211.147794,79.063,100.000,0,0,19.3,0.0162,5.69
2024-03-01 11:22:00,332.75277,107.690,216.116086,80.216,100.000,0,0,19.3,0.0162,5.69
2024-03-01 11:22:04,332.737868,107.686,217.990857,80.652,100.000,0,0,19.3,0.0162,5.69
2024-03-01 11:22:08,332.725349,107.683,219.215568,80.936,100.000,0,0,19.3,0.0162,5.69
2024-03-01 11:22:13,332.716109,107.681,221.574978,81.484,100.000,0,0,19.3,0.0162,5.69
2024-03-01 11:22:17,332.703591,107.678,223.049161,81.827,100.000,0,0,19.3,0.0162,5.69
2024-03-01 11:22:21,332.700313,107.677,224.740032,82.220,100.000,0,0,19.3,0.0162,5.69
2024-03-01 11:22:25,332.700909,107.678,226.811818,82.702,100.000,0,0,19.3,0.0162,5.69
2024-03-01 11:22:29,332.702399,107.678,228.734874,83.150,100.000,0,0,19.3,0.0162,5.69
2024-03-01 11:22:34,332.705678,107.679,230.76672,83.623,100.000,0,0,19.3,0.0162,5.69
2024-03-01 11:22:38,332.711937,107.680,235.217886,84.659,100.000,0,0,19.3,0.0162,5.69
2024-03-01 11:22:42,332.729224,107.684,237.500993,85.191,100.000,0,0,19.3,0.0162,5.69
2024-03-01 11:22:46,332.74055,107.687,239.881565,85.746,100.000,0,0,19.3,0.0162,5.69
2024-03-01 11:22:50,332.753068,107.690,242.310421,86.313,100.000,0,0,19.3,0.0162,5.69
2024-03-01 11:22:54,332.768269,107.694,244.741066,86.880,100.000,0,0,19.3,0.0162,5.69
2024-03-01 11:22:59,332.78347,107.697,247.179163,87.449,100.000,0,0,19.3,0.0162,5.69
2024-03-01 11:23:03,332.801651,107.701,252.275023,88.640,100.000,0,0,19.3,0.0162,5.69
2024-03-01 11:23:07,332.840399,107.711,284.031676,96.084,100.000,1,0,19.3,0.0162,5.69
2024-03-01 11:23:11,332.85858,107.715,295.543783,98.793,100.000,1,0,19.3,0.0162,5.69
2024-03-01 11:23:15,332.877656,107.719,298.453701,99.479,100.000,1,0,19.3,0.0162,5.69
2024-03-01 11:23:20,332.895539,107.724,198.674158,76.174,100.000,1,0,19.3,0.0162,5.69
2024-03-01 11:23:24,332.91074,107.727,198.601135,76.157,100.000,0,0,19.3,0.0162,5.69
2024-03-01 11:23:32,332.95366,107.738,198.438396,76.119,100.000,0,0,19.3,0.0162,5.69
2024-03-01 11:23:36,332.959025,107.739,198.443463,76.120,100.000,0,0,19.3,0.0162,5.69
2024-03-01 11:23:40,332.957833,107.739,198.465817,76.125,100.000,0,0,19.3,0.0162,5.69
2024-03-01 11:23:45,332.949785,107.737,198.515593,76.137,100.000,0,0,19.3,0.0162,5.69
2024-03-01 11:23:49,332.935479,107.733,198.597558,76.156,100.000,0,0,19.3,0.0162,5.69
2024-03-01 11:23:53,332.914019,107.728,198.745394,76.190,100.000,0,0,19.3,0.0162,5.69
2024-03-01 11:23:57,332.856494,107.714,199.124223,76.278,100.000,0,0,19.3,0.0162,5.69
2024-03-01 11:24:01,332.821919,107.706,199.487255,76.362,100.000,0,0,19.3,0.0162,5.69
2024-03-01 11:24:05,332.782576,107.697,199.797829,76.434,100.000,0,0,19.3,0.0162,5.69
2024-03-01 11:24:10,332.74204,107.687,200.297966,76.549,100.000,0,0,19.3,0.0162,5.69
2024-03-01 11:24:14,332.700909,107.678,200.7528,76.655,100.000,0,0,19.3,0.0162,5.69
2024-03-01 11:24:18,332.658883,107.668,201.654418,76.863,100.000,0,0,19.3,0.0162,5.69
2024-03-01 11:24:22,332.575725,107.648,202.137269,76.975,100.000,0,0,19.3,0.0162,5.69
2024-03-01 11:24:26,332.533401,107.638,202.576603,77.077,100.000,0,0,19.3,0.0162,5.69
2024-03-01 11:24:30,332.49376,107.628,203.082106,77.194,100.000,0,0,19.3,0.0162,5.69
2024-03-01 11:24:35,332.455609,107.619,203.505047,77.292,100.000,0,0,19.3,0.0162,5.69
2024-03-01 11:24:39,332.42014,107.611,204.140502,77.439,100.000,0,0,19.3,0.0162,5.69
2024-03-01 11:24:43,332.385864,107.603,205.356867,77.721,100.000,0,0,19.3,0.0162,5.69
2024-03-01 11:24:47,332.325358,107.588,206.009312,77.872,100.000,0,0,19.3,0.0162,5.69
2024-03-01 11:24:51,332.298235,107.582,206.709147,78.034,100.000,0,0,19.3,0.0162,5.69
2024-03-01 11:24:55,332.275583,107.577,207.581556,78.236,100.000,0,0,19.3,0.0162,5.69
2024-03-01 11:25:00,332.255017,107.572,208.290631,78.401,100.000,0,0,19.3,0.0162,5.69
2024-03-01 11:25:04,332.235942,107.567,209.08018,78.584,100.000,0,0,19.3,0.0162,5.69
2024-03-01 11:25:08,332.221337,107.564,211.016947,79.033,100.000,0,0,19.3,0.0162,5.69
2024-03-01 11:25:12,332.197194,107.558,212.228842,79.314,100.000,0,0,19.3,0.0162,5.69
2024-03-01 11:25:16,332.188849,107.556,214.161734,79.763,100.000,0,0,19.3,0.0162,5.69
2024-03-01 11:25:21,332.183782,107.555,217.486248,80.535,100.000,0,0,19.3,0.0162,5.69
2024-03-01 11:25:25,332.180801,107.554,219.544323,81.013,100.000,0,0,19.3,0.0162,5.69
2024-03-01 11:25:29,332.179609,107.554,221.134451,81.382,100.000,0,0,19.3,0.0162,5.69
2024-03-01 11:25:33,332.180801,107.554,225.044049,82.291,100.000,0,0,19.3,0.0162,5.69
2024-03-01 11:25:37,332.190339,107.556,227.222539,82.798,100.000,0,0,19.3,0.0162,5.69
2024-03-01 11:25:41,332.196598,107.558,229.44991,83.316,100.000,0,0,19.3,0.0162,5.69
2024-03-01 11:25:46,332.20703,107.560,231.749708,83.851,100.000,0,0,19.3,0.0162,5.69
2024-03-01 11:25:50,332.216866,107.563,234.129982,84.406,100.000,0,0,19.3,0.0162,5.69
2024-03-01 11:25:54,332.230875,107.566,236.590731,84.979,100.000,0,0,19.3,0.0162,5.69
2024-03-01 11:25:58,332.246075,107.570,241.796275,86.193,100.000,0,0,19.3,0.0162,5.69
2024-03-01 11:26:02,332.280352,107.578,244.492488,86.822,100.000,0,0,19.3,0.0162,5.69
2024-03-01 11:26:07,332.301216,107.583,247.114187,87.434,100.000,0,0,19.3,0.0162,5.69
2024-03-01 11:26:11,332.319397,107.587,249.874481,88.079,100.000,0,0,19.3,0.0162,5.69
2024-03-01 11:26:15,332.341453,107.592,252.624046,88.722,100.000,1,0,19.3,0.0162,5.69
2024-03-01 11:26:19,332.362019,107.597,291.879783,97.930,100.000,1,0,19.3,0.0162,5.69
2024-03-01 11:26:23,332.381989,107.602,299.431026,99.709,100.000,1,0,19.3,0.0162,5.69
2024-03-01 11:26:28,332.423121,107.612,198.682802,76.176,100.000,1,0,19.3,0.0162,5.69
