time,voltage,current,shunt_voltage,temperature,temperature old
2024-06-07 16:35:31,0.161948431,0.0331094975291274,1.56042082,229.9437528019788,229.9437528019788
2024-06-07 16:35:35,0.16212279,0.0331050126142871,1.56020945,230.1698804822031,230.1703577069184
2024-06-07 16:35:40,0.162264872,0.0330983492152406,1.55989541,230.3710242578234,230.37209807556863
2024-06-07 16:35:44,0.162383725,0.0330964911275623,1.55980784,230.51831717360284,230.51986831545355
2024-06-07 16:35:48,0.162485385,0.0330934798245669,1.55966592,230.6523140867887,230.65434259688203
2024-06-07 16:35:52,0.162585536,0.0330929031108168,1.55963874,230.7707801381586,230.77328606060948
2024-06-07 16:35:56,0.162666682,0.0330900840457381,1.55950588,230.88003376131775,230.88301714021856
2024-06-07 16:36:00,0.16274994,0.0330880337201431,1.55940925,230.9873802253391,230.9908411047601
2024-06-07 16:36:05,0.162888703,0.0330863678703815,1.55933074,231.1565627534969,231.1606205705077
2024-06-07 16:36:09,0.162954163,0.0330852144428813,1.55927638,231.23827660432846,231.24281202093547
2024-06-07 16:36:13,0.16301359,0.0330845738620088,1.55924619,231.31010715015987,231.31512021036048
2024-06-07 16:36:17,0.163069699,0.0330818186640525,1.55911634,231.39015170180184,231.39564244957108
2024-06-07 16:36:21,0.163120378,0.0330806013694299,1.55905897,231.45517208244758,231.461140561738
2024-06-07 16:36:26,0.163172565,0.0330805372901243,1.55905595,231.5152476663885,231.5218133718544
2024-06-07 16:36:30,0.163224752,0.0330804732108187,1.55905293,231.57544363401144,231.58248716980967
2024-06-07 16:36:34,0.163275129,0.0330786151231404,1.55896536,231.64378227286116,231.6513036828713
2024-06-07 16:36:38,0.16331163,0.0330775259871289,1.55891403,231.69170391457442,231.6997032426534
2024-06-07 16:36:42,0.163358085,0.0330764366389343,1.55886269,231.7511354227406,231.75961271272303
2024-06-07 16:36:47,0.163438025,0.0330747067098671,1.55878116,231.85281528893515,231.86189009290493
2024-06-07 16:36:51,0.163476336,0.0330736816531612,1.55873285,231.90247774694814,231.9120306113667
2024-06-07 16:36:55,0.16351525,0.0330721439620107,1.55866038,231.95577082767667,231.96580179630527
2024-06-07 16:36:59,0.163545114,0.0330725284378441,1.5586785,231.98761812256902,231.99812723914636
2024-06-07 16:37:04,0.163584632,0.0330716954068717,1.55863924,232.03746716519538,232.0485740281818
2024-06-07 16:37:08,0.163619926,0.0330704781122491,1.55858187,232.0847534136119,232.0963385228765
2024-06-07 16:37:12,0.163652505,0.0330706062708602,1.55858791,232.12120687670014,232.13327027590816
2024-06-07 16:37:16,0.163682973,0.0330687481831819,1.55850034,232.1665860323843,232.17912776517835
2024-06-07 16:37:20,0.163716155,0.0330682996280429,1.5584792,232.20703999213285,232.2200601021329
2024-06-07 16:37:24,0.163775884,0.033067851072904,1.55845806,232.27819009616897,232.2916886269722
2024-06-07 16:37:28,0.163807558,0.0330670823334203,1.55842183,232.31873794108066,232.3327149362617
2024-06-07 16:37:33,0.163839232,0.0330670182541147,1.55841881,232.35513115308373,232.3697062899792
2024-06-07 16:37:37,0.163859443,0.0330650320078253,1.5583252,232.38940414048085,232.4044578397139
2024-06-07 16:37:41,0.16388237,0.0330642630561585,1.55828896,232.4198450737195,232.43537737879095
2024-06-07 16:37:45,0.163917362,0.0330645834526863,1.55830406,232.4579947632908,232.4740057176786
2024-06-07 16:37:50,0.16394059,0.0330654805629642,1.55834634,232.47911375500513,232.49572308214476
2024-06-07 16:37:54,0.163971057,0.0330645834526863,1.55830406,232.5190111695449,232.5360992437432
2024-06-07 16:37:58,0.163993079,0.0330638147132026,1.55826783,232.54840842372587,232.56597528838688
2024-06-07 16:38:02,0.164039232,0.0330634302373692,1.55824971,232.60350969060053,232.62155538910537
2024-06-07 16:38:06,0.164064874,0.0330633020787581,1.55824367,232.63342079047635,232.65194536618344
2024-06-07 16:38:11,0.16409323,0.033062148863441,1.55818932,232.67223514494293,232.69135837809068
2024-06-07 16:38:15,0.164114044,0.0330624690477857,1.55820441,232.6939904035997,232.7135926114225
2024-06-07 16:38:19,0.164128524,0.033060547092985,1.55811383,232.72129321845412,232.741374444236
2024-06-07 16:38:23,0.164146623,0.0330599062999293,1.55808363,232.7454276381731,232.7659879251753
2024-06-07 16:38:28,0.164173471,0.033060675039413,1.55811986,232.77146687309465,232.79262604742337
2024-06-07 16:38:32,0.164190967,0.0330591373482625,1.55804739,232.8000572249796,232.82169555778256
2024-06-07 16:38:36,0.164232295,0.0330583686087788,1.55801116,232.85179901116445,232.87391654562836
2024-06-07 16:38:40,0.164244663,0.0330569590762395,1.55794473,232.8737269486696,232.89632372795825
2024-06-07 16:38:44,0.164274225,0.0330577918950287,1.55798398,232.90265702128224,232.92573308853645
2024-06-07 16:38:49,0.164290515,0.0330568949969339,1.55794171,232.92605759586624,232.9497328337092
2024-06-07 16:38:53,0.164307408,0.0330554852522114,1.55787527,232.9532260420373,232.97738066482856
2024-06-07 16:38:57,0.164323999,0.0330553573057834,1.55786924,232.9726756394188,232.9973096902245
2024-06-07 16:39:01,0.164339987,0.0330552932264779,1.55786622,232.99106060467375,233.01617412653692
2024-06-07 16:39:05,0.164364723,0.0330551650678667,1.55786018,233.01993450970346,233.04552754564415
2024-06-07 16:39:09,0.164380108,0.0330543961161999,1.55782394,233.04167744511525,233.0677500381304
2024-06-07 16:39:14,0.164408464,0.033053371059494,1.55777563,233.07978197202823,233.10645407181585
2024-06-07 16:39:18,0.164424753,0.0330529865836606,1.55775751,233.10036077712945,233.12751253065036
2024-06-07 16:39:22,0.16444225,0.0330530506629661,1.55776053,233.11975573343278,233.14738718360888
2024-06-07 16:39:26,0.164454014,0.0330509362580656,1.55766088,233.14505902705474,233.1731702167849
2024-06-07 16:39:31,0.164469399,0.0330510003373711,1.5576639,233.16189160789625,233.1906025323603
2024-06-07 16:39:35,0.164488102,0.0330517052097324,1.55769712,233.17899333284626,233.2081840933021
2024-06-07 16:39:39,0.164510123,0.0330517052097324,1.55769712,233.20399260794423,233.23366324721556
2024-06-07 16:39:43,0.164521284,0.0330510644166767,1.55766692,233.22011704657314,233.25026760746036
2024-06-07 16:39:47,0.164537272,0.033051320733899,1.557679,233.23665994033416,233.26729046561448
2024-06-07 16:39:52,0.164565025,0.0330498471220541,1.55760955,233.2766620451294,233.3078925860213
2024-06-07 16:39:56,0.164577996,0.0330497830427485,1.55760653,233.29156033298972,233.32327093443868
2024-06-07 16:40:00,0.164592174,0.033049270408304,1.55758237,233.3104402131643,233.3426309178721
2024-06-07 16:40:04,0.164599414,0.0330476686378479,1.55750688,233.32756953066584,233.36024038131097
2024-06-07 16:40:08,0.16462234,0.0330476686378479,1.55750688,233.35361969991826,233.386770739156
2024-06-07 16:40:13,0.164636217,0.033048821853165,1.55756123,233.36243004986468,233.3961813847917
2024-06-07 16:40:17,0.164648886,0.0330479890343757,1.55752198,233.38141155868092,233.4156431780897
2024-06-07 16:40:21,0.164667589,0.0330477327171535,1.5575099,233.40405263060532,233.4387645770755
2024-06-07 16:40:25,0.164677544,0.0330472841620145,1.55748876,233.41767910922806,233.4528714253158
2024-06-07 16:40:30,0.164712536,0.0330461309466974,1.55743441,233.46422515318415,233.500017991103
2024-06-07 16:40:34,0.164724603,0.0330483094309036,1.55753708,233.46514347362535,233.50141677682785
2024-06-07 16:40:38,0.164729128,0.033047796796459,1.55751292,233.47285646908728,233.50961028005383
2024-06-07 16:40:42,0.164744211,0.0330454901536418,1.55740421,233.50313848046625,233.54037284165375
2024-06-07 16:40:46,0.1647605,0.033046195026003,1.55743743,233.517442457134,233.55515741097597
2024-06-07 16:40:50,0.164768947,0.0330455542329473,1.55740723,233.5304353939993,233.56863098290583
2024-06-07 16:40:54,0.164781616,0.0330458105501696,1.55741931,233.5431378447247,233.58181411108248
2024-06-07 16:40:59,0.164800923,0.0330458105501696,1.55741931,233.5648815759629,233.6041587487053
2024-06-07 16:41:03,0.164810274,0.0330449775191972,1.55738005,233.58003154037158,233.61978948584948
2024-06-07 16:41:07,0.164832597,0.0330452979157251,1.55739515,233.60353708426624,233.64377584479013
2024-06-07 16:41:11,0.164846473,0.0330452338364195,1.55739213,233.61948584489866,233.6602054627555
2024-06-07 16:41:16,0.164855825,0.0330451697571139,1.55738911,233.63007848254205,233.6713992314952
2024-06-07 16:41:20,0.164869098,0.0330444650969358,1.5573559,233.6490284847894,233.69083018613517
2024-06-07 16:41:24,0.164875131,0.0330436320659634,1.55731664,233.66034088289118,233.70262357884008
2024-06-07 16:41:29,0.164884784,0.0330444010176302,1.55735288,233.66647137949238,233.70935537801785
2024-06-07 16:41:33,0.164897152,0.0330433116694356,1.55730154,233.68659719377334,233.72996228178937
2024-06-07 16:41:37,0.164907408,0.0330424788506464,1.55726229,233.7027977827531,233.74664400239368
2024-06-07 16:41:41,0.164908615,0.0330417739782851,1.55722907,233.70778569652825,233.75211308990376
2024-06-07 16:41:45,0.164938781,0.0330422225334241,1.55725021,233.73963049851312,233.7844391077102
2024-06-07 16:41:49,0.164954467,0.0330422225334241,1.55725021,233.75730590732346,233.80259577440523
2024-06-07 16:41:54,0.164956881,0.0330426070092575,1.55726833,233.75727678599483,233.80316828454767
2024-06-07 16:41:58,0.164962612,0.0330406848422736,1.55717774,233.774537465422,233.82091031641508
2024-06-07 16:42:02,0.16497498,0.0330404285250514,1.55716566,233.78985441190656,233.83670865732608
2024-06-07 16:42:06,0.164989158,0.0330413256353293,1.55720794,233.80059960622557,233.84793528803408
2024-06-07 16:42:11,0.164995493,0.0330403644457458,1.55716264,233.81288711961014,233.86082465587856
2024-06-07 16:42:15,0.165007861,0.0330407489215792,1.55718076,233.82450003295813,233.87291909994457
2024-06-07 16:42:19,0.165021436,0.0330404285250514,1.55716566,233.8415850368587,233.89048567644875
2024-06-07 16:42:23,0.165039535,0.0330413256353293,1.55720794,233.85686757910855,233.90624983316383
2024-06-07 16:42:27,0.165047378,0.0330401081285235,1.55715056,233.8725050175051,233.92236892786363
2024-06-07 16:42:31,0.16505673,0.0330410052388015,1.55719284,233.8776614638366,233.92800707231257
2024-06-07 16:42:36,0.165061556,0.0330388267545953,1.55709017,233.8952445794956,233.94619236938345
2024-06-07 16:42:40,0.165073623,0.0330391471511231,1.55710527,233.90687919773802,233.9583087797383
2024-06-07 16:42:44,0.165089611,0.0330397238648732,1.55713245,233.92157008058885,233.97348149643847
2024-06-07 16:42:48,0.165094136,0.0330393393890398,1.55711433,233.9285505848009,233.98094387621288
2024-06-07 16:42:52,0.165101375,0.0330382500408452,1.55706299,233.9427509632541,233.9956261719177
2024-06-07 16:42:56,0.165114045,0.0330386345166786,1.55708111,233.9547126158675,234.00806978344804
2024-06-07 16:43:01,0.165124302,0.0330396597855677,1.55712943,233.9600524918495,234.0140121666317
2024-06-07 16:43:05,0.16513667,0.0330382500408452,1.55706299,233.9820456537617,234.03648738112057
2024-06-07 16:43:09,0.165149641,0.0330370968255281,1.55700864,234.00325423584175,234.058178057365
2024-06-07 16:43:13,0.165148133,0.0330371609048337,1.55701166,234.00065534154734,234.0560612987988
2024-06-07 16:43:17,0.165164121,0.0330376094599727,1.5570328,234.016087171362,234.0719753058815
2024-06-07 16:43:22,0.165171662,0.0330375453806671,1.55702978,234.02458581937066,234.08107673385425
2024-06-07 16:43:26,0.165179204,0.0330367123496947,1.55699052,234.03765730539837,234.0946304905272
2024-06-07 16:43:30,0.165188253,0.0330368405083059,1.55699656,234.0469098149018,234.10436531213787
2024-06-07 16:43:34,0.165193985,0.0330367764290003,1.55699354,234.0534348314678,234.1113726822492
2024-06-07 16:43:39,0.165213291,0.0330354309757665,1.55693013,234.08297440484236,234.1415152557911
2024-06-07 16:43:43,0.165223849,0.0330363278738613,1.5569724,234.08952272301377,234.1485460206556
2024-06-07 16:43:47,0.165226262,0.0330372890634448,1.5570177,234.0862683420103,234.14577412770524
2024-06-07 16:43:51,0.165238329,0.0330360076895166,1.55695731,234.1071770105077,234.16716532559167
2024-06-07 16:43:56,0.165248585,0.0330372890634448,1.5570177,234.11102760841302,234.17161914332536
2024-06-07 16:44:00,0.165261858,0.0330378657771949,1.55704488,234.12257216692763,234.1836463241469
2024-06-07 16:44:04,0.16526216,0.0330355591343776,1.55693617,234.1357986250899,234.19735544587385
2024-06-07 16:44:08,0.165267891,0.0330358154515999,1.55694825,234.1404668488006,234.2025063743828
2024-06-07 16:44:13,0.165285086,0.0330344059190606,1.55688182,234.16793814769193,234.23058111222
2024-06-07 16:44:17,0.165295342,0.0330357513722944,1.55694523,234.1715357398969,234.2346615019107
2024-06-07 16:44:21,0.165298057,0.0330351746585442,1.55691805,234.17753763682518,234.24114623747985
2024-06-07 16:44:25,0.165308012,0.0330351105792387,1.55691503,234.1889525946047,234.2530440750313
2024-06-07 16:44:30,0.165314347,0.033034341839755,1.5568788,234.2001384718741,234.2648336098193
2024-06-07 16:44:34,0.165325207,0.0330344699983661,1.55688484,234.21148768486952,234.27666579504304
2024-06-07 16:44:38,0.165327017,0.0330336369673938,1.55684558,234.21792794488522,234.28358906833952
2024-06-07 16:44:42,0.16533305,0.0330337651260049,1.55685162,234.22368794999548,234.2898321277587
2024-06-07 16:44:46,0.165341496,0.0330333165708659,1.55683048,234.23558443240924,234.30221170548543
2024-06-07 16:44:51,0.165351149,0.0330333806501715,1.5568335,234.2457868112265,234.31301801106883
2024-06-07 16:44:55,0.165362009,0.0330332524915604,1.55682746,234.2586218591305,234.326336246456
2024-06-07 16:44:59,0.165364724,0.0330337651260049,1.55685162,234.25831092030504,234.32650853603892
2024-06-07 16:45:03,0.1653786,0.0330331884122548,1.55682444,234.27723848532577,234.34591937036893
2024-06-07 16:45:07,0.165381315,0.0330333165708659,1.55683048,234.2791560546508,234.34832024987972
2024-06-07 16:45:11,0.16539127,0.033032740069299,1.55680331,234.29354267797797,234.36319022424493
2024-06-07 16:45:16,0.165396398,0.03303229151416,1.55678217,234.30147738019767,234.37172917267355
2024-06-07 16:45:20,0.165397907,0.0330315866417988,1.55674895,234.30682850830073,234.3775637436432
2024-06-07 16:45:24,0.165412386,0.0330314584831876,1.55674291,234.32385528883864,234.39507400782088
2024-06-07 16:45:28,0.165418721,0.0330317148004099,1.55675499,234.32922144548874,234.40092368885948
2024-06-07 16:45:32,0.165428676,0.0330308819816207,1.55671574,234.34509628089444,234.4172820893781
2024-06-07 16:45:37,0.165438329,0.0330312662452709,1.55673385,234.35344174517346,234.42623206727973
2024-06-07 16:45:41,0.165442552,0.0330309460609262,1.55671876,234.3597057111167,234.4329796898765
2024-06-07 16:45:45,0.165450395,0.0330307538230095,1.5567097,234.369419802255,234.44317747831337
2024-06-07 16:45:49,0.165457937,0.0330305615850928,1.55670064,234.3787854232161,234.4530268371937
2024-06-07 16:45:53,0.165468797,0.0330314584831876,1.55674291,234.38567524315573,234.4604004356487
2024-06-07 16:45:58,0.165472718,0.0330319070383266,1.55676405,234.3870090146726,234.4623389873608
2024-06-07 16:46:02,0.16548207,0.0330323555934656,1.55678519,234.39475287213162,234.47056671458705
2024-06-07 16:46:06,0.165492628,0.0330315225624932,1.55674593,234.41132851199936,234.48762626473865
2024-06-07 16:46:10,0.165498359,0.0330314584831876,1.55674291,234.41785316638936,234.49463486990456
2024-06-07 16:46:15,0.165499566,0.0330296644748149,1.55665836,234.42905591115903,234.5064426100488
2024-06-07 16:46:19,0.165510426,0.0330304334264817,1.5566946,234.4366867764725,234.5145575171557
2024-06-07 16:46:23,0.165520682,0.0330316507211043,1.55675197,234.44101597062672,234.5193707935157
2024-06-07 16:46:27,0.165519777,0.0330297285541204,1.55666138,234.4506387478622,234.5294776933448
2024-06-07 16:46:32,0.165526715,0.0330296644748149,1.55665836,234.4584405430967,234.5378846985792
2024-06-07 16:46:36,0.16553486,0.0330301130299538,1.5566795,234.46478583243797,234.54471420129664
2024-06-07 16:46:40,0.16554572,0.0330303693471761,1.55669158,234.47539100460878,234.55580362715156
2024-06-07 16:46:44,0.165547228,0.0330298567127316,1.55666742,234.47962876222977,234.56052567873988
2024-06-07 16:46:49,0.165557183,0.0330287675767201,1.55661609,234.496875209,234.57837754958007
2024-06-07 16:46:53,0.165563518,0.0330285753388034,1.55660703,234.5048439199982,234.5868306450928
2024-06-07 16:46:57,0.165565931,0.0330283190215811,1.55659495,234.50864230920288,234.5911134590152
2024-06-07 16:47:02,0.165578902,0.0330296003955093,1.55665534,234.51561987172968,234.59869660893716
2024-06-07 16:47:06,0.165583729,0.033029344078287,1.55664326,234.52221397535672,234.60577522764876
2024-06-07 16:47:10,0.165584936,0.0330276141492199,1.55656173,234.53317216466363,234.61721797216305
2024-06-07 16:47:14,0.165608465,0.033029792633426,1.5566644,234.54728849656146,234.63181889936652
2024-06-07 16:47:18,0.165603337,0.0330287034974145,1.55661307,234.5471893433377,234.63220438152183
2024-06-07 16:47:23,0.165606655,0.0330283831008867,1.55659797,234.5522869838202,234.63790787254376
2024-06-07 16:47:27,0.165617213,0.0330283831008867,1.55659797,234.5640305375086,234.650136151686
2024-06-07 16:47:31,0.165623548,0.0330283190215811,1.55659495,234.57125521862508,234.65784559824937
2024-06-07 16:47:35,0.165627771,0.0330275500699143,1.55655871,234.58012782378992,234.6672030088293
2024-06-07 16:47:40,0.165634106,0.0330283190215811,1.55659495,234.5823927817686,234.6700740297443
2024-06-07 16:47:44,0.165636519,0.0330283190215811,1.55659495,234.5847026587451,234.6728688019737
2024-06-07 16:47:48,0.165653714,0.0330288316560256,1.55661911,234.60115536258627,234.6898064409553
2024-06-07 16:47:52,0.165657334,0.0330282549422755,1.55659193,234.6082132365701,234.69734928994228
2024-06-07 16:47:56,0.165665479,0.0330274862027919,1.5565557,234.62162809002595,234.7112491582392
2024-06-07 16:48:01,0.165671813,0.0330286394181089,1.55661005,234.62165818848047,234.7118855812292
2024-06-07 16:48:05,0.165675132,0.0330276141492199,1.55656173,234.6309739255351,234.7216864226692
2024-06-07 16:48:09,0.1656875,0.0330283190215811,1.55659495,234.64071844720252,234.731916088479
2024-06-07 16:48:13,0.165683276,0.0330269735683473,1.55653154,234.64315849003037,234.73484131518137
2024-06-07 16:48:17,0.165689611,0.0330266531718195,1.55651644,234.65187272065535,234.7440407693881
2024-06-07 16:48:21,0.165690215,0.0330258201408471,1.55647718,234.65692789395897,234.7495812059557
2024-06-07 16:48:26,0.165696248,0.0330260123787638,1.55648624,234.66219225239888,234.7554521992408
2024-06-07 16:48:30,0.165714347,0.0330269094890418,1.55652852,234.67745739139988,234.77120269069968
2024-06-07 16:48:34,0.165719174,0.033026140537375,1.55649228,234.6870322705019,234.7812629618608
2024-06-07 16:48:39,0.165721587,0.033026140537375,1.55649228,234.6892204908298,234.7840579779135
2024-06-07 16:48:43,0.165725207,0.0330263327752917,1.55650134,234.69181075008046,234.7871337182345
2024-06-07 16:48:47,0.165730637,0.0330260123787638,1.55648624,234.69947718750618,234.7952856762504
2024-06-07 16:48:51,0.16572943,0.0330253077185857,1.55645303,234.7016895462703,234.79798359509957
2024-06-07 16:48:55,0.16574572,0.0330269094890418,1.55652852,234.71076211843234,234.80754176681648
2024-06-07 16:49:00,0.16574753,0.0330254358771968,1.55645907,234.72081808244226,234.8182047857364
2024-06-07 16:49:04,0.165752658,0.033025115480669,1.55644397,234.72813513581477,234.8260075273793
2024-06-07 16:49:08,0.1657602,0.0330242183703911,1.55640169,234.7416018027374,234.8399599219608
2024-06-07 16:49:12,0.165762613,0.0330246028462245,1.55641981,234.74167574297698,234.84051962922248
2024-06-07 16:49:17,0.165765328,0.0330242824496966,1.55640471,234.74607643078684,234.8455275811264
2024-06-07 16:49:21,0.165775886,0.0330243465290022,1.55640773,234.75744835491543,234.85738536075263
2024-06-07 16:49:25,0.165780411,0.0330242183703911,1.55640169,234.76294949627626,234.86337239689283
2024-06-07 16:49:29,0.165780411,0.0330245387669189,1.55641679,234.76060042109202,234.8615092557444
2024-06-07 16:49:33,0.165790064,0.0330239622653519,1.55638962,234.7746490920652,234.8760438999848
2024-06-07 16:49:37,0.1657967,0.0330239622653519,1.55638962,234.78185033393908,234.88373115433205
2024-06-07 16:49:42,0.165800622,0.0330239622653519,1.55638962,234.78578607421505,234.88827446529504
2024-06-07 16:49:46,0.165810275,0.033023513710213,1.55636848,234.7990911623517,234.90206565402687
2024-06-07 16:49:50,0.165818722,0.0330240902117799,1.55639565,234.8050370592805,234.90849769067512
2024-06-07 16:49:54,0.165816912,0.0330242824496966,1.55640471,234.80133597599314,234.90528278620627
2024-06-07 16:49:58,0.165824453,0.0330238981860464,1.5563866,234.81182057995832,234.9162536080638
2024-06-07 16:50:03,0.165827168,0.0330236418688241,1.55637452,234.8158488981888,234.92088975356876
2024-06-07 16:50:07,0.165838631,0.0330246028462245,1.55641981,234.8230514969025,234.92857865799863
2024-06-07 16:50:11,0.165847681,0.0330249232427523,1.55643491,234.83118485948992,234.93719836529385
2024-06-07 16:50:15,0.165844061,0.0330247310048356,1.55642585,234.82762337955296,234.9341232690312
2024-06-07 16:50:19,0.165848888,0.0330239622653519,1.55638962,234.83720077215943,234.94418708425303
2024-06-07 16:50:24,0.165860652,0.0330240902117799,1.55639565,234.8494761190243,234.95707051410955
2024-06-07 16:50:28,0.165862462,0.0330245387669189,1.55641679,234.8484766256436,234.95655753086925
2024-06-07 16:50:32,0.165867892,0.0330237700274352,1.55638056,234.85875312413094,234.96732057835573
2024-06-07 16:50:36,0.165872719,0.0330227447585462,1.55633224,234.86982426960077,234.9788783116582
2024-06-07 16:50:41,0.165875434,0.0330237059481297,1.55637754,234.86676812804745,234.97643045946663
2024-06-07 16:50:45,0.165881467,0.0330224884413239,1.55632016,234.88035533768956,234.99050434422395
2024-06-07 16:50:49,0.165881768,0.0330224884413239,1.55632016,234.88021733028688,234.99085305068743
2024-06-07 16:50:53,0.165885992,0.0330229369964629,1.5563413,234.88201367538062,234.9931361483729
2024-06-07 16:50:57,0.165897756,0.0330228729171573,1.55633828,234.8955282225771,235.00713748686132
2024-06-07 16:51:01,0.165904091,0.0330215274639235,1.55627487,234.91021151908075,235.0223076133316
2024-06-07 16:51:05,0.165904393,0.033022040098368,1.55629903,234.90709070992935,235.0196736727961
2024-06-07 16:51:10,0.165910124,0.0330212070673957,1.55625977,234.91797047646835,235.0311620794168
2024-06-07 16:51:14,0.165914348,0.0330221682569792,1.55630507,234.91678220874678,235.030460767179
2024-06-07 16:51:18,0.165915856,0.0330219119397569,1.55629299,234.91953424765248,235.0336998001349
2024-06-07 16:51:22,0.165916459,0.0330201820106897,1.55621146,234.9298161432723,235.044468728346
2024-06-07 16:51:26,0.165927621,0.0330213352260068,1.55626581,234.93554750661332,235.0506871627938
2024-06-07 16:51:30,0.165925509,0.0330206303536456,1.55623259,234.93671703838004,235.0523438041573
2024-06-07 16:51:35,0.165934257,0.0330208866708678,1.55624467,234.94475109540159,235.06098680226253
2024-06-07 16:51:39,0.165939385,0.033020438327912,1.55622354,234.95281542971125,235.06953833267812
2024-06-07 16:51:43,0.165947229,0.0330203101693009,1.5562175,234.96216239294412,235.07937253042388
2024-06-07 16:51:47,0.165948435,0.0330211429880901,1.55625675,234.95822326435461,235.07592067472865
2024-06-07 16:51:51,0.165952357,0.0330201179313842,1.55620844,234.96824845462072,235.08643317624492
2024-06-07 16:51:55,0.165953865,0.0330202460899953,1.55621448,234.96876201782962,235.08743408903425
2024-06-07 16:52:00,0.165957183,0.0330209507501734,1.55624769,234.9678938404437,235.08717515248668
2024-06-07 16:52:04,0.165970456,0.033021014829479,1.55625071,234.98241100411454,235.1021797518873
2024-06-07 16:52:08,0.165968948,0.033018964503884,1.55615408,234.9921166264876,235.1123728482371
2024-06-07 16:52:12,0.165975886,0.0330200538520786,1.55620542,234.99332349727774,235.11406723122536
2024-06-07 16:52:16,0.165987048,0.0330208866708678,1.55624467,235.00091803918744,235.1221493235288
2024-06-07 16:52:21,0.165987349,0.0330203101693009,1.5562175,235.00401483424176,235.1258556102489
2024-06-07 16:52:25,0.165998209,0.0330193489797174,1.5561722,235.0217082733099,235.14403668555724
2024-06-07 16:52:29,0.165994891,0.0330206303536456,1.55623259,235.00991287837655,235.1327289649762
2024-06-07 16:52:33,0.166000622,0.0330194130590229,1.55617522,235.02315542976382,235.14645922880237
2024-06-07 16:52:37,0.166003337,0.0330190926624951,1.55616012,235.02767972264311,235.1514712721813
2024-06-07 16:52:42,0.166009672,0.0330188363452728,1.55614804,235.03590326216266,235.1603045533092
2024-06-07 16:52:46,0.166011482,0.033018388002317,1.55612691,235.0401244966678,235.16501362385668
2024-06-07 16:52:50,0.166011482,0.0330182598437059,1.55612087,235.04038323929464,235.16576024050292
2024-06-07 16:52:54,0.16601842,0.0330188363452728,1.55614804,235.04457569161863,235.1704406047977
2024-06-07 16:52:58,0.166025358,0.0330182598437059,1.55612087,235.055485373104,235.18183823617943
2024-06-07 16:53:03,0.166028677,0.0330175549713446,1.55608765,235.06282799821375,235.18979085195315
2024-06-07 16:53:07,0.166035615,0.0330182598437059,1.55612087,235.06627204041968,235.19372292929364
2024-06-07 16:53:11,0.166038028,0.0330178112885669,1.55609973,235.07119351048397,235.19913247233416
2024-06-07 16:53:15,0.166038028,0.0330174908920391,1.55608463,235.07257232650744,235.20099939914968
2024-06-07 16:53:19,0.16603471,0.0330165939939442,1.55604236,235.07346578367188,235.20238100489624
2024-06-07 16:53:23,0.16604014,0.0330168503111665,1.55605444,235.0777760217869,235.20717942935755
2024-06-07 16:53:28,0.166046173,0.0330167221525554,1.5560484,235.08490334138756,235.21491703495747
2024-06-07 16:53:32,0.166053714,0.0330176190506502,1.55609067,235.08792642823744,235.2184283930284
2024-06-07 16:53:36,0.166063367,0.0330174268127335,1.55608161,235.09974364060872,235.2307339143008
2024-06-07 16:53:40,0.166068797,0.0330172345748168,1.55607255,235.10666760265272,235.23814622290007
2024-06-07 16:53:44,0.166069099,0.0330172345748168,1.55607255,235.10652915773096,235.23849616216177
2024-06-07 16:53:49,0.166075132,0.0330174908920391,1.55608463,235.1114153899875,235.2439929275229
2024-06-07 16:53:53,0.16608207,0.0330169784697776,1.55606048,235.12195297405023,235.25501898033784
2024-06-07 16:53:57,0.166079959,0.0330171704955112,1.55606953,235.11789906526684,235.25145357785053
2024-06-07 16:54:01,0.166082372,0.0330160813594997,1.5560182,235.12655509753304,235.2605981539308
2024-06-07 16:54:06,0.166085992,0.0330171064162057,1.55606651,235.12416406171658,235.258817850602
2024-06-07 16:54:10,0.166093232,0.0330174268127335,1.55608161,235.13019720772454,235.2653396247444
2024-06-07 16:54:14,0.166101376,0.0330158250422774,1.55600612,235.14848304459971,235.28411412718756
2024-06-07 16:54:18,0.166099567,0.0330164017560275,1.5560333,235.14253599108113,235.2786557766444
2024-06-07 16:54:23,0.166108616,0.0330165939939442,1.55604236,235.1512901396382,235.28802085648545
2024-06-07 16:54:27,0.16610922,0.0330159532008886,1.55601216,235.15523707673825,235.2924565806325
2024-06-07 16:54:31,0.166110426,0.0330168503111665,1.55605444,235.15091560926712,235.28862393753133
2024-06-07 16:54:35,0.166123398,0.0330174268127335,1.55608161,235.16209713585084,235.30029432578172
2024-06-07 16:54:40,0.166127621,0.0330174908920391,1.55608463,235.16600583710456,235.30481415652767
2024-06-07 16:54:44,0.166131241,0.0330178753678725,1.55610275,235.16746996022624,235.3067672251385
2024-06-07 16:54:48,0.166137274,0.0330157609629719,1.5560031,235.1863004555459,235.32608670315923
2024-06-07 16:54:52,0.166133956,0.0330168503111665,1.55605444,235.17561458231702,235.31588984981732
2024-06-07 16:54:57,0.166146022,0.0330164658353331,1.55603632,235.19122702700218,235.332113621614
2024-06-07 16:55:01,0.166142704,0.0330160813594997,1.5560182,235.1891350256538,235.3305107237253
2024-06-07 16:55:05,0.166148737,0.0330172986541223,1.55607557,235.18853853770412,235.3304033763362
2024-06-07 16:55:09,0.166149642,0.0330156328043607,1.55599706,235.19881230012749,235.34116631639495
2024-06-07 16:55:14,0.166154167,0.0330158250422774,1.55600612,235.2023233377581,235.3452888781663
2024-06-07 16:55:18,0.166154167,0.0330169143904721,1.55605746,235.19548142582954,235.3389362271956
2024-06-07 16:55:22,0.166166535,0.033015889121583,1.55600914,235.21530335723054,235.35924745654415
2024-06-07 16:55:26,0.16616744,0.033016337676722,1.55603028,235.21324668270876,235.35768011693335
2024-06-07 16:55:31,0.166167742,0.0330151203820993,1.55597291,235.2200846375592,235.36512979236247
2024-06-07 16:55:35,0.166173775,0.0330151844614049,1.55597593,235.22621280377422,235.3717473765604
2024-06-07 16:55:39,0.16617468,0.033015440566444,1.555988,235.22527830659857,235.3713023342458
2024-06-07 16:55:43,0.166169552,0.033014287351127,1.55593365,235.2255726938999,235.3720862132602
2024-06-07 16:55:47,0.166185539,0.0330161454388053,1.55602122,235.2327716196813,235.37977466758028
2024-06-07 16:55:51,0.166184635,0.0330156968836663,1.55600008,235.2338508620895,235.38134347532653
2024-06-07 16:55:56,0.166188254,0.0330150563027938,1.55596989,235.2411693076323,235.38927392925103
2024-06-07 16:56:00,0.166193684,0.0330145436683492,1.55594573,235.2499627401584,235.39855700981772
2024-06-07 16:56:04,0.166200321,0.0330151203820993,1.55597291,235.25380005979505,235.4028840142088
2024-06-07 16:56:08,0.166203036,0.0330153764871385,1.55598498,235.25496257442342,235.40453625027916
2024-06-07 16:56:12,0.166205449,0.0330149281441826,1.55596385,235.2598847464151,235.40994818037413
2024-06-07 16:56:16,0.166207862,0.0330140951132103,1.55592459,235.26705143412525,235.41760466282244
2024-06-07 16:56:21,0.166208767,0.0330151203820993,1.55597291,235.26150624641983,235.41267177001728
2024-06-07 16:56:25,0.166217214,0.0330147359062659,1.55595479,235.27304849058353,235.4247038912512
2024-06-07 16:56:29,0.166213895,0.0330140951132103,1.55592459,235.27245098535818,235.4245962996452
2024-06-07 16:56:33,0.166219325,0.033014287351127,1.55593365,235.2771321884283,235.4297674528575
2024-06-07 16:56:38,0.166219627,0.0330136465580713,1.55590345,235.2806086344347,235.43385638786145
2024-06-07 16:56:42,0.166224454,0.0330130059771988,1.55587326,235.28945064816253,235.44318843381103
2024-06-07 16:56:46,0.166229883,0.033013838795988,1.55591251,235.29039259242654,235.4446204467337
2024-06-07 16:56:50,0.166226264,0.0330131982151155,1.55588232,235.2894463621366,235.4441643215129
2024-06-07 16:56:54,0.166237727,0.0330147999855715,1.55595781,235.29289390380234,235.4481020046317
2024-06-07 16:56:58,0.166236218,0.0330137106373769,1.55590647,235.29701175152388,235.45271003016387
2024-06-07 16:57:03,0.16624195,0.0330136465580713,1.55590345,235.30341589029644,235.45972694228715
2024-06-07 16:57:07,0.166242855,0.0330137106373769,1.55590647,235.30360050194966,235.4604018134586
2024-06-07 16:57:11,0.16625281,0.0330140310339047,1.55592157,235.31277742281858,235.47006903011717
2024-06-07 16:57:15,0.166254921,0.0330139669545991,1.55591855,235.3151075347115,235.47288947404465
2024-06-07 16:57:19,0.166255826,0.0330133263737266,1.55588836,235.31940462308233,235.4776769306684
2024-06-07 16:57:24,0.166263971,0.0330129418978932,1.55587024,235.33047526887654,235.4893605876705
2024-06-07 16:57:28,0.166267289,0.0330134545323377,1.5558944,235.33083803236136,235.49021380080256
2024-06-07 16:57:32,0.166271211,0.0330124933427542,1.5558491,235.34050345068027,235.5003697049009
2024-06-07 16:57:36,0.166272116,0.0330124933427542,1.5558491,235.3410618055124,235.50141858161788
2024-06-07 16:57:40,0.166270306,0.033011211968826,1.55578871,235.345953552296,235.5068008863654
2024-06-07 16:57:45,0.166278451,0.0330134545323377,1.5558944,235.34168927011558,235.5031498523353
2024-06-07 16:57:49,0.166273926,0.0330119166290041,1.55582192,235.3449316987842,235.50688292004816
2024-06-07 16:57:53,0.166284785,0.0330121729462264,1.555834,235.35553023299803,235.51797212929867
2024-06-07 16:57:57,0.166289612,0.0330123651841431,1.55584306,235.35951167526778,235.52244428257103
2024-06-07 16:58:02,0.166285087,0.0330122370255319,1.55583702,235.3544020078934,235.5179480544863
2024-06-07 16:58:06,0.166287802,0.0330106352550759,1.55576153,235.36640947291812,235.5304463113393
2024-06-07 16:58:10,0.166301377,0.0330121729462264,1.555834,235.37267444260837,235.53720210873712
2024-06-07 16:58:15,0.16630198,0.0330131982151155,1.55588232,235.3667738536479,235.5319151048256
2024-06-07 16:58:19,0.166304997,0.0330114042067427,1.55579777,235.38025398998133,235.5458861494973
2024-06-07 16:58:23,0.166306807,0.0330121729462264,1.555834,235.3773723264713,235.543495430118
2024-06-07 16:58:27,0.166304695,0.0330110838102149,1.55578267,235.38079282252315,235.5474069060664
2024-06-07 16:58:31,0.166311633,0.0330124933427542,1.5558491,235.38011288710973,235.54721798628864
2024-06-07 16:58:35,0.166325811,0.0330121088669208,1.55583098,235.39829909807548,235.56589524860232
2024-06-07 16:58:39,0.166324303,0.0330133263737266,1.55588836,235.3889509872018,235.5570382247622
2024-06-07 16:58:44,0.166324001,0.0330124292634486,1.55584608,235.3932254009294,235.5619265474238
2024-06-07 16:58:48,0.166334258,0.0330124292634486,1.55584608,235.40462203930235,235.57381435302509
2024-06-07 16:58:52,0.166333353,0.0330118525496985,1.5558189,235.40644978374775,235.57613330029733
2024-06-07 16:58:56,0.166334559,0.0330111478895204,1.55578569,235.41147151297514,235.58164626792345
2024-06-07 16:59:01,0.166331844,0.0330120447876153,1.55582796,235.40247287896696,235.5732617318957
2024-06-07 16:59:05,0.166343006,0.0330115323653538,1.55580381,235.4179110383608,235.58919120962685
2024-06-07 16:59:09,0.166343911,0.0330117246032705,1.55581287,235.41734588445772,235.5891174095457
2024-06-07 16:59:13,0.166349341,0.0330121729462264,1.555834,235.42052949713442,235.59279241150227
2024-06-07 16:59:17,0.166355072,0.0330125574220598,1.55585212,235.42443483345994,235.59718917253863
2024-06-07 16:59:22,0.166357184,0.0330124292634486,1.55584608,235.42701679308877,235.6003854628399
2024-06-07 16:59:26,0.166365329,0.0330110197309093,1.55577965,235.44419852856853,235.6180587026521
2024-06-07 16:59:30,0.166358089,0.0330126215013654,1.55585514,235.42595988503058,235.60031159879023
2024-06-07 16:59:34,0.16636201,0.0330112760481316,1.55579173,235.43787132575358,235.6127146145061
2024-06-07 16:59:39,0.166366535,0.0330109556516037,1.55577663,235.44437302629956,235.61983083341647
2024-06-07 16:59:43,0.166366233,0.0330109556516037,1.55577663,235.4435313362752,235.61948079774945
2024-06-07 16:59:47,0.166374982,0.0330106352550759,1.55576153,235.45505191096314,235.631493062024
2024-06-07 16:59:51,0.166375283,0.0330102507792425,1.55574341,235.45715511193845,235.6340879877884
2024-06-07 16:59:55,0.166377395,0.0330112760481316,1.55579173,235.4531219206452,235.63054655645968
2024-06-07 16:59:59,0.166379808,0.0330106993343815,1.55576455,235.45879595565347,235.63671238658097
2024-06-07 17:00:04,0.16638192,0.0330097383569811,1.55571926,235.46624328801897,235.64477451222427
2024-06-07 17:00:08,0.166380713,0.0330098024362867,1.55572228,235.4639780102855,235.64300110858937
2024-06-07 17:00:12,0.166387953,0.0330103789378536,1.55574945,235.46850982034826,235.64802482781155
2024-06-07 17:00:16,0.16638916,0.0330098665155922,1.5557253,235.47241070591716,235.6524176575737
2024-06-07 17:00:20,0.166388556,0.0330103148585481,1.55574643,235.46859919444682,235.64909812530337
2024-06-07 17:00:25,0.166391271,0.0330098665155922,1.5557253,235.47375058284686,235.6548645368907
2024-06-07 17:00:29,0.166398209,0.0330087771673976,1.55567396,235.48766559744257,235.66927160935305
2024-06-07 17:00:33,0.166405148,0.0330103148585481,1.55574643,235.4862316880249,235.66832979272095
2024-06-07 17:00:37,0.166405148,0.0330095461190644,1.5557102,235.49023140585433,235.6728216382279
2024-06-07 17:00:41,0.166401226,0.0330093538811477,1.55570114,235.48631645084032,235.6693988457563
2024-06-07 17:00:46,0.166409371,0.0330090975639254,1.55568906,235.4966400860094,235.6803377330908
2024-06-07 17:00:50,0.166410276,0.0330097383569811,1.55571926,235.49345239386813,235.6776422818388
2024-06-07 17:00:54,0.166408164,0.0330093538811477,1.55570114,235.4927587059685,235.6774408696053
2024-06-07 17:00:58,0.166417516,0.0330092898018421,1.55569812,235.5034810176458,235.68865549169848
2024-06-07 17:01:03,0.166415404,0.0330089053260087,1.55568,235.50266429410803,235.688454205006
2024-06-07 17:01:07,0.166422945,0.03300961019837,1.55571322,235.50679373194794,235.69307603134948
2024-06-07 17:01:11,0.166428375,0.0330093538811477,1.55570114,235.5140932741995,235.70086799676616
2024-06-07 17:01:15,0.16642928,0.0330106993343815,1.55576455,235.50678706336785,235.69405424373397
2024-06-07 17:01:19,0.166432599,0.0330098665155922,1.5557253,235.51500855466236,235.70276822743529
2024-06-07 17:01:24,0.166427772,0.0330089053260087,1.55568,235.51441517669824,235.70279051360464
2024-06-07 17:01:28,0.166424152,0.0330080725072195,1.55564075,235.51459376667776,235.7034616737579
2024-06-07 17:01:32,0.166434107,0.0330098024362867,1.55572228,235.51553016594207,235.7048906777148
2024-06-07 17:01:36,0.166436822,0.0330085208501753,1.55566188,235.52567487735803,235.715528028315
2024-06-07 17:01:40,0.166438632,0.0330080725072195,1.55564075,235.52990084020053,235.7202466648063
2024-06-07 17:01:45,0.166439838,0.0330085849294809,1.5556649,235.52768782899696,235.71864954408784
2024-06-07 17:01:49,0.16644195,0.0330077521106917,1.55562565,235.53451115455715,235.7259656207423
2024-06-07 17:01:53,0.16644738,0.0330083926915642,1.55565584,235.53656839248274,235.72851564413816
2024-06-07 17:01:57,0.166449793,0.033008713088092,1.55567094,235.5369998602052,235.7294399316796
2024-06-07 17:02:01,0.166449793,0.0330085849294809,1.5556649,235.5372561206779,235.73018904629265
2024-06-07 17:02:05,0.166454016,0.0330081365865251,1.55564377,235.54427916539512,235.7377049794444
2024-06-07 17:02:10,0.16646186,0.0330089694053143,1.55568302,235.54788724599294,235.74192921876997
2024-06-07 17:02:14,0.166457636,0.0330089694053143,1.55568302,235.54249801835923,235.73703295663285
2024-06-07 17:02:18,0.166459145,0.0330073035555527,1.55560451,235.55349227970072,235.74852021767637
2024-06-07 17:02:22,0.166464273,0.0330084567708698,1.55565886,235.55220199051496,235.7477229623708
2024-06-07 17:02:26,0.166473624,0.0330070472383304,1.55559243,235.5707891574216,235.7668031973084
2024-06-07 17:02:31,0.166473624,0.0330083926915642,1.55565584,235.562306658557,235.75893708146535
2024-06-07 17:02:35,0.166478149,0.0330083288244418,1.55565283,235.56743221971155,235.76455578739012
2024-06-07 17:02:39,0.166474529,0.0330073035555527,1.55560451,235.56873695485234,235.76635370136304
2024-06-07 17:02:43,0.166480562,0.0330089053260087,1.55568,235.56587250734793,235.76398246672528
2024-06-07 17:02:47,0.166480864,0.0330076239520805,1.55561961,235.5732208874723,235.77182409372347
2024-06-07 17:02:51,0.166483277,0.0330078802693028,1.55563169,235.57402615853763,235.7731226456423
2024-06-07 17:02:56,0.166486897,0.0330068550004137,1.55558337,235.583600608859,235.7833137447729
2024-06-07 17:03:00,0.166494137,0.0330080725072195,1.55564075,235.58438107433082,235.78458756745243
2024-06-07 17:03:04,0.166495645,0.0330077521106917,1.55562565,235.5875091580852,235.78820904230523
2024-06-07 17:03:08,0.166496852,0.0330073676348582,1.55560753,235.59066304882435,235.79185635800604
2024-06-07 17:03:12,0.166500774,0.033006534816069,1.55556828,235.5995861192894,235.80127288726845
2024-06-07 17:03:17,0.166495042,0.0330060221816245,1.55554412,235.59532214444837,235.7976257834639
2024-06-07 17:03:21,0.166499265,0.0330062144195412,1.55555318,235.59860002657328,235.80139720041632
2024-06-07 17:03:25,0.16650741,0.0330069831590248,1.55558941,235.60305309123544,235.80634383365248
2024-06-07 17:03:29,0.166504997,0.0330067268418026,1.55557733,235.60126114586086,235.8050454905709
2024-06-07 17:03:33,0.166511935,0.0330064707367634,1.55556526,235.61030819702384,235.81458617771847
2024-06-07 17:03:37,0.166514348,0.0330063425781523,1.55555922,235.61336135787332,235.8181330082165
2024-06-07 17:03:42,0.166517063,0.0330064066574579,1.55556224,235.61551687311513,235.82090565781715
2024-06-07 17:03:46,0.166520985,0.0330067909211081,1.55558035,235.61732238437799,235.823204914372
2024-06-07 17:03:50,0.166524001,0.0330062784988467,1.5555562,235.62332191759685,235.82969822645748
2024-06-07 17:03:54,0.166525811,0.0330061503402356,1.55555016,235.62567597116444,235.8325460924387
2024-06-07 17:03:59,0.166525811,0.033006534816069,1.55556828,235.6228099260959,235.8302973600206
2024-06-07 17:04:03,0.166526716,0.0330063425781523,1.55555922,235.62448953726965,235.832470858988
2024-06-07 17:04:07,0.166531845,0.0330057658644022,1.55553204,235.63331479139526,235.84179003436464
2024-06-07 17:04:11,0.166535163,0.0330069831590248,1.55558941,235.629547230592,235.8385164282422
2024-06-07 17:04:15,0.166537576,0.0330052532299577,1.55550788,235.6419694291839,235.85143261491723
2024-06-07 17:04:19,0.166536973,0.0330058299437078,1.55553506,235.63740284113396,235.84736004832504
2024-06-07 17:04:24,0.166542403,0.0330055095471799,1.55551996,235.64495446682977,235.855529247734
2024-06-07 17:04:28,0.166547229,0.03300608626093,1.55554714,235.64668152826496,235.85775040561884
2024-06-07 17:04:32,0.166543308,0.0330044204111684,1.55546863,235.65138685425833,235.86294986134672
2024-06-07 17:04:36,0.166543006,0.0330051250713465,1.55550184,235.64642027087444,235.8584774409545
2024-06-07 17:04:40,0.166549642,0.0330052532299577,1.55550788,235.65286961077837,235.8654209770796
2024-06-07 17:04:45,0.166555676,0.0330051250713465,1.55550184,235.6599969315204,235.87316608978503
2024-06-07 17:04:49,0.166556279,0.0330067268418026,1.55557733,235.6508312056557,235.8644946348068
2024-06-07 17:04:53,0.166561106,0.0330049969127354,1.5554958,235.66605329439136,235.88021102756855
2024-06-07 17:04:57,0.166565027,0.0330072394762471,1.55560149,235.65698491660228,235.8716369869174
2024-06-07 17:05:01,0.166564424,0.0330055736264855,1.55552298,235.66553710967526,235.8806835502125
2024-06-07 17:05:06,0.166566234,0.0330045485697796,1.55547467,235.67301481407216,235.88877926386945
2024-06-07 17:05:10,0.166563217,0.0330037796181128,1.55543843,235.67352174159598,235.88978063595337
2024-06-07 17:05:14,0.166572267,0.033004035935335,1.55545051,235.68201977334888,235.8987731452605
2024-06-07 17:05:18,0.166574982,0.0330053173092632,1.5555109,235.6771753508148,235.89442323324693
2024-06-07 17:05:23,0.166573172,0.0330045485697796,1.55547467,235.67895673490847,235.89682280180784
2024-06-07 17:05:27,0.166582222,0.0330049969127354,1.5554958,235.68633082969538,235.9046914811879
2024-06-07 17:05:31,0.166584333,0.0330046767283907,1.55548071,235.6901571548006,235.9090124237624
2024-06-07 17:05:35,0.166589461,0.0330049969127354,1.5554958,235.6937340383419,235.9130839576212
2024-06-07 17:05:40,0.166591271,0.0330051891506521,1.55550486,235.69408917087364,235.91405744920044
2024-06-07 17:05:44,0.166593081,0.033005060992041,1.55549882,235.6964427950726,235.91690579752392
2024-06-07 17:05:48,0.166589461,0.0330033310629738,1.55541729,235.70187468338003,235.92283244271377
2024-06-07 17:05:52,0.166595796,0.0330039718560295,1.55544749,235.7049745417969,235.9264270907431
2024-06-07 17:05:56,0.16660183,0.0330049328334298,1.55549278,235.7058514861715,235.9277988574324
2024-06-07 17:06:01,0.166615103,0.0330058940230133,1.55553808,235.71499560577254,235.93756155087192
2024-06-07 17:06:05,0.166610879,0.0330045485697796,1.55547467,235.71747782805997,235.94053866895229
2024-06-07 17:06:09,0.166606354,0.0330049969127354,1.5554958,235.7091129520192,235.9326687213161
2024-06-07 17:06:13,0.166609974,0.0330046767283907,1.55548071,235.71468866900372,235.93873939928903
2024-06-07 17:06:17,0.166614499,0.0330046126490851,1.55547769,235.7198147836381,235.9443605074678
2024-06-07 17:06:21,0.166606656,0.0330033951422793,1.55542031,235.71735253759667,235.94239328749876
2024-06-07 17:06:26,0.166616611,0.0330028827200179,1.55539616,235.73127494190035,235.95693452009303
2024-06-07 17:06:30,0.166614499,0.0330038436974183,1.55544145,235.7227063628281,235.9488610401792
2024-06-07 17:06:34,0.166619024,0.0330037155388072,1.55543541,235.72820761828197,235.9548574272289
2024-06-07 17:06:38,0.166619929,0.0330038436974183,1.55544145,235.72801156905598,235.95515654200807
2024-06-07 17:06:42,0.166617817,0.0330030749579346,1.55540522,235.72956736886556,235.95720753820424
2024-06-07 17:06:47,0.166624756,0.0330033310629738,1.55541729,235.7354944189744,235.96375362929015
2024-06-07 17:06:51,0.166629281,0.0330030749579346,1.55540522,235.7417446707913,235.9704991502497
2024-06-07 17:06:55,0.166637425,0.0330032669836682,1.55541427,235.74956757090706,235.97881735179865
2024-06-07 17:06:59,0.166633805,0.0330028186407124,1.55539314,235.74749974401487,235.9772448586023
2024-06-07 17:07:03,0.166639235,0.0330033951422793,1.55542031,235.7499251636755,235.98016564419325
2024-06-07 17:07:07,0.166640744,0.0330032669836682,1.55541427,235.75192957186175,235.9826654505165
2024-06-07 17:07:12,0.166641649,0.0330032029043627,1.55541125,235.75273468169618,235.98408985326995
2024-06-07 17:07:16,0.166646173,0.0330035233008905,1.55542635,235.75560871850297,235.9874593605761
2024-06-07 17:07:20,0.166650698,0.0330027545614068,1.55539012,235.76486014193028,235.9972062866183
2024-06-07 17:07:24,0.166646173,0.0330028827200179,1.55539616,235.7583678689686,235.991209548359
2024-06-07 17:07:28,0.166653112,0.0330029467993235,1.55539918,235.76554241208865,235.99887965824087
2024-06-07 17:07:32,0.16666005,0.0330039077767239,1.55544447,235.76746463236495,236.00129747731037
2024-06-07 17:07:37,0.166661558,0.0330038436974183,1.55544145,235.76896863789923,236.00342102633752
2024-06-07 17:07:41,0.166666385,0.033004484490474,1.55547165,235.77031771925235,236.00526577845184
2024-06-07 17:07:45,0.166663971,0.0330026904821012,1.5553871,235.77752701271146,236.01297077461228
2024-06-07 17:07:49,0.166662463,0.0330026264027957,1.55538408,235.77565802697853,236.0115975234927
2024-06-07 17:07:53,0.166666385,0.0330032669836682,1.55541427,235.77595888237838,236.0123941453898
2024-06-07 17:07:58,0.166664273,0.0330023700855734,1.555372,235.77814192711787,236.01519694304488
2024-06-07 17:08:02,0.166666083,0.0330019215304344,1.55535086,235.782371220773,236.0199220748334
2024-06-07 17:08:06,0.166672719,0.0330026904821012,1.5553871,235.78506689935483,236.0231136233411
2024-06-07 17:08:10,0.166672719,0.0330029467993235,1.55539918,235.78307013566092,236.02161276133745
2024-06-07 17:08:15,0.166679356,0.0330016652132122,1.55533878,235.79765025072214,236.03681279813736
2024-06-07 17:08:19,0.166680563,0.0330021778476567,1.55536294,235.7955517460698,236.0352102665422
2024-06-07 17:08:23,0.166682674,0.0330017933718233,1.55534482,235.79975491464603,236.03990943984851
2024-06-07 17:08:27,0.166681166,0.0330018574511289,1.55534784,235.79713512646393,236.03778568804125
2024-06-07 17:08:31,0.166684183,0.0330023700855734,1.555372,235.7971351418624,236.03828177143103
2024-06-07 17:08:36,0.166689311,0.0330031388250571,1.55540823,235.79795890894107,236.03972566791657
2024-06-07 17:08:40,0.166692327,0.033002434164879,1.55537502,235.8050862382871,236.0473491362879
2024-06-07 17:08:44,0.166693836,0.0330021137683511,1.55535992,235.8082160754902,236.0509751440412
2024-06-07 17:08:48,0.166696852,0.0330031388250571,1.55540823,235.80521367386152,236.04846894445927
2024-06-07 17:08:52,0.166697154,0.0330026264027957,1.55538408,235.8080685180543,236.0518200221672
2024-06-07 17:08:57,0.166702885,0.03300198560974,1.55535388,235.81784605147675,236.06221789169297
2024-06-07 17:09:01,0.166706505,0.0330026264027957,1.55538408,235.8177940102315,236.06266215466343
2024-06-07 17:09:05,0.166708919,0.0330034592215849,1.55542333,235.8152190127358,236.06058349275995
2024-06-07 17:09:09,0.166715555,0.0330045485697796,1.55547467,235.816036731113,236.0618975780777
2024-06-07 17:09:13,0.16671284,0.0330029467993235,1.55539918,235.82177355068322,236.06813079590844
2024-06-07 17:09:18,0.166718873,0.0330023060062678,1.55536898,235.83190125516813,236.07887904221965
2024-06-07 17:09:22,0.166725812,0.0330038436974183,1.55544145,235.8304436198802,236.07791787555885
2024-06-07 17:09:26,0.166722795,0.0330035873801961,1.55542937,235.82795039847542,236.0759211540092
2024-06-07 17:09:31,0.166722192,0.033004035935335,1.55545051,235.82400343626924,236.07259486049315
2024-06-07 17:09:35,0.166724002,0.0330034592215849,1.55542333,235.82898322794395,236.0780712221825
2024-06-07 17:09:39,0.166722795,0.0330028186407124,1.55539314,235.83083919778662,236.0804237931758
2024-06-07 17:09:43,0.16672732,0.033002434164879,1.55537502,235.83784118292309,236.08792241057048
2024-06-07 17:09:48,0.166730336,0.0330023700855734,1.555372,235.84109266642548,236.09179472809757
2024-06-07 17:09:52,0.166729431,0.0330023060062678,1.55536898,235.83992200080675,236.09112076462557
2024-06-07 17:09:56,0.166733353,0.0330008964737285,1.55530255,235.85222996350223,236.10392546048317
2024-06-07 17:10:00,0.16673456,0.0330020496890456,1.5553569,235.84637693686224,236.0985691979924
2024-06-07 17:10:05,0.166731845,0.0330016011339066,1.55533576,235.8452355692804,236.09804882912937
2024-06-07 17:10:09,0.166735766,0.0330021137683511,1.55535992,235.84628206221166,236.0995921558269
2024-06-07 17:10:13,0.166735163,0.0330003197599784,1.55527537,235.8555959908964,236.1094029491727
2024-06-07 17:10:17,0.166743609,0.0330012168702563,1.55531765,235.85963668697994,236.11394054078363
2024-06-07 17:10:21,0.166746626,0.0330016652132122,1.55533878,235.86001133975975,236.1148121199288
2024-06-07 17:10:26,0.1667418,0.0330011527909508,1.55531463,235.85679639615321,236.1122183776014
2024-06-07 17:10:30,0.166750849,0.0330014729752955,1.55532972,235.86491603074563,236.12083500784053
2024-06-07 17:10:34,0.166750548,0.033002434164879,1.55537502,235.85843871416805,236.11485471765508
2024-06-07 17:10:38,0.166751453,0.03300198560974,1.55535388,235.86161889009097,236.11853195068716
2024-06-07 17:10:42,0.166752659,0.0330021137683511,1.55535992,235.861769314031,236.1191794624249
2024-06-07 17:10:47,0.166751754,0.0330006401565062,1.55529047,235.86873231460666,236.12676386586008
2024-06-07 17:10:51,0.166753866,0.0330004479185895,1.55528141,235.8718104897362,236.13033919773244
2024-06-07 17:10:55,0.166751754,0.0329998071255339,1.55525121,235.8726189568012,236.13164485213625
2024-06-07 17:10:59,0.166752961,0.0330003197599784,1.55527537,235.8705176096962,236.1300407229375
2024-06-07 17:11:03,0.166760201,0.0330012168702563,1.55531765,235.87315900558633,236.1331793672728
2024-06-07 17:11:08,0.166765932,0.0329998071255339,1.55525121,235.88744332422363,236.1480852893685
2024-06-07 17:11:12,0.166764122,0.0330004479185895,1.55528141,235.88109227342466,236.14223155562303
2024-06-07 17:11:16,0.166771965,0.0330016011339066,1.55533576,235.88293175016202,236.1445683798601
2024-06-07 17:11:21,0.166775284,0.033001537054601,1.55533274,235.88653392206243,236.14879227890668
2024-06-07 17:11:25,0.166773172,0.0330013450288675,1.55532369,235.88471281438652,236.1474685871301
2024-06-07 17:11:29,0.166773474,0.033000383839284,1.55527839,235.8901980020261,236.1534512210224
2024-06-07 17:11:33,0.166777094,0.0330011527909508,1.55531463,235.88939204421004,236.15314273978387
2024-06-07 17:11:38,0.166777094,0.0330005760772007,1.55528745,235.8921497185721,236.15652230246863
2024-06-07 17:11:42,0.166775887,0.0330001275220617,1.55526631,235.89288119736545,236.15775132596585
2024-06-07 17:11:46,0.16678554,0.0329992306239669,1.55522404,235.90883349697873,236.1742012005149
2024-06-07 17:11:50,0.16678735,0.0330011527909508,1.55531463,235.89916966196694,236.16503497064215
2024-06-07 17:11:55,0.16678735,0.0330007042358118,1.55529349,235.90117631330276,236.16766367083164
2024-06-07 17:11:59,0.166790668,0.0330008964737285,1.55530255,235.90339942568542,236.17038445620608
2024-06-07 17:12:03,0.16679278,0.0330008323944229,1.55529953,235.90572623002313,236.1732089636459
2024-06-07 17:12:07,0.16679278,0.0329998071255339,1.55525121,235.9112373717146,236.17921783852097
2024-06-07 17:12:12,0.166793987,0.0330000634427561,1.55526329,235.91051251889436,236.17911519443896
2024-06-07 17:12:16,0.166800623,0.0329987820688279,1.5552029,235.92522028367753,236.19432075998455
2024-06-07 17:12:20,0.166797305,0.0330004479185895,1.55528141,235.9111109664613,236.18070927351928
2024-06-07 17:12:25,0.166811785,0.0329994228618836,1.5552331,235.93328761093144,236.2035082485557
2024-06-07 17:12:29,0.166808466,0.0329999993634506,1.55526027,235.92556177306082,236.19628030880511
2024-06-07 17:12:33,0.166806053,0.033000383839284,1.55527839,235.92001225501198,236.19122871877155
2024-06-07 17:12:37,0.166808165,0.0330010246323396,1.55530859,235.91820749463707,236.1899219162784
2024-06-07 17:12:41,0.166819628,0.0330022419269623,1.55536596,235.92386647709165,236.19607888645257
2024-06-07 17:12:46,0.166821739,0.0330017292925177,1.5553418,235.9286963284128,236.2015312643388
2024-06-07 17:12:50,0.166822644,0.0330010887116452,1.55531161,235.93300241690045,236.206335407576
2024-06-07 17:12:54,0.166822946,0.0330007683151174,1.55529651,235.9347325813476,236.20856365651716
2024-06-07 17:12:59,0.166821739,0.0330007042358118,1.55529349,235.93308595366778,236.2075396762391
2024-06-07 17:13:03,0.166832901,0.0329996150998003,1.55524216,235.95191574114568,236.2268676150308
2024-06-07 17:13:07,0.166826566,0.0330003197599784,1.55527537,235.93994063378773,236.2153906886376
2024-06-07 17:13:11,0.166830487,0.0330003197599784,1.55527537,235.94398913851114,236.21993740394797
2024-06-07 17:13:16,0.166828074,0.0329992947032725,1.55522706,235.9465774191911,236.2231484894739
2024-06-07 17:13:20,0.166832599,0.0329999993634506,1.55526027,235.94719535061898,236.2242646980334
2024-06-07 17:13:24,0.166838632,0.0330007683151174,1.55529651,235.949184935613,236.2267525896876
2024-06-07 17:13:28,0.166838331,0.0330008964737285,1.55530255,235.9475862712858,236.2256522615204
2024-06-07 17:13:33,0.166837727,0.0329999993634506,1.55526027,235.95152213291755,236.2302110847924
2024-06-07 17:13:37,0.166839839,0.0329992306239669,1.55522404,235.9579797127566,236.23716706706068
2024-06-07 17:13:41,0.16684195,0.0329998712048394,1.55525423,235.95617361114623,236.2358593972856
2024-06-07 17:13:45,0.166846475,0.0330001916013673,1.55526933,235.9590438924252,236.2392281397772
2024-06-07 17:13:50,0.166846777,0.0330006401565062,1.55529047,235.9561412227386,236.23694858787425
2024-06-07 17:13:54,0.16684557,0.0329995510204947,1.55523914,235.96062845662053,236.24193434896225
2024-06-07 17:13:58,0.166853112,0.0329991024653558,1.555218,235.97150571570646,236.2533101645377
2024-06-07 17:14:02,0.166851302,0.032999358782578,1.55523008,235.9674053153603,236.24970834993576
2024-06-07 17:14:07,0.166857033,0.0329990383860502,1.55521498,235.9753065241071,236.2582328319581
2024-06-07 17:14:11,0.166859447,0.0330000634427561,1.55526329,235.97159679767768,236.25502175699012
2024-06-07 17:14:15,0.166859447,0.0329987820688279,1.5552029,235.97861153769085,236.26253517762555
2024-06-07 17:14:19,0.166854922,0.0329983975929945,1.55518478,235.97511987753415,236.2595422272229
2024-06-07 17:14:24,0.166853112,0.0329971802983719,1.55512741,235.97953558716947,236.2645813649734
2024-06-07 17:14:28,0.166857938,0.0329985257516056,1.55519082,235.97674370675907,236.26228825975795
2024-06-07 17:14:32,0.166859748,0.0329981412757722,1.5551727,235.98059843216808,236.26664178939976
2024-06-07 17:14:36,0.166864273,0.0329978851707331,1.55516063,235.98684896387033,236.27339115434367
2024-06-07 17:14:41,0.166868496,0.0329996150998003,1.55524216,235.9809781868466,236.2681439596217
2024-06-07 17:14:45,0.16687815,0.0329992947032725,1.55522706,235.9935531107236,236.2812177819046
2024-06-07 17:14:49,0.166877546,0.032998910227439,1.55520894,235.9946084552521,236.2827720537537
2024-06-07 17:14:53,0.166874831,0.0329983975929945,1.55518478,235.99396735289866,236.28262990760675
2024-06-07 17:14:58,0.166880865,0.0329987820688279,1.5552029,235.99808620573418,236.2873724962769
2024-06-07 17:15:02,0.166885389,0.0329994869411892,1.55523612,235.99869964707625,236.2884849587126
2024-06-07 17:15:06,0.166884786,0.0329987179895224,1.55519988,236.00201091611638,236.29229527763795
2024-06-07 17:15:10,0.166892026,0.032999358782578,1.55523008,236.0061495442321,236.29693298440148
2024-06-07 17:15:15,0.166892026,0.0329992947032725,1.55522706,236.00590146430628,236.29730879318868
2024-06-07 17:15:19,0.166896852,0.0329981412757722,1.5551727,236.01776379701633,236.30967026915636
2024-06-07 17:15:23,0.166902282,0.0329991024653558,1.555218,236.0179239183502,236.31032956241617
2024-06-07 17:15:27,0.166906807,0.032999358782578,1.55523008,236.02116873229193,236.31407357692305
2024-06-07 17:15:32,0.166903187,0.0329972443776774,1.55513043,236.02874897578036,236.3222778613477
2024-06-07 17:15:36,0.166906204,0.0329985898309112,1.55519384,236.02385639716488,236.3178845476296
2024-06-07 17:15:40,0.166912539,0.0329980131171611,1.55516666,236.0340865296469,236.3286139735538
2024-06-07 17:15:44,0.166910125,0.0329983975929945,1.55518478,236.0285324501654,236.32355921603025
2024-06-07 17:15:48,0.16691465,0.0329982053550778,1.55517572,236.03440828072806,236.3299343970376
2024-06-07 17:15:52,0.166914047,0.032997757012122,1.55515459,236.0358396216364,236.33186511684823
2024-06-07 17:15:57,0.166917969,0.0329986539102168,1.55519686,236.03450237326558,236.33115213207952
2024-06-07 17:16:01,0.1669237,0.0329994869411892,1.55523612,236.03576239443538,236.3329115960749
2024-06-07 17:16:05,0.166924002,0.0329991024653558,1.555218,236.03786844610465,236.33551711893284
2024-06-07 17:16:09,0.166923097,0.0329971802983719,1.55512741,236.0475955135396,236.3457436858904
2024-06-07 17:16:13,0.166922192,0.0329981412757722,1.5551727,236.04040890753873,236.33905660771697
2024-06-07 17:16:17,0.166923399,0.0329978851707331,1.55516063,236.04281149619925,236.34195875248065
2024-06-07 17:16:22,0.16692008,0.0329992306239669,1.55522404,236.0304454787475,236.3302172198761
2024-06-07 17:16:26,0.16692189,0.0329958348451381,1.555064,236.05196615734417,236.3522375180897
2024-06-07 17:16:30,0.166924303,0.0329967317432329,1.55510627,236.0490028708973,236.3497738794408
2024-06-07 17:16:34,0.166925812,0.0329958348451381,1.555064,236.05551547240512,236.35678615689832
2024-06-07 17:16:38,0.166925812,0.0329953222106936,1.55503984,236.05802359475746,236.3597939833231
2024-06-07 17:16:43,0.166931242,0.0329963472673995,1.55508815,236.0576820928706,236.36007715102983
2024-06-07 17:16:47,0.166935767,0.0329971802983719,1.55512741,236.05754256917734,236.3604373945783
2024-06-07 17:16:51,0.166937878,0.0329972443776774,1.55513043,236.0591149915356,236.3625096122061
2024-06-07 17:16:55,0.166943911,0.0329976288535108,1.55514855,236.06335593355783,236.36725037749648
2024-06-07 17:16:59,0.166945721,0.0329976288535108,1.55514855,236.06495516152253,236.3693494566988
2024-06-07 17:17:03,0.16694904,0.0329958348451381,1.555064,236.07883124369843,236.38372541805256
2024-06-07 17:17:07,0.166950548,0.0329976288535108,1.55514855,236.06955330636623,236.37494738780916
2024-06-07 17:17:12,0.166950548,0.0329983335136889,1.55518176,236.0647938564049,236.3708128609142
2024-06-07 17:17:16,0.16694904,0.0329967958225385,1.55510929,236.0715674814227,236.3780864557137
2024-06-07 17:17:20,0.166952961,0.0329960911623604,1.55507608,236.0797498024401,236.38676877432883
2024-06-07 17:17:24,0.166955374,0.0329969239811496,1.55511533,236.07716123001845,236.3846802272916
2024-06-07 17:17:28,0.166954771,0.0329963472673995,1.55508815,236.07934603036153,236.38736508077665
2024-06-07 17:17:33,0.166958994,0.0329978851707331,1.55516063,236.0745941482225,236.38323830405443
2024-06-07 17:17:37,0.166955676,0.0329960270830548,1.55507306,236.08114930315722,236.3902935744784
2024-06-07 17:17:41,0.166960201,0.0329966035846218,1.55510023,236.08251400723148,236.3921584217043
2024-06-07 17:17:45,0.166966234,0.0329958989244437,1.55506702,236.09314598204364,236.4032905673012
2024-06-07 17:17:49,0.166968647,0.0329969239811496,1.55511533,236.08942863416158,236.40007341780768
2024-06-07 17:17:53,0.166968647,0.0329976288535108,1.55514855,236.08479201051128,236.3959370201203
2024-06-07 17:17:58,0.166974077,0.0329973725362886,1.55513647,236.0919681396712,236.40373847046595
2024-06-07 17:18:02,0.166974379,0.0329971162190663,1.55512439,236.0933223062969,236.4055929249901
2024-06-07 17:18:06,0.166971966,0.0329965395053162,1.55509721,236.0934080520337,236.4061789861045
2024-06-07 17:18:10,0.166975887,0.0329964113467051,1.55509117,236.09820728903577,236.4114785659341
2024-06-07 17:18:15,0.166977697,0.0329963472673995,1.55508815,236.10005708195717,236.41395382594663
2024-06-07 17:18:19,0.166981015,0.0329979490378555,1.55516364,236.09400426665442,236.40840141512632
2024-06-07 17:18:23,0.166986747,0.0329969880604552,1.55511835,236.10579121402566,236.4206887943346
2024-06-07 17:18:27,0.16699459,0.0329978210914275,1.55515761,236.10949740910564,236.4248954485768
2024-06-07 17:18:31,0.166994892,0.0329980131171611,1.55516666,236.10822014895777,236.42411867488687
2024-06-07 17:18:35,0.166995495,0.0329974366155941,1.55513949,236.1118025088133,236.4282015484668
2024-06-07 17:18:40,0.166995797,0.0329969880604552,1.55511835,236.11415978619152,236.4311845062992
2024-06-07 17:18:44,0.166993383,0.0329971802983719,1.55512741,236.10973128096268,236.4272565760368
2024-06-07 17:18:48,0.166996098,0.032997308456983,1.55513345,236.1116271687626,236.42965306597404
2024-06-07 17:18:52,0.167003338,0.0329978851707331,1.55516063,236.11613802919814,236.43466455568847
2024-06-07 17:18:56,0.16700002,0.0329980131171611,1.55516666,236.1110384907919,236.43006567367323
2024-06-07 17:19:01,0.16700545,0.0329976929328164,1.55515157,236.11858916758493,236.43824220903656
2024-06-07 17:19:05,0.167002735,0.0329985257516056,1.55519082,236.11005177683603,236.43020553557332
2024-06-07 17:19:09,0.167008165,0.0329970521397607,1.55512137,236.12449762141836,236.44515212445785
2024-06-07 17:19:13,0.16701269,0.0329971162190663,1.55512439,236.12886855250065,236.45002382682935
2024-06-07 17:19:17,0.167010276,0.032997757012122,1.55515459,236.12180683315745,236.443462905733
2024-06-07 17:19:21,0.167013896,0.0329975006948997,1.55514251,236.12700873082616,236.44916562857665
2024-06-07 17:19:25,0.167014198,0.0329979490378555,1.55516364,236.12422643518244,236.44688418500664
2024-06-07 17:19:30,0.167021136,0.0329981412757722,1.5551727,236.13051804216755,236.4538018948653
2024-06-07 17:19:34,0.167027169,0.0329979490378555,1.55516364,236.13814218982426,236.46192695501003
2024-06-07 17:19:38,0.167016913,0.0329987179895224,1.55519988,236.1212336059845,236.4455193104612
2024-06-07 17:19:42,0.167023549,0.0329972443776774,1.55513043,236.1370785966352,236.4618652671764
2024-06-07 17:19:46,0.167025661,0.0329976288535108,1.55514855,236.1367699837861,236.46205764713565
2024-06-07 17:19:51,0.167031393,0.032997757012122,1.55515459,236.1420389661032,236.4679529080269
2024-06-07 17:19:55,0.167026264,0.0329965395053162,1.55509721,236.14273700428367,236.46915199908176
2024-06-07 17:19:59,0.167028376,0.0329974366155941,1.55513949,236.13941877728578,236.46633485160632
2024-06-07 17:20:03,0.167026264,0.0329964754260106,1.55509419,236.142111010035,236.46952819049648
2024-06-07 17:20:07,0.167021438,0.0329958989244437,1.55506702,236.1393972356419,236.4673155488333
2024-06-07 17:20:11,0.167025963,0.0329957707658325,1.55506098,236.14489657378257,236.47331604626345
2024-06-07 17:20:16,0.167024454,0.0329949377348602,1.55502172,236.14741072286154,236.4764566817585
2024-06-07 17:20:20,0.167034711,0.0329954503693047,1.55504588,236.15579597390908,236.4853431517463
2024-06-07 17:20:24,0.167036822,0.032997757012122,1.55515459,236.14420067277067,236.4742490960116
2024-06-07 17:20:28,0.167045269,0.0329970521397607,1.55512137,236.1576340131222,236.48818370820072
2024-06-07 17:20:32,0.167042252,0.0329967317432329,1.55510627,236.15551482033501,236.48656581365543
2024-06-07 17:20:37,0.167041951,0.0329961552416659,1.5550791,236.157923878163,236.48960153137185
2024-06-07 17:20:41,0.167037426,0.0329953222106936,1.55503984,236.1570655192152,236.48924452996755
2024-06-07 17:20:45,0.167041951,0.0329964754260106,1.55509419,236.1550412269271,236.48772162153108
2024-06-07 17:20:49,0.167047079,0.0329970521397607,1.55512137,236.15710106421287,236.49028286894716
2024-06-07 17:20:53,0.167048286,0.0329965395053162,1.55509721,236.16100933042753,236.4946925715411
2024-06-07 17:20:58,0.167047381,0.0329975647742053,1.55514553,236.15331327651725,236.48762334997247
2024-06-07 17:21:02,0.167051905,0.0329967958225385,1.55510929,236.1625732476479,236.4973848164343
2024-06-07 17:21:06,0.167055525,0.0329963472673995,1.55508815,236.16890391633748,236.5042170066079
2024-06-07 17:21:10,0.167057034,0.0329955785279158,1.55505192,236.17466657856457,236.510481216442
2024-06-07 17:21:14,0.167057637,0.0329963472673995,1.55508815,236.1703502809875,236.5066664925655
2024-06-07 17:21:19,0.167052207,0.0329948736555546,1.5550187,236.17207865666876,236.5090218720213
2024-06-07 17:21:23,0.16706186,0.0329966676639273,1.55510325,236.17223807898975,236.50968292664476
2024-06-07 17:21:27,0.16706367,0.0329966676639273,1.55510325,236.173835628329,236.51178213428364
2024-06-07 17:21:31,0.167070005,0.0329975006948997,1.55514251,236.17578952039756,236.51423771061928
2024-06-07 17:21:36,0.167076642,0.0329971802983719,1.55512741,236.18474111504827,236.52381644707543
2024-06-07 17:21:40,0.167072418,0.0329975006948997,1.55514251,236.17745912228062,236.5170361968932
2024-06-07 17:21:44,0.167068195,0.0329971802983719,1.55512741,236.1739410672954,236.5140199103644
2024-06-07 17:21:48,0.167070608,0.032996859901844,1.55511231,236.17811920454207,236.51869984190884
2024-06-07 17:21:53,0.16707091,0.0329958989244437,1.55506702,236.1834854155338,236.5246933320669
2024-06-07 17:21:57,0.16707272,0.0329965395053162,1.55509721,236.18132099936543,236.52303076823068
2024-06-07 17:22:01,0.167079356,0.0329965395053162,1.55509721,236.18851547266837,236.5307271196106
2024-06-07 17:22:05,0.16707453,0.0329961552416659,1.5550791,236.18467303401627,236.52738658475056
2024-06-07 17:22:09,0.167075435,0.0329962831880939,1.55508513,236.1844693452107,236.52768482542243
2024-06-07 17:22:14,0.167079658,0.0329964754260106,1.55509419,236.18761076306689,236.53145369120017
2024-06-07 17:22:18,0.16707996,0.032995706686527,1.55505796,236.19197369685043,236.53631861214456
2024-06-07 17:22:22,0.16707996,0.0329959630037492,1.55507004,236.1899663572299,236.5348132852736
2024-06-07 17:22:26,0.167084485,0.0329966035846218,1.55510023,236.19095037942307,236.5362993457753
2024-06-07 17:22:30,0.167087501,0.032996859901844,1.55511231,236.19244091561148,236.5382919458015
2024-06-07 17:22:34,0.167085691,0.0329953862899991,1.55504286,236.1984941598878,236.54484727941505
2024-06-07 17:22:38,0.167086295,0.0329953862899991,1.55504286,236.19869258135347,236.5455478156877
2024-06-07 17:22:43,0.167091724,0.0329955144486103,1.5550489,236.20360888742667,236.55109180104105
2024-06-07 17:22:47,0.167090216,0.0329946814176379,1.55500964,236.20625056597663,236.554235651596
2024-06-07 17:22:51,0.167094741,0.0329958348451381,1.555064,236.2042218802914,236.55270916328865
2024-06-07 17:22:55,0.167094439,0.0329958348451381,1.555064,236.20336939045205,236.55235889617035
2024-06-07 17:23:00,0.167094439,0.0329953862899991,1.55504286,236.20537619074332,236.5549935104563
2024-06-07 17:23:04,0.167098059,0.0329959630037492,1.55507004,236.2056851128536,236.5558047122007
2024-06-07 17:23:08,0.167097154,0.0329947454969435,1.55501266,236.21128449373995,236.5619063979676
2024-06-07 17:23:12,0.167098361,0.0329946173383323,1.55500662,236.21293492551476,236.5640591598393
2024-06-07 17:23:16,0.167092931,0.0329935922816264,1.55495831,236.21215571311131,236.5637823027194
2024-06-07 17:23:21,0.167096853,0.0329942971539876,1.55499153,236.21193628999777,236.5641908590836
2024-06-07 17:23:25,0.167097154,0.0329935922816264,1.55495831,236.2159235952322,236.56868057616248
2024-06-07 17:23:29,0.167103188,0.0329950018141657,1.55502474,236.21413995462026,236.56739937248463
2024-06-07 17:23:33,0.167110427,0.0329950018141657,1.55502474,236.2220336770161,236.57579555687445
2024-06-07 17:23:37,0.167111031,0.0329951940520824,1.5550338,236.2211024742993,236.57536684118156
2024-06-07 17:23:41,0.167117064,0.0329946173383323,1.55500662,236.23098528639056,236.5857521652969
2024-06-07 17:23:46,0.167110729,0.0329941689953765,1.55498549,236.22564316850895,236.58103822255632
2024-06-07 17:23:50,0.167109522,0.0329937845195431,1.55496737,236.2259992893496,236.58189691156213
2024-06-07 17:23:54,0.167110427,0.0329945532590268,1.5550036,236.22203034101446,236.57843055629516
2024-06-07 17:23:58,0.167111332,0.0329940408367653,1.55497945,236.22558769080746,236.58249052402945
2024-06-07 17:24:02,0.167109824,0.0329935922816264,1.55495831,236.22597108038883,236.58337655639545
2024-06-07 17:24:06,0.167108919,0.0329928233299596,1.55492207,236.2289362308531,236.58684437445768
2024-06-07 17:24:10,0.167109824,0.0329941689953765,1.55498549,236.22157769204466,236.5799885280307
2024-06-07 17:24:15,0.167112841,0.032993207805793,1.55494019,236.23009554183184,236.58913477810088
2024-06-07 17:24:19,0.167117969,0.0329931437264874,1.55493717,236.23591733145693,236.59545931576088
2024-06-07 17:24:23,0.167124002,0.0329954503693047,1.55504588,236.22886067848376,236.58890543550888
2024-06-07 17:24:27,0.167122494,0.032994809576249,1.55501568,236.23037332106787,236.59092087547043
2024-06-07 17:24:32,0.167122192,0.0329937204402375,1.55496435,236.23579319879948,236.59696928455128
2024-06-07 17:24:36,0.167125812,0.0329937204402375,1.55496435,236.23948919372646,236.60116813222305
2024-06-07 17:24:40,0.167130639,0.0329942971539876,1.55499153,236.2411967495472,236.60337856534755
2024-06-07 17:24:44,0.167125209,0.0329937204402375,1.55496435,236.23778398788235,236.60046870551557
2024-06-07 17:24:49,0.167133052,0.0329945532590268,1.5550036,236.2413592843829,236.6046726637556
2024-06-07 17:24:53,0.167132449,0.0329946173383323,1.55500662,236.2397804319098,236.60359676819627
2024-06-07 17:24:57,0.167140593,0.0329945532590268,1.5550036,236.24910001887605,236.61341933650797
2024-06-07 17:25:01,0.167136068,0.0329937845195431,1.55496737,236.24786534876299,236.6126876721421
2024-06-07 17:25:05,0.167137577,0.0329934000437097,1.55494925,236.2513717462071,236.6166970997052
2024-06-07 17:25:09,0.167133655,0.0329942330746821,1.55498851,236.2414248862201,236.6072532941789
2024-06-07 17:25:14,0.167131845,0.0329939126781542,1.55497341,236.24057911074382,236.6070363709634
2024-06-07 17:25:18,0.167140593,0.032992759250654,1.55491905,236.25700044994818,236.62396081928776
2024-06-07 17:25:22,0.167141498,0.0329941689953765,1.55498549,236.24926335263433,236.61672685533824
2024-06-07 17:25:26,0.16713999,0.0329950018141657,1.55502474,236.24211777343072,236.61008443371315
2024-06-07 17:25:30,0.167145118,0.0329925672249204,1.55491,236.26186816009889,236.63033800214413
2024-06-07 17:25:35,0.167143912,0.0329934000437097,1.55494925,236.2549463579681,236.6240452111802
2024-06-07 17:25:39,0.167153866,0.0329941689953765,1.55498549,236.26147035795574,236.63107244723545
2024-06-07 17:25:43,0.167155375,0.0329931437264874,1.55493717,236.26874233029136,236.63884767972533
2024-06-07 17:25:47,0.167150246,0.0329930155678763,1.55493113,236.26304287731148,236.63365151095635
2024-06-07 17:25:51,0.167160503,0.0329930796471818,1.55493415,236.27406045194417,236.64517239382653
2024-06-07 17:25:56,0.167155375,0.0329933359644041,1.55494623,236.2659768622227,236.63771797314348
2024-06-07 17:26:00,0.167158391,0.0329950658934713,1.55502776,236.25880613075168,236.63105060385988
2024-06-07 17:26:04,0.167158693,0.0329936563609319,1.55496133,236.26693589310318,236.6396837523277
2024-06-07 17:26:08,0.167162916,0.0329934641230152,1.55495227,236.27246053498197,236.6457118042217
2024-06-07 17:26:13,0.167158391,0.0329934641230152,1.55495227,236.2665825980413,236.64046316336191
2024-06-07 17:26:17,0.167154168,0.0329929514885707,1.55492811,236.2641933245178,236.638577353516
2024-06-07 17:26:21,0.167161709,0.0329941049160709,1.55498247,236.26565855657714,236.64054607305405
2024-06-07 17:26:25,0.167161709,0.0329925031456149,1.55490698,236.27456833999108,236.64995936771768
2024-06-07 17:26:29,0.167157788,0.0329928874092651,1.55492509,236.2672583503386,236.6431529130558
2024-06-07 17:26:33,0.167161106,0.0329934641230152,1.55495227,236.26721422645915,236.64361234787776
2024-06-07 17:26:38,0.167167139,0.0329935282023208,1.55495529,236.27320595894327,236.65023356203608
2024-06-07 17:26:42,0.167161709,0.0329926951713484,1.55491603,236.27129960642904,236.6488308214625
2024-06-07 17:26:46,0.167165028,0.0329917341939481,1.55487074,236.28029388931424,236.6583287399013
2024-06-07 17:26:50,0.167164726,0.0329921186697815,1.55488886,236.27718016840774,236.6557186781312
2024-06-07 17:26:54,0.167168648,0.0329931437264874,1.55493717,236.2752013087332,236.6542435011457
2024-06-07 17:26:58,0.167171061,0.0329925672249204,1.55491,236.28088485402682,236.660430752651
2024-06-07 17:27:03,0.167174379,0.0329926951713484,1.55491603,236.2833519385837,236.6635275030052
2024-06-07 17:27:07,0.167173474,0.0329932718850985,1.55494321,236.2784088400873,236.65908816353604
2024-06-07 17:27:11,0.167179206,0.0329934000437097,1.55494925,236.28380058375723,236.66498368965773
2024-06-07 17:27:16,0.167176792,0.0329924390663093,1.55490396,236.2860189186214,236.6678317854816
2024-06-07 17:27:20,0.167178301,0.0329916060353369,1.5548647,236.29216195716225,236.67447865906936
2024-06-07 17:27:24,0.167181016,0.032992759250654,1.55491905,236.2880289553302,236.6708495156108
2024-06-07 17:27:28,0.167187351,0.0329933359644041,1.55494623,236.29148356260046,236.67480800455095
2024-06-07 17:27:32,0.167188859,0.0329937845195431,1.55496737,236.29009235643602,236.67392070332264
2024-06-07 17:27:37,0.167193082,0.0329941049160709,1.55498247,236.29247758351912,236.676935844248
2024-06-07 17:27:41,0.167192479,0.0329946173383323,1.55500662,236.2882624004301,236.67322461833376
2024-06-07 17:27:45,0.16719278,0.0329955144486103,1.5550489,236.28283493123064,236.6683011294772
2024-06-07 17:27:49,0.167192479,0.0329935922816264,1.55495831,236.29327935709884,236.67924955882617
2024-06-07 17:27:53,0.167193384,0.0329938485988486,1.55497039,236.2923184756617,236.6787927039775
2024-06-07 17:27:57,0.167193082,0.0329931437264874,1.55493717,236.29560730210002,236.68258558008185
2024-06-07 17:28:02,0.167198814,0.032992759250654,1.55491905,236.30388607230512,236.6914944447762
2024-06-07 17:28:06,0.167185842,0.0329929514885707,1.55492811,236.28720504716296,236.67531752111395
2024-06-07 17:28:10,0.167187049,0.0329903246614087,1.55480431,236.30354240254027,236.69215900095045
2024-06-07 17:28:14,0.167182826,0.0329904528200199,1.55481035,236.29738599212845,236.68650673794696
2024-06-07 17:28:18,0.167183127,0.032990580978631,1.55481639,236.29647759834802,236.68610251449363
2024-06-07 17:28:22,0.167193987,0.0329916060353369,1.5548647,236.3025452839775,236.6926743933388
2024-06-07 17:28:27,0.16719278,0.0329907091372421,1.55482243,236.3057875107446,236.6965468937665
2024-06-07 17:28:31,0.167195495,0.0329906450579366,1.55481941,236.3088094698802,236.70007309750656
2024-06-07 17:28:35,0.167197607,0.0329909652422813,1.5548345,236.30887282575432,236.7006407207753
2024-06-07 17:28:39,0.167199115,0.0329909652422813,1.5548345,236.31011786580612,236.70239005098188
2024-06-07 17:28:43,0.167203338,0.0329907732165477,1.55482545,236.3156413433483,236.7084178414085
2024-06-07 17:28:47,0.167204545,0.0329917341939481,1.55487074,236.3108874279342,236.70416826157836
2024-06-07 17:28:52,0.167206355,0.0329914778767258,1.55485866,236.3138635041954,236.70777478919453
2024-06-07 17:28:56,0.16721269,0.0329919905111703,1.55488282,236.3176938910176,236.7121095625638
2024-06-07 17:29:00,0.167209673,0.0329908372958533,1.55482847,236.32046985956455,236.7153899402589
2024-06-07 17:29:04,0.167213293,0.0329913497181147,1.55485262,236.3211519609046,236.7165764733178
2024-06-07 17:29:09,0.167210578,0.0329915419560314,1.55486168,236.316241709134,236.71229679288984
2024-06-07 17:29:13,0.167212087,0.0329919264318648,1.5548798,236.31522725201634,236.71178681816457
2024-06-07 17:29:17,0.167211785,0.0329910293215868,1.55483752,236.31964684658593,236.7167109175988
2024-06-07 17:29:21,0.167212388,0.0329901965027976,1.55479827,236.32473851996275,236.72230711828223
2024-06-07 17:29:25,0.167215707,0.0329905168993254,1.55481337,236.3262003170651,236.72427346510293
2024-06-07 17:29:30,0.167215405,0.0329914778767258,1.55485866,236.31956906071764,236.7182729273735
2024-06-07 17:29:34,0.16721993,0.0329921186697815,1.55488886,236.32054597709202,236.71975444378157
2024-06-07 17:29:38,0.167221438,0.0329918623525592,1.55487678,236.3232976408944,236.72301072993076
2024-06-07 17:29:42,0.16722536,0.0329916060353369,1.5548647,236.3288495989913,236.7290673326572
2024-06-07 17:29:46,0.167222343,0.0329917341939481,1.55487074,236.32409165237598,236.7248140529239
2024-06-07 17:29:51,0.16722174,0.0329896197890475,1.55477109,236.33519395971746,236.73654722511407
2024-06-07 17:29:55,0.167220835,0.0329905168993254,1.55481337,236.32836421443858,236.7302221966742
2024-06-07 17:29:59,0.167225661,0.0329910293215868,1.55483752,236.33044478708536,236.73280750831373
2024-06-07 17:30:03,0.167231393,0.0329904528200199,1.55481035,236.33997932338394,236.74284680572848
2024-06-07 17:30:08,0.167230789,0.0329912215595035,1.55484658,236.3341272973761,236.7376257621807
2024-06-07 17:30:12,0.167237728,0.032992182749087,1.55489188,236.3360199316249,236.74002320721232
2024-06-07 17:30:16,0.167236219,0.0329910293215868,1.55483752,236.34054700764193,236.74505511603692
2024-06-07 17:30:20,0.167229583,0.0329901965027976,1.55479827,236.33724139236688,236.74225435556377
2024-06-07 17:30:24,0.167226265,0.032990132423492,1.55479525,236.3332642423045,236.73878208226728
2024-06-07 17:30:28,0.167240744,0.0329898761062698,1.55478317,236.35106333802426,236.7570860766865
2024-06-07 17:30:33,0.167241649,0.0329914778767258,1.55485866,236.34206247524287,236.7487163680771
2024-06-07 17:30:37,0.167249794,0.0329912215595035,1.55484658,236.35251328628996,236.75967212706303
2024-06-07 17:30:41,0.167247682,0.0329916701146425,1.55486772,236.346920509911,236.75458432045764
2024-06-07 17:30:45,0.167245872,0.0329904528200199,1.55481035,236.35147448966092,236.75964329178544
2024-06-07 17:30:49,0.167243158,0.0329898120269642,1.55478015,236.35158956025106,236.76026337572745
2024-06-07 17:30:53,0.167249794,0.0329915419560314,1.55486168,236.3486090960031,236.7577879465749
2024-06-07 17:30:58,0.167260352,0.0329925672249204,1.55491,236.35419580773893,236.76400598271044
2024-06-07 17:31:02,0.167262464,0.0329928874092651,1.55492509,236.35425769964905,236.76457295852757
2024-06-07 17:31:06,0.167268799,0.032993207805793,1.55494019,236.35921685113973,236.77003721556997
2024-06-07 17:31:10,0.167263369,0.0329920545904759,1.55488584,236.35919494270317,236.77052043429933
2024-06-07 17:31:15,0.167263972,0.0329914778767258,1.55485866,236.36265472118575,236.77461165208783
2024-06-07 17:31:19,0.167266385,0.0329929514885707,1.55492811,236.35628228777176,236.7687443943604
2024-06-07 17:31:23,0.167275133,0.032992182749087,1.55489188,236.3704457047962,236.7834130085866
2024-06-07 17:31:27,0.16727272,0.0329931437264874,1.55493717,236.36148976987556,236.7749622923525
2024-06-07 17:31:31,0.167270005,0.0329912856388091,1.5548496,236.3687629813262,236.78274074394403
2024-06-07 17:31:35,0.167275435,0.032993207805793,1.55494019,236.36325173139778,236.77773475558035
2024-06-07 17:31:40,0.167273323,0.0329910934008924,1.55484054,236.37260578748175,236.78772041870116
2024-06-07 17:31:44,0.167271815,0.0329917341939481,1.55487074,236.3665822858891,236.78220222676555
2024-06-07 17:31:48,0.167279357,0.0329919264318648,1.5548798,236.37369513826775,236.78982041012603
2024-06-07 17:31:52,0.167284485,0.0329916701146425,1.55486772,236.3806459459968,236.7972765701313
2024-06-07 17:31:56,0.167282072,0.0329934000437097,1.55494925,236.36716686315708,236.78430286083164
2024-06-07 17:32:00,0.16728539,0.0329916701146425,1.55486772,236.38068499660992,236.79832638905785
2024-06-07 17:32:05,0.167282675,0.0329909652422813,1.5548345,236.3810497946684,236.79932296039613
2024-06-07 17:32:09,0.167286596,0.0329907091372421,1.55482243,236.3865994266538,236.8053780348185
2024-06-07 17:32:13,0.167287803,0.0329903246614087,1.55480431,236.38975583726807,236.80903990900396
2024-06-07 17:32:17,0.167289613,0.0329921186697815,1.55488886,236.38079720852687,236.8005867649377
2024-06-07 17:32:22,0.167291121,0.0329910934008924,1.55484054,236.38794547942211,236.80836692130725
2024-06-07 17:32:26,0.167293836,0.0329914778767258,1.55485866,236.38832784354685,236.8092548174788
2024-06-07 17:32:30,0.167283882,0.032990580978631,1.55481639,236.38155095323427,236.80298348021745
2024-06-07 17:32:34,0.16729444,0.0329920545904759,1.55488584,236.38462499324712,236.80656309425564
2024-06-07 17:32:38,0.167293233,0.0329914778767258,1.55485866,236.38611161733414,236.80855531331144
2024-06-07 17:32:43,0.167299869,0.0329910934008924,1.55484054,236.3954393510856,236.81851507017916
2024-06-07 17:32:47,0.167298965,0.0329896838683531,1.55477411,236.40217719188735,236.8257585529609
2024-06-07 17:32:51,0.167299869,0.032990580978631,1.55481639,236.39744252124464,236.82152954514245
2024-06-07 17:32:55,0.167304394,0.0329907732165477,1.55482545,236.40105522390817,236.82564793144385
2024-06-07 17:33:00,0.167299266,0.0329904528200199,1.55481035,236.39635912337224,236.821583964678
2024-06-07 17:33:04,0.167300473,0.0329908372958533,1.55482847,236.39499177799001,236.82072234965275
2024-06-07 17:33:08,0.167311333,0.0329903246614087,1.55480431,236.41010028347353,236.8363366062076
2024-06-07 17:33:12,0.167307411,0.0329902605821032,1.55480129,236.40542167032962,236.8321637648188
2024-06-07 17:33:16,0.167306204,0.0329903246614087,1.55480431,236.40313866576312,236.83038655266068
2024-06-07 17:33:20,0.167304394,0.0329892993925197,1.55475599,236.40656509118656,236.83431879111515
2024-06-07 17:33:25,0.167309523,0.0329900683441865,1.55479223,236.4073588722755,236.83574486744692
2024-06-07 17:33:29,0.167309824,0.0329898120269642,1.55478015,236.40871023326207,236.8376020877537
2024-06-07 17:33:33,0.167309221,0.0329896197890475,1.55477109,236.40863585022444,236.83803358455955
2024-06-07 17:33:37,0.167312841,0.0329900683441865,1.55479223,236.40969041020924,236.83959404488047
2024-06-07 17:33:42,0.167321287,0.032991157480198,1.55484356,236.41244805219938,236.842984091062
2024-06-07 17:33:46,0.167320986,0.0329894916304364,1.55476505,236.42139435018416,236.8524363353796
2024-06-07 17:33:50,0.167323399,0.0329900683441865,1.55479223,236.42029433910827,236.85184229102973
2024-06-07 17:33:55,0.167320684,0.0329899401855753,1.55478619,236.41726625166137,236.84944669062168
2024-06-07 17:33:59,0.167319176,0.0329898120269642,1.55478015,236.41576487892388,236.84845133038309
2024-06-07 17:34:03,0.167326114,0.0329898761062698,1.55478317,236.42293062886108,236.8561231131129
2024-06-07 17:34:07,0.167324907,0.0329893634718252,1.55475901,236.42404075387128,236.8577392911788
2024-06-07 17:34:11,0.167328225,0.032990580978631,1.55481639,236.42021997261403,236.85442458320975
2024-06-07 17:34:16,0.16732913,0.0329894916304364,1.55476505,236.427047141033,236.8618843716443
2024-06-07 17:34:20,0.167328225,0.032990132423492,1.55479525,236.42172054404892,236.8570638933595
2024-06-07 17:34:24,0.167333052,0.0329900042648809,1.55478921,236.42756833048827,236.86341781863115
2024-06-07 17:34:28,0.167329432,0.0329899401855753,1.55478619,236.42323964978902,236.85959529686647
2024-06-07 17:34:32,0.167330639,0.0329890432874805,1.55474392,236.42941144408843,236.8662732701721
2024-06-07 17:34:36,0.167324606,0.0329880180185914,1.5546956,236.42793937820824,236.86530740333916
2024-06-07 17:34:40,0.167336672,0.0329903887407143,1.55480733,236.42748075000526,236.86535499419375
2024-06-07 17:34:45,0.167340895,0.0329895557097419,1.55476807,236.43664907286652,236.8751561189698
2024-06-07 17:34:49,0.167337577,0.0329903887407143,1.55480733,236.42739156628105,236.8664048763532
2024-06-07 17:34:53,0.167345118,0.0329900683441865,1.55479223,236.43751895351326,236.8770385474649
2024-06-07 17:34:57,0.167342102,0.0329898761062698,1.55478317,236.43464503506627,236.87467093277743
2024-06-07 17:35:01,0.167347532,0.0329894275511308,1.55476203,236.4430778297827,236.8836100511028
2024-06-07 17:35:05,0.167346325,0.0329896838683531,1.55477411,236.43966280236626,236.88070136711403
2024-06-07 17:35:10,0.167349643,0.0329895557097419,1.55476807,236.44363332755387,236.88530484940944
2024-06-07 17:35:14,0.167349945,0.0329905168993254,1.55481337,236.4378207873006,236.8799986970637
2024-06-07 17:35:18,0.167355676,0.0329894275511308,1.55476203,236.45037378832993,236.89305810571955
2024-06-07 17:35:22,0.167360805,0.0329898761062698,1.55478317,236.45317770315847,236.89636844786287
