time,voltage,current,shunt_voltage,temperature,temperature old
2024-04-10 19:03:45,0.112091235,0.0289126217135485,1.36262584,191.3285787759116,191.3285787759116
2024-04-10 19:03:49,0.112400134,0.0289071758213078,1.36236918,191.76124837609188,191.7615664820796
2024-04-10 19:03:54,0.112623362,0.0289022421391454,1.36213666,192.0789796662657,192.07969541772823
2024-04-10 19:03:58,0.112809184,0.0288997434705946,1.3620189,192.33533844341238,192.33637232165108
2024-04-10 19:04:02,0.113088219,0.0288958350573212,1.3618347,192.72136223090104,192.72271424516083
2024-04-10 19:04:06,0.113193498,0.0288942973661707,1.36176223,192.86716825130026,192.86883841082957
2024-04-10 19:04:11,0.113287616,0.0288916703268256,1.36163842,193.00386791420758,193.00593576833464
2024-04-10 19:04:15,0.113364539,0.0288873135705965,1.36143309,193.12700871423297,193.1293947344511
2024-04-10 19:04:19,0.1134303,0.0288855195622237,1.36134854,193.22230873013848,193.2250129257073
2024-04-10 19:04:23,0.113492744,0.0288837896331565,1.36126701,193.31293458834173,193.3159569685244
2024-04-10 19:04:27,0.113551567,0.0288835333159343,1.36125493,193.39120598966068,193.39454656372376
2024-04-10 19:04:31,0.113600135,0.0288825082592283,1.36120662,193.45998089823445,193.46363967544795
2024-04-10 19:04:36,0.113645384,0.0288819315454782,1.36117944,193.52200437594195,193.5260609201348
2024-04-10 19:04:40,0.113718687,0.0288800734577999,1.36109187,193.62759369611555,193.63196846432908
2024-04-10 19:04:44,0.113753679,0.028878151290816,1.36100128,193.68319450799567,193.6878875095112
2024-04-10 19:04:48,0.113784147,0.0288782153701216,1.3610043,193.72257571770882,193.7275869618111
2024-04-10 19:04:53,0.113817329,0.0288780872115105,1.36099826,193.7664388256512,193.77184788604887
2024-04-10 19:04:57,0.113841462,0.0288763572824433,1.36091673,193.80678970976496,193.81251703365277
2024-04-10 19:05:01,0.11386831,0.0288761650445266,1.36090767,193.8427454055536,193.84879100222747
2024-04-10 19:05:05,0.113893951,0.0288758448601819,1.36089258,193.87777900576415,193.88414288452364
2024-04-10 19:05:09,0.113914765,0.0288745632740705,1.36083218,193.91145469318533,193.9181368633333
2024-04-10 19:05:13,0.113935882,0.0288743710361538,1.36082312,193.939882877926,193.94688334876884
2024-04-10 19:05:18,0.113979019,0.0288745632740705,1.36083218,193.9951746615617,194.00257302136555
2024-04-10 19:05:22,0.113993197,0.0288753963050429,1.36087144,194.00916626376215,194.0168829452129
2024-04-10 19:05:26,0.114007073,0.0288735382173646,1.36078387,194.03672301521618,194.04475802763147
2024-04-10 19:05:30,0.114026681,0.0288732819001423,1.36077179,194.06350323990398,194.07185659260492
2024-04-10 19:05:34,0.114044479,0.0288735382173646,1.36078387,194.0852442984687,194.09391600077987
2024-04-10 19:05:39,0.11405926,0.0288723850020475,1.36072952,194.11025837400823,194.1193280264501
2024-04-10 19:05:43,0.11407193,0.0288728333450034,1.36075065,194.1242634636122,194.1336514866572
2024-04-10 19:05:47,0.114083091,0.0288726411070867,1.36074159,194.1396113370661,194.14931774005
2024-04-10 19:05:51,0.114098778,0.0288718082882974,1.36070234,194.16423488139102,194.1742596736531
2024-04-10 19:05:56,0.114128943,0.0288725129484755,1.36073555,194.19982134850943,194.21024414050785
2024-04-10 19:06:00,0.114135882,0.028873474138059,1.36078085,194.2036289845371,194.2143701868397
2024-04-10 19:06:04,0.114148853,0.0288709111780195,1.36066006,194.23367462348492,194.2447342454422
2024-04-10 19:06:08,0.114158506,0.0288721286848252,1.36071744,194.2397163272935,194.25109437825944
2024-04-10 19:06:12,0.114173589,0.0288716801296863,1.3606963,194.26155259644008,194.27324908577208
2024-04-10 19:06:17,0.114187164,0.0288723850020475,1.36072952,194.27533237715272,194.28742692760648
2024-04-10 19:06:21,0.114192594,0.0288716801296863,1.3606963,194.28581449824037,194.298227508127
2024-04-10 19:06:25,0.114201342,0.0288715519710751,1.36069026,194.29765995484013,194.3103914335284
2024-04-10 19:06:29,0.11421733,0.0288723209227419,1.3607265,194.31435683087437,194.3274067877364
2024-04-10 19:06:33,0.114231206,0.0288708470987139,1.36065704,194.33993959616495,194.3533080405763
2024-04-10 19:06:37,0.114244479,0.0288701424385358,1.36062383,194.36073181673083,194.37441875807053
2024-04-10 19:06:42,0.114250211,0.0288703346764525,1.36063289,194.36686789932224,194.38095297501692
2024-04-10 19:06:46,0.114258054,0.0288690530903412,1.36057249,194.38352512382556,194.39792871756413
2024-04-10 19:06:50,0.11426288,0.0288686688266909,1.36055438,194.39154938132978,194.40627150250248
2024-04-10 19:06:54,0.114269517,0.0288687329059965,1.3605574,194.3996216510965,194.41466230909708
2024-04-10 19:06:58,0.114280678,0.0288684125094686,1.3605423,194.41564121394782,194.43100041817345
2024-04-10 19:07:03,0.11428822,0.0288699502006191,1.36061477,194.41715521405982,194.4329126142869
2024-04-10 19:07:07,0.114302699,0.0288696938833968,1.36060269,194.4372021224068,194.4532780900153
2024-04-10 19:07:11,0.114310542,0.0288678357957185,1.36051512,194.45686397517218,194.4732585195705
2024-04-10 19:07:15,0.114317782,0.028868796985302,1.36056042,194.46105919817143,194.4777723287715
2024-04-10 19:07:19,0.114329245,0.0288688610646076,1.36056344,194.47547499505984,194.49250672127695
2024-04-10 19:07:24,0.114334977,0.0288675794784963,1.36050304,194.4892836743588,194.5067136583429
2024-04-10 19:07:28,0.114340407,0.0288668748183181,1.36046983,194.49977218561148,194.51752078640985
2024-04-10 19:07:32,0.114344932,0.0288664262631792,1.36044869,194.50773783349422,194.52580506053343
2024-04-10 19:07:36,0.114351568,0.028866298104568,1.36044265,194.51681034989582,194.53519621260585
2024-04-10 19:07:40,0.114355188,0.0288662340252625,1.36043963,194.52158432634639,194.5402888341608
2024-04-10 19:07:45,0.114366953,0.0288671950026628,1.36048492,194.5316474308106,194.5507502582766
2024-04-10 19:07:49,0.114380226,0.0288677076371074,1.36050908,194.54610710594142,194.56552859974977
2024-04-10 19:07:53,0.114388974,0.0288671311355404,1.36048191,194.56029126292037,194.5800314325158
2024-04-10 19:07:57,0.114392594,0.0288682202715519,1.36053324,194.55905790424893,194.5791167590796
2024-04-10 19:08:01,0.11440285,0.0288678998750241,1.36051814,194.57389021723014,194.5942677667477
2024-04-10 19:08:05,0.114411297,0.028867323161274,1.36049096,194.5876803179254,194.60837657158496
2024-04-10 19:08:10,0.114410693,0.028866298104568,1.36044265,194.59182880843812,194.61292345557663
2024-04-10 19:08:14,0.114421251,0.0288674513198851,1.360497,194.59938085711815,194.6207942296852
2024-04-10 19:08:18,0.11442638,0.0288680921129408,1.3605272,194.60246564470725,194.62419775216915
2024-04-10 19:08:22,0.114432714,0.028867771716413,1.3605121,194.61214286832794,194.63419372015449
2024-04-10 19:08:26,0.114439351,0.0288672590819684,1.36048794,194.62322046241982,194.64559006808423
2024-04-10 19:08:31,0.114444479,0.0288668107390126,1.36046681,194.6318999641986,194.65466802548733
2024-04-10 19:08:35,0.114446892,0.0288659777080402,1.36042755,194.63909529992895,194.66218213638288
2024-04-10 19:08:39,0.114451719,0.0288657213908179,1.36041547,194.6464584837244,194.669864104828
2024-04-10 19:08:43,0.114455942,0.0288647604134176,1.36037018,194.65670116232494,194.68042557756613
2024-04-10 19:08:47,0.114463484,0.0288643759375842,1.36035206,194.66830248495256,194.69234570382272
2024-04-10 19:08:51,0.11446831,0.0288655932322068,1.36040943,194.6679820182361,194.69234405023
2024-04-10 19:08:56,0.11447193,0.0288645681755009,1.36036112,194.67768710743917,194.70244766919507
2024-04-10 19:09:00,0.114472232,0.0288647604134176,1.36037018,194.67676299292097,194.70184238917653
2024-04-10 19:09:04,0.114481282,0.0288653371271677,1.36039736,194.6853353250534,194.71073356531463
2024-04-10 19:09:08,0.114487918,0.0288647604134176,1.36037018,194.6967481899049,194.72246528368132
2024-04-10 19:09:12,0.114493046,0.028864696334112,1.36036716,194.70350544519897,194.7295414020035
2024-04-10 19:09:17,0.114498175,0.0288636071981005,1.36031583,194.71553039423964,194.74196494321205
2024-04-10 19:09:21,0.114501493,0.0288660417873458,1.36043057,194.70687687149112,194.73363030490836
2024-04-10 19:09:25,0.114512654,0.0288646322548064,1.36036414,194.72858268835472,194.7556550157409
2024-04-10 19:09:29,0.114514464,0.0288648244927231,1.3603732,194.72964077684335,194.7570320077261
2024-04-10 19:09:33,0.114514162,0.0288635431187949,1.36031281,194.73560864972754,194.76331879363784
2024-04-10 19:09:38,0.114518989,0.0288628382464337,1.36027959,194.7452336630281,194.7733424616312
2024-04-10 19:09:42,0.114526531,0.0288641836996675,1.360343,194.74781202309762,194.77623975618573
2024-04-10 19:09:46,0.114537089,0.0288629023257393,1.36028261,194.76805990407055,194.79680658118596
2024-04-10 19:09:50,0.114538899,0.0288635431187949,1.36031281,194.76677737459568,194.79584300528413
2024-04-10 19:09:55,0.114538899,0.0288633508808782,1.36030375,194.76738167872256,194.7968460148062
2024-04-10 19:09:59,0.11454644,0.0288637351445285,1.36032186,194.77497269117978,194.80475600232688
2024-04-10 19:10:03,0.114551568,0.0288630304843504,1.36028865,194.78507307103752,194.81517536680497
2024-04-10 19:10:07,0.114556093,0.0288639914617508,1.36033394,194.78568899095524,194.81611028090344
2024-04-10 19:10:11,0.11456092,0.0288628382464337,1.36027959,194.79773466389128,194.82847495758404
2024-04-10 19:10:16,0.114558808,0.0288618131897277,1.36023128,194.79990861614982,194.8310476779777
2024-04-10 19:10:20,0.114569065,0.0288637992238341,1.36032488,194.8027109264902,194.8341690135938
2024-04-10 19:10:24,0.114576003,0.0288629023257393,1.36028261,194.81619517333294,194.8479722952873
2024-04-10 19:10:28,0.114576304,0.0288625178499058,1.36026449,194.81827869490118,194.8503748612848
2024-04-10 19:10:32,0.114581433,0.0288621333740724,1.36024637,194.82671057263045,194.8591257930252
2024-04-10 19:10:36,0.114585656,0.0288618772690333,1.3602343,194.83328122703753,194.8660155110288
2024-04-10 19:10:40,0.114591689,0.0288628382464337,1.36027959,194.83587822508485,194.86893158226144
2024-04-10 19:10:45,0.114591387,0.0288614287138943,1.36021316,194.84244075576785,194.8758929679156
2024-04-10 19:10:49,0.114595309,0.028861620951811,1.36022222,194.84627512484482,194.88004643176535
2024-04-10 19:10:53,0.114601945,0.0288627741671281,1.36027657,194.84866088235137,194.88275129364465
2024-04-10 19:10:57,0.114603755,0.0288613646345888,1.36021014,194.85808096344294,194.8924904887124
2024-04-10 19:11:02,0.114607979,0.0288609160794498,1.360189,194.86557848391678,194.90038691516665
2024-04-10 19:11:06,0.114610693,0.0288603393656997,1.36016182,194.871839726709,194.9069672935554
2024-04-10 19:11:10,0.1146119,0.0288602112070886,1.36015578,194.87377703048273,194.90922374254043
2024-04-10 19:11:14,0.114621553,0.0288613005552832,1.36020712,194.88046241879664,194.91622828568364
2024-04-10 19:11:18,0.114624268,0.0288609801587554,1.36019202,194.88538655588837,194.92147158722625
2024-04-10 19:11:23,0.11463181,0.028862197453378,1.36024939,194.88854753214002,194.925031532577
2024-04-10 19:11:27,0.114632413,0.0288607879208387,1.36018296,194.89638273151562,194.9331859180646
2024-04-10 19:11:31,0.11463543,0.0288607238415331,1.36017994,194.90036546687787,194.9374878491715
2024-04-10 19:11:35,0.114641764,0.0288614927931999,1.36021618,194.90435884715546,194.94180043482996
2024-04-10 19:11:40,0.114645083,0.0288614287138943,1.36021316,194.90865878182498,194.94649938978165
2024-04-10 19:11:44,0.114645988,0.0288596347055216,1.36012861,194.9189008548049,194.9570606898364
2024-04-10 19:11:48,0.114646289,0.0288597628641327,1.36013465,194.9183079425613,194.95678701431507
2024-04-10 19:11:52,0.114655942,0.0288601473399661,1.36015277,194.9286739660143,194.96747228414108
2024-04-10 19:11:57,0.114657752,0.0288600832606606,1.36014975,194.9309898241807,194.9701872138505
2024-04-10 19:12:01,0.114657149,0.0288600832606606,1.36014975,194.9298776071283,194.96939426489803
2024-04-10 19:12:05,0.114660166,0.0288591861503826,1.36010747,194.93821278274305,194.9780487182747
2024-04-10 19:12:09,0.114663786,0.0288591861503826,1.36010747,194.9426539670223,194.9828091899813
2024-04-10 19:12:14,0.114673137,0.0288590579917715,1.36010143,194.9552215348795,194.99577588072003
2024-04-10 19:12:18,0.11468279,0.0288604034450053,1.36016484,194.96056559872676,195.00143925375448
2024-04-10 19:12:22,0.114685203,0.0288612364759776,1.3602041,194.95906646445098,195.0002594383425
2024-04-10 19:12:26,0.114685807,0.0288608520001442,1.36018598,194.96155039506667,195.0030626975021
2024-04-10 19:12:30,0.114693348,0.0288610442380609,1.36019504,194.97014276659797,195.0119744072608
2024-04-10 19:12:35,0.114695158,0.0288605316036164,1.36017088,194.97480264363548,195.0170334707052
2024-04-10 19:12:39,0.114700588,0.0288614927931999,1.36021618,194.97660051711816,195.01915070421572
2024-04-10 19:12:43,0.114704208,0.0288607879208387,1.36018296,194.9847250517643,195.0275946085844
2024-04-10 19:12:47,0.114705716,0.0288602752863941,1.3601588,194.9890679251538,195.0322568613945
2024-04-10 19:12:51,0.114712051,0.0288600832606606,1.36014975,194.99808281523457,195.04159114059752
2024-04-10 19:12:56,0.114713258,0.0288605316036164,1.36017088,194.99692736497892,195.04083494039264
2024-04-10 19:13:00,0.114719593,0.028859570626216,1.36012559,195.00996177246373,195.05418875884075
2024-04-10 19:13:04,0.114723816,0.0288594424676049,1.36011955,195.01586579889585,195.0604122059489
2024-04-10 19:13:08,0.114722006,0.0288598269434383,1.36013767,195.01115624097437,195.0560220784196
2024-04-10 19:13:12,0.114724117,0.0288599551020494,1.36014371,195.01294289922157,195.0581281767786
2024-04-10 19:13:16,0.114726531,0.0288600832606606,1.36014975,195.01512798342037,195.06063271081223
2024-04-10 19:13:21,0.114733469,0.0288599551020494,1.36014371,195.02452234752596,195.0704264008897
2024-04-10 19:13:25,0.114731357,0.0288598269434383,1.36013767,195.0220955170131,195.06831904210105
2024-04-10 19:13:29,0.114739502,0.0288600832606606,1.36014975,195.03114697079323,195.0776899773396
2024-04-10 19:13:33,0.114742519,0.0288588016745492,1.36008935,195.04149577735149,195.088358275094
2024-04-10 19:13:37,0.114746742,0.0288595065469105,1.36012257,195.04304422231948,195.0902262209992
2024-04-10 19:13:42,0.114747044,0.0288594424676049,1.36011955,195.04337703466595,195.09095842322077
2024-04-10 19:13:46,0.114750663,0.0288595065469105,1.36012257,195.0474816489944,195.0953825604164
2024-04-10 19:13:50,0.114752172,0.0288599551020494,1.36014371,195.04680109003343,195.09502153407487
2024-04-10 19:13:54,0.114762428,0.0288597628641327,1.36013465,195.06097392611602,195.10951391253255
2024-04-10 19:13:58,0.114762428,0.0288609160794498,1.360189,195.05462399166865,195.10348353021945
2024-04-10 19:14:02,0.114763333,0.028859570626216,1.36012559,195.06253024279405,195.1117093432416
2024-04-10 19:14:06,0.114765143,0.0288588016745492,1.36008935,195.06861235263287,195.11811102474323
2024-04-10 19:14:11,0.114773891,0.0288579047764544,1.36004708,195.0844085477107,195.1343066981381
2024-04-10 19:14:15,0.114776003,0.0288591220710771,1.36010445,195.08049951104755,195.13071725512373
2024-04-10 19:14:19,0.114779321,0.0288581610936767,1.36005916,195.08956983093066,195.14010717843277
2024-04-10 19:14:23,0.114776304,0.0288588657538548,1.36009237,195.08159675417886,195.13245371488745
2024-04-10 19:14:27,0.114784751,0.0288594424676049,1.36011955,195.0893691890736,195.14054577277267
2024-04-10 19:14:32,0.114790784,0.0288598269434383,1.36013767,195.09489238584933,195.1464685120505
2024-04-10 19:14:36,0.114791387,0.028859570626216,1.36012559,195.09670644816862,195.1486022193868
2024-04-10 19:14:40,0.114795912,0.0288594424676049,1.36011955,195.1030079178369,195.15522334386725
2024-04-10 19:14:44,0.114796214,0.0288579047764544,1.36004708,195.11112965888307,195.16366474952417
2024-04-10 19:14:48,0.114797421,0.0288580329350655,1.36005312,195.1117268896488,195.1645816547027
2024-04-10 19:14:53,0.114807979,0.0288587375952437,1.36008633,195.12152582569794,195.17478019755708
2024-04-10 19:14:57,0.114806169,0.0288586735159381,1.36008331,195.11916101967873,195.17273508801776
2024-04-10 19:15:01,0.114811599,0.0288591220710771,1.36010445,195.1236355714645,195.17752934609652
2024-04-10 19:15:05,0.114813107,0.0288583533315934,1.36006822,195.12932116888888,195.18353465963048
2024-04-10 19:15:09,0.11481371,0.0288585453573269,1.36007727,195.1287897401567,195.1833229568279
2024-04-10 19:15:14,0.114817028,0.0288577766178433,1.36004104,195.13677609728697,195.1917089851848
2024-04-10 19:15:18,0.11482095,0.0288587375952437,1.36008633,195.1365859401875,195.1918385761225
2024-04-10 19:15:22,0.114823062,0.0288579047764544,1.36004708,195.14340162754266,195.198974021346
2024-04-10 19:15:26,0.11482819,0.0288584174108989,1.36007124,195.14714337203372,195.20303553353995
2024-04-10 19:15:30,0.114826682,0.0288583533315934,1.36006822,195.14517568023047,195.20138761927768
2024-04-10 19:15:34,0.114834223,0.0288585453573269,1.36007727,195.15376849436996,195.21030022079952
2024-04-10 19:15:39,0.114839955,0.0288591220710771,1.36010445,195.15788896120384,195.2148204357061
2024-04-10 19:15:43,0.114838446,0.0288582251729822,1.36006218,195.16027843503633,195.2175297190767
2024-04-10 19:15:47,0.114838446,0.0288572639833987,1.36001688,195.16498918618498,195.222560289616
2024-04-10 19:15:51,0.114844479,0.0288588657538548,1.36009237,195.16422050670454,195.22211143938227
2024-04-10 19:15:56,0.114850814,0.0288582251729822,1.36006218,195.17550478902302,195.23379552212435
2024-04-10 19:16:00,0.114849608,0.0288591220710771,1.36010445,195.1689046213076,195.2275152058441
2024-04-10 19:16:04,0.114852926,0.0288581610936767,1.36005916,195.17797808107025,195.23690852690908
2024-04-10 19:16:08,0.114860166,0.0288578406971488,1.36004406,195.1888570775472,195.24810739455893
2024-04-10 19:16:12,0.114861071,0.0288585453573269,1.36007727,195.18603883863744,195.245609036696
2024-04-10 19:16:17,0.114867406,0.0288592502296882,1.36011049,195.19028065237038,195.25025071562797
2024-04-10 19:16:21,0.114865294,0.0288586735159381,1.36008331,195.19020204173094,195.2504920082643
2024-04-10 19:16:25,0.114865897,0.0288570076661765,1.3600048,195.1993958125707,195.26000569226497
2024-04-10 19:16:29,0.114868009,0.0288565593232206,1.35998367,195.2042009053498,195.26513070809344
2024-04-10 19:16:33,0.114867707,0.0288566234025262,1.35998669,195.20314828306047,195.26439801874548
2024-04-10 19:16:38,0.114868009,0.0288571999040932,1.36001386,195.20012734387544,195.2617770096529
2024-04-10 19:16:42,0.114877662,0.0288573280627043,1.3600199,195.2118321219332,195.27380174292136
2024-04-10 19:16:46,0.114885807,0.0288573280627043,1.3600199,195.22222450440518,195.2845140905071
2024-04-10 19:16:50,0.114884299,0.0288574562213154,1.36002594,195.21925016653867,195.28185972766084
2024-04-10 19:16:54,0.1148846,0.0288565593232206,1.35998367,195.22402231532396,195.28695186137625
2024-04-10 19:16:59,0.114884299,0.0288561748473872,1.35996555,195.22523967541719,195.28856921657317
2024-04-10 19:17:03,0.114889427,0.0288571358247876,1.36001084,195.22663219135214,195.290281739748
2024-04-10 19:17:07,0.114886712,0.0288555340543316,1.35993535,195.23112896231507,195.29509852787183
2024-04-10 19:17:11,0.114891237,0.0288559826094705,1.35995649,195.2344115855148,195.29870117815693
2024-04-10 19:17:15,0.114896968,0.028855918530165,1.35995347,195.24196499000234,195.30657461965765
2024-04-10 19:17:20,0.114896365,0.0288563030059984,1.35997159,195.23875830636334,195.30376799625137
2024-04-10 19:17:24,0.1149027,0.0288565593232206,1.35998367,195.24542806308503,195.3107578123364
2024-04-10 19:17:28,0.114902096,0.0288557903715538,1.35994743,195.24834078113562,195.3139905996892
2024-04-10 19:17:32,0.11490994,0.0288558544508594,1.35995045,195.25800218715372,195.32397208495195
2024-04-10 19:17:36,0.114909336,0.0288556622129427,1.35994139,195.25789455847115,195.3241845454598
2024-04-10 19:17:40,0.114909336,0.0288557262922483,1.35994441,195.2572388270118,195.32384891314004
2024-04-10 19:17:45,0.114909638,0.0288558544508594,1.35995045,195.25656464491325,195.32357486896225
2024-04-10 19:17:49,0.114917481,0.0288558544508594,1.35995045,195.2665603015451,195.3338906471319
2024-04-10 19:17:53,0.114915671,0.0288553418164149,1.35992629,195.266544729154,195.3341952062389
2024-04-10 19:17:57,0.114920196,0.0288563670853039,1.35997461,195.2668057918373,195.334776410384
2024-04-10 19:18:01,0.114921704,0.0288566874818318,1.35998971,195.2667908092269,195.33508157920252
2024-04-10 19:18:06,0.114928341,0.0288561107680817,1.35996253,195.27814094157554,195.34683191485877
2024-04-10 19:18:10,0.114930151,0.0288566874818318,1.35998971,195.27718032147297,195.3461914686236
2024-04-10 19:18:14,0.114927436,0.028855918530165,1.35995347,195.27731729494937,195.34664862594565
2024-04-10 19:18:18,0.114934676,0.0288561748473872,1.35996555,195.28517699377898,195.3548285186025
2024-04-10 19:18:22,0.114934374,0.0288573921420099,1.36002292,195.2780827229751,195.3480544516109
2024-04-10 19:18:27,0.114941614,0.0288561107680817,1.35996253,195.29391766938562,195.36428966683343
2024-04-10 19:18:31,0.114940106,0.0288550854991926,1.35991421,195.296985633708,195.36767785744692
2024-04-10 19:18:35,0.114936486,0.0288557262922483,1.35994441,195.28854668106257,195.3595591410887
2024-04-10 19:18:39,0.114941915,0.0288542526804034,1.35987496,195.30308828286266,195.37442098917552
2024-04-10 19:18:43,0.114942217,0.0288541245217922,1.35986892,195.30383680134034,195.3754897639429
2024-04-10 19:18:47,0.11494825,0.0288547653148479,1.35989912,195.30809441556067,195.3800676444593
2024-04-10 19:18:52,0.11494644,0.0288552777371093,1.35992327,195.3026283272955,195.3750019031408
2024-04-10 19:18:56,0.114953982,0.0288547653148479,1.35989912,195.3149133465103,195.38760721117836
2024-04-10 19:19:00,0.114952775,0.0288554058957204,1.35992931,195.30964877133673,195.38266293484503
2024-04-10 19:19:04,0.114954887,0.0288544449183201,1.35988402,195.317142096658,195.39047656902736
2024-04-10 19:19:09,0.114955792,0.0288549575527646,1.35990818,195.31524574444572,195.3889806169884
2024-04-10 19:19:13,0.114963937,0.0288551495784982,1.35991723,195.32463252217292,195.398687726136
2024-04-10 19:19:17,0.114965445,0.0288544449183201,1.35988402,195.32998864779165,195.40436419320704
2024-04-10 19:19:21,0.11496454,0.0288545730769312,1.35989006,195.3278062285678,195.4025021254708
2024-04-10 19:19:25,0.114967557,0.0288549575527646,1.35990818,195.32943934963345,195.4044556080628
2024-04-10 19:19:30,0.11496997,0.0288539322838755,1.35985986,195.3375863392096,195.413003063669
2024-04-10 19:19:34,0.114967255,0.0288543167597089,1.35987798,195.3316795871414,195.40741669572668
2024-04-10 19:19:38,0.114970573,0.0288538041252644,1.35985382,195.33841046504085,195.41446796780184
2024-04-10 19:19:42,0.114970875,0.0288531635443918,1.35982363,195.34184489787495,195.4182228048648
2024-04-10 19:19:46,0.114972081,0.0288541245217922,1.35986892,195.33807396321944,195.41477228449477
2024-04-10 19:19:50,0.1149754,0.0288540604424867,1.3598659,195.34245518057924,195.41947392620003
2024-04-10 19:19:55,0.114986863,0.0288552136578037,1.35992025,195.3510880616421,195.42850735184675
2024-04-10 19:19:59,0.114986863,0.028855469975026,1.35993233,195.34942412180732,195.4271638590049
2024-04-10 19:20:03,0.114984751,0.0288547012355423,1.3598961,195.3503550586537,195.4284152529152
2024-04-10 19:20:07,0.114984751,0.0288537400459588,1.3598508,195.35507298866412,195.43345365006397
2024-04-10 19:20:11,0.114985354,0.0288536759666532,1.35984778,195.3558816078435,195.4345827464596
2024-04-10 19:20:16,0.114991388,0.028854893473459,1.35990516,195.35703586220237,195.436137611516
2024-04-10 19:20:20,0.114992594,0.028852843147864,1.35980853,195.36905014192737,195.4484723911448
2024-04-10 19:20:24,0.114991689,0.0288536118873477,1.35984476,195.36350902684563,195.4432517860558
2024-04-10 19:20:28,0.114995309,0.0288533555701254,1.35983268,195.36929406063132,195.4493573399265
2024-04-10 19:20:33,0.114999532,0.0288547653148479,1.35989912,195.36705774690688,195.44752169050588
2024-04-10 19:20:37,0.115003454,0.0288531635443918,1.35982363,195.38029387558197,195.46107836198615
2024-04-10 19:20:41,0.115004962,0.028855021419887,1.35991119,195.37221644678738,195.4533214861
2024-04-10 19:20:45,0.115002247,0.0288536118873477,1.35984476,195.37571436373315,195.45713996606105
2024-04-10 19:20:49,0.115010694,0.0288540604424867,1.3598659,195.38415330701727,195.4658994824705
2024-04-10 19:20:53,0.115005867,0.0288536118873477,1.35984476,195.37983504092585,195.461901799618
2024-04-10 19:20:57,0.115007376,0.0288524586720306,1.35979041,195.38754612862516,195.46993348067315
2024-04-10 19:21:02,0.115010995,0.0288540604424867,1.3598659,195.38350731085438,195.4662954188293
2024-04-10 19:21:06,0.115015219,0.0288538682045699,1.35985684,195.38975093149415,195.47285965560036
2024-04-10 19:21:10,0.115016727,0.0288537400459588,1.3598508,195.39208594520395,195.4755152955695
2024-04-10 19:21:14,0.115018235,0.0288543808390145,1.359881,195.3903889807367,195.4741389674929
2024-04-10 19:21:18,0.115020045,0.0288530994650863,1.35982061,195.39916828608003,195.48323891936167
2024-04-10 19:21:23,0.115020045,0.0288532914908198,1.35982966,195.39776050659418,195.4822319622898
2024-04-10 19:21:27,0.115021554,0.0288538682045699,1.35985684,195.39640066526204,195.48119279029868
2024-04-10 19:21:31,0.115021855,0.028853419649431,1.3598357,195.39882805137773,195.48394085590115
2024-04-10 19:21:35,0.115026078,0.0288538041252644,1.35985382,195.4020462457434,195.4874797399028
2024-04-10 19:21:39,0.11502638,0.028852843147864,1.35980853,195.40716227002528,195.4929164639732
2024-04-10 19:21:44,0.115031508,0.0288537400459588,1.3598508,195.40880340298503,195.4949584859508
2024-04-10 19:21:48,0.115031207,0.0288541245217922,1.35986892,195.4060705074437,195.49254631305368
2024-04-10 19:21:52,0.11503543,0.0288533555701254,1.35983268,195.41533739584932,195.50213393426705
2024-04-10 19:21:56,0.11503905,0.0288531635443918,1.35982363,195.4207857013508,195.50790298274327
2024-04-10 19:22:01,0.115036938,0.0288542526804034,1.35987496,195.4118945486308,195.49941277304416
2024-04-10 19:22:05,0.115041463,0.0288536118873477,1.35984476,195.42088671016307,195.50872570043924
2024-04-10 19:22:09,0.11504267,0.0288545730769312,1.35989006,195.4171125916624,195.50527235797935
2024-04-10 19:22:13,0.115043876,0.0288533555701254,1.35983268,195.4247636517382,195.51324420427736
2024-04-10 19:22:17,0.115045385,0.0288539963631811,1.35986288,195.42306697364376,195.5118683225898
2024-04-10 19:22:21,0.115048703,0.0288538682045699,1.35985684,195.4277829109417,195.5169050664828
2024-04-10 19:22:26,0.115050513,0.0288544449183201,1.35988402,195.42673796923253,195.51626114734972
2024-04-10 19:22:30,0.115047798,0.0288539322838755,1.35985986,195.42553450892413,195.51537851657207
2024-04-10 19:22:34,0.115052624,0.0288532914908198,1.35982966,195.43492301063293,195.5250878580108
2024-04-10 19:22:38,0.115051418,0.0288529072271696,1.35981155,195.43503133602545,195.5255170333357
2024-04-10 19:22:42,0.115049005,0.0288510491394913,1.35972398,195.44128317933124,195.53208973677985
2024-04-10 19:22:46,0.115050211,0.0288521382755028,1.35977531,195.43683539772374,195.52796282552
2024-04-10 19:22:51,0.115054434,0.0288527149892529,1.35980249,195.4389643620731,195.5304928921659
2024-04-10 19:22:55,0.115061071,0.0288532276236974,1.35982665,195.44468507639104,195.5365344998148
2024-04-10 19:22:59,0.115059864,0.028853419649431,1.3598357,195.44176911451655,195.53393944149155
2024-04-10 19:23:03,0.115063484,0.0288533555701254,1.35983268,195.44654625909493,195.5390374998448
2024-04-10 19:23:08,0.115064389,0.0288525227513362,1.35979343,195.45170457397708,195.5445969713278
2024-04-10 19:23:12,0.115064088,0.0288526509099473,1.35979947,195.4503153376039,195.54352867174515
2024-04-10 19:23:16,0.115068009,0.0288532276236974,1.35982665,195.45212683422358,195.54566111539
2024-04-10 19:23:20,0.115069819,0.0288531635443918,1.35982363,195.45452301936297,195.5483782577926
2024-04-10 19:23:24,0.115070121,0.0288529713064751,1.35981457,195.4556078466034,195.54978405253772
2024-04-10 19:23:28,0.115072534,0.0288532276236974,1.35982665,195.4571163732722,195.551613556956
2024-04-10 19:23:33,0.115071931,0.0288532276236974,1.35982665,195.4559219109066,195.55082033118904
2024-04-10 19:23:37,0.115076456,0.0288530994650863,1.35982061,195.46222578209228,195.5574452031873
2024-04-10 19:23:41,0.115078869,0.0288525868306417,1.35979645,195.46776868011648,195.56330911227985
2024-04-10 19:23:45,0.115082489,0.0288538041252644,1.35985382,195.46582283683952,195.56168429033045
2024-04-10 19:23:49,0.115085505,0.0288532914908198,1.35982966,195.47215887045925,195.5683413555402
2024-04-10 19:23:54,0.115083394,0.0288532914908198,1.35982966,195.46898062476458,195.56556441376992
2024-04-10 19:23:58,0.11508641,0.028853419649431,1.3598357,195.47195456629692,195.56885940999535
2024-04-10 19:24:02,0.115083997,0.0288529713064751,1.35981457,195.4708117049186,195.56803761358356
2024-04-10 19:24:06,0.115087919,0.0288530353857807,1.35981759,195.4753136993929,195.5728606833013
2024-04-10 19:24:11,0.11508641,0.0288527149892529,1.35980249,195.47460844425137,195.57255678667104
2024-04-10 19:24:15,0.11509003,0.0288532914908198,1.35982966,195.4760243834819,195.57429382428032
2024-04-10 19:24:19,0.115091237,0.0288533555701254,1.35983268,195.47695480380526,195.57554535327023
2024-04-10 19:24:23,0.115085807,0.0288511772981024,1.35973002,195.48092078260296,195.5798324510257
2024-04-10 19:24:27,0.115090634,0.0288534837287365,1.35983872,195.47484687235928,195.5740796700344
2024-04-10 19:24:31,0.115089125,0.0288527790685584,1.35980551,195.47623816028963,195.57579209751503
2024-04-10 19:24:36,0.115093047,0.0288514336153247,1.3597421,195.48805657547726,195.58801195162715
2024-04-10 19:24:40,0.115095762,0.0288520741961972,1.35977229,195.48794539448176,195.58822193336465
2024-04-10 19:24:44,0.115093047,0.0288514336153247,1.3597421,195.48741423970236,195.58801195162715
2024-04-10 19:24:48,0.115098477,0.0288523305134195,1.35978437,195.48952954289305,195.590448438172
2024-04-10 19:24:53,0.11509908,0.0288523305134195,1.35978437,195.4899212996244,195.5912416886028
2024-04-10 19:24:57,0.1151027,0.0288529713064751,1.35981457,195.49099939003085,195.59264098557836
2024-04-10 19:25:01,0.115097873,0.0288523305134195,1.35978437,195.48769105979486,195.58965387223463
2024-04-10 19:25:05,0.115103303,0.0288514336153247,1.3597421,195.4992201802346,195.6015042198933
2024-04-10 19:25:10,0.11510089,0.0288516897203638,1.35975417,195.49430010030852,195.59698568851763
2024-04-10 19:25:14,0.115104812,0.0288515615617527,1.35974813,195.49981103467772,195.6028178733528
2024-04-10 19:25:18,0.115109638,0.0288516897203638,1.35975417,195.5051659746667,195.6084940741453
2024-04-10 19:25:22,0.115108431,0.0288509209808801,1.35971794,195.5072917422719,195.6109411128949
2024-04-10 19:25:26,0.115106923,0.0288507287429634,1.35970888,195.50599558668088,195.60996623879248
2024-04-10 19:25:31,0.115112051,0.0288525868306417,1.35979645,195.5025876580181,195.6069599265422
2024-04-10 19:25:35,0.115113258,0.0288515615617527,1.35974813,195.5092354675869,195.6139290408865
2024-04-10 19:25:39,0.115115973,0.0288515615617527,1.35974813,195.51248588106787,195.61750076949812
2024-04-10 19:25:43,0.115118085,0.0288516256410582,1.35975115,195.51460664884848,195.6199428627679
2024-04-10 19:25:47,0.11511899,0.0288510491394913,1.35972398,195.51850205784584,195.62415960761632
2024-04-10 19:25:51,0.115119291,0.0288513054567135,1.35973606,195.51723122187605,195.62321011786287
2024-04-10 19:25:56,0.115124118,0.0288530353857807,1.35981759,195.51409913758624,195.62047973092476
2024-04-10 19:26:00,0.115123213,0.0288524586720306,1.35979041,195.51561435297188,195.62231631586087
2024-04-10 19:26:04,0.115128944,0.0288514336153247,1.3597421,195.52821314207574,195.63523648489135
2024-04-10 19:26:08,0.115120196,0.02885034426713,1.35969076,195.52210167877186,195.6294464118936
2024-04-10 19:26:12,0.115125626,0.0288506005843523,1.35970284,195.52757841843655,195.6352445522474
2024-04-10 19:26:17,0.115126531,0.0288506005843523,1.35970284,195.5283672688297,195.6364351681079
2024-04-10 19:26:21,0.115125023,0.028851241377408,1.35973304,195.52269800006323,195.6310873234043
2024-04-10 19:26:25,0.115131961,0.0288506005843523,1.35970284,195.53486810547315,195.64357886327085
2024-04-10 19:26:29,0.115130453,0.0288505365050467,1.35969982,195.53289915581666,195.64193135846816
2024-04-10 19:26:33,0.115133771,0.0288516256410582,1.35975115,195.53122493619495,195.6405785941008
2024-04-10 19:26:38,0.115138296,0.0288516256410582,1.35975115,195.53677597029437,195.6465314618989
2024-04-10 19:26:42,0.115138899,0.0288516256410582,1.35975115,195.53724776881606,195.6473247390883
2024-04-10 19:26:46,0.115142217,0.0288509850601857,1.35972096,195.54465454682696,195.65505300617835
2024-04-10 19:26:50,0.115137994,0.0288506005843523,1.35970284,195.54079591906614,195.65151587791144
2024-04-10 19:26:54,0.115137692,0.0288520101168916,1.35976927,195.53267694970762,195.64371841846497
2024-04-10 19:26:59,0.115143424,0.0288507287429634,1.35970888,195.54654335828968,195.6579867290926
2024-04-10 19:27:03,0.115145234,0.0288506646636579,1.35970586,195.5489395279863,195.66070443215432
2024-04-10 19:27:07,0.115150965,0.0288521382755028,1.35977531,195.54842026008848,195.6605067080505
2024-04-10 19:27:11,0.115153077,0.0288527149892529,1.35980249,195.54784914483352,195.66025714702195
2024-04-10 19:27:15,0.115147949,0.0288520101168916,1.35976927,195.54448234442475,195.6572119112753
2024-04-10 19:27:19,0.115151267,0.0288509209808801,1.35971794,195.55424444635187,195.66729558830357
2024-04-10 19:27:23,0.115153982,0.0288509209808801,1.35971794,195.5574947019548,195.67086742945008
2024-04-10 19:27:28,0.115156094,0.0288519460375861,1.35976625,195.55448876770922,195.66826349182367
2024-04-10 19:27:32,0.115154585,0.0288516256410582,1.35975115,195.5538643043556,195.66796063752128
2024-04-10 19:27:36,0.115158809,0.0288516256410582,1.35975115,195.55909962352987,195.67351757620008
2024-04-10 19:27:40,0.115158809,0.0288514336153247,1.3597421,195.5597863194031,195.6745259020344
2024-04-10 19:27:45,0.115157602,0.0288518178789749,1.35976021,195.55577864072234,195.6709202755148
2024-04-10 19:27:49,0.115160619,0.0288515615617527,1.35974813,195.56077194097836,195.67623522927155
2024-04-10 19:27:53,0.115160015,0.0288511772981024,1.35973002,195.56167348449193,195.6774584367534
2024-04-10 19:27:57,0.115163333,0.0288508569015746,1.35971492,195.56739944224532,195.6835060689459
2024-04-10 19:28:01,0.115160015,0.0288504083464356,1.35969378,195.56506813369316,195.68149644530703
2024-04-10 19:28:06,0.115162127,0.0288502161085189,1.35968472,195.56845415367562,195.6852845861655
2024-04-10 19:28:10,0.115166652,0.0288504724257412,1.3596968,195.57273953692476,195.68989167790704
2024-04-10 19:28:14,0.115165143,0.0288499597912966,1.35967264,195.573124787033,195.69059864699275
2024-04-10 19:28:18,0.115169367,0.0288498316326855,1.3596666,195.579033415052,195.6968290044776
2024-04-10 19:28:22,0.115169668,0.0288504724257412,1.3596968,195.57574224553565,195.6938595749188
2024-04-10 19:28:26,0.115166652,0.0288493832897297,1.35964547,195.57717266855173,195.69561174838748
2024-04-10 19:28:31,0.115171177,0.0288510491394913,1.35972398,195.57397474969187,195.6928160323572
2024-04-10 19:28:35,0.115170573,0.0288497036862575,1.35966057,195.57992461207292,195.69908766881696
2024-04-10 19:28:39,0.115174796,0.0288498957119911,1.35966962,195.58415026778331,195.70363510911196
2024-04-10 19:28:43,0.1151754,0.0288497036862575,1.35966057,195.58563172930033,195.7054383657229
2024-04-10 19:28:47,0.115172082,0.0288499597912966,1.35967264,195.57959942465942,195.6997278666884
2024-04-10 19:28:51,0.115172082,0.0288489347345907,1.35962433,195.5846616195055,195.7051118776569
2024-04-10 19:28:56,0.115179321,0.0288495755276464,1.35965453,195.59041771165508,195.71127025475252
2024-04-10 19:29:00,0.115179623,0.0288491910518129,1.35963641,195.59251276802627,195.7136871509191
2024-04-10 19:29:04,0.115181131,0.0288485502587573,1.35960621,195.59754107677034,195.7190373099853
2024-04-10 19:29:08,0.115182338,0.0288492551311185,1.35963943,195.59510453972257,195.71692263378975
2024-04-10 19:29:12,0.115181131,0.0288489988138963,1.35962735,195.59454105604692,195.71668102149977
2024-04-10 19:29:17,0.115182036,0.028848293941535,1.35959413,195.59903220716285,195.72157452666545
2024-04-10 19:29:21,0.11518264,0.0288481657829239,1.35958809,195.60017827088575,195.7230424854864
2024-04-10 19:29:25,0.115184148,0.0288479096778847,1.35957602,195.60318593076158,195.7263720510045
2024-04-10 19:29:29,0.11518445,0.0288482298622294,1.35959111,195.60157929027005,195.7250873267028
2024-04-10 19:29:33,0.115190181,0.0288480376243127,1.35958205,195.60980777564214,195.73363773881564
2024-04-10 19:29:38,0.115193198,0.0288484221001461,1.35960017,195.61135497323534,195.73558735967708
2024-04-10 19:29:42,0.115191388,0.0288482298622294,1.35959111,195.6096615261421,195.73421586307632
2024-04-10 19:29:46,0.115189879,0.0288479737571903,1.35957904,195.6086996290434,195.7335759270318
2024-04-10 19:29:50,0.115191388,0.0288481017036183,1.35958507,195.60969090711723,195.73488917672483
2024-04-10 19:29:54,0.115192896,0.0288478455985792,1.359573,195.61269860301599,195.73821885481124
2024-04-10 19:29:58,0.115191689,0.0288490628932018,1.35963037,195.60439324898826,195.7302354935428
2024-04-10 19:30:03,0.115199533,0.0288493192104241,1.35964245,195.61296440632773,195.7392091567029
2024-04-10 19:30:07,0.115198628,0.0288484861794517,1.35960319,195.61582828906086,195.74239505599385
2024-04-10 19:30:11,0.115201644,0.0288492551311185,1.35963943,195.6154344249026,195.7423232189759
2024-04-10 19:30:15,0.115206772,0.0288493832897297,1.35964547,195.62118586231605,195.74839669411543
2024-04-10 19:30:20,0.115206169,0.028848293941535,1.35959413,195.62571361102567,195.7533270048741
2024-04-10 19:30:24,0.115203756,0.0288479737571903,1.35957904,195.62389903927271,195.75183449467752
2024-04-10 19:30:28,0.115204359,0.0288481657829239,1.35958809,195.62336138145622,195.751618909014
2024-04-10 19:30:32,0.115210091,0.0288497036862575,1.35966057,195.62250043128054,195.7510800415913
2024-04-10 19:30:36,0.115209186,0.0288483580208406,1.35959715,195.6280581792234,195.75695988289036
2024-04-10 19:30:41,0.115214616,0.0288495114483408,1.35965151,195.62873921945666,195.75804355473477
2024-04-10 19:30:45,0.115214917,0.0288498957119911,1.35966962,195.6267940810385,195.75642053354227
2024-04-10 19:30:49,0.115220347,0.0288493832897297,1.35964547,195.6363085889345,195.766257169278
2024-04-10 19:30:53,0.115219744,0.0288498316326855,1.3596666,195.63283724017484,195.76310795897544
2024-04-10 19:30:57,0.11522276,0.0288495755276464,1.35965453,195.63782889813493,195.7684217660133
2024-04-10 19:31:01,0.115224872,0.0288497675533799,1.35966358,195.63927640391415,195.77019143149425
2024-04-10 19:31:06,0.115225777,0.0288489988138963,1.35962735,195.64410404232711,195.77542178447948
2024-04-10 19:31:10,0.115223364,0.0288497036862575,1.35966057,195.63690307362336,195.76854299939356
2024-04-10 19:31:14,0.115220649,0.0288492551311185,1.35963943,195.63536582469823,195.7673279447211
2024-04-10 19:31:18,0.115224872,0.0288494473690352,1.35964849,195.63958961241215,195.77187393732575
2024-04-10 19:31:22,0.115226984,0.0288490628932018,1.35963037,195.6440665590849,195.77667309953057
2024-04-10 19:31:26,0.115226682,0.0288488065759795,1.35961829,195.64469397077778,195.7776227374003
2024-04-10 19:31:31,0.115226984,0.0288484861794517,1.35960319,195.6463722832232,195.77970384754087
2024-04-10 19:31:35,0.115229095,0.0288488706552851,1.35962131,195.64680699163128,195.7804608060885
2024-04-10 19:31:39,0.115232413,0.0288491910518129,1.35963641,195.64916646911755,195.78314254436972
2024-04-10 19:31:43,0.115234525,0.0288498957119911,1.35966962,195.6479197757364,195.78221812244232
2024-04-10 19:31:47,0.115236637,0.0288486784173684,1.35961225,195.65677362061845,195.7913942494402
2024-04-10 19:31:52,0.115236637,0.0288492551311185,1.35963943,195.65333979146217,195.78836328792727
2024-04-10 19:31:56,0.115234525,0.0288485502587573,1.35960621,195.65394319305756,195.78928899564028
2024-04-10 19:32:00,0.115236938,0.0288486784173684,1.35961225,195.65612216239634,195.7917902817695
2024-04-10 19:32:04,0.115237843,0.0288493832897297,1.35964547,195.65328603253357,195.78927647937329
2024-04-10 19:32:08,0.115237542,0.0288495755276464,1.35965453,195.6515573792011,195.7878701641868
2024-04-10 19:32:13,0.115239653,0.0288491269725074,1.35963339,195.65628925769246,195.79300498038367
2024-04-10 19:32:17,0.115242972,0.0288488706552851,1.35962131,195.66168087407468,195.79871895895272
2024-04-10 19:32:21,0.115246591,0.0288491910518129,1.35963641,195.66443607872304,195.8017965364781
2024-04-10 19:32:25,0.115249306,0.0288492551311185,1.35963943,195.66734904255222,195.80503188387777
2024-04-10 19:32:29,0.11523905,0.0288473970434402,1.35955186,195.66329879290612,195.80130402849892
2024-04-10 19:32:33,0.11524448,0.0288479737571903,1.35957904,195.66708967708436,195.80541731764447
2024-04-10 19:32:38,0.115245385,0.0288479096778847,1.35957602,195.66821425056486,195.80694491238617
2024-04-10 19:32:42,0.11524991,0.0288488065759795,1.35961829,195.66913117813047,195.8081842690064
2024-04-10 19:32:46,0.1152481,0.0288486784173684,1.35961225,195.66710090065757,195.80647643129888
2024-04-10 19:32:50,0.115250815,0.028848293941535,1.35959413,195.67237164449514,195.81206962561595
2024-04-10 19:32:54,0.115252625,0.0288476533606625,1.35956394,195.67779804421477,195.81781848653247
2024-04-10 19:32:59,0.115251418,0.0288482298622294,1.35959111,195.67277632636026,195.81319986025045
2024-04-10 19:33:03,0.115254435,0.0288485502587573,1.35960621,195.67473926247067,195.81548528168395
2024-04-10 19:33:07,0.115257753,0.0288483580208406,1.35959715,195.67979294309046,195.82086145835495
2024-04-10 19:33:11,0.115257451,0.0288486143380628,1.35960923,195.6777256853911,195.81911670743824
2024-04-10 19:33:15,0.115255641,0.0288479096778847,1.35957602,195.67872590312436,195.8204394426888
2024-04-10 19:33:20,0.115257753,0.0288495755276464,1.35965453,195.67234482818182,195.81446152974365
2024-04-10 19:33:24,0.115260468,0.0288491269725074,1.35963339,195.67795225509872,195.82039149834296
2024-04-10 19:33:28,0.115258959,0.0288489347345907,1.35962433,195.67665481165022,195.8194166073223
2024-04-10 19:33:33,0.115261976,0.0288479737571903,1.35957904,195.6852729654766,195.8284379667992
2024-04-10 19:33:37,0.115263484,0.0288478455985792,1.359573,195.6876083241783,195.83109590211797
2024-04-10 19:33:41,0.115261674,0.0288470125676068,1.35953374,195.68928370336448,195.83309386867728
2024-04-10 19:33:45,0.115264088,0.0288475892813569,1.35956092,195.68910540927445,195.8332381727197
2024-04-10 19:33:49,0.115262579,0.0288475892813569,1.35956092,195.6867972824004,195.8312526547408
2024-04-10 19:33:53,0.115265596,0.0288471407262179,1.35953978,195.69280267366466,195.83758066566625
2024-04-10 19:33:57,0.115261071,0.0288479096778847,1.35957602,195.6824834477474,195.8275840701793
2024-04-10 19:34:02,0.115268613,0.0288473970434402,1.35955186,195.69469888297945,195.84020280859863
2024-04-10 19:34:06,0.115267708,0.0288472688848291,1.35954582,195.69385924709738,195.83968582738976
2024-04-10 19:34:10,0.115266803,0.028848293941535,1.35959413,195.68695661979322,195.8331058655387
2024-04-10 19:34:14,0.115268009,0.0288469484883012,1.35953072,195.69529451936845,195.84176644135025
2024-04-10 19:34:18,0.115265898,0.0288461797488176,1.35949449,195.69623605433188,195.84303066333652
2024-04-10 19:34:23,0.115269518,0.0288470766469124,1.35953676,195.69588018372897,195.84307816668567
2024-04-10 19:34:27,0.115269819,0.0288466280917734,1.35951562,195.69831199140557,195.84583268566664
2024-04-10 19:34:31,0.115269216,0.0288459234315953,1.35948241,195.70090099120515,195.84874440756784
2024-04-10 19:34:35,0.115272232,0.0288464358538567,1.35950656,195.7018524416381,195.8500185909028
2024-04-10 19:34:39,0.115280076,0.0288476533606625,1.35956394,195.70544913518165,195.85393802815207
2024-04-10 19:34:43,0.115282187,0.0288475252020513,1.3595579,195.7085779104192,195.8573895579023
2024-04-10 19:34:48,0.115283997,0.0288481017036183,1.35958507,195.70752465809693,195.8567397639233
2024-04-10 19:34:52,0.115285807,0.0288488706552851,1.35962131,195.70554021169679,195.8550780963636
2024-04-10 19:34:56,0.115287315,0.0288492551311185,1.35963943,195.70518000077112,195.855040675096
2024-04-10 19:35:00,0.115287014,0.0288489988138963,1.35962735,195.70580886153707,195.85599233634096
2024-04-10 19:35:04,0.11529365,0.0288502161085189,1.35968472,195.70781666573848,195.8583229518456
2024-04-10 19:35:08,0.115290634,0.0288488706552851,1.35962131,195.71060005428407,195.8614291625219
2024-04-10 19:35:13,0.115291539,0.0288483580208406,1.35959715,195.71408284171636,195.86531549284865
2024-04-10 19:35:17,0.115290935,0.0288490628932018,1.35963037,195.70925888657314,195.86081438420987
2024-04-10 19:35:21,0.115292444,0.0288478455985792,1.359573,195.71732249052687,195.86920084550616
2024-04-10 19:35:25,0.115292745,0.028848742496674,1.35961527,195.71267935674788,195.8648805799111
2024-04-10 19:35:29,0.115291237,0.0288492551311185,1.35963943,195.70767682761948,195.8602009298113
2024-04-10 19:35:34,0.115299683,0.0288483580208406,1.35959715,195.7231033353295,195.87603105156236
2024-04-10 19:35:38,0.11529365,0.0288481657829239,1.35958809,195.7158533335175,195.8691039531913
2024-04-10 19:35:42,0.115296969,0.028847717439968,1.35956696,195.7222552040115,195.8758287379816
2024-04-10 19:35:46,0.11529908,0.0288489347345907,1.35962433,195.71830846074207,195.872204919867
2024-04-10 19:35:50,0.115301493,0.0288492551311185,1.35963943,195.7194755612786,195.8736949564202
2024-04-10 19:35:55,0.115304208,0.0288497036862575,1.35966057,195.72028529946692,195.87490837990867
2024-04-10 19:35:59,0.115306622,0.0288500238706022,1.35967566,195.72145473725985,195.87640077816923
2024-04-10 19:36:03,0.1153027,0.0288481017036183,1.35958507,195.72607965090097,195.8813486631504
2024-04-10 19:36:07,0.115303605,0.0288491910518129,1.35963641,195.72121873256572,195.87681072703091
2024-04-10 19:36:11,0.115303907,0.0288488065759795,1.35961829,195.723314941589,195.8792299291489
2024-04-10 19:36:15,0.115307225,0.0288481657829239,1.35958809,195.7307275381375,195.88696552967428
2024-04-10 19:36:20,0.115306622,0.0288478455985792,1.359573,195.73121427647993,195.8878560382959
2024-04-10 19:36:24,0.115304812,0.0288478455985792,1.359573,195.72850967804214,195.88547446833192
2024-04-10 19:36:28,0.115303002,0.0288475252020513,1.3595579,195.72749008701865,195.88477791667503
2024-04-10 19:36:32,0.115305717,0.0288473970434402,1.35955186,195.73141346505255,195.88902434497157
2024-04-10 19:36:36,0.115308432,0.0288472688848291,1.35954582,195.73533686991794,195.89327081099896
2024-04-10 19:36:41,0.115306018,0.0288481017036183,1.35958507,195.72737661453246,195.88571439739812
2024-04-10 19:36:45,0.115307225,0.0288469484883012,1.35953072,195.73470690617998,195.893367774743
2024-04-10 19:36:49,0.115303907,0.0288469484883012,1.35953072,195.73001790079581,195.88900186596615
2024-04-10 19:36:53,0.115310845,0.028846692171079,1.35951864,195.74017217730403,195.8994792499948
2024-04-10 19:36:57,0.115309638,0.0288472688848291,1.35954582,195.73522748771498,195.89485767884264
2024-04-10 19:37:02,0.115312353,0.0288470125676068,1.35953374,195.73974417555524,195.8997782800852
2024-04-10 19:37:06,0.115308432,0.0288463717745511,1.35950354,195.73763211989925,195.8979893674399
2024-04-10 19:37:10,0.11531356,0.0288478455985792,1.359573,195.7363045497513,195.89698495122968
2024-04-10 19:37:14,0.115314465,0.0288472688848291,1.35954582,195.74020554256495,195.90120910891125
2024-04-10 19:37:18,0.115316576,0.0288468203296901,1.35952468,195.74501949940574,195.90634624155348
2024-04-10 19:37:23,0.115315671,0.0288466280917734,1.35951562,195.7444358747492,195.9061666020289
2024-04-10 19:37:27,0.11532261,0.0288459234315953,1.35948241,195.75695032482903,195.9190042525224
2024-04-10 19:37:31,0.115319593,0.0288465640124678,1.3595126,195.74928731645042,195.91166445550155
2024-04-10 19:37:35,0.11531718,0.0288465640124678,1.3595126,195.74578893549076,195.9084892968469
2024-04-10 19:37:39,0.115321101,0.0288463076952456,1.35950052,195.75197352617315,195.91499712078485
2024-04-10 19:37:43,0.115321101,0.0288459234315953,1.35948241,195.75367174407407,195.91701858289517
2024-04-10 19:37:48,0.115319291,0.0288454107971508,1.35945825,195.75358273517998,195.9173336446715
2024-04-10 19:37:52,0.115317783,0.0288466280917734,1.35951562,195.744871503729,195.9089456820878
2024-04-10 19:37:56,0.115325928,0.0288469484883012,1.35953072,195.75358036701607,195.91797782520644
2024-04-10 19:38:00,0.115325928,0.0288464358538567,1.35950656,195.75595385238054,195.92067460137008
2024-04-10 19:38:04,0.115322911,0.0288458593522897,1.35947939,195.75469338989828,195.91973744065783
2024-04-10 19:38:09,0.115329246,0.0288478455985792,1.359573,195.75217631781135,195.91762451121605
2024-04-10 19:38:13,0.115330453,0.0288465640124678,1.3595126,195.7601831233594,195.92595464323028
2024-04-10 19:38:17,0.115331358,0.0288474611227458,1.35955488,195.7563311592339,195.92242601655232
2024-04-10 19:38:21,0.115334676,0.0288464999331623,1.35950958,195.76543042042434,195.93184862617488
2024-04-10 19:38:25,0.115330151,0.0288472048055235,1.3595428,195.75544464106986,195.92218620624035
2024-04-10 19:38:30,0.115328039,0.0288456030350675,1.35946731,195.7606880337868,195.9278338136888
2024-04-10 19:38:34,0.115336184,0.0288466280917734,1.35951562,195.76568951621516,195.9331586802716
2024-04-10 19:38:38,0.115336184,0.0288473970434402,1.35955186,195.76132068694258,195.92911324615176
2024-04-10 19:38:42,0.115340106,0.0288463717745511,1.35950354,195.77155205945581,195.9396680248193
2024-04-10 19:38:46,0.115336184,0.0288469484883012,1.35953072,195.76303367398884,195.9314730565115
2024-04-10 19:38:51,0.115337391,0.0288472048055235,1.3595428,195.76286911698548,195.9317127864375
2024-04-10 19:38:55,0.115339804,0.0288464999331623,1.35950958,195.76942923536717,195.93859634675096
2024-04-10 19:38:59,0.115339804,0.0288469484883012,1.35953072,195.7667458246031,195.93623638893396
2024-04-10 19:39:03,0.115342217,0.0288465640124678,1.3595126,195.7716203357847,195.9414343640812
2024-04-10 19:39:07,0.115337994,0.0288459875109009,1.35948543,195.76877316602773,195.93891066931167
2024-04-10 19:39:11,0.115339804,0.0288452185592341,1.35944919,195.77487738204164,195.945338371338
2024-04-10 19:39:16,0.115341916,0.028846692171079,1.35951864,195.7694986388359,195.94036400115664
2024-04-10 19:39:20,0.115345536,0.0288458593522897,1.35947939,195.77832051920686,195.9495093923581
2024-04-10 19:39:24,0.115347647,0.0288477815192736,1.35956998,195.7706612267798,195.942173621797
2024-04-10 19:39:28,0.115350664,0.0288454748764563,1.35946127,195.78644457172456,195.9582804996465
2024-04-10 19:39:32,0.115344631,0.0288469484883012,1.35953072,195.77042846557453,195.94258793744308
2024-04-10 19:39:37,0.115346139,0.0288452185592341,1.35944919,195.78111081990016,195.95367473723468
2024-04-10 19:39:41,0.115341916,0.0288454107971508,1.35945825,195.77421857319757,195.94710605933489
2024-04-10 19:39:45,0.115347044,0.0288460515902064,1.35948845,195.77727116111677,195.9504822271093
2024-04-10 19:39:49,0.115352776,0.0288459234315953,1.35948241,195.78516464682448,195.95869930372788
2024-04-10 19:39:53,0.115348251,0.0288463717745511,1.35950354,195.7765274817608,195.95038574063392
2024-04-10 19:39:57,0.115351569,0.0288456030350675,1.35946731,195.78461512863618,195.9587970005411
2024-04-10 19:40:02,0.11535368,0.0288459875109009,1.35948543,195.7849652720891,195.9595516758447
2024-04-10 19:40:06,0.115353982,0.0288460515902064,1.35948845,195.78470183618947,195.9596118778784
2024-04-10 19:40:10,0.115354585,0.0288457952729842,1.35947637,195.78652047696252,195.9617541676572
2024-04-10 19:40:14,0.115354284,0.028844641845484,1.35942201,195.79187064518348,195.96742799595967
2024-04-10 19:40:18,0.115356395,0.0288463076952456,1.35950052,195.78555841234584,195.9614394342825
2024-04-10 19:40:23,0.1153573,0.0288455389557619,1.35946429,195.79039007991764,195.96667570638965
2024-04-10 19:40:27,0.115358507,0.028845667114373,1.35947033,195.79098025060162,195.9675895731736
2024-04-10 19:40:31,0.115356999,0.028846115669512,1.35949147,195.78631168562495,195.96324471538628
2024-04-10 19:40:35,0.11535911,0.0288451544799285,1.35944617,195.79382413478368,195.97108088282695
2024-04-10 19:40:39,0.115362429,0.0288448340834007,1.35943107,195.799554215758,195.9771346931791
2024-04-10 19:40:44,0.11536273,0.0288464999331623,1.35950958,195.79077873067538,195.9687638854271
2024-04-10 19:40:48,0.11536092,0.0288460515902064,1.35948845,195.79043261954055,195.9687415286475
2024-04-10 19:40:52,0.11536635,0.0288458593522897,1.35947939,195.7982658480551,195.97689852262351
2024-04-10 19:40:56,0.115365747,0.0288463076952456,1.35950052,195.79478908518453,195.97374553632383
2024-04-10 19:41:00,0.115363334,0.0288452185592341,1.35944919,195.7970218951515,195.97630213397437
2024-04-10 19:41:05,0.115367557,0.0288455389557619,1.35946429,195.8004880497216,195.98017303878103
2024-04-10 19:41:09,0.115369065,0.0288455389557619,1.35946429,195.80214863570134,195.98215743745965
2024-04-10 19:41:13,0.115369668,0.0288457311936786,1.35947335,195.8016065499754,195.98193917555565
2024-04-10 19:41:17,0.115370875,0.0288464358538567,1.35950656,195.7991624261365,195.97981888666496
2024-04-10 19:41:21,0.115372987,0.0288466280917734,1.35951562,195.80060598014538,195.9815862867516
2024-04-10 19:41:25,0.1153754,0.0288465640124678,1.3595126,195.8037945511326,195.9850987149493
2024-04-10 19:41:30,0.115374797,0.0288463076952456,1.35950052,195.8039452418644,195.9856542428544
2024-04-10 19:41:34,0.1153754,0.0288456030350675,1.35946731,195.8081235999436,195.99015648320432
2024-04-10 19:41:38,0.115375098,0.0288463717745511,1.35950354,195.80335629368477,195.9857130703593
2024-04-10 19:41:42,0.115376607,0.0288454748764563,1.35946127,195.80973865745858,195.99241933869325
2024-04-10 19:41:47,0.1153754,0.0288442575818337,1.3594039,195.81415279408114,195.99723837169535
2024-04-10 19:41:51,0.115373892,0.0288447059247895,1.35942503,195.80948445011038,195.9928939573756
2024-04-10 19:41:55,0.115376607,0.0288443216611393,1.35940692,195.81475599819234,195.99848944626524
2024-04-10 19:41:59,0.115380227,0.0288454748764563,1.35946127,195.81312555879498,195.99718295883545
2024-04-10 19:42:03,0.115382338,0.0288457952729842,1.35947637,195.81389304796113,195.9982744111323
2024-04-10 19:42:08,0.115378115,0.028844513899056,1.35941598,195.81467567822753,195.9994620110149
2024-04-10 19:42:12,0.115379322,0.028844065343917,1.35939484,195.81830127361778,196.0034115946644
2024-04-10 19:42:16,0.115382036,0.0288454107971508,1.35945825,195.81446642589108,195.99990074637043
2024-04-10 19:42:20,0.115382941,0.0288450263213174,1.35944013,195.81735715962427,196.00311549071296
2024-04-10 19:42:25,0.115386561,0.0288450904006229,1.35944315,195.8213785505046,196.00754191057695
2024-04-10 19:42:29,0.115387165,0.0288447700040951,1.35942805,195.82353596424147,196.01002336008224
2024-04-10 19:42:33,0.115389578,0.0288449622420118,1.35943711,195.82537533641096,196.01218677920716
2024-04-10 19:42:37,0.115385355,0.0288447700040951,1.35942805,195.82050596867083,196.00764146961268
2024-04-10 19:42:41,0.115383846,0.0288441935025281,1.35940088,195.82123091496968,196.00869048525053
2024-04-10 19:42:45,0.115387466,0.0288450263213174,1.35944013,195.82128651315668,196.0090701639731
2024-04-10 19:42:50,0.115385053,0.0288445777661784,1.35941899,195.82006725196186,196.0082560191977
2024-04-10 19:42:54,0.115386863,0.0288443857404448,1.35940994,195.82313593490915,196.01164880788443
2024-04-10 19:42:58,0.11538807,0.0288440012646114,1.35939182,195.82642426506197,196.0152612549836
2024-04-10 19:43:02,0.115391086,0.0288447700040951,1.35942805,195.8260221273805,196.01518324545856
2024-04-10 19:43:06,0.115390483,0.0288443216611393,1.35940692,195.82726474153023,196.016749998978
2024-04-10 19:43:10,0.115392896,0.0288448981627062,1.35943409,195.82708104287514,196.01689045090905
2024-04-10 19:43:15,0.115391086,0.0288447700040951,1.35942805,195.824968633414,196.01518324545856
2024-04-10 19:43:19,0.11539169,0.0288448981627062,1.35943409,195.8247646204091,196.0153034082884
2024-04-10 19:43:23,0.115396214,0.0288440012646114,1.35939182,195.83511575682482,196.0259787317656
2024-04-10 19:43:27,0.115396214,0.0288443857404448,1.35940994,195.83276735537117,196.0239545286035
2024-04-10 19:43:32,0.115397119,0.0288457952729842,1.35947637,195.8261324949961,196.0177249318897
2024-04-10 19:43:36,0.115395008,0.0288440012646114,1.35939182,195.8324749793321,196.0243916397961
2024-04-10 19:43:40,0.115401041,0.028844641845484,1.35942201,195.83671748640384,196.02895838167856
2024-04-10 19:43:44,0.115401343,0.0288449622420118,1.35943711,195.8351038227484,196.02766896407724
2024-04-10 19:43:49,0.115404058,0.0288452185592341,1.35944919,195.8369218346779,196.0298922993903
2024-04-10 19:43:53,0.115401946,0.0288450263213174,1.35944013,195.8348303823297,196.0281251184056
2024-04-10 19:43:57,0.115403756,0.0288457952729842,1.35947637,195.83283963980418,196.02645865849723
2024-04-10 19:44:01,0.115401946,0.0288447700040951,1.35942805,195.83553127570886,196.02947458827597
2024-04-10 19:44:05,0.115403756,0.0288447059247895,1.35942503,195.83792623755062,196.03219385525188
2024-04-10 19:44:10,0.115405264,0.0288442575818337,1.3594039,195.84186590595766,196.03653892091592
2024-04-10 19:44:14,0.115406773,0.0288451544799285,1.35944617,195.83880510892996,196.0338024543691
2024-04-10 19:44:18,0.115407678,0.0288448981627062,1.35943409,195.84102122144586,196.0363429086362
2024-04-10 19:44:22,0.115402851,0.028844513899056,1.35941598,195.83636788058286,196.0320139207979
2024-04-10 19:44:26,0.115407979,0.0288438731060003,1.35938578,195.84616584310112,196.0421362476176
2024-04-10 19:44:30,0.115407376,0.0288442575818337,1.3594039,195.8430235010614,196.03931828115915
2024-04-10 19:44:35,0.115414314,0.0288456030350675,1.35946731,195.84466397630075,196.04136424174223
2024-04-10 19:44:39,0.115414616,0.0288453467178452,1.35945523,195.84608654831305,196.04311121472696
2024-04-10 19:44:43,0.115417934,0.0288441294232225,1.35939786,195.85653826934606,196.05388734802256
2024-04-10 19:44:47,0.115414616,0.028844641845484,1.35942201,195.84914913733968,196.046822639572
2024-04-10 19:44:51,0.115415822,0.0288443216611393,1.35940692,195.85209773169908,196.05009566878368
2024-04-10 19:44:56,0.115419744,0.0288448340834007,1.35943107,195.85415517813252,196.05255867467287
2024-04-10 19:45:00,0.115417934,0.0288448981627062,1.35943409,195.8511113938696,196.04983935069072
2024-04-10 19:45:04,0.115417331,0.0288450904006229,1.35944315,195.848981170385,196.04803359879355
2024-04-10 19:45:08,0.115419744,0.028844513899056,1.35941598,195.85486778549625,196.05424469680213
2024-04-10 19:45:12,0.115419141,0.028844065343917,1.35939484,195.85611179783535,196.05581320335145
2024-04-10 19:45:17,0.115418839,0.0288443857404448,1.35940994,195.85362155167465,196.05372859086725
2024-04-10 19:45:21,0.115421252,0.0288443857404448,1.35940994,195.8564725192031,196.0569040780717
2024-04-10 19:45:25,0.115421252,0.0288443857404448,1.35940994,195.85614798820387,196.0569040780717
2024-04-10 19:45:29,0.115419744,0.0288437449473891,1.35937974,195.85721335215993,196.05829398435333
2024-04-10 19:45:34,0.115417632,0.0288438090266947,1.35938276,195.85369078007463,196.05517710610752
2024-04-10 19:45:38,0.115422157,0.0288434886301669,1.35936766,195.86100848696532,196.06281938081963
2024-04-10 19:45:42,0.115419744,0.0288440012646114,1.35939182,195.8548087248351,196.05694419784743
2024-04-10 19:45:46,0.11542276,0.0288428478371112,1.35933746,195.8645276041739,196.066987667684
2024-04-10 19:45:50,0.115420046,0.0288428478371112,1.35933746,195.8606312112848,196.06341587663556
2024-04-10 19:45:55,0.115426984,0.0288439371853058,1.3593888,195.8636191343898,196.06680956799707
2024-04-10 19:45:59,0.115427587,0.0288432323129446,1.35935558,195.86780030150686,196.07131536248775
2024-04-10 19:46:03,0.115426079,0.0288443857404448,1.35940994,195.8594166687644,196.063256368472
2024-04-10 19:46:07,0.11542638,0.0288440012646114,1.35939182,195.86151288327233,196.06567723306284
2024-04-10 19:46:11,0.115427889,0.0288425917320721,1.35932539,195.87059760831812,196.07508661955097
2024-04-10 19:46:16,0.115428794,0.0288431041543335,1.35934954,195.86868395275067,196.0735788067653
2024-04-10 19:46:20,0.115428794,0.0288434245508613,1.35936464,195.8666718290845,196.07189137011156
2024-04-10 19:46:24,0.115430604,0.0288433604715557,1.35936162,195.86906664410424,196.0746108835132
2024-04-10 19:46:28,0.115430905,0.028843616788778,1.3593737,195.8677881088183,196.0736570579819
2024-04-10 19:46:32,0.11543362,0.0288440012646114,1.35939182,195.86901146737392,196.075205137668
2024-04-10 19:46:37,0.115433017,0.0288440012646114,1.35939182,195.86781199657796,196.0744115842872
2024-04-10 19:46:41,0.115431207,0.0288433604715557,1.35936162,195.86848012007698,196.07540445452375
2024-04-10 19:46:45,0.115429397,0.0288426558113776,1.35932841,195.86948466133634,196.07673375390667
2024-04-10 19:46:49,0.115436938,0.0288427198906832,1.35933143,195.8787468534167,196.0863207154997
2024-04-10 19:46:53,0.115436637,0.0288429759957223,1.3593435,195.87667697381417,196.08457561680217
2024-04-10 19:46:58,0.11543543,0.0288439371853058,1.3593888,195.86961996891242,196.0779246040568
2024-04-10 19:47:02,0.115438145,0.0288434245508613,1.35936464,195.87556817391447,196.08419761560785
2024-04-10 19:47:06,0.115440558,0.0288431041543335,1.35934954,195.88010655761866,196.0890608172635
2024-04-10 19:47:10,0.115440257,0.0288434886301669,1.35936766,195.87736047667863,196.0866395656804
2024-04-10 19:47:14,0.115442067,0.028844065343917,1.35939484,195.87638002713413,196.08598395690163
2024-04-10 19:47:19,0.115444782,0.028843168233639,1.35935256,195.88427227800403,196.09428227477684
2024-04-10 19:47:23,0.115442368,0.0288435527094724,1.35937068,195.87874532565402,196.08908018887345
2024-04-10 19:47:27,0.1154481,0.0288441935025281,1.35940088,195.88258863295192,196.0932483740368
2024-04-10 19:47:31,0.11544991,0.0288443857404448,1.35940994,195.88363312872102,196.0946177590933
2024-04-10 19:47:35,0.115446893,0.0288440012646114,1.35939182,195.88136299302306,196.0926725241078
2024-04-10 19:47:39,0.115442972,0.0288423354148498,1.35931331,195.88465269905748,196.09628714228288
2024-04-10 19:47:44,0.115444178,0.0288416305424886,1.35928009,195.88954694135703,196.10158754083383
2024-04-10 19:47:48,0.115445385,0.028843168233639,1.35935256,195.88271031373426,196.09507585107656
2024-04-10 19:47:52,0.11544629,0.0288423994941554,1.35931633,195.88762586891315,196.1003163555592
2024-04-10 19:47:56,0.11544629,0.0288423354148498,1.35931331,195.8876384707928,196.100653918184
2024-04-10 19:48:00,0.1154481,0.0288427198906832,1.35933143,195.88767024953322,196.10101066911412
2024-04-10 19:48:05,0.115452625,0.0288423354148498,1.35931331,195.89524474303698,196.1089913939537
2024-04-10 19:48:09,0.115456848,0.0288434245508613,1.35936464,195.89473985591084,196.1088115047788
2024-04-10 19:48:13,0.11545534,0.0288437449473891,1.35937974,195.89074244390403,196.10513910217796
2024-04-10 19:48:17,0.115460468,0.0288431041543335,1.35934954,195.90054183303585,196.11526351217347
2024-04-10 19:48:21,0.11545715,0.0288445777661784,1.35941899,195.8880873469111,196.10313405837329
2024-04-10 19:48:26,0.115461675,0.0288447059247895,1.35942503,195.89296080851304,196.10841382650244
2024-04-10 19:48:30,0.115460468,0.028844513899056,1.35941598,195.89205888866752,196.10783696477975
2024-04-10 19:48:34,0.115461071,0.028844513899056,1.35941598,195.8925273657488,196.1086305114549
2024-04-10 19:48:38,0.115458658,0.0288431041543335,1.35934954,195.89645321295515,196.11288143972908
2024-04-10 19:48:43,0.115454133,0.0288438090266947,1.35938276,195.8863785036711,196.10321309791996
2024-04-10 19:48:47,0.115456546,0.0288428478371112,1.35933746,195.89429252885017,196.11145222999488
2024-04-10 19:48:51,0.115461976,0.0288429119164168,1.35934048,195.90077609481514,196.11826091433983
2024-04-10 19:48:55,0.115459865,0.0288429759957223,1.3593435,195.89733515046524,196.1151450998571
2024-04-10 19:48:59,0.11545896,0.0288435527094724,1.35937068,195.89278075950705,196.1109158502565
2024-04-10 19:49:04,0.11546258,0.0288432323129446,1.35935558,195.89882631874923,196.1173678523586
2024-04-10 19:49:08,0.11546258,0.0288434245508613,1.35936464,195.89748838824605,196.1163550890775
2024-04-10 19:49:12,0.115467708,0.0288429759957223,1.3593435,195.90627514140496,196.12546702095895
2024-04-10 19:49:16,0.115466501,0.0288426558113776,1.35932841,195.90604839533276,196.1255654651128
2024-04-10 19:49:20,0.115464088,0.0288427837578056,1.35933444,195.90187339139817,196.1217156629108
2024-04-10 19:49:24,0.115467104,0.0288427198906832,1.35933143,195.90585396217097,196.12602144692585
2024-04-10 19:49:28,0.115471328,0.0288429119164168,1.35934048,195.910076099845,196.13056880935497
2024-04-10 19:49:33,0.115472836,0.0288429759957223,1.3593435,195.91131656086955,196.1322158175178
2024-04-10 19:49:37,0.115466803,0.0288437449473891,1.35937974,195.89900027983572,196.1202247871541
2024-04-10 19:49:41,0.115472836,0.0288427198906832,1.35933143,195.91201544601154,196.1335652155228
2024-04-10 19:49:45,0.115474646,0.0288427198906832,1.35933143,195.91407227647287,196.13594731970292
2024-04-10 19:49:50,0.115471629,0.0288432323129446,1.35935558,195.90699519401187,196.12927684560336
2024-04-10 19:49:54,0.115471629,0.0288425276527665,1.35932237,195.91038264826506,196.13298959951985
2024-04-10 19:49:58,0.115470724,0.0288425917320721,1.35932539,195.9085286474686,196.13146090992268
2024-04-10 19:50:02,0.115474043,0.0288432963922502,1.3593586,195.9088585974863,196.13211618267863
2024-04-10 19:50:06,0.115477361,0.0288423994941554,1.35931633,195.91762580137453,196.1412087208472
2024-04-10 19:50:11,0.115474043,0.0288434886301669,1.35936766,195.90711371979305,196.1311033233519
2024-04-10 19:50:15,0.115475853,0.0288433604715557,1.35936162,195.90984564885883,196.134160612679
2024-04-10 19:50:19,0.115477964,0.028843616788778,1.3593737,195.9109479435429,196.1355882791765
2024-04-10 19:50:23,0.115479171,0.0288434886301669,1.35936766,195.91288628096248,196.1378519999646
2024-04-10 19:50:28,0.115477361,0.0288425917320721,1.35932539,195.91482330495484,196.14019576942184
2024-04-10 19:50:32,0.115480679,0.0288430400750279,1.35934652,195.91650221659458,196.14220009044053
2024-04-10 19:50:36,0.115478869,0.0288421431769331,1.35930425,195.91852073676984,196.14454403155992
2024-04-10 19:50:40,0.115482187,0.0288436808680836,1.35937672,195.9144595458608,196.14080827316323
2024-04-10 19:50:44,0.115481584,0.0288438090266947,1.35938276,195.91266526503838,196.1393394364245
2024-04-10 19:50:48,0.115483092,0.0288425917320721,1.35932539,195.920738628409,196.14773825545316
2024-04-10 19:50:53,0.115483092,0.0288427837578056,1.35933444,195.9193199224428,196.14672638534068
2024-04-10 19:50:57,0.115481584,0.0288427198906832,1.35933143,195.91734633575734,196.1450782803669
2024-04-10 19:51:01,0.115483696,0.028843168233639,1.35935256,195.91743791128422,196.1454953491898
2024-04-10 19:51:05,0.115487014,0.0288438090266947,1.35938276,195.91810253633273,196.1464854791217
2024-04-10 19:51:09,0.115487617,0.0288431041543335,1.35934954,195.9222848327767,196.15099329203963
2024-04-10 19:51:14,0.115489126,0.028843616788778,1.3593737,195.92116253495496,196.15027790611407
2024-04-10 19:51:18,0.115490634,0.0288441935025281,1.35940088,195.91978266967732,196.1492235834002
2024-04-10 19:51:22,0.115491237,0.0288432963922502,1.3593586,195.92497798037425,196.1547444482613
2024-04-10 19:51:26,0.115491237,0.0288423354148498,1.35931331,195.92971659689096,196.15980863054568
2024-04-10 19:51:30,0.115491237,0.0288420790976275,1.35930123,195.9307418233129,196.1611594343419
2024-04-10 19:51:35,0.115490936,0.0288422072562387,1.35930727,195.92926327965782,196.16008787873105
2024-04-10 19:51:39,0.11549184,0.0288429119164168,1.35934048,195.92641392352118,196.15756412609463
2024-04-10 19:51:43,0.115492142,0.0288429759957223,1.3593435,195.92614807917647,196.15762389686665
2024-04-10 19:51:47,0.115492745,0.0288426558113776,1.35932841,195.9283033861744,196.1601048306009
2024-04-10 19:51:51,0.115486712,0.0288425276527665,1.35932237,195.92071310499662,196.152840187782
2024-04-10 19:51:55,0.115491539,0.028843616788778,1.3593737,195.9210008044192,196.1534535371892
2024-04-10 19:52:00,0.115494254,0.0288427198906832,1.35933143,195.92889330761352,196.1617531192175
2024-04-10 19:52:04,0.115492142,0.0288421431769331,1.35930425,195.9288273303964,196.16201281815384
2024-04-10 19:52:08,0.115496667,0.0288429119164168,1.35934048,195.93040568399567,196.16391685954227
2024-04-10 19:52:12,0.115499684,0.0288419509390164,1.35929519,195.93911529518456,196.1729521701589
2024-04-10 19:52:16,0.11549546,0.0288422072562387,1.35930727,195.93187939839984,196.1660419844436
2024-04-10 19:52:21,0.115495762,0.0288424635734609,1.35931935,195.93051886529773,196.16508860655404
2024-04-10 19:52:25,0.115497874,0.0288423354148498,1.35931331,195.93364817058742,196.1685436491181
2024-04-10 19:52:29,0.115496365,0.0288432323129446,1.35935558,195.92660969651396,196.16183092397063
2024-04-10 19:52:33,0.11550089,0.0288412460666552,1.35926197,195.94270760905385,196.17825459709115
2024-04-10 19:52:37,0.115504812,0.0288406054857826,1.35923178,195.9509204012564,196.18679316153197
2024-04-10 19:52:41,0.115501494,0.0288422713355442,1.35931029,195.93744714992587,196.1736456941004
2024-04-10 19:52:46,0.115499382,0.0288418868597108,1.35929217,195.93628664086725,196.17289243131805
2024-04-10 19:52:50,0.115500589,0.0288423994941554,1.35931633,195.93484756119688,196.1717791617944
2024-04-10 19:52:54,0.115501494,0.0288435527094724,1.35937068,195.92963510121282,196.1668925236277
2024-04-10 19:52:58,0.115504812,0.0288429759957223,1.3593435,195.93671537764243,196.17429863354823
2024-04-10 19:53:02,0.115505717,0.0288429759957223,1.3593435,195.93758058509496,196.1754896861684
2024-04-10 19:53:06,0.115504209,0.0288419509390164,1.35929519,195.94067268699163,196.17890764491236
2024-04-10 19:53:11,0.115504209,0.0288425276527665,1.35932237,195.93722570633898,196.17586800174809
2024-04-10 19:53:15,0.115506923,0.0288413742252663,1.35926801,195.94655127124182,196.1855194497887
2024-04-10 19:53:19,0.115506018,0.0288416946217941,1.35928311,195.94334545800828,196.18263953138248
2024-04-10 19:53:23,0.115506018,0.0288426558113776,1.35932841,195.93795337769214,196.17757335758623
2024-04-10 19:53:27,0.115508432,0.0288426558113776,1.35932841,195.94080451245205,196.1807504105617
2024-04-10 19:53:31,0.115506018,0.0288411819873496,1.35925895,195.9450698007904,196.18534162881423
2024-04-10 19:53:36,0.115507828,0.0288412460666552,1.35926197,195.9467068526313,196.18738610950373
2024-04-10 19:53:40,0.115506622,0.0288422713355442,1.35931029,195.9393895053528,196.18039471847243
2024-04-10 19:53:44,0.11550813,0.0288415023838774,1.35927405,195.9451013290787,196.186432510154
2024-04-10 19:53:48,0.11550994,0.0288414383045719,1.35927103,195.94749534925884,196.1891525100014
2024-04-10 19:53:52,0.115513862,0.0288404773271715,1.35922574,195.95739712682828,196.19938027895256
2024-04-10 19:53:57,0.115510845,0.0288418227804053,1.35928915,195.94592633754533,196.18831699537495
2024-04-10 19:54:01,0.11551175,0.028841566463183,1.35927707,195.94814251178522,196.19085918736533
2024-04-10 19:54:05,0.115512655,0.0288421431769331,1.35930425,195.94596764666116,196.1890103517161
2024-04-10 19:54:09,0.115515068,0.0288416946217941,1.35928311,195.9511818404853,196.19455058674245
2024-04-10 19:54:14,0.115512353,0.028841117908044,1.35925593,195.9502409889664,196.19401730322255
2024-04-10 19:54:18,0.11551899,0.028842015018322,1.35929821,195.9539211491465,196.1980235310025
2024-04-10 19:54:22,0.115520498,0.0288422072562387,1.35930727,195.95456641865982,196.19899487985276
2024-04-10 19:54:26,0.115522308,0.0288422713355442,1.35931029,195.95628471495496,196.20103926722507
2024-04-10 19:54:30,0.115525928,0.0288434886301669,1.35936766,195.95430610185667,196.1993867569472
2024-04-10 19:54:34,0.115529246,0.0288428478371112,1.35933746,195.96172462622985,196.2071313958869
2024-04-10 19:54:38,0.115524721,0.0288431041543335,1.35934954,195.95409202043655,196.1998249164094
2024-04-10 19:54:43,0.11552623,0.028841566463183,1.35927707,195.96377648272036,196.2099170531149
2024-04-10 19:54:47,0.115523816,0.0288418227804053,1.35928915,195.95892188187298,196.20538860503007
2024-04-10 19:54:51,0.115523213,0.028842015018322,1.35929821,195.9567886687726,196.2035815564512
2024-04-10 19:54:55,0.115527135,0.0288414383045719,1.35927103,195.96466476224782,196.21178382621
2024-04-10 19:55:00,0.115528945,0.0288425917320721,1.35932539,195.96055854028126,196.20808534114275
2024-04-10 19:55:04,0.115526531,0.0288413101459607,1.35926499,195.96381151395713,196.2116645175776
2024-04-10 19:55:08,0.115524721,0.0288414383045719,1.35927103,195.96042739133594,196.2086066094872
2024-04-10 19:55:12,0.115528643,0.0288410538287385,1.35925291,195.96729017104212,196.2157956154989
2024-04-10 19:55:16,0.115531358,0.0288405414064771,1.35922876,195.97323907907494,196.22207076161504
2024-04-10 19:55:21,0.115527135,0.0288417587010997,1.35928613,195.96085521286352,196.2100947095748
2024-04-10 19:55:25,0.115529246,0.0288427198906832,1.35933143,195.9582401194982,196.20780588080373
2024-04-10 19:55:29,0.115535883,0.0288420790976275,1.35930123,195.97002712814742,196.21991916583465
2024-04-10 19:55:33,0.115534978,0.0288421431769331,1.35930425,195.9681719049565,196.218390230816
2024-04-10 19:55:37,0.115533771,0.0288412460666552,1.35926197,195.97098680217647,196.2215314280017
2024-04-10 19:55:41,0.11553166,0.0288404132478659,1.35922272,195.97227304317238,196.2231439807598
2024-04-10 19:55:45,0.11553166,0.0288393238996713,1.35917138,195.97769063013837,196.2288878912875
2024-04-10 19:55:50,0.115533771,0.0288404132478659,1.35922272,195.97431731674172,196.2259224989405
2024-04-10 19:55:54,0.115537089,0.0288405414064771,1.35922876,195.97768239221932,196.2296139245396
2024-04-10 19:55:58,0.115534676,0.0288416946217941,1.35928311,195.9680997302546,196.22035762450548
2024-04-10 19:56:02,0.115534978,0.0288406695650882,1.3592348,195.97357541165852,196.2261596796522
2024-04-10 19:56:06,0.115535883,0.028841117908044,1.35925593,195.97207624590203,196.22498689945377
2024-04-10 19:56:11,0.115544028,0.0288422072562387,1.35930727,195.976644700688,196.2299633528069
2024-04-10 19:56:15,0.115538296,0.0288423354148498,1.35931331,195.96809856475386,196.22174362902572
2024-04-10 19:56:19,0.115540709,0.0288401569306436,1.35921064,195.9824344471349,196.23640593538465
2024-04-10 19:56:23,0.115546742,0.0288416305424886,1.35928009,195.9822782574401,196.2365761814956
2024-04-10 19:56:27,0.115538598,0.0288405414064771,1.35922876,195.97697570410432,196.2316000757964
2024-04-10 19:56:32,0.115544329,0.0288413742252663,1.35926801,195.97971935765474,196.2347518055342
2024-04-10 19:56:36,0.115545536,0.0288414383045719,1.35927103,195.98064361363978,196.236002535786
2024-04-10 19:56:40,0.115547949,0.0288412460666552,1.35926197,195.98450669868294,196.2401921069365
2024-04-10 19:56:44,0.115542218,0.0288408618030049,1.35924386,195.9786633844469,196.23467529065124
2024-04-10 19:56:48,0.115546441,0.0288407977236993,1.35924084,195.98423303856657,196.24057145456817
2024-04-10 19:56:52,0.115543726,0.0288407336443938,1.35923782,195.98067094721623,196.2373358848645
2024-04-10 19:56:57,0.115547647,0.0288407336443938,1.35923782,195.98542357846978,196.24249668484416
2024-04-10 19:57:01,0.115546742,0.0288407977236993,1.35924084,195.98356797364258,196.2409676283357
2024-04-10 19:57:05,0.115546742,0.0288402210099492,1.35921366,195.98628256909973,196.24400878397068
2024-04-10 19:57:09,0.115550966,0.028841117908044,1.35925593,195.98678601486114,196.24483880177195
2024-04-10 19:57:13,0.115548854,0.0288416946217941,1.35928311,195.98063864240785,196.23901801322356
2024-04-10 19:57:17,0.115546742,0.0288404773271715,1.35922574,195.9839511776399,196.24265714422845
2024-04-10 19:57:22,0.115554887,0.0288402210099492,1.35921366,195.99561519764202,196.2547294256405
2024-04-10 19:57:26,0.115554586,0.0288410538287385,1.35925291,195.99050042874842,196.2499412792336
2024-04-10 19:57:30,0.115556094,0.0288413742252663,1.35926801,195.9904690112894,196.25023649613885
2024-04-10 19:57:34,0.115550061,0.0288397083755047,1.3591895,195.99098662050508,196.25108075159935
2024-04-10 19:57:39,0.115559714,0.0288417587010997,1.35928613,195.99247106949625,196.25297352510813
2024-04-10 19:57:43,0.11556273,0.0288416305424886,1.35928009,195.99678979272863,196.25761892132743
2024-04-10 19:57:47,0.11556092,0.0288409258823105,1.35924688,195.99779698862943,196.25895280210543
2024-04-10 19:57:51,0.115557301,0.0288415023838774,1.35927405,195.98966677571443,196.25114928596068
2024-04-10 19:57:55,0.115553982,0.0288403491685604,1.3592197,195.99105314658507,196.2528623654977
2024-04-10 19:58:00,0.115555491,0.0288404132478659,1.35922272,195.99229298911922,196.25451061059823
2024-04-10 19:58:04,0.115558809,0.0288403491685604,1.3592197,195.99667142504669,196.25921578196903
2024-04-10 19:58:08,0.115562127,0.0288409258823105,1.35924688,195.99767034924008,196.2605414535116
2024-04-10 19:58:12,0.115563334,0.0288400928513381,1.35920762,196.0033256935184,196.2665235570476
2024-04-10 19:58:16,0.115559412,0.0288400287720325,1.3592046,195.9981746002213,196.26169923491983
2024-04-10 19:58:21,0.115562127,0.0288407977236993,1.35924084,195.99728423022967,196.261217345645
2024-04-10 19:58:25,0.115564842,0.0288405414064771,1.35922876,196.00188276068948,196.266142674086
2024-04-10 19:58:29,0.115565144,0.0288401569306436,1.35921064,196.0039812494104,196.2685679727093
2024-04-10 19:58:33,0.115566954,0.0288405414064771,1.35922876,196.00400897692964,196.268922522055
2024-04-10 19:58:37,0.115567255,0.028841566463183,1.35927707,195.9986721382592,196.26391251713807
2024-04-10 19:58:41,0.115572987,0.0288415023838774,1.35927405,196.00622753600362,196.271794760566
2024-04-10 19:58:46,0.115568764,0.0288406054857826,1.35923178,196.00499110214218,196.27096690059
2024-04-10 19:58:50,0.115569367,0.0288410538287385,1.35925291,196.0030932491779,196.26939592016248
2024-04-10 19:58:54,0.11557359,0.0288419509390164,1.35929519,196.00359314160818,196.27022269706907
2024-04-10 19:58:58,0.11557359,0.028841566463183,1.35927707,196.00529399660118,196.2722504484808
2024-04-10 19:59:02,0.115566049,0.0288392600325488,1.35916837,196.00720646851417,196.27448982875805
2024-04-10 19:59:07,0.115570574,0.028841117908044,1.35925593,196.0029545865016,196.27064659900344
2024-04-10 19:59:11,0.115569367,0.0288396442961991,1.35918648,196.00881139691683,196.2768303446708
2024-04-10 19:59:15,0.115573289,0.028839516137588,1.35918044,196.0143228265227,196.28266872148373
2024-04-10 19:59:19,0.115570272,0.0288404773271715,1.35922574,196.00495485041256,196.2736277045385
2024-04-10 19:59:23,0.115572685,0.0288402210099492,1.35921366,196.0091558711259,196.27815569637767
2024-04-10 19:59:27,0.115578115,0.0288408618030049,1.35924386,196.01259601642977,196.28192282477104
2024-04-10 19:59:32,0.115578115,0.0288412460666552,1.35926197,196.01016045999646,196.2798960140281
2024-04-10 19:59:36,0.115578115,0.0288407977236993,1.35924084,196.01219825429328,196.2822608183435
2024-04-10 19:59:40,0.115577512,0.0288407336443938,1.35923782,196.01141555448177,196.28180514052383
2024-04-10 19:59:44,0.115581433,0.0288414383045719,1.35927103,196.01253251785928,196.28324913786943
2024-04-10 19:59:48,0.115585657,0.0288411819873496,1.35925895,196.01911701242997,196.2901606783872
2024-04-10 19:59:52,0.115584148,0.0288424635734609,1.35931935,196.01004407002085,196.28141479390723
2024-04-10 19:59:57,0.115580227,0.0288404132478659,1.35922272,196.015289108489,196.28706867164092
2024-04-10 20:00:01,0.11557359,0.0288406695650882,1.3592348,196.00487431148665,196.27698095953792
2024-04-10 20:00:05,0.115583847,0.0288413742252663,1.35926801,196.01433063611117,196.28676438105327
2024-04-10 20:00:09,0.115583545,0.0288399646927269,1.35920158,196.021041212864,196.29380206669128
2024-04-10 20:00:13,0.11558083,0.0288407336443938,1.35923782,196.01308434104206,196.2861723157519
2024-04-10 20:00:17,0.11558445,0.0288414383045719,1.35927103,196.01380493014125,196.28722003773385
2024-04-10 20:00:22,0.115585958,0.0288406695650882,1.3592348,196.01943580480588,196.29325984538175
2024-04-10 20:00:26,0.115587165,0.0288410538287385,1.35925291,196.01867031396907,196.29282151443897
2024-04-10 20:00:30,0.11558807,0.0288413742252663,1.35926801,196.01784422789905,196.29232260027257
2024-04-10 20:00:34,0.115591086,0.028840989961616,1.3592499,196.0235136566833,196.29831921297307
2024-04-10 20:00:38,0.115587165,0.028841566463183,1.35927707,196.01498469199356,196.2901174442151
2024-04-10 20:00:43,0.11558807,0.0288395802168935,1.35918346,196.02624460016284,196.30178636420032
2024-04-10 20:00:47,0.115585958,0.0288400287720325,1.3592046,196.02077113610537,196.29664012312017
2024-04-10 20:00:51,0.11558807,0.0288393879789768,1.3591744,196.02660431433588,196.3028005363529
2024-04-10 20:00:55,0.11558626,0.0288390677946321,1.35915931,196.02558377011357,196.30210723916065
2024-04-10 20:00:59,0.115588673,0.0288414383045719,1.35927103,196.0159275164961,196.29277824460405
2024-04-10 20:01:04,0.115591991,0.0288400287720325,1.3592046,196.02732121864526,196.30458103750183
2024-04-10 20:01:08,0.115594405,0.0288418227804053,1.35928915,196.02070731985938,196.29829442485664
2024-04-10 20:01:12,0.115596818,0.0288408618030049,1.35924386,196.0286253950108,196.3065397981888
2024-04-10 20:01:16,0.115600136,0.0288418868597108,1.35929217,196.0272576269883,196.30549934039013
2024-04-10 20:01:20,0.115599231,0.0288407336443938,1.35923782,196.03182290427912,196.31039193995076
2024-04-10 20:01:25,0.115596215,0.028840989961616,1.3592499,196.0260918211542,196.3050700266071
2024-04-10 20:01:29,0.115599231,0.028841566463183,1.35927707,196.02669284188622,196.3059983967229
2024-04-10 20:01:33,0.115602549,0.0288417587010997,1.35928613,196.0297184243451,196.3093513406209
2024-04-10 20:01:37,0.115598628,0.0288404132478659,1.35922272,196.0313282834945,196.3112885732676
2024-04-10 20:01:41,0.115595913,0.0288400928513381,1.35920762,196.02911763403245,196.30940530936408
2024-04-10 20:01:45,0.115601343,0.0288409258823105,1.35924688,196.03154252841168,196.31215760136575
2024-04-10 20:01:50,0.115595611,0.0288404132478659,1.35922272,196.0262931582643,196.30731749521595
2024-04-10 20:01:54,0.115603454,0.0288399646927269,1.35920158,196.03865555789577,196.32000731962444
2024-04-10 20:01:58,0.115601946,0.0288411819873496,1.35925895,196.02992095255496,196.3116001511341
2024-04-10 20:02:02,0.115605566,0.028841117908044,1.35925593,196.03469621329288,196.31670286079876
2024-04-10 20:02:06,0.115605566,0.0288425917320721,1.35932539,196.02659353389484,196.30892764240656
2024-04-10 20:02:10,0.115609488,0.0288410538287385,1.35925291,196.03954150538476,196.3222030869844
2024-04-10 20:02:15,0.115609488,0.0288419509390164,1.35929519,196.03439912917003,196.31747006912423
2024-04-10 20:02:19,0.115608583,0.0288407336443938,1.35923782,196.03930278356248,196.32270122379964
2024-04-10 20:02:23,0.115610091,0.028840989961616,1.3592499,196.03960777210423,196.32333372471572
2024-04-10 20:02:27,0.115610996,0.0288419509390164,1.35929519,196.03540136713022,196.31945484421027
2024-04-10 20:02:32,0.115612203,0.0288413742252663,1.35926801,196.0396232462915,196.32408614596915
2024-04-10 20:02:36,0.115611599,0.0288407977236993,1.35924084,196.0415423939986,196.32633284536735
2024-04-10 20:02:40,0.115613409,0.0288413742252663,1.35926801,196.0405554561487,196.3256734713121
2024-04-10 20:02:44,0.115611901,0.0288406054857826,1.35923178,196.0422990472832,196.32774463834775
2024-04-10 20:02:48,0.115615822,0.0288412460666552,1.35926197,196.04375245058026,196.3295256296552
2024-04-10 20:02:53,0.115613409,0.028841117908044,1.35925593,196.04084315090915,196.3270258320302
2024-04-10 20:02:57,0.115614013,0.0288413742252663,1.35926801,196.0399581537859,196.32646845017376
2024-04-10 20:03:01,0.115616124,0.0288412460666552,1.35926197,196.04308519707908,196.3299231208524
2024-04-10 20:03:05,0.115617934,0.028842015018322,1.35929821,196.0410827395875,196.3282483028677
2024-04-10 20:03:09,0.115619141,0.0288422072562387,1.35930727,196.04132943421368,196.32882264912516
2024-04-10 20:03:13,0.115618236,0.0288406054857826,1.35923178,196.04826204664303,196.33608292531292
2024-04-10 20:03:18,0.115615219,0.0288400287720325,1.3592046,196.0469244535798,196.33515492900597
2024-04-10 20:03:22,0.115615521,0.0288407336443938,1.35923782,196.04327498753045,196.33183315401172
2024-04-10 20:03:26,0.115616727,0.0288400928513381,1.35920762,196.04791583902997,196.33680170870275
2024-04-10 20:03:30,0.115618236,0.0288402850892548,1.35921668,196.04855995566405,196.3377735406677
2024-04-10 20:03:34,0.115618537,0.0288404132478659,1.35922272,196.0479521639829,196.3374934764596
2024-04-10 20:03:39,0.115620347,0.0288390037153266,1.35915629,196.05736297494462,196.34731396384188
