time,voltage,current,shunt_voltage,temperature,seconds_combined,temperature_corr_err,temperature_uncorr
2024-05-11 08:35:11,0.164878908,0.0539996916979106,2.54495687,160.15689767234676,14384.0,22.77998588634919,160.1782873851235
2024-05-11 08:35:15,0.166675591,0.0539693857934906,2.54352858,161.47718461617512,14388.0,22.77998588634919,161.49909897881437
2024-05-11 08:35:19,0.167634867,0.0539515738683743,2.54268912,162.1861236033836,14392.0,22.77998588634919,162.20856262740995
2024-05-11 08:35:23,0.168220388,0.0539401051579597,2.54214861,162.6202104854252,14396.0,22.77998588634919,162.643174182266
2024-05-11 08:35:28,0.168875894,0.0539331213623854,2.54181947,163.09353419473013,14401.0,22.77998588634919,163.11715374851084
2024-05-11 08:35:32,0.169074084,0.0539288925525842,2.54162017,163.24099247152833,14405.0,22.77998588634919,163.26513672348
2024-05-11 08:35:36,0.169217674,0.0539258812495888,2.54147825,163.34758375571406,14409.0,22.77998588634919,163.37225271694842
2024-05-11 08:35:40,0.169332305,0.0539192178505424,2.54116421,163.44194566615187,14413.0,22.77998588634919,163.46713934768354
2024-05-11 08:35:44,0.169426422,0.0539176801593919,2.54109174,163.51069208604844,14417.0,22.77998588634919,163.53641049879485
2024-05-11 08:35:49,0.169501234,0.0539154375958802,2.54098605,163.56734763692052,14422.0,22.77998588634919,163.59372197889004
2024-05-11 08:35:53,0.169570314,0.0539139639840353,2.5409166,163.6184329603358,14426.0,22.77998588634919,163.64533205772918
2024-05-11 08:35:57,0.169624311,0.0539133872702852,2.54088942,163.65698495708105,14430.0,22.77998588634919,163.6844088205001
2024-05-11 08:36:01,0.169677101,0.0539127466894127,2.54085923,163.6948336245822,14434.0,22.77998588634919,163.72278226453153
2024-05-11 08:36:05,0.169721445,0.0539109526810399,2.54077468,163.7293121164461,14438.0,22.77998588634919,163.75778554333323
2024-05-11 08:36:10,0.169797162,0.0539089664347505,2.54068107,163.78605436888415,14443.0,22.77998588634919,163.8151837939311
2024-05-11 08:36:14,0.169830646,0.0539096710949286,2.54071428,163.8074218954218,14447.0,22.77998588634919,163.83707613046835
2024-05-11 08:36:18,0.169859907,0.0539091586726672,2.54069013,163.82851711668883,14451.0,22.77998588634919,163.85869617182678
2024-05-11 08:36:22,0.169885246,0.0539081974830837,2.54064483,163.84785678368547,14455.0,22.77998588634919,163.8785606689096
2024-05-11 08:36:26,0.169909379,0.0539073005849888,2.54060256,163.8662107267221,14459.0,22.77998588634919,163.89743945192996
2024-05-11 08:36:30,0.16993683,0.0539070442677666,2.54059048,163.88547482334172,14463.0,22.77998588634919,163.9172283983338
2024-05-11 08:36:35,0.169960963,0.0539062112367942,2.54055122,163.90355771087803,14468.0,22.77998588634919,163.9359673617344
2024-05-11 08:36:39,0.169981174,0.0539045453870326,2.54047271,163.92086496043513,14472.0,22.77998588634919,163.95379948277173
2024-05-11 08:36:43,0.169999877,0.0539038407268545,2.5404395,163.93499434290962,14476.0,22.77998588634919,163.9684537462113
2024-05-11 08:36:47,0.170043014,0.0539041611233823,2.5404546,163.96397139526852,14480.0,22.77998588634919,163.99795568892307
2024-05-11 08:36:51,0.170059605,0.053904481307727,2.54046969,163.97435811694277,14484.0,22.77998588634919,164.00886731024076
2024-05-11 08:36:55,0.170077102,0.0539048017042549,2.54048479,163.98537873169963,14488.0,22.77998588634919,164.02041283383463
2024-05-11 08:37:00,0.170087056,0.053900829211676,2.54029757,164.00047224592808,14493.0,22.77998588634919,164.0361624968898
2024-05-11 08:37:04,0.170106664,0.0539024311943151,2.54037307,164.0101393374914,14497.0,22.77998588634919,164.0463545176205
2024-05-11 08:37:08,0.170117524,0.0539019185598706,2.54034891,164.01835327790496,14501.0,22.77998588634919,164.05509339607943
2024-05-11 08:37:12,0.170134115,0.053900829211676,2.54029757,164.03185610122387,14505.0,22.77998588634919,164.06912116622456
2024-05-11 08:37:17,0.17015312,0.0539017904012595,2.54034287,164.04238538925404,14510.0,22.77998588634919,164.08030664998768
2024-05-11 08:37:21,0.170164281,0.0538995478377478,2.54023718,164.0546356101792,14514.0,22.77998588634919,164.09308183714097
2024-05-11 08:37:25,0.170186302,0.0538993555998311,2.54022812,164.06995907758204,14518.0,22.77998588634919,164.1089302792373
2024-05-11 08:37:29,0.170204402,0.0538998682342756,2.54025228,164.08097746748632,14522.0,22.77998588634919,164.12047365220337
2024-05-11 08:37:34,0.170209832,0.0538983305431251,2.54017981,164.08752543015626,14527.0,22.77998588634919,164.12767785532048
2024-05-11 08:37:38,0.170224915,0.0538988431775696,2.54020397,164.09643072792886,14531.0,22.77998588634919,164.13710815462852
2024-05-11 08:37:42,0.170235473,0.0538994837584422,2.54023416,164.10188351314673,14535.0,22.77998588634919,164.14308594943455
2024-05-11 08:37:46,0.170249952,0.0538989072568752,2.54020699,164.11277495171072,14539.0,22.77998588634919,164.15450240554247
2024-05-11 08:37:50,0.170260511,0.0538974334328472,2.54013753,164.1229064623832,14543.0,22.77998588634919,164.16515894161756
2024-05-11 08:37:54,0.170269259,0.0538969210105858,2.54011338,164.12964262891919,14547.0,22.77998588634919,164.17242014131773
2024-05-11 08:37:59,0.170285247,0.0538984587017362,2.54018585,164.1367820512785,14552.0,22.77998588634919,164.1802158658992
2024-05-11 08:38:03,0.170297313,0.0538975615914583,2.54014357,164.14669354400002,14556.0,22.77998588634919,164.19065240889375
2024-05-11 08:38:07,0.170307569,0.0538963442968357,2.5400862,164.15604625992648,14560.0,22.77998588634919,164.20053018253947
2024-05-11 08:38:11,0.170313301,0.053897177327808,2.54012546,164.15769233239052,14564.0,22.77998588634919,164.20270132007198
2024-05-11 08:38:15,0.170324764,0.0538966646933635,2.5401013,164.16633107758628,14568.0,22.77998588634919,164.2118651375884
2024-05-11 08:38:19,0.170334417,0.0538967287726691,2.54010432,164.1724255140418,14572.0,22.77998588634919,164.21848465351974
2024-05-11 08:38:24,0.170343467,0.0538955114780464,2.54004695,164.18080303176882,14577.0,22.77998588634919,164.22751853050573
2024-05-11 08:38:28,0.170351612,0.0538960879796134,2.54007412,164.18470680490196,14581.0,22.77998588634919,164.23194739885918
2024-05-11 08:38:33,0.170361868,0.0538949347642963,2.54001977,164.19378759334626,14586.0,22.77998588634919,164.24168456593603
2024-05-11 08:38:37,0.170375141,0.0538962161382245,2.54008016,164.19972241679503,14590.0,22.77998588634919,164.24814449985848
2024-05-11 08:38:41,0.170383588,0.0538942298919351,2.53998655,164.20951244452172,14594.0,22.77998588634919,164.25845964468056
2024-05-11 08:38:45,0.170392034,0.0538947425263796,2.54001071,164.21376827972588,14598.0,22.77998588634919,164.26324060350476
2024-05-11 08:38:49,0.170396861,0.0538938454161017,2.53996843,164.2186111535033,14602.0,22.77998588634919,164.26860860733
2024-05-11 08:38:53,0.170405005,0.0538955114780464,2.54004695,164.22010082065594,14606.0,22.77998588634919,164.27062341086122
2024-05-11 08:38:58,0.170410435,0.0538936533903681,2.53995938,164.22736327914242,14611.0,22.77998588634919,164.2785422985759
2024-05-11 08:39:02,0.170418882,0.0538937174696737,2.5399624,164.2326132014094,14615.0,22.77998588634919,164.2843173711112
2024-05-11 08:39:06,0.170430646,0.0538942939712406,2.53998957,164.2390515187592,14619.0,22.77998588634919,164.29128084474502
2024-05-11 08:39:10,0.170434568,0.0538930125973124,2.53992918,164.24411217704767,14623.0,22.77998588634919,164.29686666523628
2024-05-11 08:39:14,0.170445729,0.0538936533903681,2.53995938,164.24998564087946,14627.0,22.77998588634919,164.3032652970927
2024-05-11 08:39:19,0.170449953,0.0538932689145347,2.53994126,164.25313984532556,14632.0,22.77998588634919,164.30707596960892
2024-05-11 08:39:23,0.170455081,0.0538928203593957,2.53992012,164.2572006184538,14636.0,22.77998588634919,164.31166192350662
2024-05-11 08:39:27,0.170456891,0.0538924999628679,2.53990502,164.2586532207884,14640.0,22.77998588634919,164.31363971211752
2024-05-11 08:39:31,0.170462321,0.0538922436456456,2.53989294,164.2624997092446,14644.0,22.77998588634919,164.31801139226
2024-05-11 08:39:35,0.170467147,0.0538926922007846,2.53991408,164.26436127868345,14648.0,22.77998588634919,164.32039815869828
2024-05-11 08:39:39,0.170472275,0.0538927562800902,2.5399171,164.26728627562835,14652.0,22.77998588634919,164.32384835785888
2024-05-11 08:39:43,0.170477102,0.0538927562800902,2.5399171,164.27014239972002,14656.0,22.77998588634919,164.32722968928556
2024-05-11 08:39:48,0.170484643,0.0538921795663401,2.53988992,164.27604638027154,14661.0,22.77998588634919,164.33379018605746
2024-05-11 08:39:52,0.170488263,0.0538921795663401,2.53988992,164.27805701235258,14665.0,22.77998588634919,164.336326036638
2024-05-11 08:39:56,0.170501536,0.0538935893110625,2.53995636,164.28370541732076,14669.0,22.77998588634919,164.34249966491032
2024-05-11 08:40:00,0.170511491,0.053893076676618,2.5399322,164.29128974164402,14673.0,22.77998588634919,164.35060921724553
2024-05-11 08:40:04,0.170521446,0.0538919875406065,2.53988087,164.30015209735393,14677.0,22.77998588634919,164.3599968055783
2024-05-11 08:40:09,0.170534719,0.0538916030647731,2.53986275,164.30964581853524,14682.0,22.77998588634919,164.370147073875
2024-05-11 08:40:13,0.170540149,0.0538933970731458,2.5399473,164.3089475770924,14686.0,22.77998588634919,164.3699740750758
2024-05-11 08:40:17,0.170542864,0.0538902576115393,2.53979934,164.31728383599705,14690.0,22.77998588634919,164.37883558092045
2024-05-11 08:40:21,0.170546182,0.0538905137165785,2.53981141,164.3185151999421,14694.0,22.77998588634919,164.38059219600524
2024-05-11 08:40:25,0.170555232,0.0538928203593957,2.53992012,164.31921598544557,14698.0,22.77998588634919,164.3818182367512
2024-05-11 08:40:29,0.170566695,0.0538923718042568,2.53989898,164.32771513372455,14702.0,22.77998588634919,164.39084264427876
2024-05-11 08:40:34,0.170573331,0.0538935893110625,2.53995636,164.32900779674029,14707.0,22.77998588634919,164.3927918868414
2024-05-11 08:40:38,0.170583286,0.0538917953026898,2.53987181,164.33943384215445,14711.0,22.77998588634919,164.40374320016412
2024-05-11 08:40:42,0.170587208,0.0538915389854675,2.53985973,164.34222440489353,14715.0,22.77998588634919,164.4070590345035
2024-05-11 08:40:46,0.170592939,0.0538910904303286,2.53983859,164.3467085582806,14719.0,22.77998588634919,164.41206846308586
2024-05-11 08:40:50,0.170592336,0.0538903855579673,2.53980537,164.34732396558448,14723.0,22.77998588634919,164.4132091490833
2024-05-11 08:40:54,0.170596559,0.0538907700338007,2.53982349,164.3489044558516,14727.0,22.77998588634919,164.4153149214456
2024-05-11 08:40:59,0.170600782,0.0538907700338007,2.53982349,164.3512062311617,14732.0,22.77998588634919,164.41827330401088
2024-05-11 08:41:03,0.170600179,0.053890577795884,2.53981443,164.35068483902018,14736.0,22.77998588634919,164.4182772012647
2024-05-11 08:41:07,0.170605307,0.0538908341131063,2.53982651,164.35318348376,14740.0,22.77998588634919,164.42130113848725
2024-05-11 08:41:11,0.170610435,0.0538893605012614,2.53975706,164.35951882930067,14744.0,22.77998588634919,164.42816177950152
2024-05-11 08:41:16,0.17062763,0.0538908981924119,2.53982953,164.36749758247225,14749.0,22.77998588634919,164.43679715607368
2024-05-11 08:41:20,0.170633361,0.0538903214786618,2.53980235,164.37226629007046,14753.0,22.77998588634919,164.4420911655215
2024-05-11 08:41:24,0.170639093,0.0538910904303286,2.53983859,164.37405083748817,14757.0,22.77998588634919,164.44440101746562
2024-05-11 08:41:28,0.170641506,0.053891026351023,2.53983557,164.37535806470083,14761.0,22.77998588634919,164.44623355178493
2024-05-11 08:41:32,0.170642411,0.053891026351023,2.53983557,164.37546674125488,14765.0,22.77998588634919,164.44686753792928
2024-05-11 08:41:37,0.170639093,0.0538890401047335,2.53974196,164.37689169706007,14770.0,22.77998588634919,164.44894913406785
2024-05-11 08:41:41,0.170644825,0.0538897449770948,2.53977518,164.37881835187488,14774.0,22.77998588634919,164.45140110370806
2024-05-11 08:41:45,0.170653271,0.0538894886598725,2.5397631,164.38477859350178,14778.0,22.77998588634919,164.45788666233028
2024-05-11 08:41:49,0.170660511,0.0538891682633447,2.539748,164.3900361790405,14782.0,22.77998588634919,164.46366956693765
2024-05-11 08:41:54,0.170672276,0.0538896808977892,2.53977216,164.3964842921786,14787.0,22.77998588634919,164.4707743316802
2024-05-11 08:41:58,0.170676197,0.0538888478668168,2.5397329,164.40055419997975,14791.0,22.77998588634919,164.47536956286217
2024-05-11 08:42:02,0.17067499,0.0538904496372729,2.53980839,164.39562934227092,14795.0,22.77998588634919,164.4709700302939
2024-05-11 08:42:06,0.1706768,0.0538898090564004,2.5397782,164.39779329587034,14799.0,22.77998588634919,164.47365931069714
2024-05-11 08:42:10,0.170681929,0.0538908341131063,2.53982651,164.3985867420415,14803.0,22.77998588634919,164.47497808523894
2024-05-11 08:42:15,0.170685549,0.0538900653736226,2.53979028,164.40217175585587,14808.0,22.77998588634919,164.47921976157312
2024-05-11 08:42:19,0.1706949,0.0538900012943171,2.53978726,164.4083395067268,14812.0,22.77998588634919,164.4859128439875
2024-05-11 08:42:23,0.170700028,0.0538906418751896,2.53981745,164.40998515716373,14816.0,22.77998588634919,164.48808382722132
2024-05-11 08:42:27,0.170705156,0.0538913467475508,2.53985067,164.4114880910904,14820.0,22.77998588634919,164.490112095102
2024-05-11 08:42:31,0.170705458,0.0538894245805669,2.53976008,164.4154397896028,14824.0,22.77998588634919,164.49458912862906
2024-05-11 08:42:35,0.170711793,0.0538901935322338,2.53979632,164.4176460467847,14828.0,22.77998588634919,164.49732072178998
2024-05-11 08:42:39,0.170710586,0.0538899372150115,2.53978424,164.41684395795332,14832.0,22.77998588634919,164.4970439698056
2024-05-11 08:42:44,0.170716619,0.0538894886598725,2.5397631,164.42140923925407,14837.0,22.77998588634919,164.5022659232389
2024-05-11 08:42:48,0.170723558,0.0538899372150115,2.53978424,164.42474961858142,14841.0,22.77998588634919,164.50613164101404
2024-05-11 08:42:52,0.170731702,0.0538894886598725,2.5397631,164.43092523119336,14845.0,22.77998588634919,164.51283259262874
2024-05-11 08:42:56,0.170732004,0.0538889119461224,2.53973592,164.43189151120094,14849.0,22.77998588634919,164.5143242120978
2024-05-11 08:43:00,0.170741054,0.0538903214786618,2.53980235,164.43457772849604,14853.0,22.77998588634919,164.51753576921675
2024-05-11 08:43:05,0.170743165,0.0538892964219558,2.53975404,164.4376751969339,14858.0,22.77998588634919,164.52128991279744
2024-05-11 08:43:09,0.170740451,0.0538895527391781,2.53976612,164.43467957432392,14862.0,22.77998588634919,164.5188196304749
2024-05-11 08:43:13,0.170751009,0.0538903855579673,2.53980537,164.43970218358527,14866.0,22.77998588634919,164.52436758007337
2024-05-11 08:43:17,0.170755534,0.0538907700338007,2.53982349,164.4414934221719,14870.0,22.77998588634919,164.52668415895056
2024-05-11 08:43:21,0.170764282,0.0538904496372729,2.53980839,164.44780774142416,14874.0,22.77998588634919,164.53352381835066
2024-05-11 08:43:25,0.170763678,0.0538894886598725,2.5397631,164.44899254292244,14878.0,22.77998588634919,164.53523395975796
2024-05-11 08:43:30,0.170766695,0.0538891041840391,2.53974498,164.45130301823286,14883.0,22.77998588634919,164.5382011094722
2024-05-11 08:43:34,0.170770918,0.053888399523861,2.53971177,164.45530061415369,14887.0,22.77998588634919,164.54272404441306
2024-05-11 08:43:38,0.170776046,0.0538890401047335,2.53974196,164.45694566515195,14891.0,22.77998588634919,164.54489443388002
2024-05-11 08:43:42,0.17077484,0.0538887197082057,2.53972686,164.45628675970607,14895.0,22.77998588634919,164.5447608662555
2024-05-11 08:43:46,0.17078208,0.0538887837875113,2.53972988,164.46069133677437,14899.0,22.77998588634919,164.54969078040165
2024-05-11 08:43:51,0.170789018,0.0538881432066387,2.53969969,164.4663176370325,14904.0,22.77998588634919,164.5559737508153
2024-05-11 08:43:55,0.170788716,0.0538878868894165,2.53968761,164.4661498521014,14908.0,22.77998588634919,164.5563313009381
2024-05-11 08:43:59,0.170792638,0.0538867336740994,2.53963326,164.4709329831587,14912.0,22.77998588634919,164.56163976599368
2024-05-11 08:44:03,0.170795051,0.0538873742549719,2.53966345,164.47067576696287,14916.0,22.77998588634919,164.56190788264462
2024-05-11 08:44:07,0.170799576,0.0538872460963608,2.53965741,164.47360524534977,14920.0,22.77998588634919,164.56536269263063
2024-05-11 08:44:11,0.170800782,0.0538871820170552,2.53965439,164.4740671385127,14924.0,22.77998588634919,164.56634991604918
2024-05-11 08:44:16,0.170804101,0.0538868616205274,2.53963929,164.47644728230188,14929.0,22.77998588634919,164.5693867206224
2024-05-11 08:44:20,0.170811341,0.0538873101756664,2.53966043,164.4799982144504,14933.0,22.77998588634919,164.57346297965276
2024-05-11 08:44:24,0.170813754,0.0538875024135831,2.53966949,164.48073652306,14937.0,22.77998588634919,164.57472661348896
2024-05-11 08:44:28,0.17081496,0.0538866695947938,2.53963024,164.48290566743287,14941.0,22.77998588634919,164.57742108133718
2024-05-11 08:44:32,0.170825217,0.0538873101756664,2.53966043,164.48814379699158,14945.0,22.77998588634919,164.58318453252429
2024-05-11 08:44:36,0.170825518,0.0538871179377497,2.53965137,164.48825630965217,14949.0,22.77998588634919,164.58382236487034
2024-05-11 08:44:41,0.170825518,0.0538869897791385,2.53964533,164.48788429871894,14954.0,22.77998588634919,164.5841070006657
2024-05-11 08:44:45,0.170828233,0.0538861569603493,2.53960608,164.49111085320314,14958.0,22.77998588634919,164.5878588701135
2024-05-11 08:44:49,0.170833362,0.053885452087988,2.53957286,164.49574464623123,14962.0,22.77998588634919,164.5930179758509
2024-05-11 08:44:53,0.170838792,0.0538862851189604,2.53961212,164.49717337789195,14966.0,22.77998588634919,164.5949720178709
2024-05-11 08:44:57,0.170840903,0.053886925699833,2.53964231,164.49670420932088,14970.0,22.77998588634919,164.5950281572133
2024-05-11 08:45:02,0.170844221,0.0538856443259048,2.53958192,164.50121847298934,14975.0,22.77998588634919,164.60019905218837
2024-05-11 08:45:06,0.17084754,0.0538865414361827,2.5396242,164.50102576484764,14979.0,22.77998588634919,164.6005316461072
2024-05-11 08:45:10,0.170858098,0.0538882072859443,2.53970271,164.50419709992212,14983.0,22.77998588634919,164.60422828048536
2024-05-11 08:45:14,0.170857494,0.0538876305721942,2.53967553,164.5045297133656,14987.0,22.77998588634919,164.60508619038
2024-05-11 08:45:18,0.170860511,0.0538869897791385,2.53964533,164.50754160814463,14991.0,22.77998588634919,164.6086233786621
2024-05-11 08:45:23,0.170864131,0.0538858365638214,2.53959098,164.51198312051426,14996.0,22.77998588634919,164.61372150361908
2024-05-11 08:45:27,0.170866243,0.0538862851189604,2.53961212,164.5119410500894,15000.0,22.77998588634919,164.6142047197144
2024-05-11 08:45:31,0.170870164,0.0538855161672936,2.53957588,164.5158712485817,15004.0,22.77998588634919,164.61866020146806
2024-05-11 08:45:35,0.170872276,0.0538858365638214,2.53959098,164.5161138746583,15008.0,22.77998588634919,164.61942810745165
2024-05-11 08:45:39,0.170874086,0.0538846192691988,2.53953361,164.51956127435122,15012.0,22.77998588634919,164.62340078360168
2024-05-11 08:45:44,0.170876499,0.0538856443259048,2.53958192,164.5183178591328,15017.0,22.77998588634919,164.6228139589577
2024-05-11 08:45:48,0.170884945,0.0538849396657266,2.53954871,164.52527578907277,15021.0,22.77998588634919,164.63029715724335
2024-05-11 08:45:52,0.170881024,0.0538852598500713,2.5395638,164.5212919153039,15025.0,22.77998588634919,164.62683854805994
2024-05-11 08:45:56,0.170888264,0.0538844270312821,2.53952455,164.52768975274998,15029.0,22.77998588634919,164.6337616462357
2024-05-11 08:46:00,0.170887359,0.0538850678243378,2.53955475,164.52510658505665,15033.0,22.77998588634919,164.63170373532108
2024-05-11 08:46:04,0.170892185,0.0538846192691988,2.53953361,164.5289593082939,15037.0,22.77998588634919,164.63608171129056
2024-05-11 08:46:09,0.170898822,0.0538859647224326,2.53959702,164.52996320631138,15042.0,22.77998588634919,164.63774216938765
2024-05-11 08:46:13,0.170901838,0.0538855161672936,2.53957588,164.53254777467276,15046.0,22.77998588634919,164.64085198102796
2024-05-11 08:46:17,0.170901235,0.0538847474278099,2.53953965,164.53330829093107,15050.0,22.77998588634919,164.64213773620884
2024-05-11 08:46:21,0.17090757,0.0538855802465992,2.5395789,164.53537092162156,15054.0,22.77998588634919,164.64472560137028
2024-05-11 08:46:26,0.170914206,0.0538864132775716,2.53961816,164.53751258495438,15059.0,22.77998588634919,164.64752380138646
2024-05-11 08:46:30,0.170915111,0.0538859647224326,2.53959702,164.538618208745,15063.0,22.77998588634919,164.64915464928347
2024-05-11 08:46:34,0.170920843,0.0538849396657266,2.53954871,164.54438705321547,15067.0,22.77998588634919,164.65544871309913
2024-05-11 08:46:38,0.170919938,0.0538857724845159,2.53958796,164.5413769266575,15071.0,22.77998588634919,164.6529638010299
2024-05-11 08:46:42,0.170924161,0.053885452087988,2.53957286,164.54452253974875,15075.0,22.77998588634919,164.65663462365825
2024-05-11 08:46:47,0.170930194,0.0538864132775716,2.53961816,164.54595677968408,15080.0,22.77998588634919,164.65872536840686
2024-05-11 08:46:51,0.170934116,0.0538862210396549,2.5396091,164.5486066749076,15084.0,22.77998588634919,164.66190046167856
2024-05-11 08:46:55,0.170934719,0.0538864773568771,2.53962118,164.5479343009359,15088.0,22.77998588634919,164.66175328049425
2024-05-11 08:46:59,0.170942562,0.0538864773568771,2.53962118,164.55290410587935,15092.0,22.77998588634919,164.6672482728692
2024-05-11 08:47:04,0.170943769,0.0538868616205274,2.53963929,164.5522392296814,15097.0,22.77998588634919,164.6672398732842
2024-05-11 08:47:08,0.170942261,0.0538867336740994,2.53963326,164.55094188741907,15101.0,22.77998588634919,164.66646770605527
2024-05-11 08:47:12,0.170945881,0.0538864132775716,2.53961816,164.5536650788452,15105.0,22.77998588634919,164.66971606685013
2024-05-11 08:47:16,0.170948294,0.0538855161672936,2.53957588,164.55682451692815,15109.0,22.77998588634919,164.67340066854217
2024-05-11 08:47:20,0.170955534,0.0538864773568771,2.53962118,164.55923545528802,15113.0,22.77998588634919,164.67633676465647
2024-05-11 08:47:24,0.170952819,0.053885900643127,2.539594,164.55808998675067,15117.0,22.77998588634919,164.67571644792406
2024-05-11 08:47:29,0.170958852,0.0538855802465992,2.5395789,164.56237265485754,15122.0,22.77998588634919,164.68065554727605
2024-05-11 08:47:33,0.170963678,0.0538865414361827,2.5396242,164.56309217618676,15126.0,22.77998588634919,164.68190020667683
2024-05-11 08:47:37,0.170967298,0.0538845551898932,2.53953059,164.5695186603724,15130.0,22.77998588634919,164.6888518226762
2024-05-11 08:47:41,0.170963377,0.0538844270312821,2.53952455,164.56653118810902,15134.0,22.77998588634919,164.6863894758739
2024-05-11 08:47:45,0.170965488,0.0538840425554487,2.53950643,164.56833985208343,15138.0,22.77998588634919,164.6887232588619
2024-05-11 08:47:50,0.17096941,0.0538841707140598,2.53951247,164.57014652200226,15143.0,22.77998588634919,164.69118631833666
2024-05-11 08:47:54,0.170973633,0.0538840425554487,2.53950643,164.5728651969835,15147.0,22.77998588634919,164.6944300974783
2024-05-11 08:47:58,0.170977555,0.0538848755864211,2.53954569,164.57323608351635,15151.0,22.77998588634919,164.69532608141617
2024-05-11 08:48:02,0.17097665,0.0538839784761431,2.53950341,164.5740713486423,15155.0,22.77998588634919,164.69668643709718
2024-05-11 08:48:06,0.170979063,0.0538832097366595,2.53946718,164.5769460737416,15159.0,22.77998588634919,164.7000862458068
2024-05-11 08:48:11,0.170981778,0.0538831456573539,2.53946416,164.57833452494455,15164.0,22.77998588634919,164.70213104161255
2024-05-11 08:48:15,0.170985096,0.0538846192691988,2.53953361,164.57685792851686,15168.0,22.77998588634919,164.70117951282376
2024-05-11 08:48:23,0.170998369,0.0538843629519765,2.53952153,164.58567750355303,15176.0,22.77998588634919,164.71104920128678
2024-05-11 08:48:27,0.170997163,0.0538850678243378,2.53955475,164.58274022307648,15180.0,22.77998588634919,164.70863696640916
2024-05-11 08:48:31,0.170998973,0.0538847474278099,2.53953965,164.58419574274689,15184.0,22.77998588634919,164.71061752414283
2024-05-11 08:48:36,0.170999274,0.0538830815780483,2.53946114,164.5874544282208,15189.0,22.77998588634919,164.71453249645498
2024-05-11 08:48:40,0.171001989,0.0538839784761431,2.53950341,164.5868373909575,15193.0,22.77998588634919,164.71444047995442
2024-05-11 08:48:44,0.171005006,0.0538837221589209,2.53949133,164.58899622554264,15197.0,22.77998588634919,164.71712432745977
2024-05-11 08:48:48,0.171008626,0.053883273815965,2.5394702,164.59200460469626,15201.0,22.77998588634919,164.72065771159663
2024-05-11 08:48:52,0.171006816,0.0538837221589209,2.53949133,164.58921442746387,15205.0,22.77998588634919,164.71839253131628
2024-05-11 08:48:56,0.171009531,0.0538835940003097,2.53948529,164.59087672945216,15209.0,22.77998588634919,164.72057982213107
2024-05-11 08:49:01,0.171011944,0.0538813516489812,2.53937961,164.59689779803156,15214.0,22.77998588634919,164.72725711517342
2024-05-11 08:49:05,0.171018279,0.0538830174987428,2.53945812,164.59710701093675,15218.0,22.77998588634919,164.7279912982779
2024-05-11 08:49:09,0.171017977,0.0538831456573539,2.53946416,164.5960854403339,15222.0,22.77998588634919,164.72749468944247
2024-05-11 08:49:13,0.171024312,0.0538841707140598,2.53951247,164.59771964266017,15226.0,22.77998588634919,164.72965384501015
2024-05-11 08:49:17,0.171026725,0.0538830815780483,2.53946114,164.60130753619038,15230.0,22.77998588634919,164.7337666831615
2024-05-11 08:49:21,0.171027329,0.0538835299210042,2.53948227,164.6002087144671,15234.0,22.77998588634919,164.73319279734503
2024-05-11 08:49:25,0.17103125,0.0538830815780483,2.53946114,164.60342822051854,15238.0,22.77998588634919,164.7369372304948
2024-05-11 08:49:30,0.171030949,0.0538831456573539,2.53946416,164.60241865822778,15243.0,22.77998588634919,164.73658381454675
2024-05-11 08:49:34,0.171032155,0.0538831456573539,2.53946416,164.60273876246072,15247.0,22.77998588634919,164.73742882571509
2024-05-11 08:49:38,0.171034568,0.0538831456573539,2.53946416,164.60390458764869,15251.0,22.77998588634919,164.7391195487244
2024-05-11 08:49:42,0.1710403,0.0538825048642982,2.53943396,164.60882118002618,15255.0,22.77998588634919,164.7445610297151
2024-05-11 08:49:46,0.171042713,0.0538826971022149,2.53944302,164.60955946656344,15259.0,22.77998588634919,164.74582419556367
2024-05-11 08:49:50,0.171040602,0.053881799991937,2.53940074,164.6095508265118,15263.0,22.77998588634919,164.74634042542732
2024-05-11 08:49:55,0.171046333,0.0538814798075923,2.53938565,164.61362261319888,15268.0,22.77998588634919,164.75106828615245
2024-05-11 08:49:59,0.171046936,0.0538812875696756,2.53937659,164.6139478972357,15272.0,22.77998588634919,164.75191841862048
2024-05-11 08:50:03,0.171049953,0.0538837221589209,2.53949133,164.61012176222704,15276.0,22.77998588634919,164.74861712234215
2024-05-11 08:50:07,0.17105478,0.0538832097366595,2.53946718,164.61411884637116,15280.0,22.77998588634919,164.75313903542184
2024-05-11 08:50:12,0.171055986,0.0538823767056871,2.53942792,164.61616082085584,15285.0,22.77998588634919,164.75583703215926
2024-05-11 08:50:16,0.171062019,0.0538841707140598,2.53951247,164.61587263437679,15289.0,22.77998588634919,164.75607365223487
2024-05-11 08:50:20,0.171063528,0.0538829534194372,2.5394551,164.61911291266355,15293.0,22.77998588634919,164.75983872697697
2024-05-11 08:50:24,0.171067751,0.0538827611815205,2.53944604,164.62197473977884,15297.0,22.77998588634919,164.76322534035455
2024-05-11 08:50:28,0.171071371,0.0538820563091593,2.53941282,164.62555450617026,15301.0,22.77998588634919,164.76732988272175
2024-05-11 08:50:32,0.171071069,0.0538825048642982,2.53943396,164.62382026611328,15305.0,22.77998588634919,164.7661204082603
2024-05-11 08:50:37,0.171068656,0.0538811594110645,2.53937055,164.62446669922,15310.0,22.77998588634919,164.7674227836217
2024-05-11 08:50:41,0.171069863,0.05388122349037,2.53937357,164.6246451500238,15314.0,22.77998588634919,164.76812597632352
2024-05-11 08:50:45,0.171069561,0.0538804545387032,2.53933733,164.62561950931533,15318.0,22.77998588634919,164.7696250668289
2024-05-11 08:50:49,0.171072276,0.0538804545387032,2.53933733,164.62699722497138,15322.0,22.77998588634919,164.77152750292123
2024-05-11 08:50:53,0.171071974,0.0538790450061639,2.5392709,164.62939688757064,15326.0,22.77998588634919,164.7744518750857
2024-05-11 08:50:57,0.171077404,0.0538796857992195,2.5393011,164.63125143164692,15330.0,22.77998588634919,164.77683111776275
2024-05-11 08:51:02,0.171081929,0.0538806467766199,2.53934639,164.63162823155224,15335.0,22.77998588634919,164.77786377535807
2024-05-11 08:51:06,0.171087057,0.0538800700628698,2.53931921,164.63597998321274,15339.0,22.77998588634919,164.7827402006081
2024-05-11 08:51:10,0.171085247,0.0538808390145366,2.53935545,164.6324761369909,15343.0,22.77998588634919,164.77976101670802
2024-05-11 08:51:14,0.171084946,0.0538799419042587,2.53931317,164.63373660560032,15347.0,22.77998588634919,164.78154613627828
2024-05-11 08:51:18,0.171087962,0.0538804545387032,2.53933733,164.63418471857244,15351.0,22.77998588634919,164.78251888875695
2024-05-11 08:51:23,0.171092789,0.0538800700628698,2.53931921,164.6377667634942,15356.0,22.77998588634919,164.7867567168125
2024-05-11 08:51:27,0.171093392,0.0538809671731478,2.53936149,164.63566856136623,15360.0,22.77998588634919,164.78518312807853
2024-05-11 08:51:31,0.171097615,0.0538805826973144,2.53934337,164.63895853676468,15364.0,22.77998588634919,164.788997705114
2024-05-11 08:51:35,0.171102743,0.05388122349037,2.53937357,164.64060133642633,15368.0,22.77998588634919,164.79116509456273
2024-05-11 08:51:39,0.171102743,0.0538801341421754,2.53932223,164.642500738773,15372.0,22.77998588634919,164.79358907475338
2024-05-11 08:51:44,0.171108173,0.0538806467766199,2.53934639,164.64450918324425,15377.0,22.77998588634919,164.79625322459302
2024-05-11 08:51:48,0.171107872,0.0538807108559255,2.53934941,164.64363112737445,15381.0,22.77998588634919,164.7958997193553
2024-05-11 08:51:52,0.171108475,0.0538803904593977,2.53933431,164.64424207960792,15385.0,22.77998588634919,164.79703520997566
2024-05-11 08:51:56,0.17110938,0.0538800700628698,2.53931921,164.6450646745529,15389.0,22.77998588634919,164.79838233096947
2024-05-11 08:52:00,0.171115413,0.0538807749352311,2.53935243,164.64719901263314,15393.0,22.77998588634919,164.8010411826675
2024-05-11 08:52:04,0.171115715,0.0538800059835642,2.53931619,164.64859733362323,15397.0,22.77998588634919,164.80296400475166
2024-05-11 08:52:09,0.171121748,0.0538816077540203,2.53939168,164.6486045840446,15402.0,22.77998588634919,164.80362686378763
2024-05-11 08:52:13,0.171126876,0.0538810312524533,2.53936451,164.65295629160542,15406.0,22.77998588634919,164.8085030439248
2024-05-11 08:52:17,0.171125066,0.0538817359126314,2.53939772,164.64959538324544,15410.0,22.77998588634919,164.80566659531584
2024-05-11 08:52:21,0.171122955,0.0538804545387032,2.53933733,164.65044333899385,15414.0,22.77998588634919,164.8070389978974
2024-05-11 08:52:26,0.17112386,0.0538803904593977,2.53933431,164.65056455625032,15419.0,22.77998588634919,164.80781575538833
2024-05-11 08:52:30,0.171128686,0.053880198221481,2.53932525,164.65384964641143,15423.0,22.77998588634919,164.81162526297862
2024-05-11 08:52:34,0.171130798,0.0538797498785251,2.53930412,164.65580300182344,15427.0,22.77998588634919,164.81410302260093
2024-05-11 08:52:38,0.171129591,0.0538784042131082,2.5392407,164.65742783240785,15431.0,22.77998588634919,164.81625224408424
2024-05-11 08:52:42,0.171129893,0.0538781478958859,2.53922862,164.65768557413014,15435.0,22.77998588634919,164.81703436330156
2024-05-11 08:52:47,0.171138339,0.0538796857992195,2.5393011,164.6595255916718,15440.0,22.77998588634919,164.81952983372187
2024-05-11 08:52:51,0.171136831,0.0538793013233861,2.53928298,164.658800283159,15444.0,22.77998588634919,164.8193288722074
2024-05-11 08:52:55,0.171144372,0.0538782119751915,2.53923164,164.66598494402635,15448.0,22.77998588634919,164.82703786636876
2024-05-11 08:52:59,0.171139546,0.0538789168475527,2.53926486,164.66050988514678,15452.0,22.77998588634919,164.82208712698673
2024-05-11 08:53:03,0.171138641,0.053878724609636,2.5392558,164.6597792949217,15456.0,22.77998588634919,164.82188084237026
2024-05-11 08:53:07,0.171141959,0.0538780199494579,2.53922259,164.66314855391744,15460.0,22.77998588634919,164.8257743929935
2024-05-11 08:53:12,0.171144071,0.0538792372440806,2.53927996,164.66126362984545,15465.0,22.77998588634919,164.82454481365454
2024-05-11 08:53:16,0.171150707,0.0538792372440806,2.53927996,164.66538944379502,15469.0,22.77998588634919,164.82919488743698
2024-05-11 08:53:20,0.171147389,0.0538783401338026,2.53923768,164.66453705699348,15473.0,22.77998588634919,164.8288667461876
2024-05-11 08:53:24,0.171152216,0.0538789809268583,2.53926788,164.66596892625978,15477.0,22.77998588634919,164.8308228466333
2024-05-11 08:53:28,0.171155534,0.0538789809268583,2.53926788,164.66776975749738,15481.0,22.77998588634919,164.83314789458535
2024-05-11 08:53:33,0.171155835,0.0538782760544971,2.53923466,164.66889450534924,15486.0,22.77998588634919,164.83492789284895
2024-05-11 08:53:37,0.171152216,0.0538785964510249,2.53924976,164.66512111185645,15490.0,22.77998588634919,164.8316786831883
2024-05-11 08:53:41,0.171152216,0.0538784682924138,2.53924372,164.6648822243542,15494.0,22.77998588634919,164.83196396475432
2024-05-11 08:53:45,0.171153422,0.0538787886889416,2.53925882,164.66448996154844,15498.0,22.77998588634919,164.83209585616123
2024-05-11 08:53:49,0.171149802,0.0538772509977911,2.53918635,164.66485206578724,15502.0,22.77998588634919,164.83298209966503
2024-05-11 08:53:54,0.171149802,0.0538784682924138,2.53924372,164.66148718086086,15507.0,22.77998588634919,164.83027236766003
2024-05-11 08:53:58,0.171149501,0.0538771869184856,2.53918333,164.66360452419931,15511.0,22.77998588634919,164.8329138162958
2024-05-11 08:54:02,0.171146484,0.0538775073150134,2.53919843,164.6602530264627,15515.0,22.77998588634919,164.8300864086106
2024-05-11 08:54:06,0.171147087,0.0538784682924138,2.53924372,164.65801238962553,15519.0,22.77998588634919,164.82836984648733
2024-05-11 08:54:10,0.171151311,0.0538769306012633,2.53917125,164.66387126908992,15523.0,22.77998588634919,164.8347527852364
2024-05-11 08:54:15,0.171152819,0.0538760337031685,2.53912898,164.66626962723515,15528.0,22.77998588634919,164.83780619565053
2024-05-11 08:54:19,0.171152819,0.053877571394319,2.53920145,164.6623224646666,15532.0,22.77998588634919,164.834383057316
2024-05-11 08:54:23,0.171155835,0.0538782760544971,2.53923466,164.66234329169237,15536.0,22.77998588634919,164.83492789284895
2024-05-11 08:54:27,0.171166997,0.0538793654026917,2.539286,164.66721595965396,15540.0,22.77998588634919,164.8403245534994
2024-05-11 08:54:32,0.171169712,0.0538769306012633,2.53917125,164.67388398949345,15545.0,22.77998588634919,164.84764755181612
2024-05-11 08:54:36,0.171177555,0.0538783401338026,2.53923768,164.67571793440456,15549.0,22.77998588634919,164.85000545349055
2024-05-11 08:54:40,0.171178762,0.0538769306012633,2.53917125,164.6791780416755,15553.0,22.77998588634919,164.85398950140944
2024-05-11 08:54:44,0.171179968,0.0538776995529301,2.53920749,164.67778718803987,15557.0,22.77998588634919,164.85312257221509
2024-05-11 08:54:48,0.17119475,0.0538780199494579,2.53922259,164.6869085089338,15561.0,22.77998588634919,164.8627678012523
2024-05-11 08:54:53,0.171191733,0.0538788527682472,2.53926184,164.682285159536,15566.0,22.77998588634919,164.85879931397548
2024-05-11 08:54:57,0.17119113,0.05387712283918,2.53918031,164.68519055168716,15570.0,22.77998588634919,164.8622285772659
2024-05-11 08:55:01,0.171183286,0.0538760337031685,2.53912898,164.68159493330532,15574.0,22.77998588634919,164.859156813429
2024-05-11 08:55:05,0.17118751,0.0538768665219577,2.53916823,164.68217679895295,15578.0,22.77998588634919,164.8602625169361
2024-05-11 08:55:09,0.171186605,0.0538770587598744,2.53917729,164.6805907436731,15582.0,22.77998588634919,164.85920028273918
2024-05-11 08:55:13,0.171182985,0.0538764820461243,2.53915011,164.6788142501724,15586.0,22.77998588634919,164.8579475934539
2024-05-11 08:55:18,0.17118208,0.0538768665219577,2.53916823,164.67666925686967,15591.0,22.77998588634919,164.85645733156184
2024-05-11 08:55:22,0.171186001,0.0538770587598744,2.53917729,164.67846517807095,15595.0,22.77998588634919,164.858777018694
2024-05-11 08:55:26,0.171195051,0.0538777636322357,2.53921051,164.6827138633381,15599.0,22.77998588634919,164.86354945272893
2024-05-11 08:55:30,0.171205911,0.0538776354736245,2.53920447,164.69008575798514,15603.0,22.77998588634919,164.87144507888985
2024-05-11 08:55:34,0.171209531,0.0538776354736245,2.53920447,164.6920987978599,15607.0,22.77998588634919,164.8739818329338
2024-05-11 08:55:39,0.171212246,0.0538772509977911,2.53918635,164.694202931431,15612.0,22.77998588634919,164.87674058468707
2024-05-11 08:55:43,0.171217072,0.0538789809268583,2.53926788,164.6932087744373,15616.0,22.77998588634919,164.87627010250517
2024-05-11 08:55:47,0.171220089,0.0538783401338026,2.53923768,164.69622623767938,15620.0,22.77998588634919,164.87981122291956
2024-05-11 08:55:51,0.171221899,0.0538773150770967,2.53918937,164.69925374554305,15624.0,22.77998588634919,164.88336237022537
2024-05-11 08:55:56,0.171220391,0.053876674284041,2.53915917,164.69896953644312,15629.0,22.77998588634919,164.88373268535713
2024-05-11 08:56:00,0.171219184,0.0538757773859462,2.5391169,164.69959757040877,15633.0,22.77998588634919,164.88488431854097
2024-05-11 08:56:04,0.171220692,0.0538769946805689,2.53917427,164.6974197489526,15637.0,22.77998588634919,164.88323007827867
2024-05-11 08:56:08,0.171220089,0.0538761618617796,2.53913502,164.69832836423845,15641.0,22.77998588634919,164.8846622566436
2024-05-11 08:56:12,0.171215866,0.0538755851480295,2.53910784,164.69612980694902,15645.0,22.77998588634919,164.88298724422805
2024-05-11 08:56:17,0.171220391,0.0538766102047355,2.53915615,164.69636355145946,15650.0,22.77998588634919,164.88387539409223
2024-05-11 08:56:21,0.171219184,0.0538757773859462,2.5391169,164.69684897232628,15654.0,22.77998588634919,164.88488431854097
2024-05-11 08:56:25,0.171224614,0.0538759055445573,2.53912294,164.69984531654706,15658.0,22.77998588634919,164.88840414784505
2024-05-11 08:56:29,0.171225217,0.0538743037741013,2.53904745,164.7033119723794,15662.0,22.77998588634919,164.89239427017185
2024-05-11 08:56:34,0.17123125,0.0538752006721961,2.53908972,164.7048879002217,15667.0,22.77998588634919,164.89462450485428
2024-05-11 08:56:38,0.171228837,0.0538745600913236,2.53905953,164.70410024218006,15671.0,22.77998588634919,164.89436027115255
2024-05-11 08:56:42,0.171235775,0.0538746241706291,2.53906255,164.70829626016888,15675.0,22.77998588634919,164.8990796945996
2024-05-11 08:56:46,0.17123487,0.0538754569894184,2.5391018,164.70528364157803,15679.0,22.77998588634919,164.89659046249523
2024-05-11 08:56:50,0.171230345,0.0538757133066406,2.53911388,164.7010183128509,15683.0,22.77998588634919,164.89284850119287
2024-05-11 08:56:54,0.171241205,0.0538761618617796,2.53913502,164.70710638951005,15687.0,22.77998588634919,164.89945992612516
2024-05-11 08:56:59,0.171243618,0.0538764820461243,2.53915011,164.70743004036296,15692.0,22.77998588634919,164.9004377352506
2024-05-11 08:57:03,0.171246032,0.0538750084342794,2.53908066,164.71188087649546,15696.0,22.77998588634919,164.90541187623643
2024-05-11 08:57:07,0.171253573,0.0538757773859462,2.5391169,164.71492939778804,15700.0,22.77998588634919,164.90898368293887
2024-05-11 08:57:11,0.171250557,0.0538755851480295,2.53910784,164.7127207681511,15704.0,22.77998588634919,164.90729831917844
2024-05-11 08:57:15,0.171248445,0.0538754569894184,2.5391018,164.71100292551952,15708.0,22.77998588634919,164.9061037228004
2024-05-11 08:57:20,0.171245127,0.0538759055445573,2.53912294,164.70702450988844,15713.0,22.77998588634919,164.90277933725486
2024-05-11 08:57:24,0.17124754,0.0538753929101128,2.53909878,164.7093342134547,15717.0,22.77998588634919,164.90561224259517
2024-05-11 08:57:28,0.171252668,0.0538753288308072,2.53909576,164.7125474542836,15721.0,22.77998588634919,164.90934866528397
2024-05-11 08:57:32,0.171255383,0.0538745600913236,2.53905953,164.71563945792656,15725.0,22.77998588634919,164.9129638307832
2024-05-11 08:57:36,0.17126021,0.0538752006721961,2.53908972,164.71707205703044,15729.0,22.77998588634919,164.91491957165027
2024-05-11 08:57:41,0.171259606,0.0538743678534069,2.53905047,164.71785018460062,15734.0,22.77998588634919,164.91635159803235
2024-05-11 08:57:45,0.171265639,0.053874496012018,2.53905651,164.72126954928382,15738.0,22.77998588634919,164.92029405894243
2024-05-11 08:57:49,0.171262623,0.0538760337031685,2.53912898,164.71520725528364,15742.0,22.77998588634919,164.9147548407857
2024-05-11 08:57:53,0.171259606,0.0538754569894184,2.5391018,164.71385465079874,15746.0,22.77998588634919,164.91392529167155
2024-05-11 08:57:58,0.171269863,0.0538748802756683,2.53907462,164.7216737411407,15751.0,22.77998588634919,164.9223981723013
2024-05-11 08:58:02,0.171270466,0.0538743037741013,2.53904745,164.72285770525298,15755.0,22.77998588634919,164.92410514539466
2024-05-11 08:58:06,0.171277404,0.0538742396947957,2.53904443,164.72733970419733,15759.0,22.77998588634919,164.92911013255764
2024-05-11 08:58:10,0.171279214,0.0538744319327124,2.53905349,164.72765689044536,15763.0,22.77998588634919,164.92995028617287
2024-05-11 08:58:14,0.171278611,0.0538749443549738,2.53907764,164.72556967964974,15767.0,22.77998588634919,164.92838602180393
2024-05-11 08:58:18,0.171280421,0.053875072513585,2.53908368,164.72602966750316,15771.0,22.77998588634919,164.9293689350547
2024-05-11 08:58:23,0.171282231,0.0538728301622564,2.538978,164.73164069041903,15776.0,22.77998588634919,164.9356335850091
2024-05-11 08:58:27,0.171281929,0.0538735989017401,2.53901423,164.72919328336175,15780.0,22.77998588634919,164.933709055708
2024-05-11 08:58:31,0.171285549,0.0538746241706291,2.53906255,164.72892294973138,15784.0,22.77998588634919,164.93396157851564
2024-05-11 08:58:35,0.171292789,0.0538742396947957,2.53904443,164.734330637747,15788.0,22.77998588634919,164.93989210156232
2024-05-11 08:58:39,0.171295805,0.0538752647515017,2.53909274,164.73363741766568,15792.0,22.77998588634919,164.9397216950165
2024-05-11 08:58:43,0.171297615,0.053875072513585,2.53908368,164.73481141461974,15796.0,22.77998588634919,164.94141848392184
2024-05-11 08:58:48,0.171298219,0.0538744319327124,2.53905349,164.73600861278229,15801.0,22.77998588634919,164.94326914153572
2024-05-11 08:58:52,0.171299425,0.0538735989017401,2.53901423,164.73818730962964,15805.0,22.77998588634919,164.94597058144592
2024-05-11 08:58:56,0.171300632,0.0538741115361846,2.53903839,164.73736814465477,15809.0,22.77998588634919,164.945674137662
2024-05-11 08:59:00,0.171301235,0.0538737270603512,2.53902027,164.73812478517505,15813.0,22.77998588634919,164.94695347741276
2024-05-11 08:59:05,0.17130214,0.0538737911396568,2.53902329,164.73796288838327,15818.0,22.77998588634919,164.9474449236426
2024-05-11 08:59:09,0.171304554,0.0538738552189623,2.53902631,164.73898921448634,15822.0,22.77998588634919,164.94899389924217
2024-05-11 08:59:13,0.171311492,0.0538748802756683,2.53907462,164.74104456462314,15826.0,22.77998588634919,164.95157187662795
2024-05-11 08:59:17,0.17131481,0.0538737911396568,2.53902329,164.7452743989803,15830.0,22.77998588634919,164.9563243158984
2024-05-11 08:59:21,0.171317223,0.0538741115361846,2.53903839,164.74572886975744,15834.0,22.77998588634919,164.95730136916495
2024-05-11 08:59:26,0.171319938,0.0538752006721961,2.53908972,164.7445511899231,15839.0,22.77998588634919,164.95677688577456
2024-05-11 08:59:30,0.171320542,0.0538754569894184,2.5391018,164.7438807378415,15843.0,22.77998588634919,164.95662896540657
2024-05-11 08:59:34,0.17132205,0.0538746880377516,2.53906556,164.74612868384304,15847.0,22.77998588634919,164.95939942041153
2024-05-11 08:59:38,0.171322351,0.0538737270603512,2.53902027,164.74795880165004,15851.0,22.77998588634919,164.961752024424
2024-05-11 08:59:42,0.171320542,0.0538739192982679,2.53902933,164.74574012196922,15855.0,22.77998588634919,164.9600558080627
2024-05-11 08:59:47,0.171320843,0.0538739833775735,2.53903235,164.74515521303007,15860.0,22.77998588634919,164.96012394595573
2024-05-11 08:59:51,0.171322955,0.0538728301622564,2.538978,164.7486831041411,15864.0,22.77998588634919,164.9641742485717
2024-05-11 08:59:55,0.171326575,0.0538729581086844,2.53898403,164.75041257022315,15868.0,22.77998588634919,164.9664261029874
2024-05-11 08:59:59,0.171329591,0.0538732785052122,2.53899913,164.7512898130188,15872.0,22.77998588634919,164.9678257108578
2024-05-11 09:00:03,0.171328988,0.053874496012018,2.53905651,164.7476313658249,15876.0,22.77998588634919,164.96468960539204
2024-05-11 09:00:08,0.171336831,0.0538738552189623,2.53902631,164.7539031562652,15881.0,22.77998588634919,164.97161429002793
2024-05-11 09:00:12,0.171335624,0.0538734707431289,2.53900819,164.75339191338907,15885.0,22.77998588634919,164.9716253360299
2024-05-11 09:00:16,0.171333815,0.0538741756154902,2.53904141,164.75003082885252,15889.0,22.77998588634919,164.96878651674035
2024-05-11 09:00:20,0.171339546,0.0538750084342794,2.53908066,164.75166876624988,15893.0,22.77998588634919,164.97094669566633
2024-05-11 09:00:24,0.171344674,0.0538749443549738,2.53907764,164.75488310497425,15897.0,22.77998588634919,164.97468325211344
2024-05-11 09:00:29,0.171343468,0.0538752006721961,2.53908972,164.75281390587645,15902.0,22.77998588634919,164.97326679155907
2024-05-11 09:00:33,0.171346484,0.0538748161963627,2.5390716,164.75526231375352,15906.0,22.77998588634919,164.97623736327662
2024-05-11 09:00:37,0.171346484,0.0538751365928905,2.5390867,164.7540260494575,15910.0,22.77998588634919,164.97552323873168
2024-05-11 09:00:41,0.171346786,0.0538741756154902,2.53904141,164.75585750673216,15914.0,22.77998588634919,164.97787681158087
2024-05-11 09:00:45,0.171351914,0.053874047456879,2.53903537,164.75921487206398,15918.0,22.77998588634919,164.98175626822365
2024-05-11 09:00:50,0.171356137,0.0538750084342794,2.53908066,164.7593797915753,15923.0,22.77998588634919,164.98257376762035
2024-05-11 09:00:54,0.171355836,0.0538746241706291,2.53906255,164.75950334093702,15927.0,22.77998588634919,164.98321935338174
2024-05-11 09:00:58,0.171356741,0.0538742396947957,2.53904443,164.76047258108989,15931.0,22.77998588634919,164.984710605388
2024-05-11 09:01:02,0.171355534,0.0538747521170571,2.53906858,164.7579625019471,15935.0,22.77998588634919,164.98272251346555
2024-05-11 09:01:06,0.171359154,0.0538741115361846,2.53903839,164.76140537975235,15939.0,22.77998588634919,164.98668735377117
2024-05-11 09:01:10,0.171363679,0.053874047456879,2.53903537,164.7641974858929,15943.0,22.77998588634919,164.99000139760545
2024-05-11 09:01:14,0.171366092,0.0538745600913236,2.53905953,164.76422388951832,15947.0,22.77998588634919,164.9905497140312
2024-05-11 09:01:19,0.171369109,0.0538742396947957,2.53904443,164.76640011700755,15952.0,22.77998588634919,164.9933782973826
2024-05-11 09:01:23,0.171374237,0.0538750084342794,2.53908066,164.7677583189441,15956.0,22.77998588634919,164.99525835579277
2024-05-11 09:01:27,0.171375142,0.0538747521170571,2.53906858,164.7684421142796,15960.0,22.77998588634919,164.99646398242712
2024-05-11 09:01:31,0.171371522,0.0538735989017401,2.53901423,164.767954205999,15964.0,22.77998588634919,164.99649788018422
2024-05-11 09:01:40,0.17137484,0.0538743678534069,2.53905047,164.7673913245576,15973.0,22.77998588634919,164.99710896951885
2024-05-11 09:01:44,0.171376047,0.0538738552189623,2.53902631,164.76885831718664,15977.0,22.77998588634919,164.9990976854902
2024-05-11 09:01:48,0.171379968,0.0538743037741013,2.53904745,164.7700845421469,15981.0,22.77998588634919,165.00084560816478
2024-05-11 09:01:52,0.17138389,0.0538737270603512,2.53902027,164.77359724953854,15985.0,22.77998588634919,165.0048799875565
2024-05-11 09:01:56,0.171389018,0.05387302218799,2.53898705,164.7782410199364,15989.0,22.77998588634919,165.01004540415408
2024-05-11 09:02:01,0.171391733,0.0538750084342794,2.53908066,164.7750633107558,15994.0,22.77998588634919,165.0075197163104
2024-05-11 09:02:05,0.17139475,0.0538749443549738,2.53907764,164.77679893744966,15998.0,22.77998588634919,165.00977693083874
2024-05-11 09:02:09,0.17138932,0.0538745600913236,2.53905953,164.7733286692899,16002.0,22.77998588634919,165.0068282244336
2024-05-11 09:02:13,0.171386605,0.0538735348224345,2.53901121,164.7731902451064,16006.0,22.77998588634919,165.0072113358391
2024-05-11 09:02:17,0.171391431,0.0538735989017401,2.53901423,164.7759080735545,16010.0,22.77998588634919,165.01045067362466
2024-05-11 09:02:22,0.171391733,0.0538725738450341,2.53896592,164.7777533818323,16015.0,22.77998588634919,165.0129478315275
2024-05-11 09:02:26,0.171396861,0.0538732785052122,2.53899913,164.77925466082306,16019.0,22.77998588634919,165.01497056047634
2024-05-11 09:02:30,0.171397465,0.0538732785052122,2.53899913,164.7791565411269,16023.0,22.77998588634919,165.01539386420825
2024-05-11 09:02:34,0.171398068,0.0538734707431289,2.53900819,164.77862911463382,16027.0,22.77998588634919,165.01538783452764
2024-05-11 09:02:38,0.171401688,0.0538736629810456,2.53901725,164.78021611595267,16031.0,22.77998588634919,165.01749620595783
2024-05-11 09:02:42,0.171403196,0.0538736629810456,2.53901725,164.7807516227473,16035.0,22.77998588634919,165.01855305607722
2024-05-11 09:02:47,0.171403498,0.05387302218799,2.53898705,164.78174045397137,16040.0,22.77998588634919,165.02019352865852
2024-05-11 09:02:51,0.171406514,0.0538743037741013,2.53904745,164.7804752358644,16044.0,22.77998588634919,165.0194495932943
2024-05-11 09:02:55,0.171407118,0.0538729581086844,2.53898403,164.78337783378566,16048.0,22.77998588634919,165.02287344689438
2024-05-11 09:02:59,0.171409531,0.0538734707431289,2.53900819,164.78340462428696,16052.0,22.77998588634919,165.0234214659253
2024-05-11 09:03:03,0.171409833,0.0538730862672955,2.53899007,164.7839524011625,16056.0,22.77998588634919,165.02449044409622
2024-05-11 09:03:08,0.171411341,0.0538730862672955,2.53899007,164.78435779940426,16061.0,22.77998588634919,165.02554730552922
2024-05-11 09:03:12,0.171417977,0.0538734066638234,2.53900517,164.78777293666073,16065.0,22.77998588634919,165.02948358249273
2024-05-11 09:03:16,0.171414659,0.0538725738450341,2.53896592,164.7867836037905,16069.0,22.77998588634919,165.02901536181884
2024-05-11 09:03:20,0.171421296,0.0538737270603512,2.53902027,164.78834232300744,16073.0,22.77998588634919,165.03109516563654
2024-05-11 09:03:24,0.171417676,0.0538723816071174,2.53895686,164.78828460197207,16077.0,22.77998588634919,165.03155850152146
2024-05-11 09:03:29,0.171418581,0.0538721252898952,2.53894478,164.78883918749446,16082.0,22.77998588634919,165.0327643691394
2024-05-11 09:03:33,0.171423407,0.0538735348224345,2.53901121,164.78855712977102,16086.0,22.77998588634919,165.0330033057453
2024-05-11 09:03:37,0.171423709,0.0538718048933673,2.53892968,164.79210571233324,16090.0,22.77998588634919,165.03707285468104
2024-05-11 09:03:41,0.171425821,0.0538723816071174,2.53895686,164.79177880875025,16094.0,22.77998588634919,165.0372668894312
2024-05-11 09:03:45,0.171429742,0.0538728940293788,2.53898101,164.79286312487517,16098.0,22.77998588634919,165.03887211576426
2024-05-11 09:03:50,0.171429441,0.0538727020036453,2.53897196,164.79242932126917,16103.0,22.77998588634919,165.03908941023903
2024-05-11 09:03:54,0.17143125,0.0538735348224345,2.53901121,164.79131898501439,16107.0,22.77998588634919,165.0384999206025
2024-05-11 09:03:58,0.171437585,0.0538735348224345,2.53901121,164.79523792901915,16111.0,22.77998588634919,165.04293968282616
2024-05-11 09:04:02,0.17143668,0.0538737911396568,2.53902329,164.7935112548043,16115.0,22.77998588634919,165.04173379834663
2024-05-11 09:04:06,0.1714403,0.0538731503466011,2.53899309,164.79695661075974,16119.0,22.77998588634919,165.04569991546958
2024-05-11 09:04:10,0.171435775,0.0538721252898952,2.53894478,164.79555072954523,16123.0,22.77998588634919,165.04481476677063
2024-05-11 09:04:15,0.171436379,0.053871997131284,2.53893874,164.79560899997549,16128.0,22.77998588634919,165.04552391242532
2024-05-11 09:04:19,0.171441809,0.0538719330519785,2.53893572,164.7990368728014,16132.0,22.77998588634919,165.0494724529924
2024-05-11 09:04:23,0.1714403,0.053871997131284,2.53893874,164.7973157288676,16136.0,22.77998588634919,165.0482719478747
2024-05-11 09:04:27,0.171443619,0.0538729581086844,2.53898403,164.79697791180473,16140.0,22.77998588634919,165.0484547406189
2024-05-11 09:04:31,0.17144754,0.0538738552189623,2.53902631,164.7972044571757,16144.0,22.77998588634919,165.0492018667041
2024-05-11 09:04:36,0.171446635,0.053872445686423,2.53895988,164.7990632869967,16149.0,22.77998588634919,165.05171138137842
2024-05-11 09:04:40,0.171448747,0.05387302218799,2.53898705,164.79873712256364,16153.0,22.77998588634919,165.05190573189444
2024-05-11 09:04:44,0.171450255,0.0538721252898952,2.53894478,164.80127400436862,16157.0,22.77998588634919,165.0549630992836
2024-05-11 09:04:48,0.171454478,0.0538725738450341,2.53896592,164.8027127390386,16161.0,22.77998588634919,165.05692229008923
2024-05-11 09:04:52,0.171455685,0.0538738552189623,2.53902631,164.8001801594572,16165.0,22.77998588634919,165.05491013711145
2024-05-11 09:04:57,0.1714584,0.0538725738450341,2.53896592,164.80429054934194,16170.0,22.77998588634919,165.05967101859414
2024-05-11 09:05:01,0.171458701,0.0538732144259067,2.53899611,164.80255230078362,16174.0,22.77998588634919,165.05845312988737
2024-05-11 09:05:05,0.17146021,0.0538721893692007,2.5389478,164.80537600987515,16178.0,22.77998588634919,165.0617971690274
2024-05-11 09:05:09,0.17146383,0.0538732785052122,2.53899913,164.8049633465365,16182.0,22.77998588634919,165.06190480585093
