time,voltage,current,shunt_voltage,temperature,temperature old
2024-06-06 22:35:23,0.155736961,0.0332489171233908,1.56699154,222.02714241998945,222.02714241998945
2024-06-06 22:35:28,0.156055513,0.0332428945174,1.5667077,222.42445801495748,222.42513667150632
2024-06-06 22:35:32,0.156292316,0.0332381532853375,1.56648425,222.72131403034396,222.7225356187294
2024-06-06 22:35:36,0.156470899,0.0332344371099808,1.56630911,222.94588027784215,222.94764480389392
2024-06-06 22:35:40,0.156621427,0.0332326431016081,1.56622456,223.1278863248839,223.13019379439956
2024-06-06 22:35:45,0.156856118,0.0332301442208741,1.56610679,223.4102595553228,223.4132457122724
2024-06-06 22:35:49,0.156947219,0.0332280938952791,1.56601016,223.5254666198279,223.52899573316904
2024-06-06 22:35:53,0.157030175,0.0332268766006565,1.56595279,223.62681269568336,223.6308847711097
2024-06-06 22:35:57,0.15710197,0.0332220712892883,1.56572632,223.73483789391562,223.73945293708903
2024-06-06 22:36:01,0.157166525,0.0332204054395267,1.56564781,223.817512002217,223.82267001876747
2024-06-06 22:36:05,0.157231684,0.0332188036690707,1.56557232,223.9005413209394,223.90624231646524
2024-06-06 22:36:10,0.157292619,0.0332183551139317,1.56555118,223.97231637155014,223.97869609861945
2024-06-06 22:36:14,0.157344806,0.0332173300572257,1.56550287,224.0373161145534,224.04423883307825
2024-06-06 22:36:18,0.157399406,0.033217137819309,1.56549381,224.10055888614775,224.10802460162355
2024-06-06 22:36:22,0.157492921,0.0332156001281586,1.56542134,224.21585158994532,224.22386030783585
2024-06-06 22:36:27,0.15753093,0.0332158562331977,1.56543341,224.25745570935536,224.26614318789984
2024-06-06 22:36:31,0.157568336,0.0332123963750633,1.56527035,224.31876159805253,224.32799209119017
2024-06-06 22:36:35,0.157612076,0.0332118839528019,1.5652462,224.37128397217842,224.3810574852708
2024-06-06 22:36:39,0.157643449,0.033213037168119,1.56530055,224.4005078533362,224.4108243917136
2024-06-06 22:36:44,0.157688094,0.0332122043493298,1.5652613,224.45568414273006,224.4666794701616
2024-06-06 22:36:48,0.157717959,0.0332114994769685,1.56522808,224.49331342325547,224.50485178785064
2024-06-06 22:36:52,0.157746918,0.0332105384995682,1.56518279,224.53130152314537,224.5433829301328
2024-06-06 22:36:56,0.157807853,0.0332098336272069,1.56514957,224.60464843721527,224.6172728917925
2024-06-06 22:37:00,0.157829573,0.0332100258651236,1.56515863,224.62802143594465,224.64118894327805
2024-06-06 22:37:05,0.157856119,0.0332074629050841,1.56503784,224.6718604639075,224.68570679440413
2024-06-06 22:37:09,0.157889,0.0332073988257785,1.56503482,224.70946626064458,224.7238556554084
2024-06-06 22:37:13,0.157907401,0.0332060533725447,1.56497141,224.73743143600333,224.7523639001
2024-06-06 22:37:17,0.157931835,0.033205861134628,1.56496235,224.76602937039985,224.7815049088642
2024-06-06 22:37:21,0.157951141,0.0332047079193109,1.564908,224.79398769640727,224.8100063142432
2024-06-06 22:37:26,0.157976481,0.0332052205537555,1.56493216,224.81963781842543,224.83633529246575
2024-06-06 22:37:30,0.158003932,0.033205861134628,1.56496235,224.84715003009106,224.8643905946493
2024-06-06 22:37:34,0.158039829,0.0332048360779221,1.56491404,224.8934851039398,224.91126876392005
2024-06-06 22:37:38,0.158059437,0.033203234307466,1.56483855,224.92425182455645,224.94257858483203
2024-06-06 22:37:43,0.15807452,0.0332025294351048,1.56480533,224.94477326275293,224.9637789052043
2024-06-06 22:37:47,0.158100161,0.0332029779902438,1.56482647,224.97125620485602,224.99080495845607
2024-06-06 22:37:51,0.158111021,0.0332024653557992,1.56480231,224.98600654688298,225.00609841640585
2024-06-06 22:37:55,0.158130327,0.033202209038577,1.56479023,225.0090652258619,225.02970021605128
2024-06-06 22:38:00,0.158148728,0.0332018886420491,1.56477513,225.03129887384395,225.05261277149103
2024-06-06 22:38:04,0.158159588,0.0332007995060376,1.5647238,225.04920875821026,225.07106578708616
2024-06-06 22:38:08,0.158193072,0.0332007354267321,1.56472078,225.08751927762313,225.10991944237293
2024-06-06 22:38:12,0.158205742,0.033201183981871,1.56474192,225.09908748433315,225.1220307895717
2024-06-06 22:38:17,0.158218713,0.0331995181321094,1.56466341,225.1224523620375,225.14607459933077
2024-06-06 22:38:21,0.1582344,0.0332000946336764,1.56469058,225.13678870505987,225.16095409311515
2024-06-06 22:38:25,0.158248879,0.033199582211415,1.56466643,225.15570401351312,225.18041255684733
2024-06-06 22:38:30,0.158261247,0.0331999026079428,1.56468153,225.16749124157693,225.192878735316
2024-06-06 22:38:34,0.158276934,0.0331988773390537,1.56463321,225.19060810013778,225.2165387592092
2024-06-06 22:38:38,0.158285682,0.0331981726788756,1.5646,225.2039885905383,225.2304624193616
2024-06-06 22:38:42,0.158309513,0.0331994540528038,1.56466039,225.22382446166043,225.25084146462527
2024-06-06 22:38:46,0.158315244,0.0331988773390537,1.56463321,225.2330343829666,225.26059456443272
2024-06-06 22:38:50,0.158334852,0.0331968910927643,1.5645396,225.26593470486242,225.2940380691599
2024-06-06 22:38:55,0.158340885,0.0331970192513754,1.56454564,225.2714910223685,225.30027337124912
2024-06-06 22:38:59,0.158355667,0.033197083330681,1.56454866,225.28759658345186,225.31692212479783
2024-06-06 22:39:03,0.158359588,0.0331968910927643,1.5645396,225.2926174416477,225.32248617969256
2024-06-06 22:39:07,0.15837075,0.0331958660360584,1.56449129,225.31053557940388,225.3409475183517
2024-06-06 22:39:11,0.158378291,0.033196506829114,1.56452149,225.31514924740353,225.3461043914288
2024-06-06 22:39:16,0.158393073,0.0331956737981417,1.56448223,225.336042338115,225.3676764943125
2024-06-06 22:39:20,0.158403932,0.0331963145911973,1.56451243,225.34447160779519,225.37664897835495
2024-06-06 22:39:24,0.158418412,0.033195033005086,1.56445203,225.3676161339541,225.40033672295496
2024-06-06 22:39:28,0.158425652,0.0331956097188361,1.56447921,225.3722344155275,225.405498227019
2024-06-06 22:39:32,0.158436512,0.0331953534016138,1.56446713,225.3855887482994,225.41939578630172
2024-06-06 22:39:36,0.15844526,0.0331945205828246,1.56442788,225.39967913689603,225.43402940540017
2024-06-06 22:39:41,0.158451896,0.0331952252430027,1.56446109,225.4027639593907,225.43779327159
2024-06-06 22:39:45,0.158458834,0.0331945205828246,1.56442788,225.4140693650698,225.449641916644
2024-06-06 22:39:49,0.158474822,0.0331946487414357,1.56443392,225.43121161347543,225.46732740832084
2024-06-06 22:39:53,0.158469996,0.0331941361069912,1.56440976,225.42793246148338,225.4645915034673
2024-06-06 22:39:57,0.158482364,0.0331942001862967,1.56441278,225.44126302656574,225.4784653195264
2024-06-06 22:40:02,0.158504687,0.0331936875518522,1.56438862,225.46907554009854,225.50695690213365
2024-06-06 22:40:06,0.158509513,0.0331948409793524,1.56444298,225.467748099052,225.5061727205943
2024-06-06 22:40:10,0.158513435,0.0331943283449079,1.56441882,225.47453153932005,225.5134994241139
2024-06-06 22:40:14,0.15851977,0.0331929828916741,1.56435541,225.4886654837019,225.52817663546296
2024-06-06 22:40:18,0.158526406,0.0331930469709797,1.56435843,225.495403284612,225.5354577070271
2024-06-06 22:40:23,0.158531233,0.0331932389967132,1.56436748,225.4992215443594,225.53995506023296
2024-06-06 22:40:27,0.158540282,0.0331927265744518,1.56434333,225.51190211348066,225.5531789081989
2024-06-06 22:40:31,0.158546919,0.0331931749174077,1.56436446,225.51652988773012,225.55834996488684
2024-06-06 22:40:35,0.158552047,0.033192854733063,1.56434937,225.5236443684302,225.56600773159067
2024-06-06 22:40:39,0.158567432,0.0331929188123685,1.56435239,225.54044588404838,225.58335253674937
2024-06-06 22:40:44,0.15857256,0.0331918294641739,1.56430105,225.55165170808723,225.59523747764408
2024-06-06 22:40:48,0.158579196,0.033191957622785,1.56430709,225.55803754066613,225.60216660761728
2024-06-06 22:40:52,0.158577085,0.0331911248039958,1.56426784,225.55964297441113,225.60431534220103
2024-06-06 22:40:56,0.158587341,0.0331918294641739,1.56430105,225.5670246158487,225.61224028789357
2024-06-06 22:41:00,0.158591866,0.0331904199316345,1.56423462,225.57943399709313,225.6251929767809
2024-06-06 22:41:04,0.158598201,0.0331908684867735,1.56425576,225.58371261042558,225.630014901116
2024-06-06 22:41:09,0.158603329,0.0331906762488568,1.5642467,225.58998920643504,225.63697064056052
2024-06-06 22:41:13,0.158612077,0.0331899713764956,1.56421348,225.60338424685023,225.65090899943488
2024-06-06 22:41:17,0.158619317,0.0331902917730234,1.56422858,225.60940829633054,225.6574763706428
2024-06-06 22:41:21,0.158630479,0.0331898432178844,1.56420744,225.6241718228321,225.6727832221124
2024-06-06 22:41:25,0.158633797,0.0331900995351067,1.56421952,225.62603618695636,225.6751909144171
2024-06-06 22:41:30,0.158638322,0.0331901636144123,1.56422254,225.6302101995067,225.68004409166804
2024-06-06 22:41:34,0.158644355,0.0331899713764956,1.56421348,225.63766422078479,225.68804144825268
2024-06-06 22:41:38,0.158639227,0.0331883696060395,1.56413799,225.64002954771857,225.69095011361492
2024-06-06 22:41:42,0.158648578,0.0331892026370119,1.56417725,225.6456629827047,225.69712689012363
2024-06-06 22:41:47,0.15865069,0.0331881132888173,1.56412591,225.6534043265107,225.7055474151418
2024-06-06 22:41:51,0.158653706,0.0331890103990952,1.56416819,225.6513970449996,225.704083482014
2024-06-06 22:41:55,0.158671806,0.0331891385577063,1.56417423,225.67097178088943,225.72420156929127
2024-06-06 22:41:59,0.158676632,0.0331894589542342,1.56418933,225.67421819800447,225.72799134077053
2024-06-06 22:42:03,0.158683571,0.0331888181611785,1.56415913,225.68518228882513,225.7394987889045
2024-06-06 22:42:07,0.158685682,0.0331895230335397,1.56419235,225.68319036140906,225.73805022172357
2024-06-06 22:42:12,0.158689604,0.0331890744784008,1.56417121,225.68949043981823,225.7450295044935
2024-06-06 22:42:16,0.158695034,0.0331891385577063,1.56417423,225.6948414697658,225.75092390114983
2024-06-06 22:42:20,0.158700765,0.0331892026370119,1.56417725,225.7005388098211,225.7571646107467
2024-06-06 22:42:24,0.158702575,0.0331889463197896,1.56416517,225.70348779329345,225.7606569665661
2024-06-06 22:42:28,0.158705592,0.0331890103990952,1.56416819,225.70606281794377,225.76377536634175
2024-06-06 22:42:33,0.158708307,0.0331897791385789,1.56420442,225.70427802055897,225.7626697917291
2024-06-06 22:42:37,0.158717658,0.0331893948749286,1.56418631,225.71660631085004,225.77554146329732
2024-06-06 22:42:41,0.1587252,0.0331886900025674,1.56415309,225.72861773291146,225.788096269326
2024-06-06 22:42:45,0.158724898,0.0331884336853451,1.56414101,225.7291371977371,225.78915912078187
2024-06-06 22:42:49,0.15872701,0.0331881132888173,1.56412591,225.73278652396124,225.7933518362724
2024-06-06 22:42:53,0.158737568,0.0331896509799677,1.56419838,225.7359288416072,225.7970375457939
2024-06-06 22:42:58,0.158737869,0.0331886259232618,1.56415007,225.7412361718667,225.803024119526
2024-06-06 22:43:02,0.158743902,0.0331885618439562,1.56414705,225.747986222644,225.81031756795116
2024-06-06 22:43:06,0.158750237,0.0331888822404841,1.56416215,225.75296796420557,225.81584270968256
2024-06-06 22:43:10,0.158752651,0.033188305526734,1.56413497,225.75837552985206,225.821793677994
2024-06-06 22:43:15,0.158758382,0.0331886259232618,1.56415007,225.7625264582936,225.82662386323491
2024-06-06 22:43:19,0.158764717,0.0331878571837781,1.56411384,225.77350221801262,225.83814303113556
2024-06-06 22:43:23,0.158767432,0.0331886900025674,1.56415309,225.77149879140572,225.8366830151188
2024-06-06 22:43:27,0.158769544,0.0331881773681228,1.56412893,225.77620660927954,225.8419342459648
2024-06-06 22:43:32,0.158777085,0.0331888181611785,1.56415913,225.78067626950758,225.84708317571747
2024-06-06 22:43:36,0.158769845,0.0331876649458614,1.56410478,225.77815057174146,225.8451008961863
2024-06-06 22:43:40,0.158772862,0.0331871523114169,1.56408062,225.7838999170689,225.8513936620447
2024-06-06 22:43:44,0.158783118,0.0331876649458614,1.56410478,225.7923345653373,225.8603717331138
2024-06-06 22:43:48,0.158790961,0.0331871523114169,1.56408062,225.80363670123748,225.8722172940581
2024-06-06 22:43:52,0.158789755,0.0331883696060395,1.56413799,225.79500480630844,225.8641288263903
2024-06-06 22:43:57,0.158794883,0.0331876008665559,1.56410176,225.8044570808217,225.874260388058
2024-06-06 22:44:01,0.158795788,0.0331867678355835,1.5640625,225.80954084363498,225.8798875830253
2024-06-06 22:44:05,0.15879428,0.0331865755976668,1.56405344,225.80832069760962,225.87921087128603
2024-06-06 22:44:09,0.158799709,0.0331870241528058,1.56407458,225.81155416738432,225.8829877774529
2024-06-06 22:44:14,0.158807854,0.0331873445493336,1.56408968,225.81848208870466,225.89059499718536
2024-06-06 22:44:18,0.158806044,0.0331875367872503,1.56409874,225.81479782872415,225.8874541782405
2024-06-06 22:44:22,0.158811776,0.033188305526734,1.56413497,225.81661693419522,225.8898167267688
2024-06-06 22:44:26,0.158816904,0.033187729025167,1.5641078,225.82514725252753,225.8988904901541
2024-06-06 22:44:30,0.158819317,0.0331867678355835,1.5640625,225.83267235106166,225.90695903571108
2024-06-06 22:44:35,0.158819317,0.0331860631754054,1.56402929,225.8358731024022,225.91083909856115
2024-06-06 22:44:39,0.158823541,0.0331865115183612,1.56405042,225.83772095319617,225.9132304007161
2024-06-06 22:44:43,0.158827764,0.0331869600735002,1.56407156,225.83956641856804,225.9156193193352
2024-06-06 22:44:47,0.158829272,0.0331864474390557,1.5640474,225.84358084805228,225.9201772039273
2024-06-06 22:44:51,0.158832289,0.0331868959941946,1.56406854,225.84403864350884,225.9211784563268
2024-06-06 22:44:56,0.158833194,0.0331870241528058,1.56407458,225.84369486087675,225.92151399741493
2024-06-06 22:45:00,0.158842243,0.0331869600735002,1.56407156,225.85391566685112,225.9322782643677
2024-06-06 22:45:04,0.158835305,0.033185230144433,1.56399003,225.85491625807134,225.93382231831853
2024-06-06 22:45:08,0.158850087,0.0331857427788775,1.56401419,225.8685578260939,225.94800735079843
2024-06-06 22:45:12,0.15884707,0.0331866396769724,1.56405646,225.85960348563054,225.93959647649376
2024-06-06 22:45:17,0.158853405,0.0331855505409608,1.56400513,225.87221154377735,225.95288386969304
2024-06-06 22:45:21,0.158857628,0.0331865115183612,1.56405042,225.87123426807727,225.95245006388743
2024-06-06 22:45:25,0.158859136,0.0331863833597501,1.56404438,225.87313174244338,225.9548910097673
2024-06-06 22:45:29,0.158860946,0.0331857427788775,1.56401419,225.87819909889043,225.96050183932223
2024-06-06 22:45:33,0.158860343,0.0331849097479052,1.56397493,225.88155024776327,225.964396462872
2024-06-06 22:45:37,0.158858533,0.0331860631754054,1.56402929,225.87257101377875,225.9559607051084
2024-06-06 22:45:41,0.158865471,0.0331849738272107,1.56397795,225.88601080988408,225.9699439789535
2024-06-06 22:45:46,0.158869393,0.0331858068581831,1.56401721,225.8852555833132,225.9698681016553
2024-06-06 22:45:50,0.158867885,0.0331853583030441,1.56399607,225.8854477602125,225.97060375962064
2024-06-06 22:45:54,0.158868488,0.0331838846911992,1.56392662,225.8937157128881,225.9794151948002
2024-06-06 22:45:58,0.158873013,0.0331844611927662,1.56395379,225.89520312554376,225.98144609137287
2024-06-06 22:46:02,0.158870901,0.0331842691670326,1.56394474,225.893287285589,225.98007373672328
2024-06-06 22:46:06,0.158875426,0.0331838206118937,1.5639236,225.90042168072665,225.98775161852967
2024-06-06 22:46:11,0.158885079,0.0331843332463382,1.56394776,225.90802552376843,225.9960348217871
2024-06-06 22:46:15,0.158885381,0.0331843332463382,1.56394776,225.90782953408177,225.99638232174675
2024-06-06 22:46:19,0.158891716,0.0331853583030441,1.56399607,225.9089280629438,225.99802434153847
2024-06-06 22:46:23,0.158894431,0.0331843332463382,1.56394776,225.91715611373948,226.0067958845226
2024-06-06 22:46:28,0.158894431,0.0331845893513773,1.56395983,225.91506569587162,226.00538483362317
2024-06-06 22:46:32,0.158897749,0.0331829235016157,1.56388132,225.92751895030256,226.01838158298528
2024-06-06 22:46:36,0.158904084,0.033184781589294,1.56396889,225.92402686093521,226.0154329897284
2024-06-06 22:46:40,0.158900464,0.0331842691670326,1.56394474,225.92214134694876,226.0140909730073
2024-06-06 22:46:45,0.158902877,0.0331844611927662,1.56395379,225.92318049740314,226.0158094966304
2024-06-06 22:46:49,0.158906195,0.0331843332463382,1.56394776,225.9271599153185,226.0203324143208
2024-06-06 22:46:53,0.158914642,0.0331847175099885,1.56396587,225.93421873636677,226.0279347362201
2024-06-06 22:46:57,0.15891253,0.0331835002153658,1.5639085,225.9379528211293,226.0322123228854
2024-06-06 22:47:02,0.158917658,0.0331849097479052,1.56397493,225.93540695116178,226.0303458317388
2024-06-06 22:47:06,0.158917357,0.0331830516602269,1.56388736,225.9447562994105,226.04023868416877
2024-06-06 22:47:10,0.158913435,0.0331825392379655,1.56386321,225.94252356827505,226.0385494581881
2024-06-06 22:47:14,0.158930328,0.0331842691670326,1.56394474,225.9518853738717,226.04845476988905
2024-06-06 22:47:18,0.158928216,0.0331835642946714,1.56391152,225.95279619663077,226.049909099678
2024-06-06 22:47:23,0.15892701,0.0331833079774491,1.56389944,225.95214166327676,226.04993395137652
2024-06-06 22:47:27,0.158928518,0.0331842050877271,1.56394172,225.94838938416916,226.04672518129405
2024-06-06 22:47:31,0.158933646,0.0331835642946714,1.56391152,225.95727816166885,226.0561574686669
2024-06-06 22:47:35,0.158936663,0.0331838846911992,1.56392662,225.95844051027822,226.05786332797365
2024-06-06 22:47:39,0.158942394,0.0331827953430046,1.56387528,225.97049588422374,226.0704622134172
2024-06-06 22:47:44,0.158940886,0.0331836924532825,1.56391756,225.96313654970533,226.063782269361
2024-06-06 22:47:48,0.158948126,0.0331834361360603,1.56390548,225.97233695247033,226.07352618533872
2024-06-06 22:47:52,0.158941791,0.033183179818838,1.5638934,225.96591639921658,226.06764914602155
2024-06-06 22:47:56,0.158954159,0.0331836924532825,1.56391756,225.97677935853173,226.07905561997347
2024-06-06 22:48:00,0.158949333,0.0331826671843935,1.56386924,225.9763338520384,226.0791536287937
2024-06-06 22:48:05,0.158950539,0.0331819625242154,1.56383603,225.9809266036167,226.0844257754299
2024-06-06 22:48:09,0.158954762,0.0331825392379655,1.56386321,225.98206362323836,226.08610631180215
2024-06-06 22:48:13,0.158956271,0.0331830516602269,1.56388736,225.98043190240398,226.08501810831908
2024-06-06 22:48:17,0.158965924,0.033183628373977,1.56391454,225.98781721326282,226.0929469371067
2024-06-06 22:48:21,0.158961399,0.0331838846911992,1.56392662,225.98065384004323,226.08632708237
2024-06-06 22:48:26,0.158966225,0.0331829875809213,1.56388434,225.99047308713673,226.09682572831105
2024-06-06 22:48:30,0.158968337,0.0331831157395324,1.56389038,225.99165340917065,226.0985495699899
2024-06-06 22:48:34,0.15896713,0.0331825392379655,1.56386321,225.99289908863832,226.1003387695814
2024-06-06 22:48:38,0.158969544,0.0331807452295927,1.56377866,226.0050244323562,226.1130076338789
2024-06-06 22:48:42,0.158966829,0.033181129493243,1.56379677,225.99923780897663,226.10776453151175
2024-06-06 22:48:47,0.158974069,0.0331820906828265,1.56384207,226.0015907651136,226.1107968894878
2024-06-06 22:48:51,0.158971354,0.0331814498897708,1.56381187,226.00145579248465,226.11120543876103
2024-06-06 22:48:55,0.158976482,0.0331806170709816,1.56377262,226.01140552156974,226.1216986901065
2024-06-06 22:48:59,0.158981912,0.0331817062069931,1.56382395,226.01110560030298,226.12194229143557
2024-06-06 22:49:03,0.158981912,0.0331835002153658,1.5639085,226.0006709516237,226.1120511656647
2024-06-06 22:49:07,0.158986437,0.033182731263699,1.56387226,226.0095740125081,226.1214977497473
2024-06-06 22:49:12,0.158988548,0.0331814498897708,1.56381187,226.01838911764145,226.13099225925143
2024-06-06 22:49:16,0.158983118,0.0331813858104652,1.56380885,226.01195008503046,226.1250967504078
2024-06-06 22:49:20,0.158992168,0.0331811935725485,1.56379979,226.02288134400155,226.1365715333624
2024-06-06 22:49:24,0.158985833,0.0331807452295927,1.56377866,226.01751966675366,226.1317533802916
2024-06-06 22:49:28,0.158987945,0.0331810013346318,1.56379073,226.0179944632982,226.13277170118437
2024-06-06 22:49:33,0.158987342,0.0331807452295927,1.56377866,226.01803332779687,226.1334899713246
2024-06-06 22:49:37,0.158994581,0.0331793354848702,1.56371222,226.03359494487233,226.14959511305105
2024-06-06 22:49:41,0.158993978,0.0331804889123704,1.56376658,226.02599659752403,226.14254029045188
2024-06-06 22:49:45,0.158998201,0.0331806811502871,1.56377564,226.02925290696345,226.14634012471623
2024-06-06 22:49:49,0.159002726,0.033180104436537,1.56374846,226.03709741919192,226.15472816182316
2024-06-06 22:49:54,0.159006648,0.0331813858104652,1.56380885,226.03386495303897,226.1521751018096
2024-06-06 22:49:58,0.159013888,0.0331817702862987,1.56382697,226.0395329511661,226.15838662485424
2024-06-06 22:50:02,0.159011474,0.0331806811502871,1.56377564,226.04221794235193,226.1616151409389
2024-06-06 22:50:06,0.159013586,0.033181129493243,1.56379677,226.04163230914034,226.1615730325854
2024-06-06 22:50:10,0.159016301,0.0331802325951482,1.5637545,226.04915993558834,226.1696441838286
2024-06-06 22:50:15,0.159018111,0.0331820906828265,1.56384207,226.04031582062058,226.16147947473283
2024-06-06 22:50:19,0.159018111,0.0331809372553263,1.56378771,226.04613356065596,226.16784073934144
2024-06-06 22:50:23,0.159012078,0.0331796558813981,1.56372732,226.04571424459624,226.1679649477207
2024-06-06 22:50:27,0.159019016,0.0331790153005255,1.56369713,226.05668882111266,226.17948304851984
2024-06-06 22:50:31,0.159025652,0.0331811935725485,1.56379979,226.0517676600722,226.175105411584
2024-06-06 22:50:36,0.159022636,0.0331801685158426,1.56375148,226.05327111754997,226.17728827390908
2024-06-06 22:50:40,0.159028367,0.0331795277227869,1.56372128,226.06285775913122,226.18741843911468
2024-06-06 22:50:44,0.159032289,0.033180552991676,1.5637696,226.06117250993591,226.186276713295
2024-06-06 22:50:48,0.159039529,0.0331801685158426,1.56375148,226.07108193058713,226.1967296570514
2024-06-06 22:50:52,0.159036512,0.0331802966744537,1.56375752,226.06635933652464,226.19255058580205
2024-06-06 22:50:57,0.159034702,0.0331800403572315,1.56374544,226.06501077156233,226.19188142391252
2024-06-06 22:51:01,0.15903802,0.0331798481193148,1.56373638,226.06934624292407,226.1967604173514
2024-06-06 22:51:05,0.15904164,0.0331803607537593,1.56376054,226.07014096702326,226.19809866316567
2024-06-06 22:51:09,0.159041942,0.0331796558813981,1.56372732,226.0738334009117,226.20233461838572
2024-06-06 22:51:13,0.159039529,0.0331798481193148,1.56373638,226.06945233498874,226.1984970733895
2024-06-06 22:51:17,0.159047674,0.0331795277227869,1.56372128,226.08005025516817,226.2096385140694
2024-06-06 22:51:22,0.159046467,0.033180104436537,1.56374846,226.07480017452826,226.2050678334232
2024-06-06 22:51:26,0.159048579,0.0331793354848702,1.56371222,226.0809294479123,226.2117406262708
2024-06-06 22:51:30,0.159054913,0.0331801685158426,1.56375148,226.08307985365818,226.2144345509849
2024-06-06 22:51:34,0.159060343,0.0331802966744537,1.56375752,226.08807848263828,226.21997669841664
2024-06-06 22:51:39,0.159064265,0.0331804248330649,1.56376356,226.09120569690174,226.2237833099861
2024-06-06 22:51:43,0.159061248,0.033180552991676,1.5637696,226.0864829927842,226.21960412308076
2024-06-06 22:51:47,0.159057628,0.0331799121986203,1.5637394,226.08530861215067,226.2189732590744
2024-06-06 22:51:51,0.159055517,0.0331788871419144,1.56369109,226.0879909950208,226.2221991579656
2024-06-06 22:51:55,0.159060042,0.0331790153005255,1.56369713,226.09194824085642,226.22669991919528
2024-06-06 22:51:59,0.159063058,0.0331784385867754,1.56366995,226.09805795858847,226.2333531516735
2024-06-06 22:52:04,0.159067885,0.0331799762779259,1.56374242,226.09444964951095,226.2304242350857
2024-06-06 22:52:08,0.159063963,0.03317895122122,1.56369411,226.0950480873077,226.2315661860945
2024-06-06 22:52:12,0.159071505,0.033178502666081,1.56367297,226.1056598245381,226.24272143582132
2024-06-06 22:52:16,0.159067885,0.0331786308246921,1.56367901,226.10024280603213,226.2378479290755
2024-06-06 22:52:21,0.15907241,0.0331793354848702,1.56371222,226.10088309917643,226.23916761085297
2024-06-06 22:52:25,0.15907241,0.0331788230626088,1.56368807,226.1031670569559,226.24199507866024
2024-06-06 22:52:29,0.159073918,0.0331785667453866,1.56367599,226.10577349004336,226.245145020972
2024-06-06 22:52:33,0.159074823,0.0331793354848702,1.56371222,226.10202968174997,226.241944721079
2024-06-06 22:52:37,0.159075426,0.0331788230626088,1.56368807,226.10500768544262,226.24546623232757
2024-06-06 22:52:42,0.159083269,0.0331793354848702,1.56371222,226.1105272695204,226.25166519963147
2024-06-06 22:52:46,0.159082364,0.0331783104281643,1.56366391,226.1145987994654,226.25628023515748
2024-06-06 22:52:50,0.159077839,0.0331776055558031,1.56363069,226.11273709293124,226.2549620332935
2024-06-06 22:52:54,0.159082063,0.0331778618730253,1.56364277,226.11564074017411,226.25840918427537
2024-06-06 22:52:58,0.159081761,0.0331772212921528,1.56361258,226.1182848476352,226.261596794524
2024-06-06 22:53:02,0.159089604,0.0331783745074699,1.56366693,226.12040397467473,226.26425942337931
2024-06-06 22:53:07,0.159092017,0.0331782463488587,1.56366089,226.12320910528646,226.26774392986349
2024-06-06 22:53:11,0.159092319,0.0331776055558031,1.56363069,226.12654971452596,226.2716280386586
2024-06-06 22:53:15,0.159087493,0.0331774773971919,1.56362465,226.12115894781581,226.2667807704668
2024-06-06 22:53:19,0.159096542,0.0331790153005255,1.56369713,226.12254287542243,226.2687081955345
2024-06-06 22:53:24,0.159099257,0.0331773494507639,1.56361862,226.1341822969998,226.2810269874208
2024-06-06 22:53:28,0.159097749,0.0331783745074699,1.56366693,226.1262456486982,226.27363383412813
2024-06-06 22:53:32,0.159099861,0.0331774773971919,1.56362465,226.1330843087317,226.28101598804827
2024-06-06 22:53:36,0.159106195,0.0331784385867754,1.56366995,226.13452583298022,226.2830010050413
2024-06-06 22:53:40,0.159109212,0.0331787589833033,1.56368505,226.13568634457945,226.2847050082231
2024-06-06 22:53:44,0.159108005,0.0331788871419144,1.56369109,226.13304634887024,226.28260850291463
2024-06-06 22:53:49,0.159102877,0.0331778618730253,1.56364277,226.13212371559214,226.28236523094543
2024-06-06 22:53:53,0.159107704,0.0331779900316365,1.56364881,226.13642853069788,226.28721353372063
2024-06-06 22:53:57,0.15911434,0.0331784385867754,1.56366995,226.14104690823845,226.29237539768476
2024-06-06 22:54:01,0.159114039,0.0331787589833033,1.56368505,226.13838855925707,226.29026053386136
2024-06-06 22:54:06,0.159112832,0.0331782463488587,1.56366089,226.1391495206289,226.2917008498713
2024-06-06 22:54:10,0.159114039,0.0331776696351086,1.56363371,226.14317852845372,226.2962733399351
2024-06-06 22:54:14,0.159116754,0.0331786949039977,1.56368203,226.14010069842288,226.29373899081423
2024-06-06 22:54:18,0.159120072,0.0331784385867754,1.56366995,226.1447908042012,226.29897257615403
2024-06-06 22:54:23,0.159124898,0.0331781822695532,1.56365787,226.15108081306843,226.30594193254717
2024-06-06 22:54:27,0.159123692,0.0331782463488587,1.56366089,226.14879556022595,226.30420015616104
2024-06-06 22:54:31,0.15911977,0.0331772853714584,1.5636156,226.14904266753913,226.3049907385192
2024-06-06 22:54:35,0.159120977,0.0331774773971919,1.56362465,226.14882841650288,226.30531996109715
2024-06-06 22:54:40,0.159121882,0.033176900895625,1.56359748,226.1523731824241,226.30954406699485
2024-06-06 22:54:44,0.159123993,0.033176900895625,1.56359748,226.1542594807759,226.31197383567135
2024-06-06 22:54:48,0.159120977,0.0331765804990971,1.56358238,226.152013309967,226.31027113369413
2024-06-06 22:54:52,0.159128518,0.0331776696351086,1.56363371,226.15413700564372,226.31293829669025
2024-06-06 22:54:56,0.159128217,0.0331767086577083,1.56358842,226.15855219737767,226.3178969542124
2024-06-06 22:55:00,0.159131233,0.0331770290542361,1.56360352,226.15971135489593,226.31959957596845
2024-06-06 22:55:05,0.15913063,0.0331775414764975,1.56362767,226.15550910691312,226.3160766560739
2024-06-06 22:55:09,0.15913244,0.0331769649749305,1.5636005,226.1602315871654,226.3213425970065
2024-06-06 22:55:13,0.159135758,0.0331767086577083,1.56358842,226.16492225401865,226.3265767229282
2024-06-06 22:55:17,0.159134551,0.0331771572128472,1.56360956,226.16051312961753,226.32271105596485
2024-06-06 22:55:21,0.159139076,0.0331763882611804,1.56357332,226.16942333965844,226.332164721794
2024-06-06 22:55:26,0.159146316,0.0331779259523309,1.56364579,226.16858757009172,226.3320082696144
2024-06-06 22:55:30,0.159147824,0.0331777977937198,1.56363975,226.17048733948175,226.33445149101271
2024-06-06 22:55:34,0.159141188,0.0331769649749305,1.5636005,226.16690395554141,226.3314115573704
2024-06-06 22:55:38,0.159139981,0.0331766445784027,1.5635854,226.16674017766448,226.3317912280624
2024-06-06 22:55:43,0.159142395,0.033176452340486,1.56357634,226.16990080379622,226.3356311624457
2024-06-06 22:55:47,0.159146618,0.0331765804990971,1.56358238,226.17351049969085,226.3397843029512
2024-06-06 22:55:51,0.159152349,0.0331774135300695,1.56362164,226.1749640018401,226.34178124792203
2024-06-06 22:55:55,0.159154763,0.0331770931335416,1.56360654,226.17896808654498,226.3463287736408
2024-06-06 22:56:00,0.159161701,0.033178502666081,1.56367297,226.17849169074373,226.3465316765367
2024-06-06 22:56:04,0.159155366,0.0331774773971919,1.56362465,226.17631771469243,226.34490113736467
2024-06-06 22:56:08,0.159158684,0.0331774135300695,1.56362164,226.17994588560998,226.349072743294
2024-06-06 22:56:12,0.159158986,0.0331777337144142,1.56363673,226.17798216311823,226.3476524539283
2024-06-06 22:56:17,0.159163812,0.033178054110942,1.56365183,226.1810884153223,226.3514379948604
2024-06-06 22:56:21,0.159162907,0.0331783745074699,1.56366693,226.1777343155521,226.34862732390675
2024-06-06 22:56:25,0.159170449,0.0331791434591367,1.56370317,226.18162566122083,226.3530620964472
2024-06-06 22:56:29,0.159171656,0.0331785667453866,1.56367599,226.18565576444487,226.35763562457987
2024-06-06 22:56:34,0.159170751,0.0331787589833033,1.56368505,226.18287341427637,226.35553255275929
2024-06-06 22:56:38,0.159171957,0.0331776696351086,1.56363371,226.1897331607978,226.36293571970668
2024-06-06 22:56:42,0.159170449,0.0331763241818748,1.5635703,226.19488379647626,226.36862977378945
2024-06-06 22:56:46,0.159166527,0.0331761960232637,1.56356426,226.19053373881226,226.3648231324903
2024-06-06 22:56:50,0.159170147,0.0331772212921528,1.56361258,226.18849535076828,226.3633281587537
2024-06-06 22:56:54,0.159168639,0.0331762601025693,1.56356728,226.19152404331226,226.3669002635298
2024-06-06 22:56:59,0.15917618,0.0331767086577083,1.56358842,226.19704761922713,226.37310310178935
2024-06-06 22:57:03,0.159176784,0.033176452340486,1.56357634,226.19861493383107,226.3752138238909
2024-06-06 22:57:07,0.159177085,0.0331775414764975,1.56362767,226.1924034054848,226.3695457009092
2024-06-06 22:57:11,0.159174371,0.0331771572128472,1.56360956,226.19085816090058,226.3685438595388
2024-06-06 22:57:16,0.159175577,0.033176452340486,1.56357634,226.19545957966523,226.3738245292693
2024-06-06 22:57:20,0.159181912,0.0331772212921528,1.56361258,226.19796137868718,226.37686972660143
2024-06-06 22:57:24,0.159181309,0.0331770931335416,1.56360654,226.19743167471304,226.3768834187295
2024-06-06 22:57:28,0.159177085,0.0331758115474303,1.56354614,226.1991040103793,226.37909914827245
2024-06-06 22:57:32,0.159178895,0.0331758756267359,1.56354916,226.20029012882685,226.3808286583537
2024-06-06 22:57:36,0.159183119,0.0331765164197915,1.56357936,226.2010697951537,226.38215171405383
2024-06-06 22:57:41,0.159184024,0.0331756836010023,1.56354011,226.206031803583,226.3877929559946
2024-06-06 22:57:45,0.159188247,0.0331756836010023,1.56354011,226.21034933662148,226.3926538732569
2024-06-06 22:57:49,0.159189755,0.0331770931335416,1.56360654,226.20375692167835,226.38660484022083
2024-06-06 22:57:54,0.159193375,0.0331769649749305,1.5636005,226.2079521568875,226.39147929952944
2024-06-06 22:57:58,0.159189152,0.0331766445784027,1.5635854,226.20431754509858,226.38838806437167
2024-06-06 22:58:02,0.159196995,0.0331771572128472,1.56360956,226.20997034192817,226.39458423545963
2024-06-06 22:58:06,0.159199107,0.0331762601025693,1.56356728,226.21681283950412,226.401970104904
2024-06-06 22:58:10,0.159200615,0.0331772212921528,1.56361258,226.21269632875294,226.39839696361423
2024-06-06 22:58:15,0.159206045,0.0331774135300695,1.56362164,226.21720533554873,226.4035851788259
2024-06-06 22:58:19,0.159201822,0.0331769649749305,1.5636005,226.21427871482868,226.40120192208911
2024-06-06 22:58:23,0.159209966,0.0331767727370138,1.56359144,226.22417114619537,226.4116377149768
2024-06-06 22:58:27,0.15921238,0.033176452340486,1.56357634,226.22817616994354,226.4161860977666
2024-06-06 22:58:32,0.15920876,0.0331761319439581,1.56356124,226.22509998389816,226.4137891070111
2024-06-06 22:58:36,0.159219016,0.0331774773971919,1.56362465,226.22892966712934,226.418162143644
2024-06-06 22:58:40,0.159221128,0.033178054110942,1.56365183,226.22763166603914,226.41740749342145
2024-06-06 22:58:44,0.159215095,0.033176452340486,1.56357634,226.22899200419937,226.41931117989856
2024-06-06 22:58:48,0.159218111,0.0331779259523309,1.56364579,226.22378032575605,226.41464284720465
2024-06-06 22:58:53,0.159222938,0.0331772212921528,1.56361258,226.23254938748133,226.42409108748075
2024-06-06 22:58:57,0.159224144,0.0331779259523309,1.56364579,226.22950174214097,226.421586782052
2024-06-06 22:59:01,0.159226558,0.0331779900316365,1.56364881,226.23138293847748,226.42401131567857
2024-06-06 22:59:05,0.159225351,0.0331783104281643,1.56366391,226.22768058753718,226.42085229939016
2024-06-06 22:59:10,0.159228368,0.0331769649749305,1.5636005,226.23790616478757,226.4317570412205
2024-06-06 22:59:14,0.159223843,0.0331766445784027,1.5635854,226.23392434477887,226.4283185498676
2024-06-06 22:59:18,0.159230781,0.0331775414764975,1.56362767,226.23641223670137,226.43134976775428
2024-06-06 22:59:22,0.159233797,0.0331781181902476,1.56365485,226.23615452620425,226.43163538051328
2024-06-06 22:59:27,0.159232591,0.0331788230626088,1.56368807,226.230193688266,226.4263536928122
2024-06-06 22:59:31,0.159229574,0.0331776055558031,1.56363069,226.23290320662485,226.4296065282744
2024-06-06 22:59:35,0.159232591,0.033176452340486,1.56357634,226.24220319472832,226.43944983072024
2024-06-06 22:59:39,0.159231082,0.0331772212921528,1.56361258,226.23567501801213,226.4334649655692
2024-06-06 22:59:43,0.159224144,0.0331758115474303,1.56354614,226.23493366001549,226.43326691634425
2024-06-06 22:59:48,0.159231987,0.0331761960232637,1.56356426,226.24115824447838,226.44017063281896
2024-06-06 22:59:52,0.159228669,0.0331761319439581,1.56356124,226.2371497554786,226.43670544624672
2024-06-06 22:59:56,0.159230178,0.0331757474681247,1.56354312,226.24046747010846,226.4405664604584
2024-06-06 23:00:00,0.159231686,0.0331761319439581,1.56356124,226.2395358898751,226.44017817694512
2024-06-06 23:00:04,0.159231384,0.0331758756267359,1.56354916,226.2400610317917,226.44124661270405
2024-06-06 23:00:09,0.159237417,0.0331765804990971,1.56358238,226.24243203876446,226.44429673290875
2024-06-06 23:00:13,0.159239831,0.0331761319439581,1.56356124,226.24714553242828,226.44955351388185
2024-06-06 23:00:17,0.159239831,0.0331751709665578,1.56351595,226.25191172386312,226.4548629896966
2024-06-06 23:00:21,0.159229273,0.0331747864907244,1.56349783,226.24133939326552,226.44483394053375
2024-06-06 23:00:25,0.159234702,0.033176003785347,1.5635552,226.2403199699382,226.44435779568025
2024-06-06 23:00:30,0.159231987,0.0331760678646526,1.56355822,226.23616173745597,226.44087865710253
2024-06-06 23:00:34,0.159240736,0.0331753632044745,1.56352501,226.24958238220637,226.45484257360715
2024-06-06 23:00:38,0.159240132,0.0331749787286411,1.56350689,226.250468180013,226.45627164015607
2024-06-06 23:00:42,0.159238322,0.0331761960232637,1.56356426,226.24111582160546,226.4474625474633
2024-06-06 23:00:46,0.159243451,0.0331749146493355,1.56350387,226.25355623986962,226.46044622839912
2024-06-06 23:00:51,0.159245864,0.0331758756267359,1.56354916,226.25034502690812,226.45791408947423
2024-06-06 23:00:55,0.159249785,0.0331762601025693,1.56356728,226.25219079613882,226.4603031144729
2024-06-06 23:00:59,0.159249182,0.0331772853714584,1.5636156,226.245288807169,226.4539443781777
2024-06-06 23:01:03,0.159249484,0.0331761319439581,1.56356124,226.25146593101584,226.4606647515903
2024-06-06 23:01:07,0.159247674,0.0331755554423912,1.56353407,226.2520245940005,226.46176666101653
2024-06-06 23:01:12,0.15925069,0.0331756195216967,1.56353709,226.25446314742527,226.46488426807656
2024-06-06 23:01:16,0.159256724,0.0331767727370138,1.56359144,226.25449347128335,226.4654578312909
2024-06-06 23:01:20,0.159251595,0.0331760678646526,1.56355822,226.25194111632203,226.463448712512
2024-06-06 23:01:24,0.159254612,0.0331765164197915,1.56357936,226.25239221791477,226.4644430470981
2024-06-06 23:01:28,0.159261852,0.0331755554423912,1.56353407,226.26549270269908,226.47808676167156
2024-06-06 23:01:32,0.159260645,0.0331772853714584,1.5636156,226.25400130615134,226.46713859169364
2024-06-06 23:01:37,0.15926336,0.0331762601025693,1.56356728,226.2621124640287,226.4759287782332
2024-06-06 23:01:41,0.159263058,0.03317542728378,1.56352803,226.26582363535258,226.4801831688284
2024-06-06 23:01:45,0.15926517,0.0331767727370138,1.56359144,226.26027679944758,226.4751795489265
2024-06-06 23:01:49,0.159262757,0.0331760678646526,1.56355822,226.26085097642937,226.47629693862825
2024-06-06 23:01:54,0.15926879,0.0331767727370138,1.56359144,226.26322135475226,226.47934632821148
2024-06-06 23:01:58,0.159267583,0.0331754913630856,1.56353105,226.26836956610762,226.48503774484527
2024-06-06 23:02:02,0.159271505,0.033176003785347,1.5635552,226.26950921054063,226.4867205912252
2024-06-06 23:02:06,0.159275125,0.0331772212921528,1.56361258,226.2664049598133,226.48415953909847
2024-06-06 23:02:10,0.159276935,0.0331765164197915,1.56357936,226.27184022633008,226.49013800085487
2024-06-06 23:02:14,0.159270902,0.0331750428079466,1.56350991,226.27249608669578,226.4913370530844
2024-06-06 23:02:19,0.159272108,0.0331763882611804,1.56357332,226.26577011345614,226.48529006490503
2024-06-06 23:02:23,0.159275426,0.0331765164197915,1.56357936,226.2683379263739,226.48840106203755
2024-06-06 23:02:27,0.15927784,0.0331761319439581,1.56356124,226.27269806925656,226.4933043857116
2024-06-06 23:02:31,0.159276935,0.0331752991251689,1.56352199,226.27571562476007,226.4968651185687
2024-06-06 23:02:36,0.159275125,0.0331758756267359,1.56354916,226.26976723811572,226.4915956987596
2024-06-06 23:02:40,0.159281761,0.0331747224114188,1.56349481,226.28323608560245,226.5056077158116
2024-06-06 23:02:44,0.159278141,0.0331751068872522,1.56351293,226.27640095781297,226.4993157541025
2024-06-06 23:02:48,0.159281158,0.0331756836010023,1.56354011,226.27614340150512,226.4996013603757
2024-06-06 23:02:52,0.15928327,0.0331756195216967,1.56353709,226.27838549210568,226.50238661004363
2024-06-06 23:02:57,0.159277538,0.0331756836010023,1.56354011,226.27075438248878,226.49543444429804
2024-06-06 23:03:01,0.159282365,0.0331751709665578,1.56351595,226.2786006859443,226.50382389886283
2024-06-06 23:03:05,0.159289303,0.0331759397060414,1.56355218,226.28179521207497,226.50756157254276
2024-06-06 23:03:09,0.159289001,0.0331761319439581,1.56356124,226.2798419955083,226.50615149995107
2024-06-06 23:03:14,0.159292319,0.0331752350458633,1.56351897,226.28793946042518,226.5149278897888
2024-06-06 23:03:18,0.159292018,0.0331755554423912,1.56353407,226.2852789971165,226.51281056236132
2024-06-06 23:03:22,0.159286588,0.0331761960232637,1.56356426,226.27494511050492,226.5030198080108
2024-06-06 23:03:26,0.159288398,0.0331745942528077,1.56348877,226.28533827313746,226.51395609927025
2024-06-06 23:03:30,0.159289906,0.0331756836010023,1.56354011,226.28051017338473,226.50967112449624
2024-06-06 23:03:34,0.159290811,0.0331749146493355,1.56350387,226.28525880879647,226.5149628812246
2024-06-06 23:03:39,0.159293224,0.0331741456976687,1.56346763,226.291607844239,226.52199081314183
2024-06-06 23:03:43,0.159294129,0.033174402014891,1.56347971,226.29068972999713,226.52161581192595
2024-06-06 23:03:47,0.159299559,0.0331749787286411,1.56350689,226.29320949660138,226.52467868784896
2024-06-06 23:03:51,0.159298654,0.0331745942528077,1.56348877,226.29374980775194,226.52576210459733
2024-06-06 23:03:55,0.159302274,0.0331736332754073,1.56344348,226.3026859123168,226.53524131102515
2024-06-06 23:03:59,0.159302274,0.0331754913630856,1.56353105,226.29187191758277,226.5249704144056
2024-06-06 23:04:04,0.159302877,0.0331746583321132,1.56349179,226.29649175975374,226.53026912392744
2024-06-06 23:04:08,0.159301369,0.033173376958185,1.5634314,226.3012959724057,226.5356164262098
2024-06-06 23:04:12,0.159307704,0.0331761319439581,1.56356124,226.29281657608027,226.52768011572184
2024-06-06 23:04:16,0.159305291,0.0331748505700299,1.56350085,226.29657869278975,226.5319853144624
2024-06-06 23:04:21,0.159304687,0.0331744660941965,1.56348273,226.29732984317775,226.53341531201596
2024-06-06 23:04:25,0.159304386,0.033173953459752,1.56345857,226.2992740499596,226.53590259221505
2024-06-06 23:04:29,0.159305894,0.0331733128788795,1.56342838,226.30400811919705,226.54117973101955
2024-06-06 23:04:33,0.159302877,0.0331745301735021,1.56348575,226.2932628663048,226.5309775438307
2024-06-06 23:04:38,0.159305291,0.0331735691961017,1.56344046,226.30067510788487,226.5390686120864
2024-06-06 23:04:42,0.159310419,0.0331732487995739,1.56342536,226.30780649615912,226.5467430573221
2024-06-06 23:04:46,0.159310419,0.0331731847202683,1.56342234,226.30761769924456,226.547097313462
2024-06-06 23:04:50,0.159313134,0.0331743379355854,1.56347669,226.30382476828183,226.5438474316335
2024-06-06 23:04:55,0.159315547,0.0331741456976687,1.56346763,226.30698640127412,226.5476878705107
2024-06-06 23:04:59,0.159313436,0.0331735051167962,1.56343744,226.30755461489957,226.5487991244018
2024-06-06 23:05:03,0.159317659,0.033173376958185,1.5634314,226.31258154716056,226.55436909296532
2024-06-06 23:05:07,0.159321882,0.0331734410374906,1.56343442,226.31654569119357,226.55887626932488
2024-06-06 23:05:11,0.159317357,0.033173825513324,1.56345254,226.3086679590914,226.5515415655601
2024-06-06 23:05:16,0.1593252,0.0331746583321132,1.56349179,226.3124134600322,226.5559658462931
2024-06-06 23:05:20,0.1593252,0.0331749787286411,1.56350689,226.31009914830062,226.55419455387585
2024-06-06 23:05:24,0.159327614,0.0331754913630856,1.56353105,226.3095009216838,226.55413934254204
2024-06-06 23:05:28,0.159329423,0.0331744660941965,1.56348273,226.31670850403492,226.56188993613205
2024-06-06 23:05:33,0.159329122,0.0331747224114188,1.56349481,226.31426616217152,226.5601263526105
2024-06-06 23:05:37,0.159331233,0.0331751709665578,1.56351595,226.31367333058822,226.56007652311968
2024-06-06 23:05:41,0.159340887,0.0331749787286411,1.56350689,226.32530614283095,226.57225233336908
2024-06-06 23:05:45,0.159340887,0.03317542728378,1.56352803,226.32228315286272,226.5697723373089
2024-06-06 23:05:50,0.1593433,0.0331756195216967,1.56353709,226.32331920486382,226.5714871259121
2024-06-06 23:05:54,0.159339077,0.033174402014891,1.56347971,226.32464651069964,226.57335741638784
2024-06-06 23:05:58,0.15933425,0.033173825513324,1.56345254,226.32173439788866,226.57098828407703
2024-06-06 23:06:02,0.159333043,0.0331735051167962,1.56343744,226.32157346185647,226.57137032439277
2024-06-06 23:06:07,0.159338473,0.0331738895926296,1.56345556,226.32501979027876,226.57549536739165
2024-06-06 23:06:11,0.159343601,0.0331740175390576,1.56346159,226.32967255029214,226.5806910943644
2024-06-06 23:06:15,0.1593433,0.033174402014891,1.56347971,226.326657216905,226.57821872374376
2024-06-06 23:06:19,0.159343601,0.0331746583321132,1.56349179,226.3250435323297,226.57714799772955
2024-06-06 23:06:23,0.159342696,0.0331740816183631,1.56346461,226.32664755779237,226.5792949775356
2024-06-06 23:06:27,0.159347523,0.0331751068872522,1.56351293,226.3259922568833,226.5791826267398
2024-06-06 23:06:31,0.159351746,0.0331742097769743,1.56347065,226.33527100810448,226.58900432383183
2024-06-06 23:06:36,0.159346618,0.0331731847202683,1.56342234,226.33435730689337,226.58876929897468
2024-06-06 23:06:40,0.159347221,0.0331733128788795,1.56342838,226.3337998577062,226.58875478606805
2024-06-06 23:06:44,0.15934873,0.0331725439272126,1.56339214,226.33924628256435,226.59474414292455
2024-06-06 23:06:48,0.15935054,0.0331738895926296,1.56345556,226.33334572353294,226.5893865115972
2024-06-06 23:06:52,0.159350841,0.0331738895926296,1.56345556,226.33314930170206,226.5897330131639
2024-06-06 23:06:57,0.159354461,0.0331748505700299,1.56350085,226.33132405809295,226.58858641772736
2024-06-06 23:07:01,0.159358081,0.0331743379355854,1.56347669,226.33778294294245,226.59558821624069
2024-06-06 23:07:05,0.15935416,0.0331749146493355,1.56350387,226.3295374220743,226.58788560469077
2024-06-06 23:07:09,0.159354461,0.0331745942528077,1.56348877,226.33111263254338,226.59000372012048
2024-06-06 23:07:13,0.159352651,0.0331720955842568,1.56337101,226.34230352255008,226.60173751071827
2024-06-06 23:07:18,0.159356573,0.0331740175390576,1.56346159,226.3355113802681,226.59562398801236
2024-06-06 23:07:22,0.159359589,0.0331734410374906,1.56343442,226.34162847318362,226.6022839716441
2024-06-06 23:07:26,0.159362908,0.033173825513324,1.56345254,226.34278017686566,226.60397856163425
2024-06-06 23:07:30,0.159365019,0.0331742738562798,1.56347367,226.34218804406703,226.60392931072388
2024-06-06 23:07:34,0.159367131,0.0331736973547129,1.5634465,226.3472646159318,226.60954876004536
2024-06-06 23:07:39,0.159365321,0.033173376958185,1.5634314,226.34627427130474,226.60923700598943
2024-06-06 23:07:43,0.159364114,0.033174402014891,1.56347971,226.33867318485775,226.6021787869853
2024-06-06 23:07:47,0.159362908,0.0331728643237405,1.56340724,226.34524575898678,226.60929422408768
2024-06-06 23:07:51,0.159368639,0.0331725439272126,1.56339214,226.3530725365114,226.61766386010464
2024-06-06 23:07:55,0.159369544,0.033172351689296,1.56338308,226.35463477691886,226.61976895451167
2024-06-06 23:08:00,0.159366226,0.0331729284030461,1.56341026,226.34694682408832,226.6127595628453
2024-06-06 23:08:04,0.159375276,0.033173953459752,1.56345857,226.35115318724723,226.6175087698533
2024-06-06 23:08:08,0.159367433,0.0331731847202683,1.56342234,226.345833080532,226.6127315024572
2024-06-06 23:08:12,0.159371957,0.0331728643237405,1.56340724,226.35227031695572,226.6197115736587
2024-06-06 23:08:16,0.159372259,0.0331730565616572,1.5634163,226.35101193431132,226.61899602123933
2024-06-06 23:08:21,0.159368941,0.0331722235306848,1.56337704,226.3511209695217,226.61978358781147
2024-06-06 23:08:25,0.159377086,0.0331731206409628,1.56341932,226.3549930537971,226.62419849202692
2024-06-06 23:08:29,0.159376784,0.0331742738562798,1.56347367,226.3477245326965,226.61747278627692
2024-06-06 23:08:33,0.159380706,0.033173376958185,1.5634314,226.35665711929772,226.62694818362817
2024-06-06 23:08:37,0.159377086,0.0331726720858238,1.56339818,226.35584555182248,226.6266794222911
2024-06-06 23:08:42,0.159373164,0.0331729284030461,1.56341026,226.34923430930894,226.62074668094797
2024-06-06 23:08:46,0.159380102,0.0331719674256457,1.56336497,226.36199398154932,226.63404914890924
2024-06-06 23:08:50,0.159384024,0.0331731206409628,1.56341932,226.35958760541132,226.6321855638443
2024-06-06 23:08:54,0.159383421,0.0331722876099904,1.56338006,226.36295831984205,226.63609906468915
2024-06-06 23:08:58,0.159387342,0.0331735691961017,1.56344046,226.35984071813832,226.6335242447296
2024-06-06 23:09:03,0.159387342,0.0331741456976687,1.56346763,226.3559736332064,226.63033563039423
2024-06-06 23:09:07,0.159391264,0.033173953459752,1.56345857,226.3610090315099,226.63591379989455
2024-06-06 23:09:11,0.15938704,0.0331724798479071,1.56338912,226.36375449624546,226.63920203112167
2024-06-06 23:09:15,0.159388247,0.0331726720858238,1.56339818,226.3635379169252,226.63952821357668
2024-06-06 23:09:19,0.159386739,0.0331718392670345,1.56335893,226.36586584203638,226.6423988957361
2024-06-06 23:09:24,0.15939066,0.0331724157686015,1.5633861,226.36651244477144,226.6437239381177
2024-06-06 23:09:28,0.159390359,0.0331724157686015,1.5633861,226.36562317783026,226.6433774175496
2024-06-06 23:09:32,0.159394582,0.033172351689296,1.56338308,226.3702965537239,226.6485935350545
2024-06-06 23:09:36,0.159390359,0.033172351689296,1.56338308,226.3648921584609,226.64373187663008
2024-06-06 23:09:40,0.159405442,0.033173953459752,1.56345857,226.3728527712312,226.6522352214559
2024-06-06 23:09:44,0.159400012,0.0331731847202683,1.56342234,226.37031141681086,226.6502365942972
2024-06-06 23:09:49,0.159395789,0.0331729284030461,1.56341026,226.36618930279525,226.6467928826014
2024-06-06 23:09:53,0.159398503,0.0331728643237405,1.56340724,226.3691254484075,226.6502717446509
2024-06-06 23:09:57,0.159401218,0.0331722876099904,1.56338006,226.37489866486504,226.6565876727177
2024-06-06 23:10:01,0.159405442,0.0331724157686015,1.5633861,226.37850983376998,226.6607415483936
2024-06-06 23:10:06,0.159409665,0.0331728002444349,1.56340422,226.38056615130319,226.66347624257065
2024-06-06 23:10:10,0.159413285,0.0331724798479071,1.56338912,226.38596344858215,226.66941623569625
2024-06-06 23:10:14,0.159409967,0.0331722876099904,1.56338006,226.38266445948466,226.66665993757343
2024-06-06 23:10:18,0.15940695,0.0331710062360622,1.56331967,226.38573759392506,226.6702757581062
2024-06-06 23:10:22,0.159417206,0.0331719674256457,1.56336497,226.3916844390609,226.67676528444176
2024-06-06 23:10:27,0.159413888,0.0331719033463401,1.56336195,226.38754074287914,226.673299932864
2024-06-06 23:10:31,0.159409363,0.0331711984739789,1.56332873,226.38568836836265,226.67199022850173
2024-06-06 23:10:35,0.159417508,0.0331728643237405,1.56340724,226.3853062986829,226.67215082405053
2024-06-06 23:10:39,0.159419318,0.0331719033463401,1.56336195,226.39216409384014,226.67955127950063
2024-06-06 23:10:43,0.159416,0.0331720955842568,1.56337101,226.3867379708402,226.67466781184768
2024-06-06 23:10:48,0.15942143,0.0331721596635624,1.56337403,226.39195643169347,226.68056458491444
2024-06-06 23:10:52,0.159424446,0.0331708139981455,1.56331061,226.40233167622935,226.69148247363268
2024-06-06 23:10:56,0.159415396,0.0331702374965785,1.56328344,226.39455963325747,226.68425306986487
2024-06-06 23:11:00,0.159412983,0.0331703656551896,1.56328948,226.39052975181616,226.6807658226394
2024-06-06 23:11:04,0.159419921,0.0331711984739789,1.56332873,226.3933667992333,226.68414549927428
2024-06-06 23:11:09,0.159420223,0.0331699171000507,1.56326834,226.40012639819446,226.69158337771412
2024-06-06 23:11:13,0.159418413,0.0331704297344952,1.5632925,226.39466329400307,226.68666289145884
2024-06-06 23:11:17,0.159421731,0.0331709421567566,1.56331665,226.39510535785755,226.68764756821943
2024-06-06 23:11:21,0.159425351,0.0331706217602288,1.56330155,226.40050330932368,226.693588127552
2024-06-06 23:11:25,0.159428368,0.0331701093379674,1.5632774,226.40626974420462,226.69989716525
2024-06-06 23:11:30,0.159426558,0.0331715188705067,1.56334383,226.3957080867992,226.6900137542504
2024-06-06 23:11:34,0.159431988,0.0331718392670345,1.56335893,226.399644062416,226.6944923212877
2024-06-06 23:11:38,0.159433496,0.0331720315049512,1.56336799,226.39977387599694,226.69516472120847
2024-06-06 23:11:42,0.159430178,0.0331717111084234,1.56335289,226.39718423725103,226.69311766371212
2024-06-06 23:11:46,0.159432893,0.0331706858395343,1.56330457,226.405440695661,226.7019166982719
2024-06-06 23:11:51,0.159436814,0.0331712625532844,1.56333175,226.40608539014897,226.70323960576104
2024-06-06 23:11:55,0.159438323,0.0331702374965785,1.56328344,226.4129526845112,226.7106494647639
2024-06-06 23:11:59,0.159431083,0.033169724862134,1.56325928,226.40691135789194,226.70515069765477
2024-06-06 23:12:03,0.159435004,0.0331693403863006,1.56324116,226.41301100115948,226.71179289529252
2024-06-06 23:12:07,0.159438624,0.0331701734172729,1.56328042,226.41202619231638,226.71135063567047
2024-06-06 23:12:12,0.159433194,0.0331688918311616,1.56322002,226.41218872882698,226.7121913514521
2024-06-06 23:12:16,0.159435004,0.0331695967035228,1.56325324,226.40982922277576,226.71037438300223
2024-06-06 23:12:20,0.159439529,0.0331704297344952,1.5632925,226.4098864180134,226.71097411066185
2024-06-06 23:12:24,0.159438624,0.0331705576809232,1.56329853,226.40759388835062,226.70922410823252
2024-06-06 23:12:28,0.159436513,0.0331703015758841,1.56328646,226.4060381999865,226.7082109419042
2024-06-06 23:12:33,0.159438021,0.0331702374965785,1.56328344,226.40745087575482,226.7103017628941
2024-06-06 23:12:37,0.159445864,0.0331703656551896,1.56328948,226.41522898325633,226.7186223807032
2024-06-06 23:12:41,0.159446769,0.0331702374965785,1.56328344,226.41643770128508,226.7203736038124
2024-06-06 23:12:46,0.159445562,0.0331705576809232,1.56329853,226.4125979369751,226.7172119634884
2024-06-06 23:12:50,0.159448579,0.0331704297344952,1.5632925,226.41623707326445,226.72139359306396
2024-06-06 23:12:54,0.159448579,0.033170878077451,1.56331363,226.41321332907546,226.71891233690476
2024-06-06 23:12:58,0.159446769,0.0331704297344952,1.5632925,226.4130682059897,226.7193096965835
2024-06-06 23:13:02,0.159441641,0.0331703656551896,1.56328948,226.4069763618802,226.7137603299643
2024-06-06 23:13:06,0.159447372,0.0331711984739789,1.56332873,226.40842315721594,226.7157495975073
2024-06-06 23:13:11,0.159450992,0.033170878077451,1.56331363,226.41368592111303,226.7216904442208
2024-06-06 23:13:15,0.159452199,0.0331701734172729,1.56328042,226.41843299664993,226.72697998004597
2024-06-06 23:13:19,0.159459137,0.0331712625532844,1.56333175,226.41985052827292,226.72893996664573
2024-06-06 23:13:23,0.159458534,0.03317132663259,1.56333477,226.4182592062998,226.7278910943292
2024-06-06 23:13:28,0.159460344,0.0331710062360622,1.56331967,226.42143823249532,226.73174817510065
2024-06-06 23:13:32,0.159461249,0.0331712625532844,1.56333175,226.42051912167193,226.73137150193173
2024-06-06 23:13:36,0.15946698,0.03317132663259,1.56333477,226.4262201015326,226.73761491409863
2024-06-06 23:13:40,0.159466679,0.0331713907118956,1.56333779,226.42497647731673,226.73691371683216
2024-06-06 23:13:44,0.159460344,0.0331710703153677,1.56332269,226.41891386313347,226.73139352423303
2024-06-06 23:13:49,0.159456724,0.0331715829498123,1.56334685,226.41123103803025,226.7243887185521
2024-06-06 23:13:53,0.159467584,0.0331704936016176,1.56329551,226.42922091123964,226.74292100124265
2024-06-06 23:13:57,0.159463964,0.0331705576809232,1.56329853,226.42415605233413,226.73839854642557
2024-06-06 23:14:01,0.159461249,0.0331697889414395,1.5632623,226.42474270309842,226.7395275958772
2024-06-06 23:14:05,0.159463662,0.0331701093379674,1.5632774,226.42520510066672,226.7405323867233
2024-06-06 23:14:10,0.159461852,0.0331694685449117,1.5632472,226.42599000946052,226.7419952794946
2024-06-06 23:14:14,0.159462154,0.0331690199897727,1.56322606,226.4282781911232,226.74482584223352
2024-06-06 23:14:18,0.159465472,0.0331698530207451,1.56326532,226.42694501609662,226.7440350428467
2024-06-06 23:14:22,0.159466075,0.0331696607828284,1.56325626,226.42816097940602,226.74579337635137
2024-06-06 23:14:27,0.159469997,0.0331695326242173,1.56325022,226.4327080387618,226.7510183907824
2024-06-06 23:14:31,0.159470902,0.0331694685449117,1.5632472,226.43356237904501,226.75241508898085
2024-06-06 23:14:35,0.159472108,0.0331694044656061,1.56324418,226.4347632930468,226.75415835542688
2024-06-06 23:14:39,0.159475427,0.0331694685449117,1.5632472,226.43768762605322,226.7576250353985
2024-06-06 23:14:43,0.159476935,0.0331696607828284,1.56325626,226.43781738066144,226.75829713148488
2024-06-06 23:14:48,0.159475125,0.033169724862134,1.56325928,226.43470077884342,226.75585844878623
2024-06-06 23:14:52,0.159471807,0.0331695326242173,1.56325022,226.43140236627755,226.75310236532343
2024-06-06 23:14:56,0.15948146,0.033169724862134,1.56325928,226.4409099947714,226.7631523174075
2024-06-06 23:15:00,0.15948146,0.0331700452586618,1.56327438,226.43859404575903,226.76137868646455
2024-06-06 23:15:04,0.159480253,0.033168699805428,1.56321097,226.4441103037233,226.7674372569696
2024-06-06 23:15:09,0.159488398,0.0331701093379674,1.5632774,226.44500717465,226.76901201078573
2024-06-06 23:15:13,0.1594887,0.0331706217602288,1.56330155,226.4419758999002,226.7665230361088
2024-06-06 23:15:17,0.15948689,0.0331705576809232,1.56329853,226.4397044224608,226.76479385318828
2024-06-06 23:15:22,0.159490811,0.0331699811793562,1.56327136,226.44673240748168,226.77249969853585
2024-06-06 23:15:26,0.159490811,0.0331698530207451,1.56326532,226.44689961809166,226.77320919114027
2024-06-06 23:15:30,0.159489001,0.0331706858395343,1.56330457,226.43966301025822,226.76651485972243
2024-06-06 23:15:34,0.15949413,0.0331701093379674,1.5632774,226.44821741224996,226.77561153254328
2024-06-06 23:15:38,0.15949051,0.0331704936016176,1.56329551,226.44138002055809,226.7693164060865
2024-06-06 23:15:42,0.159499861,0.0331702374965785,1.56328344,226.45302173589414,226.78150038105608
2024-06-06 23:15:46,0.159502878,0.0331706858395343,1.56330457,226.45347092699726,226.78249182618364
2024-06-06 23:15:51,0.159500766,0.033170878077451,1.56331363,226.44929726465057,226.7789959734684
2024-06-06 23:15:55,0.15949051,0.0331687636725505,1.56321398,226.4486525799015,226.77889353009616
2024-06-06 23:15:59,0.15949413,0.0331695967035228,1.56325324,226.4476663870463,226.77844957298447
2024-06-06 23:16:03,0.159494431,0.0331698530207451,1.56326532,226.44605168392192,226.77737709996308
2024-06-06 23:16:08,0.159498956,0.0331702374965785,1.56328344,226.4484552202013,226.7804584159279
2024-06-06 23:16:12,0.159495638,0.0331682512502891,1.56318983,226.45508958735917,226.7876350004706
2024-06-06 23:16:16,0.159496241,0.033168699805428,1.56321097,226.45275815232816,226.78584577716015
2024-06-06 23:16:20,0.159504989,0.0331697889414395,1.5632623,226.45625806592358,226.7898878968046
2024-06-06 23:16:24,0.159489605,0.0331701093379674,1.5632774,226.43622965552206,226.7704016867734
2024-06-06 23:16:28,0.159497749,0.0331674822986222,1.56315359,226.45960907163473,226.7943232975705
2024-06-06 23:16:32,0.15949413,0.0331670337434833,1.56313245,226.45738350133269,226.79263991625984
2024-06-06 23:16:37,0.159497448,0.0331670337434833,1.56313245,226.46052629713827,226.7964604402881
2024-06-06 23:16:41,0.159495035,0.0331677386158445,1.56316567,226.45330275448407,226.78977907379007
2024-06-06 23:16:45,0.159501068,0.0331688918311616,1.56322002,226.4533218716935,226.79034036143983
2024-06-06 23:16:49,0.15949413,0.0331668417177497,1.5631234,226.4561425391701,226.79370319363372
2024-06-06 23:16:53,0.159500766,0.0331687636725505,1.56321398,226.4525994118878,226.7907022253389
2024-06-06 23:16:58,0.159506196,0.0331681230916779,1.56318379,226.46172074062534,226.8005012447425
2024-06-06 23:17:02,0.159506498,0.033168699805428,1.56321097,226.45833299634984,226.79765564653684
2024-06-06 23:17:06,0.159504989,0.0331680590123723,1.56318077,226.45960150671348,226.7994662972181
2024-06-06 23:17:11,0.159503179,0.0331677386158445,1.56316567,226.45861385723344,226.7991563150355
2024-06-06 23:17:15,0.159503179,0.0331672259814,1.56314151,226.46091035786617,226.80199494301823
2024-06-06 23:17:19,0.159504989,0.0331674182193167,1.56315057,226.46138786631647,226.8030145730442
2024-06-06 23:17:23,0.159505291,0.0331679949330668,1.56317775,226.45800002372718,226.80016884624956
2024-06-06 23:17:27,0.159504688,0.0331669057970553,1.56312642,226.4627945967837,226.805505529313
2024-06-06 23:17:31,0.159507101,0.0331667776384441,1.56312038,226.46574069453186,226.8089937312737
2024-06-06 23:17:36,0.159505894,0.0331672259814,1.56314151,226.46119049593455,226.80512115478356
2024-06-06 23:17:40,0.159517056,0.0331667776384441,1.56312038,226.47598391269815,226.8204566626982
2024-06-06 23:17:44,0.159514341,0.0331690840690783,1.56322908,226.45954350944007,226.8045583447753
2024-06-06 23:17:48,0.159524295,0.0331694685449117,1.5632472,226.46833338377405,226.8138902986222
2024-06-06 23:17:52,0.159521882,0.0331689559104672,1.56322304,226.46785170035554,226.81395068888784
2024-06-06 23:17:57,0.159519771,0.0331684434882058,1.56319889,226.46758106152316,226.81435763395405
2024-06-06 23:18:01,0.159520977,0.0331681230916779,1.56318379,226.47020187006538,226.81752050304212
2024-06-06 23:18:05,0.159515547,0.0331682512502891,1.56318983,226.46269787689516,226.81055856456808
2024-06-06 23:18:09,0.159518262,0.0331673541400111,1.56314755,226.47024993129938,226.81865266781247
2024-06-06 23:18:14,0.159520072,0.0331672900607055,1.56314453,226.47201138222158,226.8210916715404
2024-06-06 23:18:18,0.159524899,0.0331675463779278,1.56315661,226.47560791232482,226.8252302372848
2024-06-06 23:18:22,0.159523692,0.0331684434882058,1.56319889,226.46870798507985,226.81887233980467
2024-06-06 23:18:26,0.159519469,0.0331677386158445,1.56316567,226.46720690832504,226.81791328693208
2024-06-06 23:18:30,0.159523089,0.0331675463779278,1.56315661,226.4718977196401,226.82314611624065
2024-06-06 23:18:34,0.159520977,0.0331674182193167,1.56315057,226.4696335875528,226.82142399625187
2024-06-06 23:18:39,0.159527614,0.0331670978227888,1.56313547,226.4783727150034,226.83084063052655
2024-06-06 23:18:43,0.159529424,0.0331674182193167,1.56315057,226.47814040152048,226.83115031585623
2024-06-06 23:18:47,0.159530932,0.0331674182193167,1.56315057,226.47933479905268,226.8328867062864
2024-06-06 23:18:51,0.159534552,0.0331681230916779,1.56318379,226.47905724487853,226.8331511390895
2024-06-06 23:18:55,0.159535155,0.0331685075675113,1.56320191,226.47708027753578,226.8317161527973
2024-06-06 23:18:59,0.159537267,0.0331678026951501,1.56316869,226.48287389163522,226.8380517420146
2024-06-06 23:19:04,0.15953968,0.0331672900607055,1.56314453,226.48781412925769,226.84366944018268
2024-06-06 23:19:08,0.159539982,0.033168699805428,1.56321097,226.479812096582,226.83620936925487
2024-06-06 23:19:12,0.159540283,0.0331691481483839,1.5632321,226.47713372071226,226.83407294918123
2024-06-06 23:19:16,0.1595433,0.0331685075675113,1.56320191,226.48361324740785,226.84109442571537
2024-06-06 23:19:21,0.159542998,0.0331688918311616,1.56322002,226.48045991364376,226.8386185208628
2024-06-06 23:19:25,0.159546317,0.033169724862134,1.56325928,226.47912595414786,226.8378264977798
2024-06-06 23:19:29,0.15954873,0.0331684434882058,1.56319889,226.48845904326427,226.8477015173328
2024-06-06 23:19:33,0.15954149,0.0331699171000507,1.56326834,226.4714198300273,226.8312042285505
2024-06-06 23:19:37,0.159546317,0.0331690199897727,1.56322606,226.4814039170162,226.8417302340065
2024-06-06 23:19:41,0.159549635,0.0331683153295946,1.56319285,226.48858514769032,226.84945337715448
2024-06-06 23:19:46,0.159544205,0.0331682512502891,1.56318983,226.48201045107285,226.8435560626928
2024-06-06 23:19:50,0.159545713,0.0331683794089002,1.56319587,226.48249508614617,226.8445825967348
2024-06-06 23:19:54,0.159542998,0.0331674822986222,1.56315359,226.48379581022374,226.8464252137698
2024-06-06 23:19:58,0.159546015,0.0331674182193167,1.56315057,226.48708277710494,226.8502540675917
2024-06-06 23:20:02,0.15953968,0.0331669696641777,1.56312943,226.48173086047052,226.8454440318757
2024-06-06 23:20:06,0.159543903,0.0331669057970553,1.56312642,226.4864053988712,226.85066044516716
2024-06-06 23:20:11,0.159549333,0.0331676745365389,1.56316265,226.4877225071056,226.85265488853048
2024-06-06 23:20:15,0.159549635,0.0331673541400111,1.56314755,226.4893030651624,226.85477730789623
2024-06-06 23:20:19,0.159546015,0.0331678667744557,1.56317171,226.48175351672634,226.847769614724
2024-06-06 23:20:23,0.159551143,0.0331679949330668,1.56317775,226.48640641376628,226.85296436097747
2024-06-06 23:20:27,0.159553858,0.0331670337434833,1.56313245,226.49431492266888,226.86141471303787
2024-06-06 23:20:32,0.15955054,0.0331694685449117,1.5632472,226.4763312167385,226.84410830253117
2024-06-06 23:20:36,0.15955778,0.0331683153295946,1.56319285,226.49051288110763,226.85883179641397
2024-06-06 23:20:40,0.159560193,0.0331681230916779,1.56318379,226.49381429949491,226.86267503824232
2024-06-06 23:20:44,0.1595614,0.0331692122276894,1.56323512,226.4886295090821,226.858032065193
2024-06-06 23:20:48,0.159560796,0.0331676104572334,1.56315963,226.49626461511457,226.86620898250615
2024-06-06 23:20:53,0.159560495,0.0331680590123723,1.56318077,226.49275609797868,226.8633777209096
2024-06-06 23:20:57,0.159558081,0.0331675463779278,1.56315661,226.49227430728234,226.86343772778932
2024-06-06 23:21:01,0.159558081,0.0331672259814,1.56314151,226.49350730323047,226.86521251521435
2024-06-06 23:21:05,0.159566528,0.0331691481483839,1.5632321,226.49204439647374,226.86429139383048
2024-06-06 23:21:09,0.159568036,0.0331689559104672,1.56322304,226.49430376709066,226.86709254371124
2024-06-06 23:21:13,0.159568941,0.0331692122276894,1.56323512,226.49338423982053,226.86671478959096
2024-06-06 23:21:18,0.159572863,0.0331696607828284,1.56325626,226.49473820623874,226.86874596384143
2024-06-06 23:21:22,0.159566226,0.0331687636725505,1.56321398,226.49152380473998,226.8660733217184
2024-06-06 23:21:26,0.159566226,0.0331678026951501,1.56316869,226.49630522221628,226.87139649244077
2024-06-06 23:21:30,0.159570148,0.0331685075675113,1.56320191,226.49637482007975,226.87200783741585
2024-06-06 23:21:35,0.159569846,0.0331687636725505,1.56321398,226.49393126165296,226.8702414542448
2024-06-06 23:21:39,0.159570449,0.0331676104572334,1.56315963,226.5004720793353,226.87732400521892
2024-06-06 23:21:43,0.159568036,0.0331669057970553,1.56312642,226.50105551503577,226.8784491680614
2024-06-06 23:21:47,0.159574974,0.0331687636725505,1.56321398,226.49821055083797,226.8761459248512
2024-06-06 23:21:51,0.159572259,0.0331677386158445,1.56316567,226.50022108939527,226.87869817823704
2024-06-06 23:21:56,0.159569544,0.0331679949330668,1.56317775,226.49499786772515,226.87415209143447
2024-06-06 23:22:00,0.159574974,0.0331690199897727,1.56322606,226.49503014883808,226.8747260735014
2024-06-06 23:22:04,0.159580102,0.0331689559104672,1.56322304,226.50074785122393,226.88098547066735
2024-06-06 23:22:08,0.159573164,0.0331680590123723,1.56318077,226.49718603519847,226.8779653432437
2024-06-06 23:22:13,0.159577388,0.0331681871709835,1.56318681,226.50066265603823,226.88211906614063
2024-06-06 23:22:17,0.159572259,0.0331679308537612,1.56317473,226.49563515517764,226.8776332399643
2024-06-06 23:22:21,0.159581611,0.033168827751856,1.563217,226.500893152019,226.8834329052972
2024-06-06 23:22:25,0.159581611,0.0331671619020944,1.56313849,226.50958023108177,226.8926616466545
2024-06-06 23:22:29,0.159576784,0.0331684434882058,1.56319889,226.49638060920793,226.88000368087376
2024-06-06 23:22:33,0.159585231,0.0331683794089002,1.56319587,226.50592007551225,226.89008479706544
2024-06-06 23:22:37,0.159581611,0.0331678026951501,1.56316869,226.50440520369492,226.8891115689255
2024-06-06 23:22:42,0.159584326,0.0331682512502891,1.56318983,226.50436933273437,226.88975274382244
2024-06-06 23:22:46,0.159589152,0.0331681871709835,1.56318681,226.50973954008876,226.8956645808663
2024-06-06 23:22:50,0.159587041,0.0331689559104672,1.56322304,226.50250844840554,226.8889751126489
2024-06-06 23:22:55,0.159585532,0.0331679949330668,1.56317775,226.5054177014678,226.8925613862851
2024-06-06 23:22:59,0.159587041,0.0331677386158445,1.56316567,226.50803366827597,226.8957189625408
2024-06-06 23:23:03,0.159590661,0.0331680590123723,1.56318077,226.50988523146412,226.89811212893943
2024-06-06 23:23:07,0.159596392,0.0331683794089002,1.56319587,226.5141674564303,226.90293595087496
2024-06-06 23:23:11,0.159591566,0.0331675463779278,1.56315661,226.51268430429454,226.9019943894636
2024-06-06 23:23:16,0.159593074,0.0331670978227888,1.56313547,226.51622902738336,226.90621609216964
2024-06-06 23:23:20,0.159590057,0.0331668417177497,1.5631234,226.5136324017805,226.9041610432252
2024-06-06 23:23:24,0.159592471,0.0331676745365389,1.56316265,226.51125619407551,226.90232640592072
2024-06-06 23:23:28,0.159594582,0.0331665213212219,1.5631083,226.519535076452,226.91114685243585
2024-06-06 23:23:33,0.15959428,0.0331670978227888,1.56313547,226.51531606393107,226.9076047862767
2024-06-06 23:23:37,0.159596995,0.0331672259814,1.56314151,226.51719069775902,226.9100209701402
2024-06-06 23:23:41,0.159597297,0.0331679949330668,1.56317775,226.51273637844918,226.90610819459167
2024-06-06 23:23:45,0.159604235,0.0331676104572334,1.56315963,226.52231397585484,226.9162273294806
2024-06-06 23:23:49,0.159599107,0.0331671619020944,1.56313849,226.51835307440155,226.91280795922887
2024-06-06 23:23:54,0.159599107,0.0331661368453885,1.56309018,226.52335608514144,226.91848787513132
2024-06-06 23:23:58,0.159604537,0.0331669057970553,1.56312642,226.5248063306128,226.9204796376568
2024-06-06 23:24:02,0.159602124,0.0331667776384441,1.56312038,226.52219640570416,226.91841122350863
2024-06-06 23:24:06,0.15960695,0.0331670337434833,1.56313245,226.5257928893056,226.92254921157328
2024-06-06 23:24:10,0.159598202,0.0331657523695551,1.56307206,226.522278416003,226.919576236433
2024-06-06 23:24:15,0.159595185,0.0331660727660829,1.56308716,226.51635199660484,226.91432668087177
2024-06-06 23:24:19,0.159598202,0.0331654319730272,1.56305696,226.52283551244352,226.9213516806829
2024-06-06 23:24:23,0.159600615,0.0331651758679881,1.56304489,226.52649193978243,226.925549585682
2024-06-06 23:24:27,0.159603632,0.0331651758679881,1.56304489,226.52942470800488,226.9290238252489
2024-06-06 23:24:32,0.159605744,0.0331657523695551,1.56307206,226.52798516106822,226.92826110860608
2024-06-06 23:24:36,0.159606045,0.033166200924694,1.5630932,226.52530462932305,226.92612203398247
2024-06-06 23:24:40,0.159611475,0.0331662650039996,1.56309622,226.5306608208995,226.93201967635372
2024-06-06 23:24:44,0.159612078,0.0331663290833052,1.56309924,226.5304586362955,226.9323589362144
2024-06-06 23:24:49,0.159610268,0.0331654319730272,1.56305696,226.5326691319533,226.9352462285464
2024-06-06 23:24:53,0.159609062,0.0331653678937217,1.56305394,226.53109405501326,226.93421258181635
2024-06-06 23:24:57,0.159612983,0.0331662650039996,1.56309622,226.53009621266185,226.93375616333424
2024-06-06 23:25:01,0.15961419,0.033165047709377,1.56303885,226.53769083762205,226.9418922058198
2024-06-06 23:25:06,0.15962143,0.0331651117886825,1.56304187,226.54499620907148,226.94987434025
2024-06-06 23:25:10,0.15962143,0.033166649479833,1.56311434,226.5359327573187,226.94135229173727
2024-06-06 23:25:14,0.159619017,0.0331661368453885,1.56309018,226.53545372723363,226.9414146585381
2024-06-06 23:25:18,0.159617207,0.0331649836300714,1.56303583,226.5392192804595,226.94572160229265
2024-06-06 23:25:22,0.159625351,0.0331645350749324,1.56301469,226.5505424581975,226.9575861641991
2024-06-06 23:25:26,0.159616905,0.0331652397351105,1.5630479,226.53636936000052,226.9439544438073
2024-06-06 23:25:31,0.159622636,0.0331640224404879,1.56299053,226.5490392043114,226.95730100142168
2024-06-06 23:25:35,0.159619017,0.0331649195507658,1.56303281,226.53935791609644,226.94816107668356
2024-06-06 23:25:39,0.159621128,0.0331654319730272,1.56305696,226.5384074948597,226.9477520125508
2024-06-06 23:25:43,0.159624748,0.0331648554714603,1.56302979,226.5452300337289,226.95511590214815
2024-06-06 23:25:47,0.159622938,0.0331642787577102,1.56300261,226.54580085995204,226.9562280727208
2024-06-06 23:25:51,0.159629575,0.0331647273128491,1.56302375,226.55041637502555,226.96138492576225
2024-06-06 23:25:56,0.159626256,0.0331652397351105,1.5630479,226.54307744306956,226.9547226572879
2024-06-06 23:26:00,0.15963048,0.0331649836300714,1.56303583,226.54881984903557,226.9610063868532
2024-06-06 23:26:04,0.159633798,0.0331654319730272,1.56305696,226.54961436744864,226.96234222247503
2024-06-06 23:26:08,0.159642546,0.0331669696641777,1.56312943,226.55062378140815,226.96389294725
2024-06-06 23:26:13,0.159634703,0.0331656242109439,1.56306602,226.54837306123244,226.96231885659896
2024-06-06 23:26:17,0.159637418,0.0331652397351105,1.5630479,226.5530893246616,226.96757641644888
2024-06-06 23:26:21,0.159633496,0.033164599154238,1.56301771,226.55158227873977,226.96661066054588
2024-06-06 23:26:25,0.159638021,0.0331644709956269,1.56301167,226.55696233117246,226.9725319965929
2024-06-06 23:26:29,0.159648278,0.0331647273128491,1.56302375,226.566812020406,226.9829229630337
2024-06-06 23:26:34,0.159637719,0.033165047709377,1.56303885,226.5521999012427,226.96898743136555
2024-06-06 23:26:38,0.159644054,0.0331652397351105,1.5630479,226.55788940331394,226.97521819621883
2024-06-06 23:26:42,0.159645261,0.033165047709377,1.56303885,226.55980252928006,226.97767257855173
2024-06-06 23:26:46,0.159646468,0.0331649836300714,1.56303583,226.56100643760675,226.9794177368275
2024-06-06 23:26:50,0.159645261,0.0331646632335436,1.56302073,226.56085131399482,226.97980385674452
2024-06-06 23:26:55,0.159647373,0.0331643428370157,1.56300563,226.56438304080578,226.98401212893475
2024-06-06 23:26:59,0.159645563,0.033164599154238,1.56301771,226.56033653647083,226.98050685367477
2024-06-06 23:27:03,0.159649786,0.033164150599099,1.56299657,226.56714509697474,226.98785663682585
2024-06-06 23:27:08,0.159649182,0.0331642787577102,1.56300261,226.5650625391458,226.98645059826336
2024-06-06 23:27:12,0.159648278,0.0331651758679881,1.56304489,226.55850717193783,226.98043643923165
2024-06-06 23:27:16,0.159653707,0.0331646632335436,1.56302073,226.56705966767936,226.98953013671428
2024-06-06 23:27:20,0.159653406,0.0331635738853489,1.56296939,226.5722110435472,226.9952227078859
2024-06-06 23:27:24,0.159643753,0.0331631896216986,1.56295128,226.56268351865435,226.98623637185727
2024-06-06 23:27:29,0.159647373,0.0331631255423931,1.56294826,226.56653121570207,226.99076054592632
2024-06-06 23:27:33,0.159653406,0.0331640224404879,1.56299053,226.5679654266538,226.99273593124545
2024-06-06 23:27:37,0.159650389,0.0331635738853489,1.56296939,226.56643659178357,226.99174826429615
2024-06-06 23:27:41,0.159656422,0.0331632537010042,1.5629543,226.57461833815128,227.00047117213632
2024-06-06 23:27:45,0.159657629,0.0331642787577102,1.56300261,226.56978415358117,226.9961781425881
2024-06-06 23:27:49,0.159660344,0.0331637661232656,1.56297845,226.57521173018256,227.00214686775888
2024-06-06 23:27:54,0.159660042,0.0331633177803098,1.56295732,226.57667328002066,227.00428484423176
2024-06-06 23:27:58,0.159662154,0.0331631896216986,1.56295128,226.5792749930567,227.0074276913118
2024-06-06 23:28:02,0.159656724,0.0331637020439601,1.56297543,226.56963943461687,226.99833326045703
2024-06-06 23:28:06,0.15966336,0.0331648554714603,1.56302979,226.57034566573702,226.99958061270155
2024-06-06 23:28:10,0.159665774,0.0331647913921547,1.56302677,226.57293974682662,227.00271580845288
2024-06-06 23:28:15,0.159660947,0.0331637020439601,1.56297543,226.57274412883643,227.00319657469905
2024-06-06 23:28:19,0.159665774,0.0331638302025712,1.56298147,226.5770513731525,227.00804491912936
2024-06-06 23:28:23,0.159668187,0.0331637661232656,1.56297845,226.57964444128126,227.0111790809039
2024-06-06 23:28:27,0.159672109,0.0331651758679881,1.56304489,226.57580377289625,227.00787949969447
2024-06-06 23:28:32,0.159667885,0.0331638942818768,1.56298449,226.5773686347052,227.01012071137163
2024-06-06 23:28:36,0.15966879,0.0331638302025712,1.56298147,226.57822507116606,227.01151822044395
2024-06-06 23:28:40,0.159672109,0.0331651117886825,1.56304187,226.57440055457417,227.00823476998784
2024-06-06 23:28:44,0.15967422,0.0331651758679881,1.56304489,226.57593520657724,227.01031048164944
2024-06-06 23:28:49,0.159676634,0.0331649836300714,1.56303583,226.57910464652144,227.01415623705572
2024-06-06 23:28:53,0.159675125,0.0331648554714603,1.56302979,226.57753642321646,227.01312905882955
2024-06-06 23:28:57,0.159673919,0.0331644709956269,1.56301167,226.57773827538372,227.01387194959332
2024-06-06 23:29:01,0.159675427,0.0331638942818768,1.56298449,226.5821315448037,227.018806251126
2024-06-06 23:29:05,0.159680253,0.0331648554714603,1.56302979,226.5818186778492,227.0190344097988
2024-06-06 23:29:10,0.159680857,0.033165047709377,1.56303885,226.58077208336758,227.0186640882291
2024-06-06 23:29:14,0.159680857,0.0331651117886825,1.56304187,226.57987578120697,227.01830879709857
2024-06-06 23:29:18,0.159685382,0.0331653678937217,1.56305394,226.58312566430163,227.0220996847333
2024-06-06 23:29:22,0.159685985,0.0331651117886825,1.56304187,226.58469908394775,227.02421410242823
2024-06-06 23:29:27,0.15968689,0.0331647273128491,1.56302375,226.5871968738816,227.02738813079264
2024-06-06 23:29:31,0.159683873,0.0331649836300714,1.56303583,226.58176032090142,227.022492561251
2024-06-06 23:29:35,0.159685683,0.0331644069163213,1.56300865,226.5865015038618,227.02777472115437
2024-06-06 23:29:39,0.15969051,0.0331648554714603,1.56302979,226.58903207558816,227.03084626332688
2024-06-06 23:29:44,0.159691716,0.0331654319730272,1.56305696,226.5865480398541,227.02903843151267
2024-06-06 23:29:48,0.159691113,0.0331644069163213,1.56300865,226.59099658924566,227.03402793672825
2024-06-06 23:29:52,0.159691415,0.0331644069163213,1.56300865,226.59080342465586,227.03437572146183
2024-06-06 23:29:56,0.15969051,0.0331629973837819,1.56294222,226.59703662943,227.0411498690576
2024-06-06 23:30:01,0.159692018,0.0331649195507658,1.56303281,226.58743813120395,227.0322275402138
2024-06-06 23:30:05,0.15969594,0.0331640224404879,1.56299053,226.59638845660655,227.04171879380505
2024-06-06 23:30:09,0.15970137,0.0331642787577102,1.56300261,226.60067939625895,227.0465506551409
2024-06-06 23:30:13,0.159695336,0.0331640865197935,1.56299355,226.59425569689841,227.04066787095752
2024-06-06 23:30:17,0.159698655,0.0331651117886825,1.56304187,226.59185154593297,227.038804628662
2024-06-06 23:30:21,0.15969775,0.0331645350749324,1.56301469,226.59346647121615,227.0409604561069
2024-06-06 23:30:26,0.15969956,0.0331642787577102,1.56300261,226.5962961384554,227.0444662418947
2024-06-06 23:30:30,0.159699258,0.0331642146784046,1.56299959,226.59576281478687,227.04447380574103
2024-06-06 23:30:34,0.159701671,0.0331640865197935,1.56299355,226.59871148764978,227.0479633596077
2024-06-06 23:30:38,0.159702275,0.0331642787577102,1.56300261,226.5978001153143,227.047592861764
2024-06-06 23:30:43,0.159703481,0.0331640865197935,1.56299355,226.5995789550287,227.0500477854344
2024-06-06 23:30:47,0.159702878,0.0331642146784046,1.56299959,226.5976329500458,227.04864264028836
2024-06-06 23:30:51,0.159710721,0.0331649195507658,1.56303281,226.60221517274485,227.05376571630975
2024-06-06 23:30:55,0.159705291,0.0331643428370157,1.56300563,226.5986193711617,227.05071076153365
2024-06-06 23:30:59,0.159711626,0.0331645350749324,1.56301469,226.604307908082,227.056940138745
2024-06-06 23:31:04,0.159711023,0.0331652397351105,1.5630479,226.5990295943457,227.0523378662085
2024-06-06 23:31:08,0.159707704,0.0331643428370157,1.56300563,226.5996405214252,227.05348961891565
2024-06-06 23:31:12,0.159710419,0.0331638302025712,1.56298147,226.60506940388933,227.05945932048945
2024-06-06 23:31:16,0.159714039,0.0331639583611823,1.56298751,226.6079867294809,227.062917458672
2024-06-06 23:31:20,0.159721882,0.0331656882902495,1.56306904,226.60688378162612,227.06235531688893
2024-06-06 23:31:25,0.159715849,0.0331651758679881,1.56304489,226.60210209021494,227.0582496238989
2024-06-06 23:31:29,0.159721279,0.0331651758679881,1.56304489,226.60781443456935,227.06450275965489
2024-06-06 23:31:33,0.159722787,0.0331658805281662,1.5630781,226.60510226103122,227.0623313709974
2024-06-06 23:31:37,0.159717961,0.0331645350749324,1.56301469,226.6064657164257,227.06423560475125
2024-06-06 23:31:41,0.159718564,0.0331640865197935,1.56299355,226.60910713348989,227.06741779365305
2024-06-06 23:31:45,0.159722787,0.033164599154238,1.56301771,226.61058646270587,227.06943788818444
2024-06-06 23:31:50,0.159727312,0.0331651117886825,1.56304187,226.61227832828231,227.07180570123285
2024-06-06 23:31:54,0.159722184,0.0331655601316384,1.563063,226.60334571845755,227.0634138420474
2024-06-06 23:31:58,0.159725201,0.0331639583611823,1.56298751,226.61516311466707,227.0757719823729
2024-06-06 23:32:02,0.159727011,0.0331651758679881,1.56304489,226.60995407040684,227.0711036757052
2024-06-06 23:32:06,0.159723089,0.0331644709956269,1.56301167,226.6088061391078,227.0704964754748
2024-06-06 23:32:11,0.159724597,0.033165047709377,1.56303885,226.60666827844153,227.0690345194699
2024-06-06 23:32:15,0.159732742,0.0331656882902495,1.56306904,226.61195443775665,227.0748613951743
2024-06-06 23:32:19,0.159732139,0.0331648554714603,1.56302979,226.61533841543746,227.07878608271997
2024-06-06 23:32:23,0.159728519,0.0331653678937217,1.56305394,226.6077868898894,227.0717752605121
2024-06-06 23:32:27,0.159735457,0.0331640865197935,1.56299355,226.622343181485,227.08687224892316
2024-06-06 23:32:32,0.15973787,0.0331658164488606,1.56307508,226.6148509155686,227.08005584485056
2024-06-06 23:32:36,0.159742094,0.0331656882902495,1.56306904,226.6198852905833,227.0856309019998
2024-06-06 23:32:40,0.159744205,0.0331654319730272,1.56305696,226.623197286655,227.08948357368104
2024-06-06 23:32:44,0.159736362,0.0331642787577102,1.56300261,226.62002120365116,227.0868481597618
2024-06-06 23:32:48,0.159738775,0.0331647273128491,1.56302375,226.61977135139534,227.0871389700656
2024-06-06 23:32:53,0.159742395,0.0331643428370157,1.56300563,226.62539700651703,227.0934404442112
2024-06-06 23:32:57,0.159739982,0.0331636379646545,1.56297241,226.62598744837618,227.09457153394905
2024-06-06 23:33:01,0.15973606,0.0331631255423931,1.56294826,226.6237725155744,227.0928972425012
2024-06-06 23:33:05,0.159743602,0.0331647913921547,1.56302677,226.62267696893886,227.09234233069512
2024-06-06 23:33:10,0.159744809,0.0331649836300714,1.56303583,226.62232484653114,227.09266599264916
2024-06-06 23:33:14,0.15974511,0.0331653038144161,1.56305092,226.62035485190196,227.0912366181697
2024-06-06 23:33:18,0.15974692,0.0331635098060434,1.56296637,226.63185024093264,227.103272620826
2024-06-06 23:33:22,0.1597433,0.0331635098060434,1.56296637,226.62714063312086,227.09910362011613
2024-06-06 23:33:26,0.159740585,0.0331644709956269,1.56301167,226.61814154139284,227.0906451289665
2024-06-06 23:33:31,0.159749635,0.0331646632335436,1.56302073,226.6268215377191,227.1000008668425
2024-06-06 23:33:35,0.159750842,0.0331642787577102,1.56300261,226.6298037612139,227.1035236762389
2024-06-06 23:33:39,0.159749635,0.0331633177803098,1.56295732,226.63320416870357,227.1074646631077
2024-06-06 23:33:43,0.159752652,0.033164150599099,1.56299657,226.63151801932912,227.10631908659025
2024-06-06 23:33:47,0.159754763,0.033164150599099,1.56299657,226.63340856077673,227.1087501943731
2024-06-06 23:33:52,0.15975778,0.0331643428370157,1.56300563,226.63514089116762,227.1111582235126
2024-06-06 23:33:56,0.15975054,0.0331633177803098,1.56295732,226.63194903764784,227.10850692165585
2024-06-06 23:34:00,0.159751445,0.0331622284321151,1.56290598,226.63849433686738,227.11559276601815
2024-06-06 23:34:05,0.159751747,0.0331635098060434,1.56296637,226.63105758337215,227.10883168478307
2024-06-06 23:34:09,0.15974692,0.0331617798769762,1.56288484,226.6345552504577,227.11286988234275
2024-06-06 23:34:13,0.15975054,0.0331621643528096,1.56290296,226.63605083279106,227.11490598863168
2024-06-06 23:34:17,0.159764115,0.0331646632335436,1.56302073,226.63728065380238,227.1166763270807
2024-06-06 23:34:22,0.15976321,0.0331651117886825,1.56304187,226.6330743986238,227.1131457095343
2024-06-06 23:34:26,0.159760796,0.0331642787577102,1.56300261,226.63437522274137,227.1149870364265
2024-06-06 23:34:30,0.159767131,0.0331638942818768,1.56298449,226.64326339567927,227.1244157056232
2024-06-06 23:34:34,0.159760495,0.0331637020439601,1.56297543,226.63614708684216,227.1178398865297
2024-06-06 23:34:38,0.159762606,0.0331622284321151,1.56290598,226.64621365965112,227.1284469425679
2024-06-06 23:34:43,0.159761701,0.0331629973837819,1.56294222,226.6402293963161,227.1231382741097
2024-06-06 23:34:47,0.159765623,0.0331636379646545,1.56297241,226.64065173698498,227.12410108335305
2024-06-06 23:34:51,0.15976683,0.0331631255423931,1.56294826,226.64434435609357,227.12833416452435
2024-06-06 23:34:55,0.1597614,0.0331629973837819,1.56294222,226.6382613550401,227.12279161902248
2024-06-06 23:35:00,0.15976683,0.0331626769872541,1.56292712,226.6456170960169,227.13082292028383
2024-06-06 23:35:04,0.159768036,0.0331632537010042,1.5629543,226.6432657516141,227.1290120167859
2024-06-06 23:35:08,0.15976683,0.0331635738853489,1.56296939,226.6395599537456,227.125846653314
2024-06-06 23:35:12,0.159771053,0.0331622925114207,1.562909,226.65099270533335,227.13781983279108
2024-06-06 23:35:16,0.159773768,0.033162548828643,1.56292108,226.65215690713634,227.13952445597712
