time,voltage,current,shunt_voltage,temperature,temperature old
2024-02-03 19:37:50,0.158195486,0.0235529101977334,1.11002746,300.240817232546,300.240817232546
2024-02-03 19:37:54,0.158325199,0.0235467526432713,1.10973726,300.5229120493059,300.5228780019084
2024-02-03 19:37:58,0.158422937,0.0235450244116692,1.10965581,300.7032785195706,300.7032104305652
2024-02-03 19:38:02,0.15850891,0.0235435586506001,1.10958673,300.86136160852345,300.86125948369886
2024-02-03 19:38:07,0.158574973,0.0235415872571298,1.10949382,300.992257449793,300.99211278833303
2024-02-03 19:38:11,0.158633495,0.0235405759923274,1.10944616,301.10005838671276,301.0998797024543
2024-02-03 19:38:15,0.158735758,0.0235386684659796,1.10935626,301.28999825844363,301.2897855571721
2024-02-03 19:38:19,0.158788246,0.023536197805602,1.10923982,301.40412173096826,301.40387501846806
2024-02-03 19:38:23,0.158821429,0.0235357562525064,1.10921901,301.4638218434374,301.463541125492
2024-02-03 19:38:27,0.15885431,0.0235345336533054,1.10916139,301.53172555319344,301.53141083558523
2024-02-03 19:38:32,0.158895939,0.0235337016832487,1.10912218,301.6097294680186,301.609372258962
2024-02-03 19:38:36,0.158926708,0.0235332024163414,1.10909865,301.66610210308767,301.6657109073752
2024-02-03 19:38:40,0.158993677,0.023532574990823,1.10906908,301.78364780813746,301.7832226315485
2024-02-03 19:38:44,0.159021731,0.023531371700287,1.10901237,301.8434002653777,301.8429411136904
2024-02-03 19:38:48,0.159046769,0.0235311349039128,1.10900121,301.8873995144709,301.88690639346265
2024-02-03 19:38:53,0.159073616,0.0235306356370055,1.10897768,301.9373229174665,301.9367873429298
2024-02-03 19:38:57,0.159096844,0.0235292275897481,1.10891132,301.99140964247516,301.9908401116128
2024-02-03 19:39:01,0.159113134,0.0235275441287866,1.10883198,302.03712525273187,302.03652177131795
2024-02-03 19:39:05,0.159164416,0.0235273200634003,1.10882142,302.1243173849262,302.1236799587338
2024-02-03 19:39:09,0.159178895,0.023525745452385,1.10874721,302.1658417669662,302.1651704017675
2024-02-03 19:39:14,0.15920514,0.0235258799764901,1.10875355,302.2077105849035,302.2069968040625
2024-02-03 19:39:18,0.159222938,0.0235253614009179,1.10872911,302.24292289333357,302.24217518647
2024-02-03 19:39:22,0.159248277,0.0235255150215047,1.10873635,302.283075020263,302.28229339314584
2024-02-03 19:39:26,0.159266075,0.023525476616358,1.10873454,302.31292297926376,302.3121074376609
2024-02-03 19:39:30,0.159303481,0.0235255663698224,1.10873877,302.3737121369212,302.3728626865997
2024-02-03 19:39:35,0.159321279,0.0235253423044361,1.10872821,302.4056451927013,302.4047533645898
2024-02-03 19:39:39,0.159333948,0.0235250286977684,1.10871343,302.4301035513841,302.4291778275261
2024-02-03 19:39:43,0.159356874,0.0235229739163277,1.10861659,302.4909745844984,302.4900149706577
2024-02-03 19:39:47,0.159380404,0.0235257134127322,1.1087457,302.49921631239215,302.49822281433154
2024-02-03 19:39:51,0.159393677,0.0235243374051276,1.10868085,302.53655886389134,302.5355314873727
2024-02-03 19:39:55,0.15941962,0.0235236461124867,1.10864827,302.58716550505153,302.58610425583566
2024-02-03 19:40:00,0.159431384,0.0235223851081391,1.10858884,302.6207465357712,302.6196429537836
2024-02-03 19:40:04,0.159450389,0.0235229868594986,1.1086172,302.64542867538165,302.6442912336552
2024-02-03 19:40:08,0.159470298,0.0235234477212592,1.10863892,302.6731797253204,302.6720084296128
2024-02-03 19:40:12,0.15947784,0.0235217899344566,1.10856079,302.7042281163277,302.7030229723957
2024-02-03 19:40:16,0.159485683,0.023521584965552,1.10855113,302.7195093422568,302.718270355856
2024-02-03 19:40:20,0.159525804,0.0235227948337651,1.10860815,302.7722512520367,302.770978428922
2024-02-03 19:40:25,0.159535155,0.0235220139998429,1.10857135,302.79648130620257,302.79516619528647
2024-02-03 19:40:29,0.159547825,0.0235208873074172,1.10851825,302.8300606511887,302.8287117165032
2024-02-03 19:40:33,0.1595614,0.0235202600940819,1.10848869,302.859541607708,302.8581588550047
2024-02-03 19:40:37,0.159577086,0.0235216299483758,1.10855325,302.870133379767,302.8687168147965
2024-02-03 19:40:41,0.159581611,0.0235208618454415,1.10851705,302.88624684676313,302.884796475275
2024-02-03 19:40:45,0.15961238,0.0235208938850943,1.10851856,302.93673895853743,302.9352547862803
2024-02-03 19:40:50,0.159620827,0.0235195240308005,1.108454,302.9660867669327,302.9645603517968
2024-02-03 19:40:54,0.159622636,0.0235185448056508,1.10840785,302.98008580831623,302.9785256053422
2024-02-03 19:40:58,0.159631083,0.02351785351301,1.10837527,303.00182256248627,303.0002285774196
2024-02-03 19:41:02,0.159648278,0.0235189415881058,1.10842655,303.01805928178356,303.01643152036866
2024-02-03 19:41:06,0.159664869,0.023518640712426,1.10841237,303.0488712338502,303.0472097018306
2024-02-03 19:41:11,0.159686287,0.0235182630264528,1.10839457,303.0885275364691,303.08682379926887
2024-02-03 19:41:15,0.159693526,0.0235183207402645,1.10839729,303.09987151681077,303.09813402192515
2024-02-03 19:41:19,0.15970318,0.0235168933843421,1.10833002,303.13186365271787,303.1300924058871
2024-02-03 19:41:23,0.159714039,0.0235178662439978,1.10837587,303.1389216677468,303.13711667471034
2024-02-03 19:41:27,0.159726709,0.0235176742182643,1.10836682,303.16203908836957,303.16020035486576
2024-02-03 19:41:32,0.159731837,0.0235170533704229,1.10833756,303.1775181335341,303.1756372325142
2024-02-03 19:41:36,0.159752953,0.023516240496848,1.10829925,303.22155680811596,303.2196421795365
2024-02-03 19:41:40,0.159761098,0.0235169254239949,1.10833153,303.22735936229736,303.22541101189347
2024-02-03 19:41:44,0.159777388,0.0235167333982613,1.10832248,303.25645907020095,303.25447700370694
2024-02-03 19:41:48,0.159775578,0.0235154851249016,1.10826365,303.26751393932136,303.2654981624704
2024-02-03 19:41:53,0.159780404,0.0235147747357789,1.10823017,303.2835037763412,303.2814458696051
2024-02-03 19:41:57,0.159799711,0.0235162725365008,1.10830076,303.298619942563,303.2965283383662
2024-02-03 19:42:01,0.15981057,0.0235152099233806,1.10825068,303.32852377021345,303.3263984742861
2024-02-03 19:42:05,0.159817207,0.0235166693189558,1.10831946,303.32313693179447,303.32097794986566
2024-02-03 19:42:09,0.15983591,0.0235151394785811,1.10824736,303.37124750884635,303.36905484664425
2024-02-03 19:42:13,0.159845864,0.0235167013586085,1.10832097,303.37018697988105,303.3679606431328
2024-02-03 19:42:18,0.159859741,0.0235155428387132,1.10826637,303.40616557142476,303.4038971495462
2024-02-03 19:42:22,0.159860947,0.0235156964593,1.10827361,303.4064663510627,303.4041642675205
2024-02-03 19:42:26,0.15987422,0.0235158755418626,1.10828205,303.4264173483114,303.4240816088297
2024-02-03 19:42:30,0.15989232,0.0235155683006889,1.10826757,303.45980594749096,303.4574365577926
2024-02-03 19:42:34,0.159898353,0.0235157219212758,1.10827481,303.4680813166252,303.46567828243235
2024-02-03 19:42:38,0.159915548,0.0235166884154375,1.10832036,303.48566539593776,303.4832287229715
2024-02-03 19:42:43,0.159923994,0.0235160357401265,1.1082896,303.50699398565996,303.5045152722707
2024-02-03 19:42:47,0.159927313,0.0235150692459648,1.10824405,303.5233710027614,303.52085866346755
2024-02-03 19:42:51,0.159937871,0.0235160484711144,1.1082902,303.52984509696154,303.52729913748107
2024-02-03 19:42:55,0.159954462,0.0235157155557818,1.10827451,303.5610309490932,303.558451375143
2024-02-03 19:42:59,0.15996683,0.0235160741452733,1.10829141,303.5774687205679,303.574855537864
2024-02-03 19:43:03,0.159968037,0.0235150499372998,1.10824314,303.5910079378445,303.58836115210187
2024-02-03 19:43:08,0.1599795,0.0235151460562582,1.10824767,303.60890920629237,303.60622042478656
2024-02-03 19:43:12,0.159974975,0.0235139809586858,1.10819276,303.61456313855706,303.6118407668678
2024-02-03 19:43:16,0.159988248,0.0235146402116738,1.10822383,303.62911677146366,303.6263608153027
2024-02-03 19:43:20,0.160001822,0.0235145827100453,1.10822112,303.65222499604073,303.6494354611189
2024-02-03 19:43:24,0.160006347,0.0235141345792726,1.1082,303.6647738179109,303.6619507099382
2024-02-03 19:43:28,0.160010872,0.0235127519939909,1.10813484,303.6878309418122,303.68497426649753
2024-02-03 19:43:33,0.160016302,0.023513693026177,1.10817919,303.6862635001027,303.6833648736373
2024-02-03 19:43:37,0.160029877,0.0235146147496981,1.10822263,303.6983629655527,303.69543078458685
2024-02-03 19:43:41,0.160035307,0.0235132128557515,1.10815656,303.72313438808277,303.7201686583223
2024-02-03 19:43:45,0.160038625,0.0235125088321228,1.10812338,303.73656904926776,303.7335697764174
2024-02-03 19:43:49,0.160057931,0.0235137505278055,1.1081819,303.75453823513686,303.7515054249005
2024-02-03 19:43:54,0.160052803,0.0235123361150541,1.10811524,303.7620162661561,303.75894154220674
2024-02-03 19:43:58,0.160055819,0.023512220899614,1.10810981,303.7683298362768,303.7652215877715
2024-02-03 19:44:02,0.160059439,0.0235113887173741,1.10807059,303.7837074329804,303.7805656656199
2024-02-03 19:44:06,0.160082064,0.023513014464524,1.10814721,303.80283898550874,303.7996637049927
2024-02-03 19:44:10,0.160087494,0.0235116064172666,1.10808085,303.827688126575,303.8244793386022
2024-02-03 19:44:14,0.160092622,0.0235116959585479,1.10808507,303.83518848715687,303.83194619742505
2024-02-03 19:44:19,0.160102878,0.0235112607709461,1.10806456,303.85707652162444,303.8537923627049
2024-02-03 19:44:23,0.16011223,0.0235127201665213,1.10813334,303.8561417380074,303.8528240901453
2024-02-03 19:44:27,0.160114643,0.0235120736445211,1.10810287,303.86743837102716,303.8640872399171
2024-02-03 19:44:31,0.160126709,0.0235116639188951,1.10808356,303.89202308958517,303.88863848092086
2024-02-03 19:44:35,0.160135759,0.0235118368481468,1.10809171,303.905066134966,303.9016480544401
2024-02-03 19:44:40,0.160138172,0.0235117470946824,1.10808748,303.9101059430392,303.90664603069024
2024-02-03 19:44:44,0.160147222,0.0235113823518802,1.10807029,303.929201294003,303.9257079225975
2024-02-03 19:44:48,0.160154462,0.0235113246380686,1.10806757,303.941849515851,303.9383226910785
2024-02-03 19:44:52,0.16015778,0.0235125215631106,1.10812398,303.9338925161802,303.9303322437293
2024-02-03 19:44:56,0.16016502,0.0235108253711613,1.10804404,303.96498602988,303.9613923154382
2024-02-03 19:45:01,0.160169847,0.0235109919349191,1.10805189,303.9711300153998,303.96749450646627
2024-02-03 19:45:05,0.160172562,0.0235099870356106,1.10800453,303.98696526857555,303.9832963304448
2024-02-03 19:45:09,0.160179801,0.0235106142489459,1.10803409,303.9919003229477,303.9881979613042
2024-02-03 19:45:13,0.16018493,0.0235102174664909,1.10801539,304.00487848102637,304.0011427015536
2024-02-03 19:45:17,0.160190058,0.0235102749681194,1.1080181,304.0127396711124,304.0089704794929
2024-02-03 19:45:21,0.160205141,0.0235103965490535,1.10802383,304.03633221958074,304.0325296214961
2024-02-03 19:45:26,0.160210571,0.0235093598222754,1.10797497,304.05702506451445,304.0531807163366
2024-02-03 19:45:30,0.160216001,0.0235101213475326,1.10801086,304.05745577058485,304.05357802872186
2024-02-03 19:45:34,0.160222637,0.0235097436615594,1.10799306,304.07271123494866,304.06880010507894
2024-02-03 19:45:38,0.160219922,0.0235097052564127,1.10799125,304.06868984464296,304.06474533244403
2024-02-03 19:45:42,0.160231989,0.0235095900409725,1.10798582,304.089965544657,304.0859876558053
2024-02-03 19:45:46,0.160231687,0.023508866920862,1.10795174,304.0976459020517,304.09363464222275
2024-02-03 19:45:51,0.160240737,0.0235079004267002,1.10790619,304.1235354869933,304.11948252142264
2024-02-03 19:45:55,0.160247373,0.0235085276400355,1.10793575,304.1274707433596,304.1233844195781
2024-02-03 19:45:59,0.160249183,0.0235073114063285,1.10787843,304.14420023443273,304.14008055811286
2024-02-03 19:46:03,0.160260345,0.0235085212745416,1.10793545,304.14905071879645,304.1448976956096
2024-02-03 19:46:07,0.160266378,0.0235091996240114,1.10796742,304.1514123026214,304.147225938238
2024-02-03 19:46:11,0.160270601,0.0235095132306791,1.1079822,304.15489196402694,304.15067226411657
2024-02-03 19:46:16,0.160281159,0.0235088732863559,1.10795204,304.17959607510676,304.17533471375896
2024-02-03 19:46:20,0.160279349,0.0235084060591014,1.10793002,304.1819030285389,304.17760834441697
2024-02-03 19:46:24,0.160290812,0.0235075484148859,1.1078896,304.2105504476292,304.20622244639947
2024-02-03 19:46:28,0.160284477,0.0235074266217687,1.10788386,304.20148466259946,304.1971233499274
2024-02-03 19:46:32,0.160294432,0.0235068762187268,1.10785792,304.22417798091806,304.2197833624681
2024-02-03 19:46:36,0.160299259,0.0235068698532329,1.10785762,304.2322623794616,304.2278344608972
2024-02-03 19:46:41,0.16030318,0.0235068762187268,1.10785792,304.23871390649765,304.23424437075306
2024-02-03 19:46:45,0.160307403,0.0235066073826998,1.10784525,304.2487587709349,304.2442559478152
2024-02-03 19:46:49,0.160325805,0.023508598084835,1.10793907,304.25676928284116,304.2522331780067
2024-02-03 19:46:53,0.1603249,0.0235075418372088,1.10788929,304.26721418098293,304.2626448000931
2024-02-03 19:46:57,0.16032671,0.0235065689775531,1.10784344,304.28120800190044,304.27660535061364
2024-02-03 19:47:02,0.160338474,0.0235066330568587,1.10784646,304.29997416623866,304.2953299349114
2024-02-03 19:47:06,0.160334553,0.0235060697106458,1.10781991,304.2998777814067,304.2952002924104
2024-02-03 19:47:10,0.160343904,0.0235072730011818,1.10787662,304.3018010929106,304.29709035190064
2024-02-03 19:47:14,0.160347222,0.0235057370074964,1.10780423,304.3246400716945,304.3198960843252
2024-02-03 19:47:18,0.160351446,0.0235059544952057,1.10781448,304.3292036222208,304.3244263941455
2024-02-03 19:47:23,0.160353557,0.0235058840504062,1.10781116,304.33352945443113,304.328710683422
2024-02-03 19:47:27,0.160365322,0.0235056665626969,1.10780091,304.3554652273353,304.3506132283368
2024-02-03 19:47:31,0.160365925,0.0235053529560292,1.10778613,304.36003251925797,304.3551472979203
2024-02-03 19:47:35,0.160377992,0.023505231162912,1.10778039,304.38138909163393,304.3764706536065
2024-02-03 19:47:39,0.16037226,0.0235050457148555,1.10777165,304.3740377710085,304.3690861219395
2024-02-03 19:47:44,0.160382517,0.02350592903323,1.10781328,304.38107262672145,304.3760794717921
2024-02-03 19:47:48,0.160390661,0.0235067353291278,1.10785128,304.3854743740558,304.38044802079014
2024-02-03 19:47:52,0.160396996,0.0235061528864332,1.10782383,304.4025503090076,304.39749076305094
2024-02-03 19:47:56,0.160402426,0.023505499998939,1.10779306,304.41892581442914,304.41383308142565
2024-02-03 19:48:00,0.160405141,0.0235050073097088,1.10776984,304.4290061485644,304.42388023415737
2024-02-03 19:48:04,0.160411778,0.0235053145508825,1.10778432,304.4365455718133,304.4313864816451
2024-02-03 19:48:09,0.160413588,0.02350403423787,1.10772398,304.45402562042995,304.44882506849336
2024-02-03 19:48:13,0.160412984,0.0235048664201098,1.1077632,304.4436702296076,304.4384365146016
2024-02-03 19:48:17,0.160415699,0.0235042839774152,1.10773575,304.4547640879678,304.44949721553155
2024-02-03 19:48:21,0.160425051,0.0235046743943763,1.10775415,304.46585364961976,304.4605536253915
2024-02-03 19:48:25,0.160429575,0.0235028502559989,1.10766818,304.49395264846527,304.4886194780824
2024-02-03 19:48:29,0.160426257,0.0235035863192804,1.10770287,304.48019263223904,304.47482632133784
2024-02-03 19:48:34,0.160434402,0.0235034454296814,1.10769623,304.4952910119596,304.48988328333513
2024-02-03 19:48:38,0.160440134,0.0235040662775228,1.10772549,304.4977944148789,304.4923535584144
2024-02-03 19:48:42,0.160445865,0.0235035479141337,1.10770106,304.5131535657343,304.5076795870629
2024-02-03 19:48:46,0.160444357,0.0235038487898135,1.10771524,304.5072974410862,304.5017903458403
2024-02-03 19:48:50,0.160449787,0.0235033302142413,1.1076908,304.5221617321913,304.5166215260021
2024-02-03 19:48:54,0.160459138,0.0235026005164537,1.10765641,304.5458932038834,304.54031989238126
2024-02-03 19:48:59,0.16046125,0.0235038678862953,1.10771614,304.535120233845,304.5295055486179
2024-02-03 19:49:03,0.16046668,0.0235037399398672,1.10771011,304.5455755211175,304.5399277432423
2024-02-03 19:49:07,0.160470601,0.02350456554443,1.10774902,304.5427720752618,304.5370912103657
2024-02-03 19:49:11,0.160478444,0.02350324067296,1.10768658,304.570728835279,304.5650148889883
2024-02-03 19:49:15,0.160478746,0.023502024439253,1.10762926,304.58499286581525,304.5792458437553
2024-02-03 19:49:19,0.160473014,0.02350203101693,1.10762957,304.57547357986755,304.5696934876627
2024-02-03 19:49:24,0.160473316,0.0235012692794897,1.10759367,304.58461493082086,304.5787935088427
2024-02-03 19:49:28,0.160484779,0.0235018005860498,1.10761871,304.5976037437443,304.5917492642725
2024-02-03 19:49:32,0.160502879,0.0235026773267471,1.10766003,304.6176658281691,304.61177829682504
2024-02-03 19:49:36,0.160499862,0.0235025300716542,1.10765309,304.61437301748583,304.60845243988973
2024-02-03 19:49:40,0.160498957,0.0235019796686123,1.10762715,304.61912487476377,304.61317125653505
2024-02-03 19:49:45,0.160508912,0.0235014035914116,1.1076,304.64213326862574,304.636138357507
2024-02-03 19:49:49,0.160503784,0.0235012756449836,1.10759397,304.6351315725957,304.6291036334843
2024-02-03 19:49:53,0.160508007,0.0235009811347978,1.10758009,304.6454739689701,304.6394130074824
2024-02-03 19:49:57,0.160513738,0.0235013076846364,1.10759548,304.6512958031425,304.64520182489366
2024-02-03 19:50:01,0.160519168,0.0235010515795973,1.10758341,304.6632006118396,304.6570736224441
2024-02-03 19:50:06,0.160523995,0.023501755603226,1.10761659,304.6632721441604,304.65710389872515
2024-02-03 19:50:10,0.160535458,0.0235021525978641,1.1076353,304.6777762028576,304.6715749589044
2024-02-03 19:50:14,0.160531838,0.0235010836192501,1.10758492,304.68389765126403,304.6776634144041
2024-02-03 19:50:18,0.160532441,0.0235008722848516,1.10757496,304.687314999237,304.68104777508063
2024-02-03 19:50:22,0.160534251,0.0235010131744506,1.1075816,304.68874960636003,304.68244940051653
2024-02-03 19:50:27,0.160546921,0.023501224508849,1.10759156,304.7073551765208,304.7010137514551
2024-02-03 19:50:31,0.160548128,0.0235007507039175,1.10756923,304.71473674128754,304.70836234715216
2024-02-03 19:50:35,0.160551446,0.0235005011765554,1.10755747,304.7230757265316,304.7166683689328
2024-02-03 19:50:39,0.160554463,0.0235016019826391,1.10760935,304.71566153974624,304.7092212242893
2024-02-03 19:50:43,0.160564719,0.0235019092238128,1.10762383,304.72918301772995,304.72270975001925
2024-02-03 19:50:47,0.16057407,0.0235018005860498,1.10761871,304.7459062329813,304.7394000186202
2024-02-03 19:50:52,0.160567736,0.0235007379729296,1.10756863,304.7474790782493,304.7409316884534
2024-02-03 19:50:56,0.160571355,0.0234999891786603,1.10753334,304.7619576704312,304.7553773465889
2024-02-03 19:51:00,0.160569244,0.0235000339493009,1.10753545,304.7579936176251,304.7513803653368
2024-02-03 19:51:04,0.160579199,0.0235001107595943,1.10753907,304.7736217073869,304.76697553225176
2024-02-03 19:51:08,0.160579802,0.0235000723544476,1.10753726,304.7750858283203,304.7684067359368
2024-02-03 19:51:13,0.16058855,0.0235012883759715,1.10759457,304.77585247750545,304.7691322464327
2024-02-03 19:51:17,0.160590963,0.0235000082751421,1.10753424,304.79434159258386,304.7875884568556
2024-02-03 19:51:21,0.160594885,0.0234999635045014,1.10753213,304.8013665086763,304.7945804738878
2024-02-03 19:51:25,0.16060122,0.0235006163919956,1.1075629,304.8044972652951,304.79767833704057
2024-02-03 19:51:29,0.160607856,0.0235008915935165,1.10757587,304.8123940334739,304.8055422173468
2024-02-03 19:51:33,0.160604538,0.0235006100265016,1.1075626,304.8101220420533,304.80323734364606
2024-02-03 19:51:38,0.160616001,0.0234997203426333,1.10752067,304.8391759654625,304.8322501720679
2024-02-03 19:51:42,0.160615699,0.0235001234905822,1.10753967,304.83415253787894,304.8271938747837
2024-02-03 19:51:46,0.160613286,0.0234993362911661,1.10750257,304.83909271743266,304.832101190226
2024-02-03 19:51:50,0.160625051,0.0235003986921031,1.10755264,304.84657357271107,304.83954918698146
2024-02-03 19:51:54,0.160622336,0.0235000723544476,1.10753726,304.84580519808947,304.83874795942427
2024-02-03 19:51:59,0.160630179,0.0235001618957289,1.10754148,304.8578046330409,304.85070633606216
2024-02-03 19:52:03,0.160634101,0.023498670460501,1.10747119,304.88118442286003,304.8740532855139
2024-02-03 19:52:07,0.160634101,0.0234987218088187,1.10747361,304.88063672502716,304.8734727528981
2024-02-03 19:52:11,0.160636514,0.0234986577295131,1.10747059,304.88538486221324,304.8781880608846
2024-02-03 19:52:15,0.160644659,0.0235000594112766,1.10753665,304.88304138657105,304.87581176162524
2024-02-03 19:52:20,0.160651899,0.0234994642375941,1.1075086,304.9017849077155,304.8945142610972
2024-02-03 19:52:24,0.160645865,0.0234985745537258,1.10746667,304.9018975043256,304.8945940466471
2024-02-03 19:52:28,0.160647977,0.0234992144980489,1.10749683,304.8981877715138,304.89085150835456
2024-02-03 19:52:32,0.160653407,0.0234982864090339,1.10745309,304.9176950914259,304.91032602836435
2024-02-03 19:52:36,0.160656122,0.0234987793104472,1.10747632,304.91664478606225,304.9092429286758
2024-02-03 19:52:40,0.160660345,0.023498401624474,1.10745852,304.9279328242112,304.92049817807634
2024-02-03 19:52:45,0.160659138,0.0234980816523124,1.10744344,304.9295957893999,304.9221201651701
2024-02-03 19:52:49,0.160662457,0.0234975887508991,1.10742021,304.9406921213194,304.93318372088487
2024-02-03 19:52:53,0.160678143,0.0234978512214321,1.10743258,304.9637008656623,304.9561596945965
2024-02-03 19:52:57,0.160670601,0.0234984400296207,1.10746033,304.9446004977006,304.9370265615761
2024-02-03 19:53:01,0.160670601,0.0234979280317256,1.1074362,304.9504234258815,304.9428167302697
2024-02-03 19:53:05,0.160682969,0.0234979343972195,1.1074365,304.9708405466429,304.96320109711445
2024-02-03 19:53:10,0.160680556,0.0234981841367647,1.10744827,304.96406588983643,304.9563855057444
2024-02-03 19:53:14,0.160679651,0.023496929497911,1.10738914,304.97679218821094,304.9690790627326
2024-02-03 19:53:18,0.160683573,0.0234970576565221,1.10739518,304.9818624932421,304.9741166319449
2024-02-03 19:53:22,0.160689606,0.0234967374721774,1.10738009,304.99549588642526,304.9877172948759
2024-02-03 19:53:26,0.160692019,0.0234965902170845,1.10737315,305.00118563130826,304.9933743150723
2024-02-03 19:53:30,0.160690209,0.0234961998001234,1.10735475,305.0026409492518,304.99479691389394
2024-02-03 19:53:35,0.160695639,0.0234970767530039,1.10739608,305.0017432221786,304.99385829574214
2024-02-03 19:53:39,0.160703784,0.0234978832610849,1.10743409,305.006124785894,304.9982071528526
2024-02-03 19:53:43,0.160704991,0.0234967631463363,1.1073813,305.02082512629516,305.01287479221054
2024-02-03 19:53:47,0.160709214,0.0234964175000159,1.10736501,305.0317534778998,305.0237704483325
2024-02-03 19:53:51,0.160710119,0.023497211277109,1.10740242,305.0243028707243,305.01628715123405
2024-02-03 19:53:56,0.160714644,0.0234971278891385,1.10739849,305.0327717013041,305.0247151272271
2024-02-03 19:54:00,0.160714644,0.0234967120102017,1.10737889,305.0375094455628,305.0294201940688
2024-02-03 19:54:04,0.160717057,0.0234965134067911,1.10736953,305.04378042998275,305.0356585066283
2024-02-03 19:54:08,0.16073395,0.023496801551483,1.10738311,305.06849553107565,305.0603409414164
2024-02-03 19:54:12,0.160730632,0.0234966927015368,1.10737798,305.0642715244135,305.0560842740043
2024-02-03 19:54:16,0.160737871,0.0234971408323095,1.1073991,305.07120751759453,305.0629876119891
2024-02-03 19:54:21,0.160733347,0.0234970510788451,1.10739487,305.06478083647477,305.0565201196827
2024-02-03 19:54:25,0.160739681,0.0234962702449229,1.10735807,305.08412610973545,305.0758327502398
2024-02-03 19:54:29,0.160739983,0.0234975312492706,1.1074175,305.07038942326346,305.06206342661494
2024-02-03 19:54:33,0.160749636,0.0234971408323095,1.1073991,305.09080643776434,305.0824478095127
2024-02-03 19:54:37,0.160749335,0.0234968526876176,1.10738552,305.09360184644555,305.0852105921397
2024-02-03 19:54:42,0.160754764,0.0234966351999083,1.10737527,305.1050839444524,305.09665191538033
2024-02-03 19:54:46,0.160749938,0.0234966927015368,1.10737798,305.09648310608765,305.0880184634428
2024-02-03 19:54:50,0.160756574,0.0234965711206027,1.10737225,305.1088682928076,305.1003710421357
2024-02-03 19:54:54,0.160756876,0.0234974735354589,1.10741478,305.09918820669486,305.0906583535408
2024-02-03 19:54:58,0.160767132,0.0234960334485487,1.10734691,305.1324832736211,305.12392082352875
2024-02-03 19:55:03,0.160777992,0.0234985234175912,1.10746426,305.12230704122544,305.11370385275484
2024-02-03 19:55:07,0.160777992,0.0234971728719623,1.10740061,305.1376242597417,305.1289884868031
2024-02-03 19:55:11,0.160776786,0.0234965390809499,1.10737074,305.1428354070658,305.1341670552
2024-02-03 19:55:15,0.160773166,0.0234959502727614,1.10734299,305.1435444783359,305.1348435530829
2024-02-03 19:55:19,0.160778294,0.0234960654882015,1.10734842,305.1507555299007,305.14202203679935
2024-02-03 19:55:23,0.160785835,0.0234962766104169,1.10735837,305.16087240764585,305.1521063522341
2024-02-03 19:55:28,0.160787042,0.0234964111345219,1.10736471,305.16138693321165,305.1525801826984
2024-02-03 19:55:32,0.160792773,0.0234960654882015,1.10734842,305.17481225446033,305.1659729540938
2024-02-03 19:55:36,0.160800918,0.0234973071838842,1.10740694,305.1742618773514,305.1653900326665
2024-02-03 19:55:40,0.160798203,0.0234971856029501,1.10740121,305.171179765648,305.16227538217873
2024-02-03 19:55:44,0.160803332,0.0234964815793214,1.10736803,305.1876659696111,305.17872905289056
2024-02-03 19:55:48,0.160803633,0.023496532715456,1.10737044,305.1876175075606,305.17864806312093
2024-02-03 19:55:53,0.160816605,0.0234966799705489,1.10737738,305.207448741786,305.19843864547545
2024-02-03 19:55:57,0.160816605,0.0234966415654022,1.10737557,305.2079160559534,305.1988734443675
2024-02-03 19:56:01,0.160816906,0.0234973903596716,1.10741086,305.1999693276659,305.1908942063337
2024-02-03 19:56:05,0.160822939,0.0234977616801509,1.10742836,305.2057772996853,305.19666967413497
2024-02-03 19:56:09,0.160827163,0.0234977807766326,1.10742926,305.2125804382446,305.2034403140033
2024-02-03 19:56:13,0.160832894,0.0234980559781536,1.10744223,305.2189768327927,305.20980421538667
2024-02-03 19:56:18,0.160836816,0.0234977616801509,1.10742836,305.2288366584733,305.21962343238124
2024-02-03 19:56:22,0.160836514,0.023497211277109,1.10740242,305.2346013266723,305.2253556198461
2024-02-03 19:56:26,0.160830783,0.0234964815793214,1.10736803,305.23341586671677,305.2241376846796
2024-02-03 19:56:30,0.160832291,0.023496391825857,1.1073638,305.2369591014229,305.227648449697
2024-02-03 19:56:34,0.160843452,0.0234973776286837,1.10741026,305.24429151349574,305.23494839760247
2024-02-03 19:56:38,0.160841642,0.0234966415654022,1.10737557,305.2496644132446,305.2402888387043
2024-02-03 19:56:43,0.160847374,0.0234970447133512,1.10739457,305.25462162789506,305.24520548780765
2024-02-03 19:56:47,0.160850089,0.0234971919684441,1.10740151,305.25747763257226,305.2480290462552
2024-02-03 19:56:51,0.16084858,0.0234961486639889,1.10735234,305.2668281893398,305.25734716231045
2024-02-03 19:56:55,0.160843151,0.0234969167669231,1.10738854,305.2491822632421,305.2396688010169
2024-02-03 19:56:59,0.160847675,0.0234954382748662,1.10731886,305.2734408959859,305.2638950040802
2024-02-03 19:57:04,0.160860949,0.0234959823124141,1.1073445,305.2892786418656,305.279692220614
2024-02-03 19:57:08,0.16085944,0.0234955662212942,1.10732489,305.2915272617586,305.2819084232328
2024-02-03 19:57:12,0.160864568,0.0234953805610546,1.10731614,305.3021455507957,305.29249430050817
2024-02-03 19:57:16,0.160861552,0.0234949260647879,1.10729472,305.3023363989486,305.29265274241084
2024-02-03 19:57:20,0.160860044,0.0234952589801205,1.10731041,305.29610343645714,305.2863873791796
2024-02-03 19:57:25,0.160873015,0.0234959693692432,1.10734389,305.30955535293776,305.2997988024832
2024-02-03 19:57:29,0.160879651,0.0234963534207103,1.10736199,305.3162153375601,305.306426398761
2024-02-03 19:57:33,0.160880556,0.0234956109919349,1.107327,305.32615422752735,305.3163329058912
2024-02-03 19:57:37,0.160878445,0.0234963534207103,1.10736199,305.3142851002352,305.30443140126863
2024-02-03 19:57:41,0.160891718,0.0234971599287913,1.1074,305.32713873938,305.3172526685885
2024-02-03 19:57:46,0.160885685,0.0234958734624679,1.10733937,305.3317710925197,305.3218445646879
2024-02-03 19:57:50,0.160883875,0.0234948685631594,1.10729201,305.34019248218937,305.3302335949169
2024-02-03 19:57:54,0.160892019,0.0234951694388392,1.10730619,305.3502891931581,305.34029795194743
2024-02-03 19:57:58,0.1608884,0.0234954701023359,1.10732036,305.3409286435173,305.33090505387014
2024-02-03 19:58:02,0.160890813,0.0234950989940397,1.10730287,305.34915681763965,305.3391008850566
2024-02-03 19:58:06,0.160895338,0.0234955021419887,1.10732187,305.3521078214668,305.3420195514477
2024-02-03 19:58:11,0.160895941,0.023495047645722,1.10730045,305.3582946159058,305.3481659318242
2024-02-03 19:58:15,0.160902578,0.023495867096974,1.10733907,305.3600231096097,305.3498621004631
2024-02-03 19:58:19,0.160904086,0.0234947724442011,1.10728748,305.37495178386234,305.3647584551474
2024-02-03 19:58:23,0.160904086,0.0234949901440935,1.10729774,305.37251760812694,305.36229196533947
2024-02-03 19:58:27,0.160908309,0.0234946444977731,1.10728145,305.3834524203106,305.3731944689454
2024-02-03 19:58:31,0.160913136,0.0234956430315877,1.10732851,305.3801568070048,305.36986655255583
2024-02-03 19:58:36,0.160922185,0.0234958607314801,1.10733877,305.392700317961,305.38236969238164
2024-02-03 19:58:40,0.160922185,0.0234960718536954,1.10734872,305.3903405943267,305.3799776780215
2024-02-03 19:58:44,0.160928219,0.0234955150851597,1.10732248,305.40666323524476,305.39626803370453
2024-02-03 19:58:48,0.160934252,0.0234959886779081,1.1073448,305.41130964180195,305.40088216051663
2024-02-03 19:58:52,0.160929425,0.0234954701023359,1.10732036,305.409232579858,305.3987728243166
2024-02-03 19:58:56,0.160933347,0.023495854153803,1.10733846,305.41140133874427,305.4009093144349
2024-02-03 19:59:01,0.160932442,0.0234949965095874,1.10729804,305.4196628123445,305.4091304597913
2024-02-03 19:59:05,0.160932442,0.0234946444977731,1.10728145,305.42368405155634,305.41311944257995
2024-02-03 19:59:09,0.160938777,0.0234952462491327,1.10730981,305.4273776178761,305.41678075796153
2024-02-03 19:59:13,0.160946318,0.0234955278161475,1.10732308,305.43669443804134,305.4260653326727
2024-02-03 19:59:17,0.160940285,0.0234943756617461,1.10726878,305.439802800441,305.42914145510144
2024-02-03 19:59:21,0.160943302,0.0234951373991864,1.10730468,305.43619376746597,305.4255001876378
2024-02-03 19:59:26,0.16094662,0.0234947085770787,1.10728447,305.4465829681409,305.4358491029099
2024-02-03 19:59:30,0.160940888,0.0234936907345992,1.1072365,305.44866764097577,305.4379015535878
2024-02-03 19:59:34,0.16094843,0.0234941836360125,1.10725973,305.45559122673944,305.4447929226737
2024-02-03 19:59:38,0.16095024,0.0234937932190514,1.10724133,305.46304295099515,305.4522124357299
2024-02-03 19:59:42,0.160952955,0.0234944204323867,1.10727089,305.4604580579045,305.44959533691707
2024-02-03 19:59:47,0.160954161,0.0234941068257191,1.10725611,305.4660480003294,305.45514502989045
2024-02-03 19:59:51,0.160960496,0.0234943372565994,1.10726697,305.47394923565406,305.46301407181363
2024-02-03 19:59:55,0.160964418,0.0234950926285458,1.10730257,305.47190836397425,305.4609410122066
2024-02-03 19:59:59,0.160975881,0.0234955469126293,1.10732398,305.4857554670627,305.4747559328413
2024-02-03 20:00:03,0.160977992,0.0234952462491327,1.10730981,305.49268790071415,305.48165618951145
2024-02-03 20:00:07,0.160969244,0.0234954830455069,1.10732097,305.4755638242161,305.4644999415037
2024-02-03 20:00:12,0.160975579,0.0234949965095874,1.10729804,305.4915990594576,305.48049497005087
2024-02-03 20:00:16,0.160974071,0.0234937932190514,1.10724133,305.5027762301395,305.4916399815305
2024-02-03 20:00:20,0.160978294,0.0234946254012913,1.10728055,305.50036164739754,305.4891932450549
2024-02-03 20:00:24,0.160978596,0.0234943629307582,1.10726818,305.50386870125686,305.49266815064806
2024-02-03 20:00:28,0.160979802,0.0234930698867578,1.10720724,305.520554766966,305.5093220735577
2024-02-03 20:00:33,0.160982216,0.0234938636638509,1.10724465,305.51558990890743,305.50431704468593
2024-02-03 20:00:37,0.160983121,0.0234938316241982,1.10724314,305.5174825675517,305.5061775728273
2024-02-03 20:00:41,0.160989455,0.0234942477153181,1.10726275,305.52327695565464,305.511939835891
2024-02-03 20:00:45,0.160992774,0.0234945356478269,1.10727632,305.5255359437672,305.51416670442694
2024-02-03 20:00:49,0.160991567,0.023494522916839,1.10727572,305.52371548599774,305.5123141325427
2024-02-03 20:00:54,0.161001522,0.0234948428890006,1.1072908,305.5365979016134,305.5251564131941
2024-02-03 20:00:58,0.160998204,0.0234936332329707,1.10723379,305.5448550412048,305.5333814509563
2024-02-03 20:01:02,0.16100303,0.0234945613219857,1.10727753,305.5423491609366,305.5308434743177
2024-02-03 20:01:06,0.16099941,0.0234943181601176,1.10726607,305.5391490161477,305.52761123861615
2024-02-03 20:01:10,0.161009063,0.0234945292823329,1.10727602,305.55275777340165,305.5411879104144
2024-02-03 20:01:14,0.161013588,0.0234937995845454,1.10724163,305.56854996589,305.55694802290304
2024-02-03 20:01:19,0.161007555,0.023493050790276,1.10720634,305.5670990132576,305.555456977942
2024-02-03 20:01:23,0.16101027,0.0234932491815035,1.10721569,305.5693735522428,305.5576994492
2024-02-03 20:01:27,0.16100665,0.0234931082919045,1.10720905,305.56501374499834,305.55330757968136
2024-02-03 20:01:31,0.161012683,0.0234943629307582,1.10726818,305.5608013088756,305.54906308673645
2024-02-03 20:01:35,0.161022638,0.0234940236499317,1.10725219,305.5811507368347,305.5693804633244
2024-02-03 20:01:39,0.16102294,0.0234943181601176,1.10726607,305.57834288339575,305.56654056396457
2024-02-03 20:01:44,0.161022638,0.0234936011933179,1.10723228,305.58601335350437,305.57417098433496
2024-02-03 20:01:48,0.161032291,0.0234938763948388,1.10724525,305.59889553219085,305.58702112936
2024-02-03 20:01:52,0.161028671,0.0234930444247821,1.10720604,305.60237318773164,305.59046675668657
2024-02-03 20:01:56,0.161032894,0.0234928523990485,1.10719699,305.61157020764387,305.59963175383075
2024-02-03 20:02:00,0.161024146,0.0234918665962218,1.10715053,305.60830822525736,305.5963377541216
2024-02-03 20:02:04,0.161025353,0.0234925515233687,1.10718281,305.60256934305016,305.59056686003606
2024-02-03 20:02:09,0.161033799,0.0234938379896921,1.10724344,305.6019941316436,305.5899516414364
2024-02-03 20:02:13,0.161031989,0.0234928908041952,1.1071988,305.6097732964372,305.59769880659815
2024-02-03 20:02:17,0.161033799,0.0234920906616082,1.10716109,305.6218751767165,305.60976869268706
2024-02-03 20:02:21,0.161035609,0.0234929355748359,1.10720091,305.61531908274765,305.6031806099682
2024-02-03 20:02:25,0.161041341,0.0234932044108629,1.10721358,305.62178603772895,305.60961558163905
2024-02-03 20:02:30,0.161041039,0.0234923210924885,1.10717195,305.6313450309745,305.61913460339446
2024-02-03 20:02:34,0.161049787,0.0234921417977427,1.1071635,305.6478854531799,305.63564305452496
2024-02-03 20:02:38,0.161043151,0.0234917770549405,1.10714631,305.64107453057795,305.6288001662846
2024-02-03 20:02:42,0.161045262,0.0234925258492099,1.1071816,305.63610591019034,305.6237995856942
2024-02-03 20:02:46,0.161054312,0.023492513118222,1.107181,305.65125650945384,305.6389182301896
2024-02-03 20:02:50,0.161061552,0.0234936139243057,1.10723288,305.6507811103239,305.6384108817253
2024-02-03 20:02:55,0.161070903,0.0234933771279315,1.10722172,305.668978772798,305.6565686151713
2024-02-03 20:02:59,0.161068189,0.0234936780036113,1.1072359,305.66110726095764,305.6486651662191
2024-02-03 20:03:03,0.161073317,0.0234939341086504,1.10724797,305.66671857567303,305.6542445492534
2024-02-03 20:03:07,0.161075127,0.0234934218985722,1.10722383,305.67555559455985,305.663049641889
2024-02-03 20:03:11,0.16106487,0.0234933834934255,1.10722202,305.6590522985086,305.6465144250154
2024-02-03 20:03:16,0.161075428,0.0234921865683834,1.10716561,305.6901397975997,305.6775620307116
2024-02-03 20:03:20,0.161069999,0.023492372228623,1.10717436,305.67908231711647,305.6664726416177
2024-02-03 20:03:24,0.161070903,0.0234928587645425,1.10719729,305.67509051249465,305.6624489338111
2024-02-03 20:03:28,0.161079048,0.0234931019264106,1.10720875,305.6858405834001,305.6731671069567
2024-02-03 20:03:32,0.161079652,0.0234930187506232,1.10720483,305.68781545081873,305.6751100820396
2024-02-03 20:03:37,0.161080858,0.0234937675448926,1.10724012,305.68135609678524,305.6686108702126
2024-02-03 20:03:41,0.161085081,0.0234932235073447,1.10721448,305.6945470239867,305.6817699172791
2024-02-03 20:03:45,0.161089305,0.0234923081493175,1.10717134,305.7119531775792,305.69914419615765
2024-02-03 20:03:49,0.161085685,0.02349305715577,1.10720664,305.69749739844497,305.6846565477296
2024-02-03 20:03:53,0.16109202,0.0234931980453689,1.10721328,305.70641264906953,305.69353993447965
2024-02-03 20:03:57,0.161090813,0.0234920649874493,1.10715988,305.7173030162663,305.70439844322016
2024-02-03 20:04:02,0.161085986,0.0234919306755274,1.10715355,305.71087964570444,305.6979352572059
2024-02-03 20:04:06,0.161092623,0.0234921865683834,1.10716561,305.7189901192117,305.7060138844447
2024-02-03 20:04:10,0.161098053,0.0234918793272097,1.10715113,305.7314931345212,305.718485058901
2024-02-03 20:04:14,0.161102578,0.0234927371836084,1.10719156,305.7292782385241,305.71623832746513
2024-02-03 20:04:18,0.161090813,0.0234907464814732,1.10709774,305.7324315302267,305.71935978914235
2024-02-03 20:04:22,0.161097751,0.0234914505051019,1.10713092,305.73595493736934,305.72285137167216
2024-02-03 20:04:27,0.161098354,0.0234911946122459,1.10711886,305.73989633293274,305.7267529940795
2024-02-03 20:04:31,0.161102276,0.0234931019264106,1.10720875,305.7247752097992,305.711600058508
2024-02-03 20:04:35,0.161110119,0.023492103392596,1.10716169,305.7491148791381,305.7359079208185
2024-02-03 20:04:39,0.161111929,0.0234921417977427,1.1071635,305.75170582946475,305.7384670695253
2024-02-03 20:04:43,0.161105594,0.023491034413982,1.10711131,305.75382190652863,305.74055135037713
2024-02-03 20:04:47,0.161117359,0.023492500175051,1.10718039,305.7566873808617,305.7433850339049
2024-02-03 20:04:52,0.161114342,0.0234912648448623,1.10712217,305.7657540681824,305.7524119903208
2024-02-03 20:04:56,0.161117661,0.023491296884515,1.10712368,305.77091435903725,305.75754050253227
2024-02-03 20:05:00,0.161117359,0.0234908744279012,1.10710377,305.7752410703614,305.76183544061684
2024-02-03 20:05:04,0.161119471,0.0234906633056858,1.10709382,305.7811639738167,305.7677265762355
2024-02-03 20:05:08,0.161114041,0.0234901960784313,1.1070718,305.77751315725465,305.7640439972386
2024-02-03 20:05:13,0.161119169,0.0234900488233384,1.10706486,305.7877102652723,305.774201409808
2024-02-03 20:05:17,0.161122186,0.0234911112242754,1.10711493,305.78067607113405,305.76713546538605
2024-02-03 20:05:21,0.161126409,0.0234905480902457,1.10708839,305.7940876957413,305.7805153451086
2024-02-03 20:05:25,0.161124901,0.0234908807933951,1.10710407,305.7878476715407,305.77424358142133
2024-02-03 20:05:29,0.161128219,0.023491303250009,1.10712398,305.7885749869073,305.7749391626984
2024-02-03 20:05:34,0.161129124,0.0234912264397155,1.10712036,305.79098400959623,305.77730852536376
2024-02-03 20:05:38,0.161140587,0.0234921738373955,1.10716501,305.7992307670271,305.7855235608453
2024-02-03 20:05:42,0.161148128,0.0234926026595033,1.10718522,305.8068732201337,305.7931342973968
2024-02-03 20:05:46,0.161140587,0.0234916873014761,1.10714208,305.80481653635417,305.7910459024554
2024-02-03 20:05:50,0.161143905,0.0234912009777398,1.10711916,305.81585892911414,305.8020565894458
2024-02-03 20:05:55,0.161141492,0.023491444139608,1.10713062,305.80914546348754,305.7953034991888
2024-02-03 20:05:59,0.161147223,0.0234922633786768,1.10716923,305.8093614268762,305.7954877689372
2024-02-03 20:06:03,0.161145112,0.0234921674719016,1.10716471,305.80698864730135,305.79308330111155
2024-02-03 20:06:07,0.161152653,0.0234919690806741,1.10715536,305.8217504172607,305.8078133882085
2024-02-03 20:06:11,0.161149637,0.0234905417247517,1.10708809,305.8329944220475,305.81902571552035
2024-02-03 20:06:15,0.161149033,0.0234920138513147,1.10715747,305.81531546244497,305.80131508382954
2024-02-03 20:06:20,0.161152955,0.0234913416551557,1.10712579,305.8294753576568,305.81543539650454
2024-02-03 20:06:24,0.161156575,0.023490381738671,1.10708055,305.8463948553765,305.8323232342524
2024-02-03 20:06:28,0.161153257,0.02348995270438,1.10706033,305.8458066034391,305.8317033277268
2024-02-03 20:06:32,0.161160496,0.0234911305329403,1.10711584,305.84444572549074,305.830310800573
2024-02-03 20:06:36,0.16115386,0.023489703177018,1.10704857,305.84970077302995,305.8355342042885
2024-02-03 20:06:40,0.161154765,0.023489562287419,1.10704193,305.85282969933155,305.8386314921473
2024-02-03 20:06:45,0.161154161,0.0234897288511768,1.10704978,305.849978579975,305.8357408323027
2024-02-03 20:06:49,0.161158686,0.0234898758940866,1.10705671,305.855829067435,305.8415596934235
2024-02-03 20:06:53,0.161163211,0.0234903303903533,1.10707813,305.85818872899915,305.84388773402634
2024-02-03 20:06:57,0.161163211,0.0234891077911523,1.10702051,305.8721020576567,305.8577694470996
2024-02-03 20:07:01,0.161156876,0.0234883653623769,1.10698552,305.87007972003784,305.8557154992725
2024-02-03 20:07:05,0.161170753,0.0234896520408834,1.10704616,305.87846683762416,305.86407101202576
2024-02-03 20:07:10,0.161174674,0.0234905671867275,1.10708929,305.8746039840338,305.86016865995146
2024-02-03 20:07:14,0.161174373,0.0234899463388861,1.10706003,305.88118693960473,305.8667200227801
2024-02-03 20:07:18,0.161173166,0.0234899783785389,1.10706154,305.878857272446,305.86435876825124
2024-02-03 20:07:22,0.161183121,0.023491175303581,1.10711795,305.8817722948482,305.8672422086546
2024-02-03 20:07:26,0.161177088,0.0234893575306975,1.10703228,305.8924608405264,305.8778991777043
2024-02-03 20:07:31,0.161175278,0.0234889671137365,1.10701388,305.89393834112155,305.87933721506454
2024-02-03 20:07:35,0.161181009,0.0234894727461377,1.10703771,305.8977124795043,305.88307978889884
2024-02-03 20:07:39,0.161182216,0.0234890886946705,1.10701961,305.90410285073943,305.8894386009528
2024-02-03 20:07:43,0.161184931,0.0234898758940866,1.10705671,305.89968809259165,305.8849922889904
2024-02-03 20:07:47,0.161182517,0.0234894984202965,1.10703892,305.9000112105944,305.88528385854414
2024-02-03 20:07:51,0.161181613,0.0234877254180538,1.10695536,305.9186821845238,305.9039232893891
2024-02-03 20:07:56,0.161192472,0.0234889287085898,1.10701207,305.92302714769863,305.9082288312511
2024-02-03 20:08:00,0.161198204,0.0234896454632063,1.10704585,305.92440460078427,305.9095747533195
2024-02-03 20:08:04,0.161194584,0.0234895686529129,1.10704223,305.91931759881544,305.90445622569507
2024-02-03 20:08:08,0.161193076,0.0234898056614703,1.1070534,305.91416187735194,305.8992689839368
2024-02-03 20:08:12,0.161192774,0.0234897222734998,1.10704947,305.9146405966557,305.89971618830566
2024-02-03 20:08:17,0.161192774,0.0234892870858981,1.10702896,305.91962229321285,305.9046584987301
2024-02-03 20:08:21,0.161203332,0.0234904135661406,1.10708205,305.92433319974594,305.90933790238466
2024-02-03 20:08:25,0.161208159,0.0234897415821647,1.10705038,305.9399846858402,305.9249578909573
2024-02-03 20:08:29,0.161192171,0.0234886471415749,1.1069988,305.9259868367341,305.9109285496856
2024-02-03 20:08:33,0.161203332,0.0234896200012306,1.10704465,305.9334401862448,305.9183504123857
2024-02-03 20:08:38,0.161203935,0.0234883462658951,1.10698462,305.94894458954974,305.93381546470664
2024-02-03 20:08:42,0.161208762,0.0234890823291766,1.10701931,305.9486041773552,305.9334435777472
2024-02-03 20:08:46,0.161200315,0.0234889671137365,1.10701388,305.9359647094738,305.920772640453
2024-02-03 20:08:50,0.161202729,0.0234874052337091,1.10694027,305.9577322456065,305.9425087125241
2024-02-03 20:08:54,0.161202427,0.0234877765541883,1.10695777,305.9530459369227,305.937790945129
2024-02-03 20:08:58,0.161207555,0.0234885573881105,1.10699457,305.952694990246,305.9374085450904
2024-02-03 20:09:03,0.161209968,0.0234878469989878,1.10696109,305.96479729122706,305.9494715368903
2024-02-03 20:09:07,0.161213287,0.0234875588542959,1.10694751,305.9735952632294,305.9582380675636
2024-02-03 20:09:11,0.1612157,0.0234878406334939,1.10696079,305.97441936693536,305.95903073528694
2024-02-03 20:09:15,0.161216002,0.0234888582637903,1.10700875,305.96339075190673,305.94797068962123
2024-02-03 20:09:19,0.16122113,0.0234890823291766,1.10701931,305.9693637687094,305.95391228113147
2024-02-03 20:09:23,0.161220527,0.0234885253484577,1.10699306,305.9747242575294,305.9592413500027
2024-02-03 20:09:28,0.161219018,0.0234876613387482,1.10695234,305.9820813153261,305.9665591403767
2024-02-03 20:09:32,0.161225353,0.0234884230761885,1.10698824,305.9839439258626,305.96839034298443
2024-02-03 20:09:36,0.161228973,0.0234873861372273,1.10693937,306.00174718956174,305.98616220409565
2024-02-03 20:09:40,0.16123199,0.0234881412969906,1.10697496,305.9981924341496,305.9825760514354
2024-02-03 20:09:44,0.161239229,0.0234889734792304,1.10701418,306.00075029075737,305.985102516134
2024-02-03 20:09:48,0.161225655,0.0234881542401615,1.10697557,305.9876234007236,305.97194423952914
2024-02-03 20:09:53,0.161225353,0.0234883142262423,1.10698311,305.98534529453354,305.9696269076304
2024-02-03 20:09:57,0.161231386,0.023488231050455,1.10697919,305.9963064824397,305.98055672097274
2024-02-03 20:10:01,0.16123199,0.0234864387395473,1.10689472,306.017701287405,306.0019201567093
2024-02-03 20:10:05,0.161236515,0.0234882501469368,1.10698009,306.0046409996773,305.988828505087
2024-02-03 20:10:09,0.161236515,0.0234878917696285,1.1069632,306.0087440058573,305.9929001527057
2024-02-03 20:10:13,0.161245564,0.0234887366828562,1.10700302,306.01415241826913,305.9982772118886
2024-02-03 20:10:18,0.161244961,0.0234884358071764,1.10698884,306.0166120187167,306.0006976282973
2024-02-03 20:10:22,0.161240738,0.0234884742123231,1.10699065,306.0092178126585,305.99327208100465
2024-02-03 20:10:26,0.161249184,0.0234882117417901,1.10697828,306.02620984339825,306.01023277583937
2024-02-03 20:10:30,0.161246771,0.0234879813109098,1.10696742,306.02486568838276,306.0088572902474
2024-02-03 20:10:34,0.161244659,0.0234869316409606,1.10691795,306.03332849926784,306.0172887758836
2024-02-03 20:10:39,0.161245866,0.0234872325166404,1.10693213,306.0319465476644,306.0158676752097
2024-02-03 20:10:43,0.161245263,0.0234872709217871,1.10693394,306.030543419581,306.0144332338612
2024-02-03 20:10:47,0.161246771,0.0234870725305596,1.10692459,306.0353250042628,306.0191835106026
2024-02-03 20:10:51,0.161255519,0.0234869700461073,1.10691976,306.0510001672187,306.03482737094185
2024-02-03 20:10:55,0.161249788,0.0234868357341854,1.10691343,306.04307202249964,306.026867928929
2024-02-03 20:11:00,0.161250693,0.0234882885520835,1.1069819,306.02810074077144,306.0118575330674
2024-02-03 20:11:04,0.161258837,0.0234877188403767,1.10695505,306.04808456114284,306.03181006811815
2024-02-03 20:11:08,0.161257027,0.0234873861372273,1.10693937,306.0489007499806,306.0325949769551
2024-02-03 20:11:12,0.161257631,0.0234864835101879,1.10689683,306.0601892312832,306.04385218357595
2024-02-03 20:11:16,0.161265775,0.0234872581907993,1.10693334,306.06489636181476,306.04852804474393
2024-02-03 20:11:21,0.161267585,0.0234873604630684,1.10693816,306.0667689783409,306.05036158204274
2024-02-03 20:11:25,0.161263664,0.0234866564394397,1.10690498,306.06831131066645,306.051872656967
2024-02-03 20:11:29,0.161273619,0.0234881926453083,1.10697738,306.0673613107481,306.0508914049626
2024-02-03 20:11:33,0.161270602,0.0234868357341854,1.10691343,306.07781983376583,306.06131868120855
2024-02-03 20:11:37,0.161269395,0.0234877701886944,1.10695747,306.06523351782596,306.04870112381025
2024-02-03 20:11:41,0.161270904,0.0234868932358139,1.10691614,306.0777286598737,306.061165029712
2024-02-03 20:11:46,0.161275127,0.023487014816748,1.10692187,306.08337570973595,306.06677304186104
2024-02-03 20:11:50,0.161278445,0.02348768043523,1.10695324,306.0813338678587,306.0646999757875
2024-02-03 20:11:54,0.161278144,0.023487027759919,1.10692248,306.0882847015423,306.0716195905844
2024-02-03 20:11:58,0.161283875,0.0234876165681076,1.10695023,306.091109504005,306.07441317946893
2024-02-03 20:12:02,0.16128297,0.023486618034293,1.10690317,306.1009919584322,306.08426442562575
2024-02-03 20:12:06,0.161282668,0.0234866116687991,1.10690287,306.1005956428047,306.08383690703465
2024-02-03 20:12:11,0.161287495,0.0234871045702124,1.1069261,306.1030217919842,306.086224059971
2024-02-03 20:12:15,0.16128297,0.0234861955776791,1.10688326,306.1058951978899,306.0890662748501
2024-02-03 20:12:19,0.161287193,0.0234867012100803,1.10690709,306.1071690241921,306.09030891542966
2024-02-03 20:12:23,0.16127754,0.0234863555637599,1.1068908,306.0951512251124,306.0782599359302
2024-02-03 20:12:27,0.161288702,0.0234864835101879,1.10689683,306.11220360086674,306.09528113656694
2024-02-03 20:12:31,0.16129745,0.0234872709217871,1.10693394,306.1177640038605,306.1008103697442
2024-02-03 20:12:36,0.161297148,0.0234872197856526,1.10693153,306.117884351008,306.1008917620745
2024-02-03 20:12:40,0.161296243,0.0234873156924278,1.10693605,306.11532744736115,306.09830370053555
2024-02-03 20:12:44,0.161298958,0.0234870211822419,1.10692217,306.1232000686889,306.10614516926944
2024-02-03 20:12:48,0.161288702,0.0234859460503171,1.1068715,306.11847654911173,306.10139050239576
2024-02-03 20:12:52,0.161295941,0.0234858372003708,1.10686637,306.13172757818467,306.11461038946857
2024-02-03 20:12:56,0.161289908,0.0234865155498407,1.10689834,306.11406145381926,306.0969131283986
2024-02-03 20:13:01,0.161293528,0.0234859076451703,1.10686969,306.12700264249565,306.10981540363986
2024-02-03 20:13:05,0.161298053,0.0234866691704276,1.10690558,306.1258669952208,306.1086486315721
2024-02-03 20:13:09,0.161302578,0.0234862980621314,1.10688809,306.13760669998754,306.1203572168386
2024-02-03 20:13:13,0.16130107,0.0234864451050412,1.10689502,306.1334701352873,306.11618953792987
2024-02-03 20:13:17,0.161297751,0.0234856963107719,1.10685973,306.1365198156671,306.11920810939193
2024-02-03 20:13:22,0.161309818,0.0234864964533589,1.10689744,306.1474363390588,306.1300857540753
2024-02-03 20:13:26,0.161305896,0.0234844098444485,1.1067991,306.16469862546506,306.1473169434649
2024-02-03 20:13:30,0.161299561,0.0234857987952241,1.10686456,306.13845186071984,306.1210390869909
2024-02-03 20:13:34,0.161314946,0.0234863298896011,1.10688959,306.1579112656525,306.1404674054818
2024-02-03 20:13:38,0.161309516,0.0234857540245835,1.10686245,306.1555013155918,306.13802637426534
2024-02-03 20:13:43,0.161304388,0.0234850627319426,1.10682987,306.1549112558419,306.13739747050306
2024-02-03 20:13:47,0.161309214,0.0234851586387179,1.10683439,306.1618405097194,306.14429565511534
2024-02-03 20:13:51,0.161317359,0.0234862980621314,1.10688809,306.16239926863256,306.1448233500464
2024-02-03 20:13:55,0.161323392,0.0234857987952241,1.10686456,306.17809309846837,306.1604861211824
2024-02-03 20:13:59,0.161322487,0.0234862530793076,1.10688597,306.17146094024883,306.15382290954443
2024-02-03 20:14:04,0.161314343,0.0234859908209577,1.10687361,306.1610010318231,306.1433241917712
2024-02-03 20:14:08,0.161322789,0.0234852418145052,1.10683831,306.18352896320886,306.16582108161833
2024-02-03 20:14:12,0.161330331,0.023485401800586,1.10684585,306.19422531688684,306.1764863990362
2024-02-03 20:14:16,0.161326409,0.0234864196430655,1.10689382,306.1761909949128,306.1584210460796
2024-02-03 20:14:20,0.161332442,0.0234865923601341,1.10690196,306.1842443420774,306.16644336753825
2024-02-03 20:14:24,0.161330934,0.0234866755359215,1.10690588,306.18083355816145,306.1630015631921
2024-02-03 20:14:29,0.161331839,0.0234860610535741,1.10687692,306.1893571228817,306.1714863597923
2024-02-03 20:14:33,0.161330331,0.0234858435658648,1.10686667,306.18936492328857,306.1714631516362
2024-02-03 20:14:37,0.161328822,0.0234852865851459,1.10684042,306.19323140587386,306.1752986309314
2024-02-03 20:14:41,0.161328219,0.0234857219849307,1.10686094,306.1873133869371,306.16934961397646
2024-02-03 20:14:45,0.161334252,0.023485670636613,1.10685852,306.19791470053303,306.1799199348253
2024-02-03 20:14:49,0.161342699,0.0234859651467989,1.1068724,306.2085790208759,306.19055326769126
2024-02-03 20:14:54,0.161336364,0.0234857731210653,1.10686335,306.2003150509277,306.1822505708067
2024-02-03 20:14:58,0.16133757,0.0234851138680772,1.10683228,306.20983903487917,306.1917435791358
2024-02-03 20:15:02,0.161338174,0.0234847170856222,1.10681358,306.2153820789263,306.19725565282783
2024-02-03 20:15:06,0.161335459,0.0234841601049033,1.10678733,306.2172528921852,306.19909550099794
2024-02-03 20:15:10,0.161338777,0.0234845314253826,1.10680483,306.218553602876,306.2003652518655
2024-02-03 20:15:15,0.161340889,0.0234851713697057,1.10683499,306.2148107997062,306.1965837563198
2024-02-03 20:15:19,0.161349938,0.0234853122593047,1.10684163,306.2282187596661,306.20996076830045
2024-02-03 20:15:23,0.161348129,0.0234846593718106,1.10681086,306.2326803688883,306.21439143480586
2024-02-03 20:15:27,0.161356877,0.0234860676312511,1.10687723,306.2311764271627,306.21285655562525
2024-02-03 20:15:31,0.161353558,0.0234854979195444,1.10685038,306.2321924562788,306.21384165254705
2024-02-03 20:15:35,0.161349034,0.0234847618562629,1.10681569,306.2331057241921,306.2147239935259
2024-02-03 20:15:40,0.161356575,0.0234854979195444,1.10685038,306.23725618580306,306.2188358038641
2024-02-03 20:15:44,0.161349637,0.0234850243267959,1.10682806,306.2311883992926,306.2127371022506
2024-02-03 20:15:48,0.161353257,0.0234853954350921,1.10684555,306.23299113511604,306.21450892822804
2024-02-03 20:15:52,0.161352352,0.0234851395422361,1.10683349,306.2344341919208,306.2159210804428
2024-02-03 20:15:56,0.161359592,0.0234860546880801,1.10687662,306.2360418947835,306.2174978839707
2024-02-03 20:16:01,0.161361703,0.0234854274747449,1.10684706,306.2467081922193,306.2281255646267
2024-02-03 20:16:05,0.161365625,0.0234858692400236,1.10686788,306.24820693678214,306.2295934216756
2024-02-03 20:16:09,0.16136834,0.0234855683643438,1.1068537,306.25615401795704,306.2375096205888
2024-02-03 20:16:13,0.161372261,0.0234856899452779,1.10685943,306.26129259800854,306.24261732363
2024-02-03 20:16:17,0.161366831,0.023485273854158,1.10683982,306.2570675564849,306.23836141034656
2024-02-03 20:16:22,0.161366228,0.0234849666129843,1.10682534,306.259602522312,306.240857793856
2024-02-03 20:16:26,0.161367435,0.0234849859216492,1.10682625,306.2614117979635,306.242636209558
2024-02-03 20:16:30,0.161369245,0.0234853890695981,1.10684525,306.2598534134033,306.2410469702959
2024-02-03 20:16:34,0.161359592,0.0234842305497028,1.10679065,306.25708203399546,306.2382447414328
2024-02-03 20:16:38,0.161370753,0.0234844225754364,1.1067997,306.27340483298667,306.2545366962146
2024-02-03 20:16:42,0.161370451,0.0234850754629305,1.10683047,306.26550931314904,306.24661033741245
2024-02-03 20:16:47,0.161368943,0.0234838658069006,1.10677346,306.2768112734437,306.2578737563757
2024-02-03 20:16:51,0.161367435,0.0234829888540201,1.10673213,306.28432174084855,306.2653533966138
2024-02-03 20:16:55,0.161364418,0.023482598437059,1.10671373,306.2837993041577,306.26480013799824
2024-02-03 20:16:59,0.161362005,0.0234829184092206,1.10672881,306.2761952110041,306.257165228161
2024-02-03 20:17:03,0.16137377,0.0234846209666639,1.10680905,306.27633517991023,306.25727438562376
2024-02-03 20:17:07,0.161374373,0.0234832383813822,1.10674389,306.29309229904027,306.2740006985497
2024-02-03 20:17:12,0.161372865,0.0234825791283941,1.10671282,306.298134433698,306.27900433281883
2024-02-03 20:17:16,0.161383724,0.0234845057512237,1.10680362,306.2942239902899,306.2750630949918
2024-02-03 20:17:20,0.161386439,0.0234847105079451,1.10681327,306.2964199377752,306.2772282532948
2024-02-03 20:17:24,0.161381914,0.0234828225024454,1.10672429,306.3104389719068,306.2912165034795
2024-02-03 20:17:28,0.161378898,0.02348340494514,1.10675174,306.29885019541723,306.27959694827774
2024-02-03 20:17:32,0.161381009,0.0234823680061787,1.10670287,306.31417334213114,306.29488932151327
2024-02-03 20:17:37,0.161395489,0.0234840832946099,1.10678371,306.31866794850106,306.29934546839377
2024-02-03 20:17:41,0.161385233,0.0234831488401009,1.10673967,306.31235157834703,306.292998336534
2024-02-03 20:17:45,0.161380104,0.0234819135099121,1.10668145,306.31794628001063,306.2985622817228
2024-02-03 20:17:49,0.161374071,0.0234827072870052,1.10671886,306.29895761852504,306.2795428689924
2024-02-03 20:17:53,0.161382518,0.0234830208936729,1.10673364,306.3094047695942,306.2899592740458
2024-02-03 20:17:58,0.161384328,0.02348245754746,1.10670709,306.318849297801,306.299365377085
2024-02-03 20:18:02,0.161386741,0.0234823807371666,1.10670347,306.3237489349906,306.3042342800211
2024-02-03 20:18:06,0.161388249,0.0234822718872204,1.10669834,306.32751485292033,306.3079694689235
2024-02-03 20:18:10,0.161392472,0.0234826752473524,1.10671735,306.32994748161184,306.310371373813
2024-02-03 20:18:14,0.161400617,0.0234832383813822,1.10674389,306.3370550716953,306.31744824531893
2024-02-03 20:18:19,0.161392472,0.0234828863695678,1.1067273,306.32761436215293,306.3079691449
2024-02-03 20:18:23,0.161407555,0.0234840962377809,1.10678432,306.3388490761817,306.31917315210296
2024-02-03 20:18:27,0.161396092,0.0234821823459391,1.10669412,306.3416798920285,306.3219732663454
2024-02-03 20:18:31,0.161394886,0.0234816383083912,1.10666848,306.3459047417976,306.3261674197309
2024-02-03 20:18:35,0.161400014,0.0234824895871128,1.1067086,306.3447383751847,306.3249703619541
2024-02-03 20:18:39,0.161398807,0.0234819839547116,1.10668477,306.348524537548,306.3287258383724
2024-02-03 20:18:44,0.161392171,0.023481395146523,1.10665702,306.3442764674787,306.3244394182096
2024-02-03 20:18:48,0.161400617,0.0234825727629002,1.10671252,306.3448899309364,306.3250222074615
2024-02-03 20:18:52,0.161395791,0.0234814399171637,1.10665913,306.34982182909977,306.3299234366351
2024-02-03 20:18:56,0.161400919,0.0234820030511934,1.10668567,306.3519342573462,306.3320052011069
2024-02-03 20:19:00,0.161403936,0.0234817087531907,1.1066718,306.36030906270156,306.3403493479018
2024-02-03 20:19:05,0.161404841,0.0234822080200979,1.10669533,306.35616405270264,306.33616602203347
2024-02-03 20:19:09,0.161419923,0.023483264055541,1.1067451,306.3691465041515,306.3491178266506
2024-02-03 20:19:13,0.16141027,0.0234823616406848,1.10670257,306.3634654123922,306.34340609327097
2024-02-03 20:19:17,0.161404841,0.0234821950769269,1.10669472,306.35640326844316,306.33631331291207
2024-02-03 20:19:21,0.161422638,0.0234835201605801,1.10675717,306.37081873928474,306.3506981525533
2024-02-03 20:19:25,0.161424147,0.0234841153342626,1.10678522,306.36657468520417,306.34642347248115
2024-02-03 20:19:30,0.161418415,0.0234824000458315,1.10670438,306.37664341469974,306.3564539268105
2024-02-03 20:19:34,0.161423543,0.0234823807371666,1.10670347,306.3853837650688,306.36516366290425
2024-02-03 20:19:38,0.161428672,0.0234824191423133,1.10670528,306.39346891370025,306.37321820246615
2024-02-03 20:19:42,0.161426258,0.0234825407232474,1.10671101,306.38811913619656,306.36783782109785
2024-02-03 20:19:46,0.161424147,0.0234827840972986,1.10672248,306.3818849509972,306.3615730372379
2024-02-03 20:19:50,0.161426862,0.0234825470887413,1.10671131,306.3891078657271,306.3687653585104
2024-02-03 20:19:55,0.161429275,0.0234824511819661,1.10670679,306.39423262045744,306.37385187873457
2024-02-03 20:19:59,0.161432292,0.0234828225024454,1.10672429,306.39503200626956,306.37462068279314
2024-02-03 20:20:03,0.161424448,0.0234823423320199,1.10670166,306.3875409894092,306.3670990893795
2024-02-03 20:20:07,0.16142294,0.0234825470887413,1.10671131,306.38274455702526,306.3622720856416
2024-02-03 20:20:11,0.161431688,0.0234820030511934,1.10668567,306.4034504424623,306.3829474049233
2024-02-03 20:20:15,0.161437118,0.0234822271165797,1.10669623,306.4099207524081,306.3893871539113
2024-02-03 20:20:20,0.161438928,0.023482316657861,1.10670045,306.4119364435583,306.3913646511721
2024-02-03 20:20:24,0.161438023,0.0234822591562325,1.10669774,306.4111231530282,306.3905208113756
2024-02-03 20:20:28,0.16144285,0.0234826238990347,1.10671493,306.41499374221013,306.39436085648595
2024-02-03 20:20:32,0.161432895,0.0234824511819661,1.10670679,306.40050860873833,306.37984518413646
2024-02-03 20:20:36,0.16143742,0.0234827327489809,1.10672006,306.4048260165659,306.38413205827925
2024-02-03 20:20:41,0.161440738,0.023482854329915,1.10672579,306.4089735995182,306.3882414814269
2024-02-03 20:20:45,0.16144104,0.0234835392570619,1.10675807,306.4017085857142,306.3809459456191
2024-02-03 20:20:49,0.161440135,0.0234818430651126,1.10667813,306.41954683412433,306.3987536772156
2024-02-03 20:20:53,0.161440436,0.0234830463556486,1.10673484,306.4063795795568,306.3855559110237
2024-02-03 20:20:57,0.16144647,0.0234821503062863,1.10669261,306.4265991241153,306.4057449491461
2024-02-03 20:21:02,0.161444056,0.0234819710115406,1.10668416,306.4246814200408,306.40378911932135
2024-02-03 20:21:06,0.16144285,0.0234823359665259,1.10670136,306.41856100227164,306.39763820678667
2024-02-03 20:21:10,0.161452201,0.0234826432076997,1.10671584,306.43057595319107,306.4096226681261
2024-02-03 20:21:14,0.161443453,0.0234821566717802,1.10669291,306.42166116620564,306.4006773967452
2024-02-03 20:21:18,0.161454313,0.0234821503062863,1.10669261,306.43974445792935,306.4187302092572
2024-02-03 20:21:22,0.161450994,0.0234818110254598,1.10667662,306.43814204975985,306.41709732705885
2024-02-03 20:21:27,0.161458234,0.0234835135829031,1.10675686,306.4307863263933,306.4097035184432
2024-02-03 20:21:31,0.161449486,0.0234823423320199,1.10670166,306.429665794848,306.4085525245273
2024-02-03 20:21:35,0.161454011,0.0234816446738851,1.10666878,306.4451299686947,306.42398624118323
2024-02-03 20:21:39,0.161461854,0.0234828352334332,1.10672489,306.4445925585337,306.4234183790106
2024-02-03 20:21:43,0.161460949,0.0234827007093282,1.10671855,306.4446560392422,306.4234514128857
2024-02-03 20:21:48,0.161459441,0.0234828095592744,1.10672368,306.44095834788766,306.4197156702699
2024-02-03 20:21:52,0.161461854,0.0234812926620707,1.10665219,306.4622524807491,306.4409793679457
2024-02-03 20:21:56,0.161454916,0.0234815358239389,1.10666365,306.44802734887656,306.4267238060629
2024-02-03 20:22:00,0.161458234,0.0234825023181007,1.1067092,306.44254877467563,306.4212148070261
2024-02-03 20:22:04,0.161471206,0.0234836224328493,1.10676199,306.451304660077,306.4299402727653
2024-02-03 20:22:08,0.161460949,0.0234824318733012,1.10670588,306.4479065580597,306.42651175625844
2024-02-03 20:22:13,0.161469999,0.023482329601032,1.10670106,306.46409233692884,306.44265952428844
2024-02-03 20:22:17,0.161459139,0.0234810365570316,1.10664012,306.4608630637587,306.4393998482642
2024-02-03 20:22:21,0.161460044,0.0234805950039359,1.10661931,306.4674191160005,306.4459255028217
2024-02-03 20:22:25,0.161469094,0.0234819775892177,1.10668447,306.4666927114471,306.44516870575296
2024-02-03 20:22:29,0.16147573,0.0234824639129539,1.10670739,306.47217325411077,306.4506188610695
2024-02-03 20:22:33,0.161478445,0.0234815167274571,1.10666275,306.4874829964437,306.4658982212224
2024-02-03 20:22:38,0.161473921,0.0234822718872204,1.10669834,306.4714327414929,306.4498099958117
2024-02-03 20:22:42,0.161471206,0.0234810045173788,1.10663861,306.48139754965933,306.4597444334211
2024-02-03 20:22:46,0.161476334,0.0234821119011396,1.1066908,306.4773100665841,306.4556265849533
2024-02-03 20:22:50,0.161480557,0.0234821312098045,1.10669171,306.4841124865057,306.46239864464576
2024-02-03 20:22:54,0.161474825,0.0234810045173788,1.10663861,306.48748078824644,306.46573659132
2024-02-03 20:22:58,0.161473317,0.0234821119011396,1.1066908,306.4724059707368,306.45063142390563
2024-02-03 20:23:03,0.161483574,0.0234819966856994,1.10668537,306.4907379558175,306.4689254788627
2024-02-03 20:23:07,0.161483272,0.0234816253652202,1.10666787,306.49449617784796,306.47265336259903
2024-02-03 20:23:11,0.161482367,0.0234822207510858,1.10669593,306.48624906582046,306.46437591743626
2024-02-03 20:23:15,0.161485082,0.0234815421894328,1.10666395,306.4985007448683,306.4765972685069
2024-02-03 20:23:19,0.16149021,0.0234826368422057,1.10671554,306.4945574712577,306.47262367207617
2024-02-03 20:23:24,0.161474222,0.0234804797884958,1.10661388,306.4926847041091,306.4707130086533
2024-02-03 20:23:28,0.161480859,0.0234805372901243,1.10661659,306.50304968796945,306.4810476812939
2024-02-03 20:23:32,0.161492925,0.0234816958100197,1.10667119,306.50986605283856,306.48783374009747
2024-02-03 20:23:36,0.161490512,0.0234810622311904,1.10664133,306.5131157400741,306.4910531264209
2024-02-03 20:23:40,0.161483272,0.0234810110950559,1.10663892,306.5017407184945,306.47964780908165
2024-02-03 20:23:45,0.161485082,0.0234816253652202,1.10666787,306.49778096205375,306.47565019018583
2024-02-03 20:23:49,0.161492623,0.023481254256924,1.10665038,306.5145227853785,306.492361729341
2024-02-03 20:23:53,0.16149383,0.0234815487671099,1.10666426,306.5131978688359,306.4910065337784
2024-02-03 20:23:57,0.161495942,0.0234813501636992,1.1066549,306.51898657391234,306.49676496498364
2024-02-03 20:24:01,0.161498053,0.023481382203352,1.10665641,306.5221472241465,306.4998953464946
2024-02-03 20:24:06,0.161488702,0.0234812415259362,1.10664978,306.5083042787863,306.48601457246826
2024-02-03 20:24:10,0.161489908,0.023480306859244,1.10660573,306.5209749528284,306.49865498936674
2024-02-03 20:24:14,0.161503181,0.0234803645730557,1.10660845,306.54232555431537,306.51997533885515
2024-02-03 20:24:18,0.161498657,0.0234803388988968,1.10660724,306.535157295446,306.51277683313145
2024-02-03 20:24:22,0.161504388,0.0234816767135379,1.10667029,306.5294412904031,306.50703058637754
2024-02-03 20:24:26,0.161504086,0.0234805245591365,1.10661599,306.5420927026197,306.51965176202555
2024-02-03 20:24:31,0.161503785,0.0234812031207894,1.10664797,306.533904216601,306.5114254875264
2024-02-03 20:24:35,0.161508913,0.0234822464252447,1.10669714,306.53054385283593,306.5080348987601
2024-02-03 20:24:39,0.161512231,0.0234816958100197,1.10667119,306.54233810483555,306.5197989308981
2024-02-03 20:24:43,0.161504086,0.0234807997606574,1.10662896,306.5390869266428,306.51651753798245
2024-02-03 20:24:47,0.161503181,0.0234807740864985,1.10662775,306.5379110463244,306.515311448079
2024-02-03 20:24:51,0.161514041,0.0234814078775109,1.10665762,306.5487047556973,306.5260749530039
2024-02-03 20:24:56,0.161516454,0.0234816637703669,1.10666968,306.54982347838455,306.52715592735365
2024-02-03 20:25:00,0.161519169,0.0234825152612716,1.10670981,306.54465174342187,306.52195399949795
2024-02-03 20:25:04,0.161512231,0.0234811070018311,1.10664344,306.54923261639965,306.5265046847169
2024-02-03 20:25:08,0.161520678,0.0234819966856994,1.10668537,306.5531162835612,306.5303581692529
2024-02-03 20:25:12,0.161519169,0.0234812094862834,1.10664827,306.55961341254294,306.5368251207414
2024-02-03 20:25:16,0.161517359,0.0234815678635917,1.10666516,306.55256508747954,306.5297466233164
2024-02-03 20:25:21,0.161518566,0.0234813758378581,1.10665611,306.5567882549139,306.5339320825136
2024-02-03 20:25:25,0.161520979,0.0234809406502564,1.1066356,306.56577031043406,306.5428839772149
2024-02-03 20:25:29,0.161513136,0.0234812094862834,1.10664827,306.54975244352227,306.5268359546129
2024-02-03 20:25:33,0.161524599,0.0234797564562022,1.10657979,306.5853133206146,306.56236668114286
2024-02-03 20:25:37,0.161523996,0.0234806334090827,1.10662112,306.5743557586757,306.5513789737686
2024-02-03 20:25:42,0.161523694,0.0234806141004177,1.10662021,306.57411331049434,306.5510988510014
2024-02-03 20:25:46,0.161518264,0.0234809533812442,1.1066362,306.56128814572236,306.5382435523265
2024-02-03 20:25:50,0.161525203,0.0234802300489506,1.10660211,306.5810468087837,306.557972086609
2024-02-03 20:25:54,0.161527314,0.0234803966127084,1.10660996,306.58267509830205,306.55957025247176
2024-02-03 20:25:58,0.161523694,0.0234802300489506,1.10660211,306.5786083844301,306.5554734200666
2024-02-03 20:26:03,0.161530632,0.0234806909107112,1.10662383,306.58488457043615,306.5617119651082
2024-02-03 20:26:07,0.161531236,0.0234814015120169,1.10665732,306.5778206779228,306.5546179655838
2024-02-03 20:26:11,0.161540587,0.0234817405806603,1.1066733,306.58947157732473,306.5662387630943
2024-02-03 20:26:15,0.161534856,0.0234812862965768,1.10665189,306.5851870862618,306.5619241752585
2024-02-03 20:26:19,0.161539682,0.0234804413833491,1.10661207,306.6028325574277,306.57953955476944
2024-02-03 20:26:23,0.161532744,0.0234806461400705,1.10662172,306.5890421067623,306.565719017566
2024-02-03 20:26:28,0.161535459,0.0234801980092978,1.1066006,306.5986800821772,306.5753193920027
2024-02-03 20:26:32,0.161537872,0.0234803004937501,1.10660543,306.6015382339129,306.5781474687102
2024-02-03 20:26:36,0.161531537,0.0234799037112951,1.10658673,306.5955984972246,306.57217766210795
2024-02-03 20:26:40,0.161533649,0.0234797053200676,1.10657738,306.6013857996433,306.57793489972585
2024-02-03 20:26:44,0.161538476,0.0234810558656965,1.10664103,306.5940238297692,306.5705428701633
2024-02-03 20:26:49,0.16154481,0.0234809981518849,1.10663831,306.6052065814756,306.5816880544471
2024-02-03 20:26:53,0.161538174,0.0234798844026302,1.10658582,306.60693618417145,306.5833876089542
2024-02-03 20:26:57,0.161546017,0.0234796732804148,1.10657587,306.62235846091886,306.5987798426224
2024-02-03 20:27:01,0.161537571,0.0234800957370287,1.10659578,306.6035902605807,306.5799816043137
2024-02-03 20:27:05,0.161543302,0.0234802364144445,1.10660241,306.6115073550265,306.5878686658968
2024-02-03 20:27:09,0.161545112,0.0234811901776185,1.10664736,306.60366937011224,306.5800006532267
2024-02-03 20:27:14,0.161549637,0.023480178912816,1.1065997,306.6227197646496,306.5990135202496
2024-02-03 20:27:18,0.161547224,0.0234798332664956,1.10658341,306.622692049152,306.5989557884837
2024-02-03 20:27:22,0.161551145,0.0234807102193761,1.10662474,306.61922390127353,306.59545762944094
2024-02-03 20:27:26,0.16155567,0.0234806781797233,1.10662323,306.62711149451826,306.6033152166247
2024-02-03 20:27:30,0.161551749,0.0234807356813518,1.10662594,306.6199939471757,306.5961676683236
2024-02-03 20:27:34,0.161559893,0.0234813053930586,1.10665279,306.62701840136805,306.6031621266588
2024-02-03 20:27:39,0.161552654,0.0234803966127084,1.10660996,306.625422787388,306.60152902503006
2024-02-03 20:27:43,0.161554765,0.0234800957370287,1.10659578,306.63237617025646,306.60845242351667
2024-02-03 20:27:47,0.161555067,0.0234797628216961,1.10658009,306.63669926123043,306.61274553520747
2024-02-03 20:27:51,0.16155567,0.0234808254348162,1.10663017,306.625621291491,306.60163759128267
2024-02-03 20:27:55,0.161560195,0.0234801405076693,1.10659789,306.64094737609435,306.6169337067977
2024-02-03 20:27:59,0.16156653,0.0234800893715347,1.10659548,306.65204991155525,306.6280062782663
2024-02-03 20:28:04,0.161562608,0.0234802684540973,1.10660392,306.6435526186765,306.6194715375623
2024-02-03 20:28:08,0.161564117,0.0234802364144445,1.10660241,306.6464463137112,306.6223352800677
2024-02-03 20:28:12,0.161565927,0.0234806588710584,1.10662232,306.64466004078025,306.6205190597008
2024-02-03 20:28:16,0.161565927,0.023480575695271,1.1066184,306.6456376465561,306.62146672313315
2024-02-03 20:28:20,0.161570452,0.0234809342847624,1.1066353,306.64907459203135,306.6248737313564
2024-02-03 20:28:25,0.161570753,0.023480985420897,1.10663771,306.6490277858901,306.6247895108088
2024-02-03 20:28:29,0.16157739,0.0234819582805527,1.10668356,306.64896305592896,306.62469485504846
2024-02-03 20:28:33,0.161570452,0.0234806204659117,1.10662051,306.6527473997804,306.62844927818946
2024-02-03 20:28:37,0.161575881,0.0234806013694299,1.10661961,306.6619844291653,306.63765639195174
2024-02-03 20:28:41,0.161578295,0.0234814974187922,1.10666184,306.65580198174337,306.6314440339943
2024-02-03 20:28:45,0.161576183,0.0234820543995111,1.10668809,306.64598915868595,306.6216013054874
2024-02-03 20:28:50,0.161574071,0.0234811901776185,1.10664736,306.6523757914603,306.627950563601
2024-02-03 20:28:54,0.161581311,0.0234806013694299,1.10661961,306.671102701418,306.64664757954995
2024-02-03 20:28:58,0.161574976,0.0234800893715347,1.10659548,306.66647678194454,306.641991771151
2024-02-03 20:29:02,0.161571658,0.023479500351163,1.10656772,306.66772419580064,306.6432093011641
2024-02-03 20:29:06,0.161581311,0.0234802493576155,1.10660302,306.6752034550674,306.6506586816695
2024-02-03 20:29:11,0.161588249,0.0234813694723642,1.10665581,306.6739655656718,306.64938345096675
2024-02-03 20:29:15,0.161579803,0.0234809022451097,1.10663379,306.66533427887236,306.64072229683643
2024-02-03 20:29:19,0.161588249,0.0234807486245228,1.10662655,306.6810997118548,306.6564578675667
2024-02-03 20:29:23,0.161586439,0.0234806013694299,1.10661961,306.6798104658278,306.65513876436546
2024-02-03 20:29:27,0.161586138,0.0234800700628698,1.10659457,306.68539632019395,306.6606947666344
2024-02-03 20:29:32,0.161583423,0.0234800957370287,1.10659578,306.6806453135779,306.65590645203514
2024-02-03 20:29:36,0.161587043,0.0234797180510555,1.10657798,306.6909735162279,306.66620481400827
2024-02-03 20:29:40,0.161589154,0.0234798396319895,1.10658371,306.6931134462556,306.6683149084333
2024-02-03 20:29:44,0.161586439,0.0234799548474297,1.10658914,306.68733451534956,306.66250614699794
2024-02-03 20:29:48,0.16158463,0.0234802684540973,1.10660392,306.6807951299873,306.65593693617893
2024-02-03 20:29:52,0.161586138,0.0234794555805224,1.10656561,306.69258535281483,306.66769733862134
2024-02-03 20:29:57,0.161587646,0.0234796923768966,1.10657677,306.6924211985962,306.66749591605213
2024-02-03 20:30:01,0.161589154,0.0234803836695375,1.10660935,306.6870702775061,306.66211518598504
2024-02-03 20:30:05,0.161590361,0.0234806972762051,1.10662413,306.6855250336281,306.66054013819894
2024-02-03 20:30:09,0.161588249,0.0234795580649747,1.10657044,306.69503977100385,306.6700250767346
2024-02-03 20:30:13,0.161596394,0.0234804029782024,1.10661026,306.69892813278585,306.6738836447436
2024-02-03 20:30:17,0.161600617,0.0234804604798309,1.10661297,306.7052953521257,306.6802210753768
2024-02-03 20:30:22,0.161593679,0.0234796923768966,1.10657677,306.70259758063514,306.677486075126
2024-02-03 20:30:26,0.161597903,0.023479929385454,1.10658794,306.7069208510637,306.68177956824394
2024-02-03 20:30:30,0.161593679,0.0234790460670795,1.10654631,306.7100229951368,306.6848519400698
2024-02-03 20:30:34,0.161598204,0.0234789883532679,1.10654359,306.71820379288744,306.69300297063586
2024-02-03 20:30:38,0.161606952,0.0234796348752681,1.10657406,306.7253510452881,306.7001204609137
2024-02-03 20:30:42,0.161602427,0.0234796028356153,1.10657255,306.7182529108958,306.6929925694595
2024-02-03 20:30:47,0.161596696,0.0234800957370287,1.10659578,306.7031826174401,306.677885086792
2024-02-03 20:30:51,0.161608762,0.0234798589406545,1.10658462,306.725891178025,306.70056390169884
2024-02-03 20:30:55,0.161608461,0.023479647606256,1.10657466,306.7278311905218,306.7024741735757
2024-02-03 20:30:59,0.161599109,0.023479929385454,1.10658794,306.7091633388579,306.6837765863491
2024-02-03 20:31:03,0.161609969,0.0234802684540973,1.10660392,306.7233117202198,306.6978952372047
2024-02-03 20:31:07,0.161609969,0.0234800189267352,1.10659216,306.726185367216,306.70073915875014
2024-02-03 20:31:12,0.161611176,0.0234800189267352,1.10659216,306.72822120648186,306.70273784831056
2024-02-03 20:31:16,0.161606349,0.0234800830060408,1.10659518,306.71952756517,306.6940144929197
2024-02-03 20:31:20,0.161611477,0.0234804220746842,1.10661116,306.7241842523459,306.6986414710693
2024-02-03 20:31:24,0.161604539,0.023478981987774,1.10654329,306.7291386119106,306.7035661266597
2024-02-03 20:31:28,0.161612382,0.0234792955944416,1.10655807,306.73858158842506,306.71297940425075
2024-02-03 20:31:33,0.161611176,0.0234795771614565,1.10657134,306.73341228000976,306.70777297928294
2024-02-03 20:31:37,0.161613287,0.0234794108098817,1.1065635,306.7388337780017,306.7131647897132
2024-02-03 20:31:41,0.161613589,0.023479916442283,1.10658733,306.7336003352237,306.7079016644216
2024-02-03 20:31:45,0.16162475,0.0234798844026302,1.10658582,306.75247696960537,306.72674862133715
2024-02-03 20:31:49,0.16162113,0.0234799037112951,1.10658673,306.74629210779085,306.720534087103
2024-02-03 20:31:54,0.161619019,0.0234791419738547,1.10655083,306.75151625634146,306.7257211522244
2024-02-03 20:31:58,0.16161751,0.0234793660392411,1.10656139,306.7464929880561,306.7206682228709
2024-02-03 20:32:02,0.161620225,0.0234790010842557,1.10654419,306.7551786956397,306.7293242744301
2024-02-03 20:32:06,0.161613589,0.0234791740135075,1.10655234,306.74224806405584,306.7163639918647
2024-02-03 20:32:10,0.161620225,0.0234787451913997,1.10653213,306.7581549889173,306.7322412707866
2024-02-03 20:32:15,0.161619622,0.0234783868140915,1.10651524,306.76127880604184,306.73532803757564
2024-02-03 20:32:19,0.161617209,0.0234788090585222,1.10653514,306.75249913079307,306.7265187277287
2024-02-03 20:32:23,0.161618717,0.023478437950226,1.10651765,306.7592564298672,306.7332463972439
2024-02-03 20:32:27,0.161613589,0.023478834732681,1.10653635,306.7462710068221,306.72023134967816
2024-02-03 20:32:31,0.161619924,0.0234784122760672,1.10651644,306.7616071757727,306.73553789914564
2024-02-03 20:32:35,0.161624147,0.0234782522899864,1.1065089,306.77045405403084,306.74435516295733
2024-02-03 20:32:40,0.161619924,0.0234792955944416,1.10655807,306.7516046029508,306.72546870090065
2024-02-03 20:32:44,0.16163018,0.023479244458307,1.10655566,306.7692007265504,306.74303522138314
2024-02-03 20:32:48,0.161630482,0.0234798396319895,1.10658371,306.7629458273112,306.7367507240607
2024-02-03 20:32:52,0.161629878,0.0234793149031065,1.10655898,306.7679567741121,306.7417320778113
2024-02-03 20:32:56,0.161632292,0.0234803004937501,1.10660543,306.76074888511664,306.7344946007977
2024-02-03 20:33:00,0.161633498,0.023480454114337,1.10661267,306.76102439305123,306.73474052574545
2024-02-03 20:33:05,0.161645866,0.0234804925194837,1.10661448,306.7811035977911,306.75478275882574
2024-02-03 20:33:09,0.16163742,0.0234789435826272,1.10654148,306.78480501991413,306.7584546092792
2024-02-03 20:33:13,0.161629878,0.0234787388259058,1.10653183,306.774679231214,306.7482992539381
2024-02-03 20:33:17,0.161637118,0.0234786620156124,1.10652821,306.7875740885205,306.76116454963125
2024-02-03 20:33:21,0.161637722,0.0234788283671871,1.10653605,306.78670734978823,306.7602682543124
2024-02-03 20:33:25,0.161635912,0.02347844431572,1.10651795,306.78811798551027,306.76164933847383
2024-02-03 20:33:30,0.161635308,0.0234780538987589,1.10649955,306.791605845402,306.76510026598123
2024-02-03 20:33:34,0.161643453,0.0234785595311601,1.10652338,306.7993590769032,306.7728239572271
2024-02-03 20:33:38,0.161641342,0.023478572262148,1.10652398,306.7957475688392,306.76918291393093
2024-02-03 20:33:42,0.161641342,0.0234786556501185,1.10652791,306.7948263793477,306.7682321942296
2024-02-03 20:33:46,0.16164647,0.0234787899620404,1.10653424,306.8018166825733,306.7751929722668
2024-02-03 20:33:51,0.161641342,0.0234781947883579,1.10650619,306.80014724770433,306.7734866379725
2024-02-03 20:33:55,0.161646168,0.0234788924464927,1.10653907,306.8002145235111,306.77352439988607
2024-02-03 20:33:59,0.161649185,0.0234787835965465,1.10653394,306.8064812782763,306.7797616457767
2024-02-03 20:34:03,0.161647676,0.0234790844722262,1.10654812,306.80058147271416,306.7738323363579
2024-02-03 20:34:07,0.161649185,0.0234802748195912,1.10660422,306.7895391070803,306.76276047188435
2024-02-03 20:34:12,0.161654011,0.0234795580649747,1.10657044,306.8057389943661,306.7789234926744
2024-02-03 20:34:16,0.161649185,0.0234791612825197,1.10655174,306.80230049888803,306.7754555096417
2024-02-03 20:34:20,0.161644961,0.0234776121334801,1.10647873,306.8129978947553,306.7861234229686
2024-02-03 20:34:24,0.161652805,0.0234786236104657,1.1065264,306.81448453529566,306.7875805859819
2024-02-03 20:34:28,0.161649788,0.0234780091281183,1.10649744,306.8165241130587,306.78959069123044
2024-02-03 20:34:32,0.161658234,0.0234794492150285,1.10656531,306.8141205813651,306.787157692034
2024-02-03 20:34:37,0.161660346,0.0234794619460163,1.10656591,306.81750967215703,306.7905099554937
2024-02-03 20:34:41,0.161662759,0.0234800189267352,1.10659216,306.81518453370364,306.7881553608105
2024-02-03 20:34:45,0.161659441,0.0234784890863606,1.10652006,306.82716255484416,306.8001039307302
2024-02-03 20:34:49,0.161657631,0.0234789308516394,1.10654088,306.819157459864,306.7920693895372
2024-02-03 20:34:53,0.161663363,0.023479660549427,1.10657527,306.82035910414936,306.7932415926169
2024-02-03 20:34:58,0.161657631,0.0234786556501185,1.10652791,306.8223615807247,306.7952072747252
2024-02-03 20:35:02,0.161660044,0.0234785147605195,1.10652127,306.8279935164334,306.8008097804913
2024-02-03 20:35:06,0.161658234,0.0234786811120942,1.10652911,306.8231286969025,306.79591553602216
2024-02-03 20:35:10,0.161668491,0.0234789372171333,1.10654118,306.8372237820685,306.80998120125355
2024-02-03 20:35:14,0.161665474,0.023478585205319,1.10652459,306.83627089385635,306.8089988981095
2024-02-03 20:35:18,0.161662156,0.0234787322482288,1.10653152,306.8291288256037,306.8018274199268
2024-02-03 20:35:23,0.161667888,0.0234789372171333,1.10654118,306.8363207763275,306.8089826152706
2024-02-03 20:35:27,0.161669396,0.0234795837391335,1.10657165,306.83147540759285,306.804107847857
2024-02-03 20:35:31,0.161664569,0.0234789435826272,1.10654148,306.83081062243076,306.803413669015
2024-02-03 20:35:35,0.161659743,0.0234778107368907,1.10648809,306.83576565097377,306.8083393088764
2024-02-03 20:35:39,0.161663966,0.0234781050348935,1.10650196,306.83943274905664,306.81197702327506
2024-02-03 20:35:43,0.161669396,0.0234776571163039,1.10648085,306.8535627449297,306.8260776404604
2024-02-03 20:35:48,0.161666078,0.0234769401495042,1.10644706,306.85628097065495,306.8287591498512
2024-02-03 20:35:52,0.161659441,0.0234778875471842,1.10649171,306.8345144603081,306.80696327205584
2024-02-03 20:35:56,0.161669396,0.0234778041592137,1.10648778,306.85198129465755,306.8244007439505
2024-02-03 20:36:00,0.161669999,0.0234778618730253,1.1064905,306.85235111374936,306.8247412055805
2024-02-03 20:36:04,0.161668491,0.0234766138118487,1.10643168,306.86411662905573,306.83647736841715
2024-02-03 20:36:09,0.161660949,0.0234770553649443,1.10645249,306.84662664929766,306.81895070509074
2024-02-03 20:36:13,0.161672412,0.0234774137422526,1.10646938,306.861553351515,306.83384806606745
2024-02-03 20:36:17,0.161669999,0.0234776889437735,1.10648235,306.8544479348417,306.8267133131429
2024-02-03 20:36:21,0.161679351,0.0234792571892949,1.10655626,306.8520808339404,306.8243168809788
2024-02-03 20:36:25,0.161677239,0.0234778939126781,1.10649201,306.8641592923693,306.83636601313253
2024-02-03 20:36:29,0.161674222,0.0234777530230791,1.10648537,306.86079890826926,306.83297630774405
2024-02-03 20:36:34,0.161674524,0.0234778939126781,1.10649201,306.85972893749135,306.83186969236704
2024-02-03 20:36:38,0.161669697,0.0234758841140611,1.10639729,306.8746859278571,306.8467973726616
2024-02-03 20:36:42,0.161671206,0.0234765176928903,1.10642715,306.86998806882076,306.8420702085381
2024-02-03 20:36:46,0.161679351,0.0234773114699835,1.10646456,306.87445359774375,306.84650643735705
2024-02-03 20:36:50,0.161675429,0.0234770169597976,1.10645068,306.87134641409637,306.843369958588
2024-02-03 20:36:55,0.161677842,0.0234767290272888,1.10643711,306.8786633916739,306.8506503242686
2024-02-03 20:36:59,0.161676937,0.02347670335313,1.1064359,306.8774866505086,306.8494442991888
2024-02-03 20:37:03,0.161679652,0.0234775482663577,1.10647572,306.8723758698808,306.84430423962607
2024-02-03 20:37:07,0.16168478,0.0234771642148905,1.10645762,306.8852781798503,306.8571772756394
2024-02-03 20:37:11,0.16168478,0.0234768633392108,1.10644344,306.8887392501616,306.8606090769724
2024-02-03 20:37:16,0.161687495,0.0234772921613185,1.10646365,306.8883811802305,306.86021442781737
2024-02-03 20:37:20,0.161676334,0.0234766201773426,1.10643198,306.87759030298855,306.8493942927943
2024-02-03 20:37:24,0.161689305,0.0234771514839027,1.10645702,306.89304193888853,306.8648166758883
2024-02-03 20:37:28,0.161684479,0.0234776057679862,1.10647843,306.87989707253973,306.85164256170776
2024-02-03 20:37:32,0.16168478,0.0234769274185163,1.10644646,306.88816193189257,306.85987817820234
2024-02-03 20:37:36,0.161691115,0.0234770553649443,1.10645249,306.89722371587186,306.86891072429603
2024-02-03 20:37:41,0.161691417,0.0234768633392108,1.10644344,306.899950777219,306.87160124527753
