time,voltage,current,shunt_voltage,temperature,seconds_combined,temperature_corr_err,temperature_uncorr
2024-05-13 01:37:47,0.100412191,0.0292406678676231,1.37808636,174.5654809253635,14392.0,67.75821024898974,174.55605382755243
2024-05-13 01:37:51,0.100805856,0.029232787173954,1.37771495,175.11024047288734,14396.0,67.75821024898974,175.10031867672217
2024-05-13 01:37:55,0.101121694,0.0292284302055418,1.37750961,175.5388472405676,14400.0,67.75821024898974,175.52843065574172
2024-05-13 01:37:59,0.101571769,0.0292230481804235,1.37725596,176.14596393787204,14404.0,67.75821024898974,176.13505247403378
2024-05-13 01:38:04,0.10173919,0.0292193960843725,1.37708384,176.37974681708783,14409.0,67.75821024898974,176.36821662735883
2024-05-13 01:38:08,0.10187373,0.0292160643848492,1.37692682,176.56945384047555,14413.0,67.75821024898974,176.55742856827914
2024-05-13 01:38:12,0.101983233,0.0292103621753863,1.37665808,176.73750617619328,14417.0,67.75821024898974,176.72498573103246
2024-05-13 01:38:16,0.102074937,0.0292091446685805,1.3766007,176.8622726118133,14421.0,67.75821024898974,176.84925690314657
2024-05-13 01:38:20,0.102149145,0.0292072865809022,1.37651313,176.96729313788632,14425.0,67.75821024898974,176.95378207512786
2024-05-13 01:38:25,0.102211287,0.0292067741586408,1.37648898,177.0507233941018,14430.0,67.75821024898974,177.03659301127487
2024-05-13 01:38:29,0.102258346,0.0292044675158235,1.37638027,177.12263447504492,14434.0,67.75821024898974,177.10800853414662
2024-05-13 01:38:33,0.10229545,0.0292037626434623,1.37634705,177.17439249169368,14438.0,67.75821024898974,177.1592709019949
2024-05-13 01:38:37,0.102356385,0.0292035704055456,1.37633799,177.25469820470676,14442.0,67.75821024898974,177.23908087543458
2024-05-13 01:38:41,0.102375088,0.0292030579832842,1.37631384,177.28174998359546,14446.0,67.75821024898974,177.26563682393325
2024-05-13 01:38:46,0.102395903,0.0292023531109229,1.37628062,177.3125371942196,14451.0,67.75821024898974,177.2958041187926
2024-05-13 01:38:50,0.102411287,0.0292016484507448,1.37624741,177.33616508720365,14455.0,67.75821024898974,177.31893597689017
2024-05-13 01:38:54,0.102427577,0.0292024812695341,1.37628666,177.35398132330425,14459.0,67.75821024898974,177.3362560871465
2024-05-13 01:38:58,0.102439342,0.0292022890316174,1.3762776,177.37059294741596,14463.0,67.75821024898974,177.35237149441303
2024-05-13 01:39:02,0.102445978,0.029200879499078,1.37621117,177.3860929699111,14467.0,67.75821024898974,177.3673752090191
2024-05-13 01:39:07,0.102455028,0.0292028016660619,1.37630176,177.38970148846,14472.0,67.75821024898974,177.3703632146107
2024-05-13 01:39:11,0.102462268,0.0292017125300504,1.37625043,177.4045283630716,14476.0,67.75821024898974,177.3846935763276
2024-05-13 01:39:15,0.102469206,0.0292012639749114,1.37622929,177.4160527985628,14480.0,67.75821024898974,177.39572140774112
2024-05-13 01:39:19,0.102476446,0.029201776609356,1.37625345,177.4235988210672,14484.0,67.75821024898974,177.40277073494235
2024-05-13 01:39:23,0.102476747,0.0292010717369947,1.37622023,177.42769035046655,14488.0,67.75821024898974,177.40636547777063
2024-05-13 01:39:28,0.102483082,0.029201328054217,1.37623231,177.43535362977434,14493.0,67.75821024898974,177.4134076454548
2024-05-13 01:39:32,0.102487004,0.0292019686350895,1.3762625,177.43801920828594,14497.0,67.75821024898974,177.41557623188834
2024-05-13 01:39:36,0.102487305,0.029200879499078,1.37621117,177.44385863739956,14501.0,67.75821024898974,177.42091857751905
2024-05-13 01:39:40,0.102487004,0.0292010076576892,1.37621721,177.44338306980683,14505.0,67.75821024898974,177.41994583499675
2024-05-13 01:39:44,0.102490624,0.029201776609356,1.37625345,177.4450738204747,14509.0,67.75821024898974,177.42113931924666
2024-05-13 01:39:48,0.102490624,0.0292006231818557,1.37619909,177.45081614871683,14513.0,67.75821024898974,177.42638428954078
2024-05-13 01:39:53,0.102499372,0.0292005591025502,1.37619607,177.46306348881396,14518.0,67.75821024898974,177.43800980342562
2024-05-13 01:39:57,0.10250088,0.0292008154197725,1.37620815,177.4643491465988,14522.0,67.75821024898974,177.43879789716834
2024-05-13 01:40:01,0.102502388,0.0292015843714393,1.37624439,177.46330353720256,14526.0,67.75821024898974,177.4372546320655
2024-05-13 01:40:05,0.102502388,0.0292014562128281,1.37623835,177.46438411319343,14530.0,67.75821024898974,177.43783746064426
2024-05-13 01:40:09,0.10250269,0.029200879499078,1.37621117,177.46789601827393,14534.0,67.75821024898974,177.440851526566
2024-05-13 01:40:14,0.10250088,0.029200879499078,1.37621117,177.46617339347412,14539.0,67.75821024898974,177.438506473737
2024-05-13 01:40:18,0.102502388,0.0292006872611613,1.37620211,177.46949950502648,14543.0,67.75821024898974,177.44133453955166
2024-05-13 01:40:22,0.102502388,0.0292008154197725,1.37620815,177.46941478336828,14547.0,67.75821024898974,177.4407516802769
2024-05-13 01:40:26,0.102507215,0.0292005591025502,1.37619607,177.47733271127012,14551.0,67.75821024898974,177.4481713786428
2024-05-13 01:40:31,0.102508422,0.0292018404764784,1.37625646,177.4736916532894,14556.0,67.75821024898974,177.44390740441906
2024-05-13 01:40:35,0.102507517,0.0292000466802888,1.37617192,177.48117601019925,14560.0,67.75821024898974,177.45089332482706
2024-05-13 01:40:39,0.10250631,0.0292006872611613,1.37620211,177.47719716659427,14564.0,67.75821024898974,177.44641595267015
2024-05-13 01:40:43,0.102505103,0.0291996622044554,1.3761538,177.48079419332177,14568.0,67.75821024898974,177.4495143587557
2024-05-13 01:40:47,0.1025045,0.0291991495700108,1.37612964,177.48284333016184,14572.0,67.75821024898974,177.45106478282395
2024-05-13 01:40:52,0.102511438,0.0292000466802888,1.37617192,177.4883756648325,14577.0,67.75821024898974,177.45597359691175
2024-05-13 01:40:56,0.10251355,0.0292006872611613,1.37620211,177.48869726308712,14581.0,67.75821024898974,177.45579627495738
2024-05-13 01:41:00,0.10251536,0.0292015202921337,1.37624137,177.48775235827907,14585.0,67.75821024898974,177.45435235768187
2024-05-13 01:41:04,0.102512947,0.0292011358163003,1.37622325,177.48687390358995,14589.0,67.75821024898974,177.4529747982275
2024-05-13 01:41:09,0.102516566,0.0291999185216776,1.37616588,177.49772381901155,14594.0,67.75821024898974,177.46320070283903
2024-05-13 01:41:13,0.102513248,0.0292009435783836,1.37621419,177.48926157696334,14598.0,67.75821024898974,177.45423914821228
2024-05-13 01:41:17,0.102518376,0.0292001105474112,1.37617493,177.50019417488255,14602.0,67.75821024898974,177.46467234112816
2024-05-13 01:41:21,0.102518678,0.0291997903630665,1.37615984,177.50254146685367,14606.0,67.75821024898974,177.46652013563244
2024-05-13 01:41:25,0.102515963,0.0291994058872331,1.37614172,177.5012722788936,14610.0,67.75821024898974,177.46475135770322
2024-05-13 01:41:29,0.102521695,0.0292008154197725,1.37620815,177.5027868014582,14614.0,67.75821024898974,177.4657661977578
2024-05-13 01:41:33,0.102522298,0.0292008154197725,1.37620815,177.50406783730244,14618.0,67.75821024898974,177.4665474585127
2024-05-13 01:41:38,0.102518075,0.0292003027853279,1.37618399,177.5015531142873,14623.0,67.75821024898974,177.46340788638776
2024-05-13 01:41:42,0.102520488,0.0291997262837609,1.37615682,177.50780201067573,14627.0,67.75821024898974,177.4691567992433
2024-05-13 01:41:46,0.10252622,0.0292000466802888,1.37617192,177.51427129007814,14631.0,67.75821024898974,177.47512600240935
2024-05-13 01:41:50,0.10252441,0.0292006231818557,1.37619909,177.5098037573284,14635.0,67.75821024898974,177.47015830068182
2024-05-13 01:41:54,0.102519885,0.0292006872611613,1.37620211,177.5041498019917,14639.0,67.75821024898974,177.464004083588
2024-05-13 01:41:59,0.102521091,0.0291978041167771,1.37606623,177.51945404827356,14644.0,67.75821024898974,177.47868287214513
2024-05-13 01:42:03,0.102524108,0.0291989573320941,1.37612058,177.5186170408432,14648.0,67.75821024898974,177.4773453940665
2024-05-13 01:42:07,0.102525013,0.0291997262837609,1.37615682,177.51679192296518,14652.0,67.75821024898974,177.47501971263875
2024-05-13 01:42:11,0.10252622,0.0291990854907053,1.37612662,177.52177172226342,14656.0,67.75821024898974,177.4794988554485
2024-05-13 01:42:16,0.102527426,0.0291999185216776,1.37616588,177.52017042052904,14661.0,67.75821024898974,177.47727160235166
2024-05-13 01:42:20,0.102526823,0.0291995340458442,1.37614776,177.5216391338238,14665.0,67.75821024898974,177.47823944990972
2024-05-13 01:42:24,0.102530744,0.0291999185216776,1.37616588,177.5254712546918,14669.0,67.75821024898974,177.48157061198174
2024-05-13 01:42:28,0.102530141,0.0292001746267168,1.37617795,177.52402588678493,14673.0,67.75821024898974,177.4796241921827
2024-05-13 01:42:32,0.102532856,0.029199277728622,1.37613568,177.53212530938458,14677.0,67.75821024898974,177.4872224697573
2024-05-13 01:42:37,0.102521393,0.0291974837202492,1.37605113,177.52606133359046,14682.0,67.75821024898974,177.48053193165805
2024-05-13 01:42:41,0.102526823,0.0291970992444158,1.37603301,177.53534814879347,14686.0,67.75821024898974,177.48931739215334
2024-05-13 01:42:45,0.102527728,0.029197227403027,1.37603905,177.53643913332021,14690.0,67.75821024898974,177.48990692872098
2024-05-13 01:42:49,0.10252803,0.0291977400374715,1.37606321,177.53499943869897,14694.0,67.75821024898974,177.48796569285304
2024-05-13 01:42:53,0.102523203,0.0291967147685824,1.37601489,177.53391142818765,14698.0,67.75821024898974,177.48637604777122
2024-05-13 01:42:58,0.102530443,0.0291974196409437,1.37604811,177.54071279176205,14703.0,67.75821024898974,177.49255023684114
2024-05-13 01:43:02,0.10252803,0.0291963945842377,1.3759998,177.54275227723798,14707.0,67.75821024898974,177.4940878776367
2024-05-13 01:43:06,0.102530443,0.0291979322753882,1.37607227,177.5393839882412,14711.0,67.75821024898974,177.4902176505193
2024-05-13 01:43:10,0.102532554,0.0291976118788604,1.37605717,177.544079237233,14715.0,67.75821024898974,177.49441086791444
2024-05-13 01:43:14,0.102530744,0.0291977400374715,1.37606321,177.54165287886056,14719.0,67.75821024898974,177.49148238443394
2024-05-13 01:43:18,0.102533158,0.0291969710858047,1.37602697,177.54878211013872,14723.0,67.75821024898974,177.4981093970573
2024-05-13 01:43:23,0.102533158,0.0291980604339993,1.37607831,177.5444530834777,14728.0,67.75821024898974,177.49315246547374
2024-05-13 01:43:27,0.102534364,0.029197227403027,1.37603905,177.55030878773155,14732.0,67.75821024898974,177.49850574046366
2024-05-13 01:43:31,0.102533158,0.0291990214113997,1.3761236,177.54108554506868,14736.0,67.75821024898974,177.4887799748758
2024-05-13 01:43:35,0.102535873,0.0291977400374715,1.37606321,177.5509365222862,14740.0,67.75821024898974,177.49812833547244
2024-05-13 01:43:40,0.102536778,0.0291970992444158,1.37603301,177.55565357040433,14745.0,67.75821024898974,177.5022169810015
2024-05-13 01:43:44,0.102537683,0.0291969070064991,1.37602395,177.55820392549847,14749.0,67.75821024898974,177.50426450853186
2024-05-13 01:43:48,0.102540096,0.0291969710858047,1.37602697,177.5615420126376,14753.0,67.75821024898974,177.50709967429873
2024-05-13 01:43:52,0.102536476,0.0291981885926105,1.37608435,177.55181393926028,14757.0,67.75821024898974,177.49686858570618
2024-05-13 01:43:56,0.102543414,0.0291979322753882,1.37607227,177.56247336007308,14761.0,67.75821024898974,177.50702489742645
2024-05-13 01:44:01,0.102547637,0.0291987650941774,1.37611152,177.56478440146014,14766.0,67.75821024898974,177.5087069203809
2024-05-13 01:44:05,0.102541303,0.029196778847888,1.37601791,177.56611938009448,14770.0,67.75821024898974,177.50953857857405
2024-05-13 01:44:09,0.102543414,0.029198252671916,1.37608737,177.56265109170644,14774.0,67.75821024898974,177.5055668757569
2024-05-13 01:44:13,0.102541906,0.0291981885926105,1.37608435,177.56149220986146,14778.0,67.75821024898974,177.50390448546108
2024-05-13 01:44:17,0.102543414,0.0291971633237214,1.37603603,177.56861560689748,14782.0,67.75821024898974,177.51052427999082
2024-05-13 01:44:21,0.102550352,0.0291985087769552,1.37609944,177.57198629035224,14786.0,67.75821024898974,177.51339126685025
2024-05-13 01:44:26,0.102550352,0.0291994058872331,1.37614172,177.56853354842232,14791.0,67.75821024898974,177.5093087718124
2024-05-13 01:44:30,0.102548844,0.0291985087769552,1.37609944,177.5711659812352,14795.0,67.75821024898974,177.51143729620742
2024-05-13 01:44:34,0.102549146,0.0291986369355663,1.37610548,177.57147807419665,14799.0,67.75821024898974,177.51124538655353
2024-05-13 01:44:38,0.102546732,0.0291991495700108,1.37612964,177.56652149466237,14803.0,67.75821024898974,177.50578471017343
2024-05-13 01:44:42,0.102552766,0.0292003027853279,1.37618399,177.56959618445921,14807.0,67.75821024898974,177.5083552088609
2024-05-13 01:44:47,0.102546732,0.029198380618344,1.3760934,177.57115526127913,14812.0,67.75821024898974,177.50928391418597
2024-05-13 01:44:51,0.102544621,0.0291987010148719,1.3761085,177.56746635878747,14816.0,67.75821024898974,177.50509060837197
2024-05-13 01:44:55,0.102546431,0.0292003668646335,1.37618701,177.56273590364893,14820.0,67.75821024898974,177.49985565554113
2024-05-13 01:44:59,0.102544922,0.0291991495700108,1.37612964,177.56682431877869,14824.0,67.75821024898974,177.50343947857607
2024-05-13 01:45:03,0.102543716,0.0291992136493164,1.37613266,177.565474797943,14828.0,67.75821024898974,177.50158527121067
2024-05-13 01:45:08,0.102541604,0.0291994058872331,1.37614172,177.5624945521113,14833.0,67.75821024898974,177.49797403436858
2024-05-13 01:45:12,0.102539191,0.0291992136493164,1.37613266,177.56074765828734,14837.0,67.75821024898974,177.49572224141846
2024-05-13 01:45:16,0.102541303,0.0292000466802888,1.37617192,177.56019881127423,14841.0,67.75821024898974,177.49466840073978
2024-05-13 01:45:20,0.102540398,0.0291995981251498,1.37615078,177.56157224081502,14845.0,67.75821024898974,177.49553674204364
2024-05-13 01:45:24,0.102539191,0.0291991495700108,1.37612964,177.56255449112587,14849.0,67.75821024898974,177.49601380951432
2024-05-13 01:45:28,0.102537079,0.0291990214113997,1.3761236,177.56090638443138,14853.0,67.75821024898974,177.49386042534474
2024-05-13 01:45:33,0.102539191,0.0291990214113997,1.3761236,177.56427463860427,14858.0,67.75821024898974,177.49659694954528
2024-05-13 01:45:37,0.102543414,0.0291993418079275,1.3761387,177.5687939864901,14862.0,67.75821024898974,177.50061080691216
2024-05-13 01:45:41,0.102543414,0.0291998544423721,1.37616286,177.5669669922741,14866.0,67.75821024898974,177.49827822743998
2024-05-13 01:45:45,0.102550051,0.0291983167512216,1.37609039,177.58306957983316,14870.0,67.75821024898974,177.5138751349744
2024-05-13 01:45:49,0.102553369,0.0291994699665387,1.37614474,177.58262650264382,14874.0,67.75821024898974,177.51292628296082
2024-05-13 01:45:53,0.102555782,0.0291989573320941,1.37612058,177.5885918184245,14878.0,67.75821024898974,177.51838572908673
2024-05-13 01:45:58,0.102558799,0.0291981885926105,1.37608435,177.59663216200497,14883.0,67.75821024898974,177.52579360219613
2024-05-13 01:46:02,0.102562117,0.0291992136493164,1.37613266,177.59677218593365,14887.0,67.75821024898974,177.5254275429883
2024-05-13 01:46:06,0.102566944,0.0291987650941774,1.37611152,177.60557430640327,14891.0,67.75821024898974,177.5337234853908
2024-05-13 01:46:10,0.102567245,0.0291995981251498,1.37615078,177.60267913822122,14895.0,67.75821024898974,177.53032204418048
2024-05-13 01:46:15,0.102572072,0.0291993418079275,1.3761387,177.6107330330794,14900.0,67.75821024898974,177.53774296416776
2024-05-13 01:46:19,0.102567849,0.0291987010148719,1.3761085,177.60868433336614,14904.0,67.75821024898974,177.53518777765234
2024-05-13 01:46:23,0.102566944,0.0291991495700108,1.37612964,177.6059766991554,14908.0,67.75821024898974,177.53197356157978
2024-05-13 01:46:27,0.102564229,0.0291985728562607,1.37610246,177.60559036222682,14912.0,67.75821024898974,177.5310805476995
2024-05-13 01:46:31,0.102562117,0.0291979322753882,1.37607227,177.606276122289,14916.0,67.75821024898974,177.5312595356902
2024-05-13 01:46:36,0.102566944,0.0291966506892768,1.37601187,177.61899810977084,14921.0,67.75821024898974,177.543347924275
2024-05-13 01:46:40,0.102565737,0.0291965227428488,1.37600584,177.61852347239568,14925.0,67.75821024898974,177.54236630069974
2024-05-13 01:46:44,0.102567245,0.0291969070064991,1.37602395,177.61923542549894,14929.0,67.75821024898974,177.54257117238643
2024-05-13 01:46:48,0.102567547,0.0291967147685824,1.37601489,177.62100903175545,14933.0,67.75821024898974,177.5438376019804
2024-05-13 01:46:52,0.102576597,0.0291974196409437,1.37604811,177.63003454855533,14937.0,67.75821024898974,177.55235584684235
2024-05-13 01:46:56,0.102577502,0.0291974196409437,1.37604811,177.63171461103676,14941.0,67.75821024898974,177.5535285420811
2024-05-13 01:47:01,0.102577502,0.029198829173483,1.37611454,177.62593247615675,14946.0,67.75821024898974,177.54711206408103
2024-05-13 01:47:05,0.102579915,0.0291984446976496,1.37609642,177.63131683622848,14950.0,67.75821024898974,177.55198884236796
2024-05-13 01:47:09,0.102579613,0.0291975477995548,1.37605415,177.63551619431993,14954.0,67.75821024898974,177.55568052327538
2024-05-13 01:47:13,0.102580518,0.0291979322753882,1.37607227,177.63544634081572,14958.0,67.75821024898974,177.55510289715914
2024-05-13 01:47:17,0.102587456,0.0291985087769552,1.37609944,177.6423196831286,14962.0,67.75821024898974,177.56146837140318
2024-05-13 01:47:22,0.102585345,0.0291985087769552,1.37609944,177.64021932950206,14967.0,67.75821024898974,177.55873304841094
2024-05-13 01:47:26,0.10258806,0.0291994699665387,1.37614474,177.6398696291734,14971.0,67.75821024898974,177.55787526513123
2024-05-13 01:47:30,0.10258806,0.0291987650941774,1.37611152,177.6435866538682,14975.0,67.75821024898974,177.5610841113255
2024-05-13 01:47:34,0.102591076,0.0291981885926105,1.37608435,177.65062751413961,14979.0,67.75821024898974,177.56761669751876
2024-05-13 01:47:38,0.102591076,0.029198380618344,1.3760934,177.65026163431426,14983.0,67.75821024898974,177.56674244800936
2024-05-13 01:47:43,0.102594696,0.0291981885926105,1.37608435,177.65646213783774,14988.0,67.75821024898974,177.57230735493926
2024-05-13 01:47:47,0.102597713,0.0291979322753882,1.37607227,177.66204708329772,14992.0,67.75821024898974,177.57738371549954
2024-05-13 01:47:51,0.102596205,0.0291984446976496,1.37609642,177.65826866401312,14996.0,67.75821024898974,177.5730966156185
2024-05-13 01:47:55,0.102595601,0.0291981885926105,1.37608435,177.65916084400996,15000.0,67.75821024898974,177.5734800192944
2024-05-13 01:47:59,0.102598618,0.029198380618344,1.3760934,177.66270471540724,15004.0,67.75821024898974,177.5765150186188
2024-05-13 01:48:04,0.102598316,0.0291991495700108,1.37612964,177.65944862876705,15009.0,67.75821024898974,177.57262270719428
2024-05-13 01:48:08,0.102599523,0.029198380618344,1.3760934,177.66502268445,15013.0,67.75821024898974,177.5776876752618
2024-05-13 01:48:12,0.102598316,0.0291974837202492,1.37605113,177.66805165367632,15017.0,67.75821024898974,177.5802074610316
2024-05-13 01:48:16,0.102598919,0.0291977400374715,1.37606321,177.66817519914707,15021.0,67.75821024898974,177.57982172717766
2024-05-13 01:48:20,0.102601634,0.0291970351651103,1.37602999,177.67541227255924,15025.0,67.75821024898974,177.5865494253698
2024-05-13 01:48:24,0.102602841,0.0291976118788604,1.37605717,177.67485966930366,15029.0,67.75821024898974,177.5854873509719
2024-05-13 01:48:29,0.102600126,0.0291974196409437,1.37604811,177.67285391944546,15034.0,67.75821024898974,177.5828446272543
2024-05-13 01:48:33,0.102605858,0.0291977400374715,1.37606321,177.6793321351282,15038.0,67.75821024898974,177.58881315587172
2024-05-13 01:48:37,0.102604048,0.0291969710858047,1.37602697,177.68099808107112,15042.0,67.75821024898974,177.58996931874012
2024-05-13 01:48:41,0.102604048,0.0291972914823325,1.37604207,177.68004896793013,15046.0,67.75821024898974,177.58851032648897
2024-05-13 01:48:45,0.102605254,0.0291978681960826,1.37606925,177.6794955435205,15050.0,67.75821024898974,177.58744692690715
2024-05-13 01:48:50,0.102605556,0.0291978041167771,1.37606623,177.68081626059617,15055.0,67.75821024898974,177.58813003989025
2024-05-13 01:48:54,0.102604349,0.0291975477995548,1.37605415,177.68092960069336,15059.0,67.75821024898974,177.5877331885796
2024-05-13 01:48:58,0.102604651,0.0291968429271936,1.37602093,177.6850410046031,15063.0,67.75821024898974,177.59133430493438
2024-05-13 01:49:02,0.102606763,0.0291973555616381,1.37604509,177.68595370871546,15067.0,67.75821024898974,177.5917366253186
2024-05-13 01:49:06,0.102612192,0.0291975477995548,1.37605415,177.69262363409874,15071.0,67.75821024898974,177.59789607077482
2024-05-13 01:49:11,0.102610081,0.0291966506892768,1.37601187,177.6946118837811,15076.0,67.75821024898974,177.59924608522928
2024-05-13 01:49:15,0.102606763,0.0291972914823325,1.37604207,177.68790492266817,15080.0,67.75821024898974,177.5920284276475
2024-05-13 01:49:19,0.102608874,0.0291965868221544,1.37600886,177.6943601623466,15084.0,67.75821024898974,177.5979728745748
2024-05-13 01:49:23,0.102610684,0.0291974196409437,1.37604811,177.6934238166052,15088.0,67.75821024898974,177.59652563977454
2024-05-13 01:49:28,0.102610986,0.0291971633237214,1.37603603,177.69562115366153,15093.0,67.75821024898974,177.59808423003597
2024-05-13 01:49:32,0.102610081,0.0291964586635433,1.37600282,177.69816863081036,15097.0,67.75821024898974,177.60012060134113
2024-05-13 01:49:36,0.102613701,0.029196778847888,1.37601791,177.70191258146824,15101.0,67.75821024898974,177.6033533497657
2024-05-13 01:49:40,0.102616114,0.0291966506892768,1.37601187,177.70613441782893,15105.0,67.75821024898974,177.6070638874784
2024-05-13 01:49:44,0.102616717,0.0291964586635433,1.37600282,177.70830178410588,15109.0,67.75821024898974,177.60871985866788
2024-05-13 01:49:48,0.102620036,0.0291965227428488,1.37600584,177.7128223409648,15113.0,67.75821024898974,177.61272892397506
2024-05-13 01:49:52,0.102620337,0.0291980604339993,1.37607831,177.7067206880048,15117.0,67.75821024898974,177.60611568297435
2024-05-13 01:49:56,0.102620941,0.0291975477995548,1.37605415,177.710349706903,15121.0,67.75821024898974,177.60923301731827
2024-05-13 01:50:01,0.102621242,0.0291985728562607,1.37610246,177.7067111507265,15126.0,67.75821024898974,177.60495471968954
2024-05-13 01:50:05,0.102626069,0.0291981245133049,1.37608133,177.71551957336132,15130.0,67.75821024898974,177.6132512405253
2024-05-13 01:50:09,0.102623957,0.0291976759581659,1.37606019,177.71533778898564,15134.0,67.75821024898974,177.61255745775784
2024-05-13 01:50:13,0.10262637,0.029198252671916,1.37608737,177.71635000865854,15138.0,67.75821024898974,177.6130575824222
2024-05-13 01:50:17,0.102626069,0.0291985087769552,1.37609944,177.71530578561004,15142.0,67.75821024898974,177.61150116772413
2024-05-13 01:50:22,0.102626672,0.029198252671916,1.37608737,177.7178938983135,15147.0,67.75821024898974,177.61344890492802
2024-05-13 01:50:26,0.102625767,0.0291978681960826,1.37606925,177.71898470048095,15151.0,67.75821024898974,177.6140272979166
2024-05-13 01:50:30,0.102625164,0.0291973555616381,1.37604509,177.72105065784731,15155.0,67.75821024898974,177.6155807493858
2024-05-13 01:50:34,0.102620639,0.029196778847888,1.37601791,177.7183263661494,15159.0,67.75821024898974,177.61234385504875
2024-05-13 01:50:39,0.102625465,0.0291977400374715,1.37606321,177.72084306751228,15164.0,67.75821024898974,177.61421966703358
2024-05-13 01:50:43,0.102626974,0.0291975477995548,1.37605415,177.72418680664126,15168.0,67.75821024898974,177.61705058576823
2024-05-13 01:50:47,0.102628482,0.0291970992444158,1.37603301,177.72869685804645,15172.0,67.75821024898974,177.62104771996118
2024-05-13 01:50:51,0.102632404,0.0291970351651103,1.37602999,177.73458396521426,15176.0,67.75821024898974,177.62642181307552
2024-05-13 01:50:56,0.102631499,0.029198252671916,1.37608737,177.72850714209494,15181.0,67.75821024898974,177.61970358617134
2024-05-13 01:51:00,0.102627879,0.0291960741877099,1.3759847,177.7342522347931,15185.0,67.75821024898974,177.62493544683923
2024-05-13 01:51:04,0.102632404,0.0291965868221544,1.37600886,177.73829417929903,15189.0,67.75821024898974,177.628464062399
2024-05-13 01:51:08,0.102631499,0.029196778847888,1.37601791,177.7367601691471,15193.0,67.75821024898974,177.62641662636233
2024-05-13 01:51:12,0.102630292,0.0291959460290987,1.37597866,177.73950323447536,15197.0,67.75821024898974,177.62864616884465
2024-05-13 01:51:16,0.102629085,0.0291955615532653,1.37596054,177.7402041345469,15201.0,67.75821024898974,177.6288334490864
2024-05-13 01:51:20,0.102633912,0.0291958819497932,1.37597564,177.74551353892383,15205.0,67.75821024898974,177.63362913662723
2024-05-13 01:51:25,0.10263904,0.0291956897118765,1.37596658,177.7536768510014,15210.0,67.75821024898974,177.64115016621065
2024-05-13 01:51:29,0.102637532,0.0291976759581659,1.37606019,177.74318850138297,15214.0,67.75821024898974,177.63014788141044
2024-05-13 01:51:33,0.102639945,0.0291978041167771,1.37606623,177.74624550644347,15218.0,67.75821024898974,177.63269085421055
2024-05-13 01:51:37,0.102639342,0.0291974196409437,1.37604811,177.74772962473014,15222.0,67.75821024898974,177.63366084313628
2024-05-13 01:51:41,0.102639643,0.0291969710858047,1.37602697,177.75067719523238,15226.0,67.75821024898974,177.63609418715498
2024-05-13 01:51:46,0.102642057,0.0291976759581659,1.37606019,177.75123728375502,15231.0,67.75821024898974,177.63601135596127
2024-05-13 01:51:50,0.102641755,0.0291971633237214,1.37603603,177.75369561781835,15235.0,67.75821024898974,177.63795524493554
2024-05-13 01:51:54,0.102640548,0.0291970992444158,1.37603301,177.75293801222887,15239.0,67.75821024898974,177.63668309706378
2024-05-13 01:51:58,0.102642057,0.0291969070064991,1.37602395,177.75628378049495,15243.0,67.75821024898974,177.6395142258329
2024-05-13 01:52:02,0.10264628,0.0291978681960826,1.37606925,177.75789206700426,15247.0,67.75821024898974,177.64060777560906
2024-05-13 01:52:07,0.10264809,0.0291979963546938,1.37607529,177.76029717873652,15252.0,67.75821024898974,177.642369329654
2024-05-13 01:52:11,0.102643263,0.0291987650941774,1.37611152,177.75105571501072,15256.0,67.75821024898974,177.63261291033584
2024-05-13 01:52:15,0.102647487,0.0291976118788604,1.37605717,177.76229729721237,15260.0,67.75821024898974,177.64333943964002
2024-05-13 01:52:19,0.102644168,0.0291970992444158,1.37603301,177.76084697715476,15264.0,67.75821024898974,177.64137396935877
2024-05-13 01:52:24,0.102646582,0.0291974837202492,1.37605113,177.7628676517604,15269.0,67.75821024898974,177.64275056928815
2024-05-13 01:52:28,0.102649297,0.0291969710858047,1.37602697,177.76923655048972,15273.0,67.75821024898974,177.64860409873376
2024-05-13 01:52:32,0.102648995,0.0291974196409437,1.37604811,177.76731718515396,15277.0,67.75821024898974,177.6461692667205
2024-05-13 01:52:36,0.102647788,0.0291974196409437,1.37604811,177.76626871037024,15281.0,67.75821024898974,177.6446052278449
2024-05-13 01:52:40,0.10264809,0.0291962664256266,1.37599376,177.7724295160929,15285.0,67.75821024898974,177.6502503720408
2024-05-13 01:52:44,0.102647185,0.0291960741877099,1.3759847,177.77264834990214,15289.0,67.75821024898974,177.64995344686804
2024-05-13 01:52:48,0.102650503,0.0291970351651103,1.37602999,177.773085689694,15293.0,67.75821024898974,177.64987493020232
2024-05-13 01:52:53,0.102654425,0.0291981885926105,1.37608435,177.77355804618057,15298.0,67.75821024898974,177.64970232901106
2024-05-13 01:52:57,0.102649598,0.0291960101084043,1.37598168,177.77774414684686,15302.0,67.75821024898974,177.65337235382592
2024-05-13 01:53:01,0.102644772,0.0291955615532653,1.37596054,177.77405003134297,15306.0,67.75821024898974,177.64916206492967
2024-05-13 01:53:05,0.102649297,0.0291965227428488,1.37600584,177.77605093603552,15310.0,67.75821024898974,177.65064669866905
2024-05-13 01:53:10,0.102646582,0.0291952411567375,1.37594544,177.77901714556964,15315.0,67.75821024898974,177.65296743228657
2024-05-13 01:53:14,0.102649598,0.0291963305049321,1.37599678,177.77847879678765,15319.0,67.75821024898974,177.65191259296722
2024-05-13 01:53:18,0.102648392,0.0291953052360431,1.37594846,177.78210386294433,15323.0,67.75821024898974,177.65502107096168
2024-05-13 01:53:22,0.102653821,0.0291953052360431,1.37594846,177.7896560534714,15327.0,67.75821024898974,177.6620565756822
2024-05-13 01:53:26,0.102650202,0.0291961382670154,1.37598772,177.78168741524235,15331.0,67.75821024898974,177.6535711539828
2024-05-13 01:53:31,0.102651107,0.0291956897118765,1.37596658,177.78555002972155,15336.0,67.75821024898974,177.656787651755
2024-05-13 01:53:35,0.102650202,0.0291955615532653,1.37596054,177.78547817791113,15340.0,67.75821024898974,177.65619879666033
2024-05-13 01:53:39,0.102656235,0.029196202346321,1.37599074,177.79089367752246,15344.0,67.75821024898974,177.66109719526125
2024-05-13 01:53:43,0.102655933,0.0291960101084043,1.37598168,177.79189543737792,15348.0,67.75821024898974,177.6615817563611
2024-05-13 01:53:47,0.102655028,0.029196202346321,1.37599074,177.79036405541535,15352.0,67.75821024898974,177.65953307787888
2024-05-13 01:53:51,0.102662268,0.029196202346321,1.37599074,177.80026356226833,15356.0,67.75821024898974,177.66891519042932
2024-05-13 01:53:55,0.102654425,0.0291960741877099,1.3759847,177.7912014641494,15360.0,67.75821024898974,177.65933560020625
2024-05-13 01:54:00,0.102661061,0.0291976118788604,1.37605717,177.79344156563832,15365.0,67.75821024898974,177.66092869900308
2024-05-13 01:54:04,0.102659553,0.0291970351651103,1.37602999,177.79463281416787,15369.0,67.75821024898974,177.66160223530693
2024-05-13 01:54:08,0.102663173,0.029197227403027,1.37603905,177.79896563204022,15373.0,67.75821024898974,177.66541724309178
2024-05-13 01:54:12,0.102664078,0.0291968429271936,1.37602093,177.80240811924497,15377.0,67.75821024898974,177.6683418223289
2024-05-13 01:54:16,0.102660156,0.0291956897118765,1.37596658,177.8030985052509,15381.0,67.75821024898974,177.6685142024689
2024-05-13 01:54:21,0.102666189,0.029196202346321,1.37599074,177.80922825195773,15386.0,67.75821024898974,177.6739963041462
2024-05-13 01:54:25,0.10265714,0.0291959460290987,1.37597866,177.79918803552445,15390.0,67.75821024898974,177.66343786150958
2024-05-13 01:54:29,0.102656838,0.0291951129981264,1.3759394,177.8031108154793,15394.0,67.75821024898974,177.6668423173042
2024-05-13 01:54:33,0.102662268,0.0291949848395152,1.37593336,177.8112501058578,15398.0,67.75821024898974,177.6744631855477
2024-05-13 01:54:37,0.102663173,0.0291970351651103,1.37602999,177.80359859821164,15402.0,67.75821024898974,177.66629315777402
2024-05-13 01:54:41,0.102664681,0.0291970351651103,1.37602999,177.80607133543222,15406.0,67.75821024898974,177.668247276857
2024-05-13 01:54:46,0.102669206,0.0291963945842377,1.3759998,177.8155024026373,15411.0,67.75821024898974,177.6770299335366
2024-05-13 01:54:50,0.102661665,0.029195753791182,1.3759696,177.809169019861,15415.0,67.75821024898974,177.6701777120358
2024-05-13 01:54:54,0.10266438,0.0291949207602097,1.37593034,177.8170024443189,15419.0,67.75821024898974,177.67749219970244
2024-05-13 01:54:58,0.102660156,0.0291940238621149,1.37588807,177.81613473538638,15423.0,67.75821024898974,177.67610545589451
2024-05-13 01:55:02,0.102661665,0.0291942801793371,1.37590015,177.8174413775156,15427.0,67.75821024898974,177.67689296504705
2024-05-13 01:55:06,0.102661061,0.0291947287344761,1.37592129,177.81513372377148,15431.0,67.75821024898974,177.674066080208
2024-05-13 01:55:11,0.10265714,0.0291933189897536,1.37585485,177.81712589473258,15436.0,67.75821024898974,177.67540907429566
2024-05-13 01:55:15,0.102659251,0.0291947287344761,1.37592129,177.81395670603928,15440.0,67.75821024898974,177.67172043367924
2024-05-13 01:55:19,0.102666189,0.0291946646551705,1.37591827,177.823759498021,15444.0,67.75821024898974,177.68100367556465
2024-05-13 01:55:23,0.102667094,0.0291952411567375,1.37594544,177.82282470254498,15448.0,67.75821024898974,177.67954923180253
2024-05-13 01:55:28,0.102671619,0.0291965868221544,1.37600886,177.82320599586347,15453.0,67.75821024898974,177.67928082665858
2024-05-13 01:55:32,0.102663173,0.0291951770774319,1.37594242,177.81920499928768,15457.0,67.75821024898974,177.67475996080896
2024-05-13 01:55:36,0.102668904,0.0291965227428488,1.37600584,177.8210195861694,15461.0,67.75821024898974,177.67605458017346
2024-05-13 01:55:40,0.102663173,0.0291951770774319,1.37594242,177.82024503258188,15465.0,67.75821024898974,177.67475996080896
2024-05-13 01:55:44,0.102665285,0.0291953052360431,1.37594846,177.82291814345058,15469.0,67.75821024898974,177.67691290762477
2024-05-13 01:55:49,0.102669809,0.0291964586635433,1.37600282,177.82417491373582,15474.0,67.75821024898974,177.6775193346188
2024-05-13 01:55:53,0.102665586,0.0291947928137817,1.37592431,177.8268141350391,15478.0,67.75821024898974,177.6796381706896
2024-05-13 01:55:57,0.10266438,0.0291958819497932,1.37597564,177.82080850367868,15482.0,67.75821024898974,177.67311205576868
2024-05-13 01:56:01,0.102663776,0.0291947928137817,1.37592431,177.82550955912353,15486.0,67.75821024898974,177.67729252930923
2024-05-13 01:56:05,0.102667396,0.0291953052360431,1.37594846,177.82838628734092,15490.0,67.75821024898974,177.6796485772628
2024-05-13 01:56:10,0.102668301,0.0291956256325709,1.37596356,177.82874997878704,15495.0,67.75821024898974,177.67936128003726
2024-05-13 01:56:14,0.102665285,0.0291951129981264,1.3759394,177.82769855604985,15499.0,67.75821024898974,177.67778895567028
2024-05-13 01:56:18,0.10266438,0.0291952411567375,1.37594544,177.8264627200979,15503.0,67.75821024898974,177.67603211967858
2024-05-13 01:56:22,0.10266257,0.0291956256325709,1.37596356,177.82288619036567,15507.0,67.75821024898974,177.67193449148112
2024-05-13 01:56:26,0.102662871,0.0291952411567375,1.37594544,177.82554948039345,15511.0,67.75821024898974,177.67407658460303
2024-05-13 01:56:30,0.102656536,0.0291948566809041,1.37592732,177.81961312300493,15515.0,67.75821024898974,177.66761893185284
2024-05-13 01:56:34,0.102658045,0.0291956897118765,1.37596658,177.81829415384135,15519.0,67.75821024898974,177.6657785688567
2024-05-13 01:56:39,0.102657743,0.0291970992444158,1.37603301,177.81213228244678,15524.0,67.75821024898974,177.65896481667386
2024-05-13 01:56:43,0.10265171,0.0291954333946542,1.3759545,177.81242603886605,15528.0,67.75821024898974,177.65873695764634
2024-05-13 01:56:47,0.102654123,0.0291958178704876,1.37597262,177.81432291846957,15532.0,67.75821024898974,177.66011212328377
2024-05-13 01:56:51,0.102650805,0.0291955615532653,1.37596054,177.8117128322522,15536.0,67.75821024898974,177.6569802245662
2024-05-13 01:56:56,0.102651408,0.0291949207602097,1.37593034,177.81606642340208,15541.0,67.75821024898974,177.66068141150524
2024-05-13 01:57:00,0.102645978,0.0291955615532653,1.37596054,177.80663195977007,15545.0,67.75821024898974,177.65072491361818
2024-05-13 01:57:04,0.10264628,0.0291951129981264,1.3759394,177.80958917027493,15549.0,67.75821024898974,177.6531599912868
2024-05-13 01:57:08,0.102649598,0.0291951770774319,1.37594242,177.8141192924243,15553.0,67.75821024898974,177.6571678820044
2024-05-13 01:57:12,0.102645375,0.029196202346321,1.37599074,177.80449779219546,15557.0,67.75821024898974,177.64702405173398
2024-05-13 01:57:16,0.102654726,0.0291962664256266,1.37599376,177.81684592821736,15561.0,67.75821024898974,177.65884975909032
2024-05-13 01:57:20,0.102657743,0.0291959460290987,1.37597866,177.82273797555564,15565.0,67.75821024898974,177.664219279125
2024-05-13 01:57:25,0.102661363,0.0291954974739598,1.37595752,177.8301263331128,15570.0,67.75821024898974,177.6709543388216
2024-05-13 01:57:29,0.102665586,0.0291944724172538,1.37590921,177.84079305629223,15574.0,67.75821024898974,177.68109831271087
2024-05-13 01:57:33,0.102667396,0.0291944724172538,1.37590921,177.8436615713883,15578.0,67.75821024898974,177.6834439798336
2024-05-13 01:57:37,0.102667698,0.0291949848395152,1.37593336,177.84224060162924,15582.0,67.75821024898974,177.68150006340434
2024-05-13 01:57:41,0.102667094,0.0291936393862815,1.37586995,177.84811276194912,15586.0,67.75821024898974,177.68684917834352
2024-05-13 01:57:46,0.102669809,0.0291949848395152,1.37593336,177.8461532922284,15591.0,67.75821024898974,177.68423576306463
2024-05-13 01:57:50,0.102670413,0.0291946646551705,1.37591827,177.848918523464,15595.0,67.75821024898974,177.6864777267716
2024-05-13 01:57:54,0.102675541,0.0291948566809041,1.37592732,177.85521227544237,15599.0,67.75821024898974,177.69224811246715
2024-05-13 01:57:58,0.102671921,0.0291944724172538,1.37590921,177.85279577566584,15603.0,67.75821024898974,177.68930814764042
2024-05-13 01:58:02,0.102675239,0.0291942161000316,1.37589713,177.8587875437637,15607.0,67.75821024898974,177.6947763519075
2024-05-13 01:58:07,0.102680066,0.0291948566809041,1.37592732,177.86277798866436,15612.0,67.75821024898974,177.69811220308964
2024-05-13 01:58:11,0.102676748,0.0291947928137817,1.37592431,177.85929296288933,15616.0,67.75821024898974,177.69410339117985
2024-05-13 01:58:15,0.102677954,0.0291943442586427,1.37590317,177.86342419887748,15620.0,67.75821024898974,177.69771074221055
2024-05-13 01:58:19,0.102682781,0.0291948566809041,1.37592732,177.86786811178908,15624.0,67.75821024898974,177.70163067132913
2024-05-13 01:58:23,0.102683082,0.029194600575865,1.37591525,177.8699496209536,15628.0,67.75821024898974,177.7031880978523
2024-05-13 01:58:28,0.102685797,0.029194152020726,1.37589411,177.87616803298152,15633.0,67.75821024898974,177.70875126755394
2024-05-13 01:58:32,0.102683686,0.0291949207602097,1.37593034,177.87045249270182,15637.0,67.75821024898974,177.70251142217825
2024-05-13 01:58:36,0.102681876,0.0291949207602097,1.37593034,177.8686312456405,15641.0,67.75821024898974,177.70016577113194
2024-05-13 01:58:40,0.102683686,0.0291935112276703,1.37586391,177.87792642799087,15645.0,67.75821024898974,177.70893645059596
2024-05-13 01:58:44,0.102684591,0.02919255025027,1.37581862,177.88400469970196,15649.0,67.75821024898974,177.71449012050704
2024-05-13 01:58:48,0.102686099,0.0291929347261034,1.37583674,177.88473107397846,15653.0,67.75821024898974,177.71469179405773
2024-05-13 01:58:53,0.102688814,0.0291939597828093,1.37588505,177.88423284135874,15658.0,67.75821024898974,177.7135375463978
2024-05-13 01:58:57,0.102690322,0.0291929988054089,1.37583976,177.891093003899,15662.0,67.75821024898974,177.71987278558498
2024-05-13 01:59:01,0.102688512,0.0291928706467978,1.37583372,177.88985648089871,15666.0,67.75821024898974,177.71811124026675
2024-05-13 01:59:05,0.102687004,0.0291919735365198,1.37579144,177.89251709240185,15670.0,67.75821024898974,177.72024673047534
2024-05-13 01:59:10,0.102693942,0.0291935753069759,1.37586693,177.89486302036315,15675.0,67.75821024898974,177.7219361176145
2024-05-13 01:59:14,0.102690624,0.0291933830690592,1.37585787,177.8919646135242,15679.0,67.75821024898974,177.71851236674064
2024-05-13 01:59:18,0.102690926,0.0291927424881867,1.37582768,177.89580182750615,15683.0,67.75821024898974,177.72182413767302
2024-05-13 01:59:22,0.10269545,0.0291946646551705,1.37591827,177.8934275732139,15687.0,67.75821024898974,177.71892434130524
2024-05-13 01:59:26,0.102696959,0.0291938316241982,1.37587901,177.899706466331,15691.0,67.75821024898974,177.72467759330942
2024-05-13 01:59:30,0.102695149,0.0291936393862815,1.37586995,177.89876286673433,15695.0,67.75821024898974,177.72320825355104
2024-05-13 01:59:35,0.102691529,0.0291931267518369,1.37584579,177.89706571074123,15700.0,67.75821024898974,177.7208537830515
2024-05-13 01:59:39,0.102696959,0.0291944083379483,1.37590619,177.8987863105816,15704.0,67.75821024898974,177.72204841982966
2024-05-13 01:59:43,0.102698467,0.0291929988054089,1.37583976,177.90769286312135,15708.0,67.75821024898974,177.73042891022226
2024-05-13 01:59:47,0.102698467,0.029193703465587,1.37587297,177.90500634104475,15712.0,67.75821024898974,177.72721622690258
2024-05-13 01:59:51,0.102701484,0.0291942161000316,1.37589713,177.9071054430978,15716.0,67.75821024898974,177.72878906860595
2024-05-13 01:59:55,0.102701182,0.0291931267518369,1.37584579,177.9122069927047,15720.0,67.75821024898974,177.73336425874555
2024-05-13 01:59:59,0.102702389,0.0291942801793371,1.37590015,177.90903897172453,15724.0,67.75821024898974,177.7296697791698
2024-05-13 02:00:04,0.102702087,0.0291937675448926,1.37587599,177.9116429771549,15729.0,67.75821024898974,177.73161557194052
2024-05-13 02:00:08,0.10270269,0.0291946646551705,1.37591827,177.90886111468498,15733.0,67.75821024898974,177.7283070277977
2024-05-13 02:00:12,0.102705707,0.0291943442586427,1.37590317,177.9147585180895,15737.0,67.75821024898974,177.73367765036693
2024-05-13 02:00:16,0.102707517,0.0291949848395152,1.37593336,177.91471056764064,15741.0,67.75821024898974,177.73310281990982
2024-05-13 02:00:21,0.102708723,0.0291944724172538,1.37590921,177.91926845306074,15746.0,67.75821024898974,177.73700196584215
2024-05-13 02:00:25,0.10270631,0.0291949207602097,1.37593034,177.91462435472044,15750.0,67.75821024898974,177.73183076431727
2024-05-13 02:00:29,0.102707818,0.029193703465587,1.37587297,177.9226558581092,15754.0,67.75821024898974,177.73933506531543
2024-05-13 02:00:33,0.102707818,0.0291949848395152,1.37593336,177.9173409913352,15758.0,67.75821024898974,177.73349289693482
2024-05-13 02:00:37,0.102711438,0.0291942801793371,1.37590015,177.92577249100736,15762.0,67.75821024898974,177.74139699577444
2024-05-13 02:00:41,0.102711137,0.0291951770774319,1.37594242,177.92182065255656,15766.0,67.75821024898974,177.73691765725525
2024-05-13 02:00:46,0.102712947,0.0291942161000316,1.37589713,177.92920729510146,15771.0,67.75821024898974,177.7436447851494
2024-05-13 02:00:50,0.10271536,0.0291960741877099,1.3759847,177.92439046001869,15775.0,67.75821024898974,177.73830022668207
2024-05-13 02:00:54,0.10271717,0.0291953052360431,1.37594846,177.93076971856883,15779.0,67.75821024898974,177.74415166258038
2024-05-13 02:00:58,0.102713248,0.0291947287344761,1.37592129,177.92884349302048,15783.0,67.75821024898974,177.74169751510334
2024-05-13 02:01:02,0.102711438,0.0291940238621149,1.37588807,177.93023967863488,15787.0,67.75821024898974,177.7425656795028
2024-05-13 02:01:06,0.102714153,0.0291947928137817,1.37592431,177.93078030151267,15791.0,67.75821024898974,177.7425781818701
2024-05-13 02:01:11,0.102716265,0.0291944724172538,1.37590921,177.93563850387778,15796.0,67.75821024898974,177.74677609394848
2024-05-13 02:01:15,0.102712042,0.0291944083379483,1.37590619,177.93098617687536,15800.0,67.75821024898974,177.74159542298656
2024-05-13 02:01:19,0.10271355,0.0291937675448926,1.37587599,177.93639071391217,15804.0,67.75821024898974,177.74647151673847
2024-05-13 02:01:23,0.102715058,0.0291950489188208,1.37593638,177.93303105640072,15808.0,67.75821024898974,177.74258331660758
2024-05-13 02:01:27,0.102714757,0.0291942161000316,1.37589713,177.93696687456867,15812.0,67.75821024898974,177.74599049281267
2024-05-13 02:01:32,0.102716265,0.0291943442586427,1.37590317,177.93899777693792,15817.0,67.75821024898974,177.74736045301316
2024-05-13 02:01:36,0.102715662,0.0291940238621149,1.37588807,177.94020608685366,15821.0,67.75821024898974,177.74803989741102
2024-05-13 02:01:40,0.102719885,0.0291960101084043,1.37598168,177.9371514340892,15825.0,67.75821024898974,177.74445627975672
2024-05-13 02:01:44,0.102723203,0.0291947287344761,1.37592129,177.9478229384318,15829.0,67.75821024898974,177.7545987198289
2024-05-13 02:01:48,0.10271898,0.0291952411567375,1.37594544,177.94054283494344,15833.0,67.75821024898974,177.746789452681
2024-05-13 02:01:52,0.102724108,0.0291944083379483,1.37590619,177.95151521396437,15837.0,67.75821024898974,177.7572325686449
2024-05-13 02:01:56,0.102718377,0.0291947928137817,1.37592431,177.94286426337717,15841.0,67.75821024898974,177.74805225559476
2024-05-13 02:02:01,0.102717472,0.0291951129981264,1.3759394,177.94089338272357,15846.0,67.75821024898974,177.74541953206028
2024-05-13 02:02:05,0.102721393,0.0291940879414204,1.37589109,177.9511784362668,15850.0,67.75821024898974,177.755174999447
2024-05-13 02:02:09,0.102718678,0.0291940879414204,1.37589109,177.94818951498684,15854.0,67.75821024898974,177.75165639257798
2024-05-13 02:02:13,0.102718075,0.0291938316241982,1.37587901,177.94910660395476,15858.0,67.75821024898974,177.7520436965162
2024-05-13 02:02:18,0.102718377,0.0291948566809041,1.37592732,177.94548632444008,15863.0,67.75821024898974,177.74776104586385
2024-05-13 02:02:22,0.10272079,0.029194600575865,1.37591525,177.950311236807,15867.0,67.75821024898974,177.75205594943063
2024-05-13 02:02:26,0.102720187,0.0291942801793371,1.37590015,177.95152084081658,15871.0,67.75821024898974,177.75273544517387
2024-05-13 02:02:30,0.10272441,0.0291943442586427,1.37590317,177.95723176187516,15875.0,67.75821024898974,177.7579161584921
2024-05-13 02:02:34,0.102721695,0.0291954333946542,1.3759545,177.94927727208986,15879.0,67.75821024898974,177.74943136148488
2024-05-13 02:02:39,0.102724711,0.0291946646551705,1.37591827,177.95735416134124,15884.0,67.75821024898974,177.75684522680135
2024-05-13 02:02:43,0.1027226,0.0291946646551705,1.37591827,177.95514891622855,15888.0,67.75821024898974,177.7541094506056
2024-05-13 02:02:47,0.102728331,0.029194600575865,1.37591525,177.96339891801307,15892.0,67.75821024898974,177.7618288218012
2024-05-13 02:02:51,0.10272079,0.0291944724172538,1.37590921,177.95474116039216,15896.0,67.75821024898974,177.75264033407817
2024-05-13 02:02:56,0.102725013,0.0291944724172538,1.37590921,177.96087759736233,15901.0,67.75821024898974,177.7581132184692
2024-05-13 02:03:00,0.102725616,0.029194600575865,1.37591525,177.96160560964248,15905.0,67.75821024898974,177.75831027671617
2024-05-13 02:03:04,0.102725918,0.0291940879414204,1.37589109,177.9648657307246,15909.0,67.75821024898974,177.76103934422872
2024-05-13 02:03:08,0.102728935,0.0291945364965594,1.37591223,177.9672613391457,15913.0,67.75821024898974,177.76290379953673
2024-05-13 02:03:12,0.102726521,0.0291955615532653,1.37596054,177.95998991901766,15917.0,67.75821024898974,177.75510112674527
2024-05-13 02:03:16,0.102728331,0.0291953052360431,1.37594846,177.96403567403559,15921.0,67.75821024898974,177.7586155295426
2024-05-13 02:03:21,0.102725315,0.0291935753069759,1.37586693,177.96868009281485,15926.0,67.75821024898974,177.76259561803352
2024-05-13 02:03:25,0.102724108,0.0291934471483648,1.37586089,177.96823182889733,15930.0,67.75821024898974,177.76161577786712
2024-05-13 02:03:29,0.102724711,0.0291939597828093,1.37588505,177.9672072412941,15934.0,67.75821024898974,177.76005951443608
2024-05-13 02:03:33,0.10272803,0.029194152020726,1.37589411,177.97116375147107,15938.0,67.75821024898974,177.76348424919982
2024-05-13 02:03:37,0.102729236,0.0291947287344761,1.37592129,177.9706286198729,15942.0,67.75821024898974,177.7624172425966
2024-05-13 02:03:42,0.102727426,0.029195753791182,1.3759696,177.9642737313235,15947.0,67.75821024898974,177.7553973702301
2024-05-13 02:03:46,0.10272622,0.0291940238621149,1.37588807,177.9711314101371,15951.0,67.75821024898974,177.76172294993376
2024-05-13 02:03:50,0.102730745,0.0291944724172538,1.37590921,177.97548238161676,15955.0,67.75821024898974,177.76554172269113
2024-05-13 02:03:54,0.102734063,0.0291956897118765,1.37596658,177.97476351407565,15959.0,67.75821024898974,177.76429055680933
2024-05-13 02:03:58,0.102731348,0.0291953052360431,1.37594846,177.97353071693107,15963.0,67.75821024898974,177.76252536169957
2024-05-13 02:04:03,0.102735269,0.0291954974739598,1.37595752,177.97840106218175,15968.0,67.75821024898974,177.7667300693877
2024-05-13 02:04:07,0.102731348,0.0291948566809041,1.37592732,177.97677445683513,15972.0,67.75821024898974,177.76457084189906
2024-05-13 02:04:11,0.10273165,0.0291944724172538,1.37590921,177.97945091292323,15976.0,67.75821024898974,177.76671457620142
2024-05-13 02:04:15,0.102727728,0.0291951129981264,1.3759394,177.97197983542628,15980.0,67.75821024898974,177.7587106772694
2024-05-13 02:04:20,0.102730443,0.0291943442586427,1.37590317,177.97967010931745,15985.0,67.75821024898974,177.76573478422608
2024-05-13 02:04:24,0.102730745,0.0291938316241982,1.37587901,177.98293237682964,15989.0,67.75821024898974,177.76846400607138
2024-05-13 02:04:28,0.102731951,0.0291954974739598,1.37595752,177.97743170557416,15993.0,67.75821024898974,177.76243018948145
2024-05-13 02:04:32,0.10273346,0.0291933830690592,1.37585787,177.98956313369462,15997.0,67.75821024898974,177.77402837259444
2024-05-13 02:04:36,0.102734666,0.0291929347261034,1.37583674,177.99370432528315,16001.0,67.75821024898974,177.77763621949717
2024-05-13 02:04:41,0.102732253,0.0291935753069759,1.37586693,177.98832226608388,16006.0,67.75821024898974,177.7715873392599
2024-05-13 02:04:45,0.102728331,0.0291930628847145,1.37584278,177.98610981916542,16010.0,67.75821024898974,177.76884132336016
2024-05-13 02:04:49,0.102729236,0.029193703465587,1.37587297,177.98489497128247,16014.0,67.75821024898974,177.76709280680058
2024-05-13 02:04:53,0.102732555,0.0291933189897536,1.37585485,177.9914836577013,16018.0,67.75821024898974,177.7731477248425
2024-05-13 02:04:57,0.10273346,0.0291935112276703,1.37586391,177.9923136731889,16022.0,67.75821024898974,177.77344387224787
2024-05-13 02:05:02,0.102733761,0.0291929988054089,1.37583976,177.9957083198227,16027.0,67.75821024898974,177.77617104356085
2024-05-13 02:05:06,0.10273346,0.0291927424881867,1.37582768,177.99702135224368,16031.0,67.75821024898974,177.7769499835448
2024-05-13 02:05:10,0.102734666,0.0291935112276703,1.37586391,177.99561242526414,16035.0,67.75821024898974,177.7750068644072
2024-05-13 02:05:15,0.102734365,0.029194600575865,1.37591525,177.99092211614993,16040.0,67.75821024898974,177.76964867485572
2024-05-13 02:05:19,0.102738286,0.0291944083379483,1.37590619,177.99741473982036,16044.0,67.75821024898974,177.77560688197894
2024-05-13 02:05:23,0.102730745,0.0291938316241982,1.37587901,177.99080638019598,16048.0,67.75821024898974,177.76846400607138
2024-05-13 02:05:27,0.102738588,0.0291949207602097,1.37593034,177.99653830073316,16052.0,67.75821024898974,177.773661310585
2024-05-13 02:05:31,0.102737683,0.029194152020726,1.37589411,177.99940609786225,16056.0,67.75821024898974,177.7759943919458
2024-05-13 02:05:35,0.102737984,0.0291938957035037,1.37588203,178.00150001083412,16060.0,67.75821024898974,177.77755348940036
2024-05-13 02:05:39,0.102737683,0.0291945364965594,1.37591223,177.9987223632995,16064.0,67.75821024898974,177.77424092659513
2024-05-13 02:05:44,0.102731951,0.0291934471483648,1.37586089,177.99693065434474,16069.0,67.75821024898974,177.77178043326768
2024-05-13 02:05:48,0.102734968,0.0291946646551705,1.37591827,177.99582327185357,16073.0,67.75821024898974,177.77013791104588
2024-05-13 02:05:52,0.102739493,0.029194600575865,1.37591525,178.00251498388832,16077.0,67.75821024898974,177.7762943835835
2024-05-13 02:05:57,0.102735873,0.0291942161000316,1.37589713,178.00024620687722,16082.0,67.75821024898974,177.77335641689822
2024-05-13 02:06:01,0.102736778,0.0291933830690592,1.37585787,178.00575381789562,16086.0,67.75821024898974,177.77832856393042
2024-05-13 02:06:05,0.102740096,0.0291942801793371,1.37590015,178.0064979140567,16090.0,67.75821024898974,177.7785370963262
2024-05-13 02:06:09,0.102735571,0.0291929988054089,1.37583976,178.00701335026716,16094.0,67.75821024898974,177.77851686898862
2024-05-13 02:06:13,0.102743113,0.0291942161000316,1.37589713,178.01177157197202,16098.0,67.75821024898974,177.78273932735902
2024-05-13 02:06:17,0.102737984,0.0291953052360431,1.37594846,178.00069328587506,16102.0,67.75821024898974,177.7711251781376
2024-05-13 02:06:22,0.102738889,0.0291949848395152,1.37593336,178.00399723328957,16107.0,67.75821024898974,177.77375915631154
2024-05-13 02:06:26,0.102738588,0.0291938957035037,1.37588203,178.00911043582695,16111.0,67.75821024898974,177.7783362711843
2024-05-13 02:06:30,0.102738588,0.0291949207602097,1.37593034,178.0049716626934,16115.0,67.75821024898974,177.773661310585
2024-05-13 02:06:34,0.102743113,0.0291954974739598,1.37595752,178.00874194625402,16119.0,67.75821024898974,177.77689530687553
2024-05-13 02:06:39,0.102742811,0.0291951770774319,1.37594242,178.010482270934,16124.0,67.75821024898974,177.77796513211308
2024-05-13 02:06:43,0.102737683,0.0291935112276703,1.37586391,178.01197058749483,16128.0,67.75821024898974,177.77891693683236
2024-05-13 02:06:47,0.102735571,0.0291940879414204,1.37589109,178.0071397767523,16132.0,67.75821024898974,177.7735495144337
2024-05-13 02:06:51,0.102735873,0.0291928065674922,1.3758307,178.01391204951517,16136.0,67.75821024898974,177.7797850757229
2024-05-13 02:06:55,0.102734365,0.0291931267518369,1.37584579,178.01103408134304,16140.0,67.75821024898974,177.77637029625663
2024-05-13 02:07:00,0.102735269,0.0291928706467978,1.37583372,178.0140449368116,16145.0,67.75821024898974,177.77870999723075
2024-05-13 02:07:04,0.102736476,0.0291940879414204,1.37589109,178.01059435887132,16149.0,67.75821024898974,177.77472238339004
2024-05-13 02:07:08,0.102739794,0.0291936393862815,1.37586995,178.01747740107743,16153.0,67.75821024898974,177.7810682898663
2024-05-13 02:07:12,0.102737683,0.029193703465587,1.37587297,178.01498650666815,16157.0,67.75821024898974,177.77804015989508
2024-05-13 02:07:16,0.102734968,0.0291933830690592,1.37585787,178.01346645154973,16161.0,67.75821024898974,177.77598276938005
2024-05-13 02:07:20,0.102736778,0.0291949848395152,1.37593336,178.00904452752263,16165.0,67.75821024898974,177.77102341011928
2024-05-13 02:07:25,0.102732555,0.029194152020726,1.37589411,178.00804163295487,16170.0,67.75821024898974,177.76934858110965
2024-05-13 02:07:29,0.102735571,0.0291935753069759,1.37586693,178.0151182140006,16174.0,67.75821024898974,177.77588750227935
2024-05-13 02:07:33,0.102732253,0.0291942161000316,1.37589713,178.00843343310984,16178.0,67.75821024898974,177.76866496166778
2024-05-13 02:07:37,0.102731951,0.0291940879414204,1.37589109,178.00916436961822,16182.0,67.75821024898974,177.76885803860836
2024-05-13 02:07:41,0.102719885,0.0291939597828093,1.37588505,177.99464934029785,16186.0,67.75821024898974,177.75380504987112
