time,voltage,current,shunt_voltage,temperature,temperature old
2024-03-11 15:24:00,0.142982661,0.0240509965180748,1.13350182,270.38764802989976,270.38764802989976
2024-03-11 15:24:04,0.143229419,0.0240463688039873,1.13328372,270.82617502355436,270.8274428544805
2024-03-11 15:24:08,0.143430927,0.0240433795680375,1.13314284,271.17665380053256,271.1791894027891
2024-03-11 15:24:13,0.143714185,0.0240407234596035,1.13301766,271.65488573170177,271.6590059649255
2024-03-11 15:24:17,0.143831531,0.0240347579308749,1.13273651,271.8991517815683,271.9045396534977
2024-03-11 15:24:21,0.143934095,0.0240325304323655,1.13263153,272.0838875804557,272.090543032797
2024-03-11 15:24:25,0.144026704,0.0240305399424134,1.13253772,272.25040591883163,272.2583288936911
2024-03-11 15:24:29,0.144102722,0.0240285428747843,1.1324436,272.39038727801034,272.39957771789386
2024-03-11 15:24:34,0.144180249,0.0240272177911311,1.13238115,272.52602858178517,272.5368032727058
2024-03-11 15:24:38,0.144318409,0.0240259760954484,1.13232263,272.7585573999311,272.77059942797325
2024-03-11 15:24:42,0.144369691,0.0240246832636311,1.1322617,272.8521070428446,272.8654163518101
2024-03-11 15:24:47,0.144421576,0.0240233711231489,1.13219986,272.94650696781724,272.9614002995152
2024-03-11 15:24:51,0.144473462,0.0240220973878134,1.13213983,273.0408669920124,273.05702747964347
2024-03-11 15:24:55,0.144519917,0.0240209579643999,1.13208613,273.12521844773033,273.142646036389
2024-03-11 15:24:59,0.144610717,0.0240200426063727,1.13204299,273.2786423406386,273.29733697581645
2024-03-11 15:25:03,0.144649028,0.024018922491624,1.1319902,273.3497484006063,273.36971002819126
2024-03-11 15:25:08,0.144681908,0.0240169574636477,1.13189759,273.4199976721215,273.44154296472425
2024-03-11 15:25:12,0.144714789,0.02401585029207,1.13184541,273.4822729799968,273.50508514470306
2024-03-11 15:25:16,0.144750687,0.0240145829222285,1.13178568,273.5509540775653,273.5750330615496
2024-03-11 15:25:20,0.144795936,0.0240159205246864,1.13184872,273.6094325860001,273.634778336832
2024-03-11 15:25:24,0.144855966,0.0240147685824681,1.13179443,273.7157782759371,273.74239074158106
2024-03-11 15:25:29,0.144889752,0.0240139557088932,1.13175612,273.7763621161227,273.8045579027074
2024-03-11 15:25:33,0.144921728,0.0240126051632643,1.13169247,273.8395737247422,273.86903611050013
2024-03-11 15:25:37,0.144946162,0.0240128610561203,1.13170453,273.87508961719493,273.90581855137106
2024-03-11 15:25:41,0.144973915,0.0240119266016113,1.13166049,273.9274875216816,273.95948295391383
2024-03-11 15:25:45,0.144992618,0.0240098015875541,1.13156034,273.97690051021186,274.01016239053126
2024-03-11 15:25:49,0.145046011,0.0240090909862484,1.13152685,274.0683478952345,274.1028761740644
2024-03-11 15:25:54,0.145075574,0.0240080606249641,1.13147829,274.12428876364294,274.1603999714916
2024-03-11 15:25:58,0.145100913,0.0240079197353652,1.13147165,274.16512052914214,274.2024980253877
2024-03-11 15:26:02,0.145123236,0.0240077404406194,1.1314632,274.2014784957624,274.2401222321016
2024-03-11 15:26:06,0.145147067,0.0240076318028564,1.13145808,274.2395747444173,274.27948467293817
2024-03-11 15:26:11,0.145197143,0.0240068443912572,1.13142097,274.3261425667267,274.3676351686932
2024-03-11 15:26:15,0.145210114,0.0240069148360567,1.13142429,274.34504280367815,274.3878014914521
2024-03-11 15:26:19,0.145236358,0.0240054938456282,1.13135732,274.39978538256673,274.4438101095042
2024-03-11 15:26:23,0.145260793,0.0240052506837601,1.13134586,274.44016799913913,274.4854587189862
2024-03-11 15:26:28,0.145277686,0.024004322594745,1.13130212,274.4747744667305,274.5216476132626
2024-03-11 15:26:32,0.145288244,0.0240027032130891,1.1312258,274.5062426985652,274.55438173535777
2024-03-11 15:26:36,0.145327158,0.0240030168197567,1.13124058,274.5644931791335,274.61389806119604
2024-03-11 15:26:40,0.145349179,0.0240029656836222,1.13123817,274.5991323758133,274.6498030585435
2024-03-11 15:26:44,0.1453712,0.0240036185711163,1.13126894,274.6269165188574,274.67885295804064
2024-03-11 15:26:49,0.145390808,0.024003106361038,1.1312448,274.66184987389965,274.71536844706253
2024-03-11 15:26:53,0.145409209,0.0240019158014899,1.13118869,274.70176879785026,274.756553029399
2024-03-11 15:26:57,0.145420371,0.0240013333587953,1.13116124,274.72412631928165,274.7801761662596
2024-03-11 15:27:01,0.145452045,0.0240010517917804,1.13114797,274.77653833338695,274.8338537532231
2024-03-11 15:27:05,0.145471653,0.0240006166041787,1.13112746,274.81104606091316,274.8696270114229
2024-03-11 15:27:10,0.145491864,0.0240003541336456,1.13111509,274.8445249388195,274.9046877439361
2024-03-11 15:27:14,0.145508455,0.0239994580842833,1.13107286,274.87867737053267,274.9401056128162
2024-03-11 15:27:18,0.145526856,0.0240007829557534,1.1311353,274.89408575142716,274.9567793899444
2024-03-11 15:27:22,0.145560944,0.0239999507735136,1.13109608,274.95575623493085,275.0197152291332
2024-03-11 15:27:27,0.145567882,0.0239989331432172,1.13104812,274.97525937696514,275.04080000933743
2024-03-11 15:27:31,0.145581457,0.0239978323371335,1.13099624,275.0065672376325,275.07337313585924
2024-03-11 15:27:35,0.14558568,0.0239960720658786,1.13091328,275.02927135740487,275.0973424821842
2024-03-11 15:27:39,0.145600461,0.0239955600679834,1.13088915,275.05677902110284,275.126115333516
2024-03-11 15:27:43,0.145617354,0.0239950160304355,1.13086351,275.08799820824333,275.1585996697541
2024-03-11 15:27:48,0.145648727,0.0239944910893694,1.13083877,275.1420099092065,275.21419275347995
2024-03-11 15:27:52,0.145662905,0.0239947087892618,1.13084903,275.16142660572456,275.23487451378605
2024-03-11 15:27:56,0.145673764,0.0239944463187287,1.13083666,275.18019342543226,275.25490635998665
2024-03-11 15:28:00,0.145690657,0.0239933966487796,1.13078719,275.2163574281126,275.29233535224574
2024-03-11 15:28:04,0.145697595,0.0239927501267794,1.13075672,275.23257026516177,275.3098131423402
2024-03-11 15:28:09,0.145718712,0.023993460515902,1.1307902,275.25802158778765,275.3368456054772
2024-03-11 15:28:13,0.145744654,0.0239932748556624,1.13078145,275.3003062917551,275.3803951816802
2024-03-11 15:28:17,0.145751593,0.0239928269370728,1.13076034,275.31458256276636,275.39593628962865
2024-03-11 15:28:21,0.145759436,0.0239923724408062,1.13073892,275.33037830594014,275.4129968348206
2024-03-11 15:28:25,0.145778742,0.0239916427430186,1.13070453,275.36730821929825,275.45119151565683
2024-03-11 15:28:29,0.145790205,0.0239917004568302,1.13070725,275.3839226509866,275.4690706806617
2024-03-11 15:28:34,0.145806193,0.0239921547409137,1.13072866,275.4036236943976,275.4903525932549
2024-03-11 15:28:38,0.145830929,0.0239921613185908,1.13072897,275.4420932914089,275.53008684810163
2024-03-11 15:28:42,0.145844202,0.023991457082779,1.13069578,275.4690721386773,275.5583303202721
2024-03-11 15:28:46,0.14585114,0.0239905353592578,1.13065234,275.4879870925383,275.57850986647856
2024-03-11 15:28:50,0.14586381,0.0239905610334167,1.13065355,275.5068582112544,275.5986455453606
2024-03-11 15:28:55,0.145878289,0.0239912714225393,1.13068703,275.521625002403,275.61499299203746
2024-03-11 15:28:59,0.145889149,0.0239907082885096,1.13066049,275.54334469095676,275.63797716972863
2024-03-11 15:29:03,0.145915394,0.0239908939487492,1.13066924,275.5824936723411,275.678390609293
2024-03-11 15:29:07,0.145924443,0.0239904905886172,1.13065023,275.5997376238807,275.69689898843023
2024-03-11 15:29:11,0.1459347,0.0239903115060546,1.13064179,275.616730900759,275.7151566626991
2024-03-11 15:29:15,0.145938923,0.0239888968811201,1.13057512,275.63611015540573,275.73580028490346
2024-03-11 15:29:20,0.145951593,0.0239890632326948,1.13058296,275.6532900368674,275.75456058443024
2024-03-11 15:29:24,0.145960944,0.0239882630901078,1.13054525,275.674908467282,275.7774433166469
2024-03-11 15:29:28,0.145982362,0.0239876295112785,1.13051539,275.7143172894833,275.81811641203257
2024-03-11 15:29:32,0.14599111,0.0239884423848535,1.1305537,275.71917009118914,275.82423345867846
2024-03-11 15:29:36,0.146007098,0.023988775300186,1.13056939,275.7403744319741,275.84670201653165
2024-03-11 15:29:40,0.146015846,0.0239879942540808,1.13053258,275.76083929971617,275.8684310738429
2024-03-11 15:29:45,0.146023388,0.0239879240214644,1.13052927,275.7720848340794,275.88125680706355
2024-03-11 15:29:49,0.146037867,0.023988640776081,1.13056305,275.7871001656893,275.89753626772927
2024-03-11 15:29:53,0.14604752,0.0239878919818116,1.13052776,275.8087076188944,275.92040782369907
2024-03-11 15:29:57,0.146060492,0.0239860228606105,1.13043967,275.8466379973131,275.9596022789623
2024-03-11 15:30:01,0.146066223,0.0239869318531438,1.13048251,275.8456890460359,275.9599173789801
2024-03-11 15:30:06,0.146078591,0.0239862405605029,1.13044993,275.8707906103208,275.9865989720187
2024-03-11 15:30:10,0.146083116,0.0239862726001557,1.13045144,275.8764955415233,275.9935678983833
2024-03-11 15:30:14,0.146097897,0.0239854533610868,1.13041283,275.90705336262124,276.0253896902957
2024-03-11 15:30:18,0.146126253,0.0239864069120776,1.13045777,275.9420804381331,276.06168071264403
2024-03-11 15:30:22,0.146127762,0.0239857606022605,1.13042731,275.9495827895555,276.0704469872936
2024-03-11 15:30:26,0.146139225,0.0239843266686611,1.13035973,275.9808324170116,276.102960514736
2024-03-11 15:30:31,0.146138621,0.023984211453221,1.1303543,275.9794103573448,276.10311829793056
2024-03-11 15:30:35,0.146148576,0.0239842882635144,1.13035792,275.99341758157556,276.11838937120126
2024-03-11 15:30:39,0.146163659,0.0239848068390866,1.13038236,276.0113457172441,276.1375813338642
2024-03-11 15:30:43,0.146174217,0.0239840707758051,1.13034767,276.03429770985946,276.1617971317953
2024-03-11 15:30:47,0.146185077,0.0239832449590592,1.13030875,276.0586181656089,276.1873813715487
2024-03-11 15:30:52,0.146190507,0.0239834946986044,1.13032052,276.06332901771424,276.1936719242472
2024-03-11 15:30:56,0.146199557,0.0239817791979902,1.13023967,276.0934689971286,276.2250756410526
2024-03-11 15:31:00,0.146201065,0.0239817407928434,1.13023786,276.0950099224745,276.2278802836672
2024-03-11 15:31:04,0.14621283,0.0239819007789242,1.1302454,276.1111163359681,276.24525039467204
2024-03-11 15:31:08,0.146225198,0.0239811135795082,1.1302083,276.13749133686787,276.27288907369075
2024-03-11 15:31:12,0.146232739,0.0239807552021999,1.13019141,276.15188667223407,276.28854806814803
2024-03-11 15:31:17,0.146242996,0.0239810047295619,1.13020317,276.164370820966,276.3026117645406
2024-03-11 15:31:21,0.146253855,0.0239808447434812,1.13019563,276.182160871858,276.321665433042
2024-03-11 15:31:25,0.146259587,0.0239811647156427,1.13021071,276.1869838607582,276.32775202170626
2024-03-11 15:31:29,0.146272257,0.0239810688088675,1.13020619,276.20706039986584,276.3490921430956
2024-03-11 15:31:33,0.146291563,0.0239801982214809,1.13016516,276.2454301137942,276.388725422186
2024-03-11 15:31:38,0.146296691,0.0239809279192685,1.13019955,276.2449397964546,276.38981453777666
2024-03-11 15:31:42,0.146310266,0.023980998364068,1.13020287,276.2648402360671,276.4109785053566
2024-03-11 15:31:46,0.146312076,0.0239810240382269,1.13020408,276.2662386595993,276.4136404409133
2024-03-11 15:31:50,0.146330477,0.0239813887810291,1.13022127,276.29101781666367,276.4396830944203
2024-03-11 15:31:54,0.14634556,0.023980857474469,1.13019623,276.31925821587214,276.4691869748507
2024-03-11 15:31:59,0.146344956,0.0239816576170561,1.13023394,276.30884494069505,276.46035303034614
2024-03-11 15:32:03,0.1463528,0.0239796734925979,1.13014043,276.3397064880241,276.4924780259684
2024-03-11 15:32:07,0.146357928,0.0239798398441727,1.13014827,276.3450650061515,276.4990999783389
2024-03-11 15:32:11,0.146363659,0.0239801854904931,1.13016456,276.3496324107541,276.50493080349423
2024-03-11 15:32:15,0.146370899,0.0239795773736396,1.1301359,276.3660028134622,276.5225646134236
2024-03-11 15:32:19,0.146378139,0.0239788029052114,1.1300994,276.38400925623426,276.5418344504443
2024-03-11 15:32:23,0.14640197,0.0239802879749454,1.13016939,276.4065198910534,276.5656084668982
2024-03-11 15:32:28,0.146402875,0.0239798462096666,1.13014857,276.41074047455226,276.57140826024755
2024-03-11 15:32:32,0.146412227,0.0239792510359841,1.13012052,276.43038654028504,276.59231768054235
2024-03-11 15:32:36,0.146418863,0.0239787645000647,1.13009759,276.44459219219095,276.60778667555905
2024-03-11 15:32:40,0.14642188,0.0239800382354002,1.13015762,276.4356634416785,276.60012125706305
2024-03-11 15:32:44,0.146436661,0.0239793662514242,1.13012595,276.4648073625386,276.6305284992021
2024-03-11 15:32:48,0.146451141,0.0239799614251067,1.130154,276.481006903287,276.6479913508482
2024-03-11 15:32:53,0.14646019,0.023979116511879,1.13011418,276.50230773041767,276.6708713025448
2024-03-11 15:32:57,0.146464112,0.0239794366962237,1.13012927,276.50421072085413,276.67403758182235
2024-03-11 15:33:01,0.14647648,0.0239792894411308,1.13012233,276.52431096776553,276.6954011083495
2024-03-11 15:33:05,0.1464801,0.0239789565257982,1.13010664,276.53215143975785,276.7045048510871
2024-03-11 15:33:09,0.146485228,0.0239789053896637,1.13010423,276.53964864382385,276.7132653173825
2024-03-11 15:33:13,0.146497294,0.0239778875471842,1.13005626,276.56782866428205,276.74270859190835
2024-03-11 15:33:18,0.146504836,0.0239772282941961,1.13002519,276.58488157208245,276.76134055635515
2024-03-11 15:33:22,0.146503328,0.0239765179050735,1.12999171,276.5881800812288,276.765902302499
2024-03-11 15:33:26,0.146520221,0.023978310003798,1.13007617,276.59648665287364,276.7754721041284
2024-03-11 15:33:30,0.146520522,0.0239777148301155,1.13004812,276.6015647779986,276.7818134525781
2024-03-11 15:33:34,0.14653108,0.0239778557197145,1.13005476,276.61591730720653,276.7974291988033
2024-03-11 15:33:39,0.146540733,0.0239772860080077,1.13002791,276.6354903585268,276.8185812630616
2024-03-11 15:33:43,0.146553101,0.0239781116125705,1.13006682,276.64601851773944,276.83037262638663
2024-03-11 15:33:47,0.146561246,0.0239773435096363,1.13003062,276.6654323734743,276.8510496810694
2024-03-11 15:33:51,0.146564263,0.0239766522169954,1.12999804,276.6758330775927,276.86271357932264
2024-03-11 15:33:55,0.146567581,0.0239774139544357,1.13003394,276.67241458990077,276.8605582813028
2024-03-11 15:34:00,0.146576028,0.0239774075889418,1.13003364,276.68450152851324,276.8742242012635
2024-03-11 15:34:04,0.14659473,0.0239774012234479,1.13003334,276.713419234856,276.90440508851793
2024-03-11 15:34:08,0.146595032,0.0239755641418995,1.12994676,276.7307318194142,276.9229808506625
2024-03-11 15:34:12,0.146601065,0.023976319513846,1.12998236,276.73174654319797,276.92525874905675
2024-03-11 15:34:16,0.146610115,0.0239763642844866,1.12998447,276.74461764397086,276.9393930218129
2024-03-11 15:34:20,0.146614338,0.0239755770850705,1.12994737,276.75790847819513,276.953947025742
2024-03-11 15:34:25,0.146620975,0.023975237804244,1.12993138,276.7703607339169,276.96797824092107
2024-03-11 15:34:29,0.146635153,0.0239759481933667,1.12996486,276.78493517189645,276.9838158447516
2024-03-11 15:34:33,0.146637264,0.023974834444112,1.12991237,276.7980430686563,276.9981869062143
2024-03-11 15:34:37,0.146652649,0.0239764794999267,1.1299899,276.8053533583345,277.0067603597946
2024-03-11 15:34:42,0.146646616,0.02397416882563,1.129881,276.8168215191334,277.01980747487323
2024-03-11 15:34:46,0.146652649,0.0239747449028307,1.12990815,276.8195998480697,277.0238489671772
2024-03-11 15:34:50,0.146664414,0.0239740152050431,1.12987376,276.8444761133269,277.0499883961271
2024-03-11 15:34:54,0.14667467,0.023973362317549,1.12984299,276.8661666349132,277.07294208207685
2024-03-11 15:34:59,0.146676782,0.0239739831653903,1.12987225,276.86187119551863,277.070225599606
2024-03-11 15:35:03,0.146680402,0.0239728119145071,1.12981705,276.87798204284655,277.0875996140688
2024-03-11 15:35:07,0.146678893,0.0239719285961327,1.12977542,276.8829943021878,277.09387504233683
2024-03-11 15:35:11,0.14669639,0.0239736184225881,1.12985506,276.893259880507,277.10540379171925
2024-03-11 15:35:15,0.146692468,0.0239738488534684,1.12986592,276.88340815421526,277.0968152389708
2024-03-11 15:35:20,0.146709059,0.0239722742424531,1.12979171,276.9240753063648,277.1390613620607
2024-03-11 15:35:24,0.146715997,0.02397322142795,1.12983635,276.92465048876505,277.1408997248405
2024-03-11 15:35:28,0.146719014,0.0239724919423455,1.12980197,276.9354388076873,277.1529512277381
2024-03-11 15:35:32,0.146725952,0.0239722165286415,1.12978899,276.9480672657084,277.16684287367264
2024-03-11 15:35:36,0.146725952,0.0239726326197614,1.1298086,276.9427016175685,277.1627404177266
2024-03-11 15:35:41,0.14674194,0.0239730230367225,1.129827,276.9630273762713,277.18464517321183
2024-03-11 15:35:45,0.14674918,0.0239723317440816,1.12979442,276.9802433611103,277.20312436112494
2024-03-11 15:35:49,0.146758833,0.0239734711674952,1.12984812,276.9832937598446,277.2074379683236
2024-03-11 15:35:53,0.146765771,0.0239720885822135,1.12978296,277.0068414712587,277.23224889393293
2024-03-11 15:35:57,0.146766978,0.0239724085543751,1.12979804,277.0043668862786,277.2310375292194
2024-03-11 15:36:02,0.146764263,0.023970942793306,1.12972896,277.012870819673,277.2411204970029
2024-03-11 15:36:06,0.146781458,0.02397148046536,1.1297543,277.0340048911507,277.26351780365064
2024-03-11 15:36:10,0.146784776,0.0239703028489828,1.1296988,277.04970397923034,277.28048013407573
2024-03-11 15:36:14,0.146783268,0.0239707316710906,1.12971901,277.0417808678938,277.27382027259915
2024-03-11 15:36:19,0.146792921,0.0239715572756534,1.12975792,277.04760814635256,277.2812266244658
2024-03-11 15:36:23,0.146796239,0.0239710068726116,1.12973198,277.0571200084118,277.2920017545301
2024-03-11 15:36:27,0.146812227,0.0239707253055967,1.12971871,277.08439184063906,277.3205368633763
2024-03-11 15:36:31,0.146816752,0.0239708916571714,1.12972655,277.08877707079563,277.3261853791032
2024-03-11 15:36:35,0.146817958,0.0239711220880517,1.12973741,277.0871829681884,277.3258545713549
2024-03-11 15:36:40,0.146822483,0.0239714486378903,1.1297528,277.08967151177706,277.3299222470929
2024-03-11 15:36:44,0.146830025,0.0239709877761298,1.12973108,277.10510599787955,277.3466200501852
2024-03-11 15:36:48,0.146840583,0.0239712052638391,1.12974133,277.1187056614899,277.361483041168
2024-03-11 15:36:52,0.146843901,0.0239700531094376,1.12968703,277.13415874386754,277.37819946163626
2024-03-11 15:36:56,0.146847521,0.0239695090718897,1.12966139,277.1440974078997,277.38940147481287
2024-03-11 15:37:01,0.146854157,0.0239692081962099,1.12964721,277.15617973911804,277.4030630085166
2024-03-11 15:37:05,0.146860794,0.023970418064423,1.12970423,277.15366679538283,277.4018134400216
2024-03-11 15:37:09,0.146872559,0.0239710773174111,1.1297353,277.16485027407793,277.4142603060989
2024-03-11 15:37:13,0.146875877,0.0239704755660515,1.12970694,277.1748725418449,277.4255459737238
2024-03-11 15:37:17,0.146888848,0.0239696947321294,1.12967014,277.20221580196375,277.4541526465104
2024-03-11 15:37:22,0.1468801,0.0239676401628717,1.12957331,277.2068281394284,277.46034426833114
2024-03-11 15:37:26,0.146885832,0.0239682801071949,1.12960347,277.2084814791878,277.4632610507985
2024-03-11 15:37:30,0.146896088,0.0239698610837041,1.12967798,277.2081319238252,277.4641749520358
2024-03-11 15:37:34,0.146901216,0.0239683250900186,1.12960559,277.2302979419934,277.48760444102845
2024-03-11 15:37:38,0.146907853,0.0239691379635936,1.1296439,277.2317008660653,277.49027085048107
2024-03-11 15:37:42,0.146915394,0.0239687986827671,1.12962791,277.2459381618334,277.50577164651804
2024-03-11 15:37:47,0.146912679,0.0239681330642851,1.12959654,277.24655796437685,277.5079708458386
2024-03-11 15:37:51,0.146927159,0.0239685171157522,1.12961464,277.2648325190643,277.527508935504
2024-03-11 15:37:55,0.146926254,0.0239679344608744,1.12958718,277.2678657888568,277.5318057562381
2024-03-11 15:38:00,0.146933192,0.023969483609914,1.12966019,277.2621641356964,277.5276835647068
2024-03-11 15:38:04,0.146944052,0.0239689138982072,1.12963334,277.2840255486293,277.5508085657066
2024-03-11 15:38:08,0.14694918,0.0239683121468477,1.12960498,277.29696888779677,277.5650155099769
2024-03-11 15:38:12,0.146952498,0.0239672497459107,1.12955491,277.3115474946317,277.5808577392797
2024-03-11 15:38:16,0.146951895,0.0239670256805243,1.12954435,277.3115259576593,277.5820998424689
2024-03-11 15:38:21,0.146956722,0.0239679089988987,1.12958598,277.3089973208266,277.58115078122086
2024-03-11 15:38:25,0.14695823,0.0239668527512725,1.1295362,277.3205994317301,277.59401657329795
2024-03-11 15:38:29,0.146967883,0.0239670063718594,1.12954344,277.33337263539903,277.6080534769008
2024-03-11 15:38:33,0.146980251,0.0239675697180722,1.12956999,277.34647180949963,277.6224163700232
2024-03-11 15:38:37,0.146985983,0.023968395322635,1.1296089,277.3462860514374,277.62349435039766
2024-03-11 15:38:41,0.146994731,0.0239691763687403,1.12964571,277.35140002668135,277.62987208382003
2024-03-11 15:38:46,0.146997446,0.0239680112711679,1.1295908,277.3657082717529,277.64576005487385
2024-03-11 15:38:50,0.146999859,0.023967601757725,1.1295715,277.37237977244035,277.6536953593517
2024-03-11 15:38:54,0.147000161,0.0239668209238029,1.1295347,277.3793198533916,277.66189926489494
2024-03-11 15:38:58,0.147009512,0.0239660975915092,1.12950061,277.40027436299795,277.6841176202201
2024-03-11 15:39:03,0.147011322,0.0239660014725509,1.12949608,277.40256144730824,277.6879845418837
2024-03-11 15:39:07,0.147014942,0.0239663791585241,1.12951388,277.4033976299946,277.69008461901234
2024-03-11 15:39:11,0.147020372,0.023966654360045,1.12952685,277.40816349603676,277.6961144016789
2024-03-11 15:39:15,0.147029723,0.0239660462431915,1.12949819,277.42798023436245,277.7171950791351
2024-03-11 15:39:20,0.147037265,0.0239666159548983,1.12952504,277.43292165380194,277.7237164546299
2024-03-11 15:39:24,0.147043298,0.0239668977340963,1.12953832,277.4385937388992,277.7306525306793
2024-03-11 15:39:28,0.147042393,0.0239658862571107,1.12949065,277.4458718369736,277.7391946432625
2024-03-11 15:39:32,0.147049029,0.0239659119312696,1.12949186,277.4550479327738,277.74963477745086
2024-03-11 15:39:36,0.147058381,0.0239667825186562,1.12953289,277.46024632518896,277.7560972324558
2024-03-11 15:39:41,0.147058381,0.0239648045475088,1.12943967,277.4782257340951,277.775656754123
2024-03-11 15:39:45,0.147067129,0.0239663664275362,1.12951328,277.47561380718145,277.77430894542937
2024-03-11 15:39:49,0.147074067,0.0239657583106827,1.12948462,277.4915442197227,277.7915035014371
2024-03-11 15:39:53,0.147068336,0.0239650797490297,1.12945264,277.4877550602496,277.7889785109981
2024-03-11 15:39:57,0.147071956,0.0239656174210837,1.12947798,277.4870072488394,277.78949489451
2024-03-11 15:40:01,0.14708372,0.0239656367297487,1.12947889,277.50451041141827,277.80826227821933
2024-03-11 15:40:06,0.14709458,0.0239670384115122,1.12954495,277.5065679834009,277.81190016395743
2024-03-11 15:40:10,0.147090658,0.0239650990576947,1.12945355,277.51816514512115,277.8247616069457
2024-03-11 15:40:14,0.147102121,0.023966398467189,1.12951479,277.5225211729598,277.83038194329896
2024-03-11 15:40:18,0.147107551,0.0239654126643623,1.12946833,277.5397589302575,277.8488840366767
2024-03-11 15:40:22,0.147109965,0.0239657967158294,1.12948643,277.5385857260611,277.84897519644426
2024-03-11 15:40:26,0.14710906,0.0239644204960417,1.12942157,277.5494776234072,277.8611314859564
2024-03-11 15:40:31,0.147118713,0.0239654253953502,1.12946893,277.5535123549161,277.8667467478161
2024-03-11 15:40:35,0.147116903,0.0239641389290268,1.1294083,277.5620587850194,277.8765576347016
2024-03-11 15:40:39,0.147118411,0.0239640748497213,1.12940528,277.5638587425149,277.87962207821323
2024-03-11 15:40:43,0.147125651,0.0239640046171049,1.12940197,277.57495780273376,277.8919856539987
2024-03-11 15:40:47,0.147132287,0.0239641709686796,1.12940981,277.5827423766242,277.9010347733227
2024-03-11 15:40:52,0.147141639,0.0239648877232962,1.12944359,277.58914152464814,277.90901464562063
2024-03-11 15:40:56,0.147151895,0.0239655342452964,1.12947406,277.59800818323174,277.91914591799383
2024-03-11 15:41:00,0.14715823,0.0239650222474012,1.12944993,277.6120198996953,277.9344222791402
2024-03-11 15:41:04,0.147153404,0.0239655278798025,1.12947376,277.5979737725511,277.92164082788696
2024-03-11 15:41:08,0.147162755,0.0239648302216677,1.12944088,277.6186836384019,277.94361540115153
2024-03-11 15:41:12,0.147159437,0.023964106889374,1.12940679,277.6192301739344,277.9454266759353
2024-03-11 15:41:17,0.147163358,0.0239639532687872,1.12939955,277.62548920590575,277.95326667722026
2024-03-11 15:41:21,0.147169392,0.0239641900651614,1.12941071,277.63160578591845,277.9606480692658
2024-03-11 15:41:25,0.147172408,0.023963178800359,1.12936305,277.6452119319177,277.97551906015485
2024-03-11 15:41:29,0.147176028,0.0239629547349726,1.12935249,277.6519998115245,277.9835718178212
2024-03-11 15:41:33,0.147187189,0.023963319689958,1.12936969,277.66511117035765,277.99794808819644
2024-03-11 15:41:38,0.147186284,0.0239629420039847,1.12935189,277.6658103932228,278.0002284980497
2024-03-11 15:41:42,0.147182363,0.0239630892590777,1.12935883,277.65676773349304,277.9924508263393
2024-03-11 15:41:46,0.147195033,0.0239632044745178,1.12936426,277.67478356876046,278.0117316841224
2024-03-11 15:41:50,0.147206194,0.0239634603673738,1.12937632,277.68897419931636,278.0271873720019
2024-03-11 15:41:54,0.147197144,0.023962365926784,1.12932474,277.68395844941216,278.0234367145399
2024-03-11 15:41:58,0.147211925,0.023962769074733,1.12934374,277.7025261567145,278.0432695497139
2024-03-11 15:42:03,0.147212529,0.0239629804091315,1.1293537,277.6998256055208,278.042150458655
2024-03-11 15:42:07,0.147214037,0.023961956201158,1.12930543,277.71113325213827,278.05472331399426
2024-03-11 15:42:11,0.147230327,0.023961969144329,1.12930604,277.73599776442927,278.0808530714439
2024-03-11 15:42:15,0.147230327,0.0239625195473709,1.12933198,277.72928137080686,278.0754019597261
2024-03-11 15:42:19,0.147233343,0.0239633901347575,1.12937301,277.7242556096104,278.07164151748924
2024-03-11 15:42:23,0.147239376,0.0239632876503052,1.12936818,277.73372926068623,278.0823805248881
2024-03-11 15:42:28,0.147245711,0.0239629226953198,1.12935098,277.74597294811554,278.09620596073347
2024-03-11 15:42:32,0.1472436,0.023961847563395,1.12930031,277.75195373504437,278.10345218918
2024-03-11 15:42:36,0.147254158,0.0239614569342508,1.1292819,277.7715766261714,278.12434056018924
2024-03-11 15:42:40,0.147258381,0.023961834620224,1.1292997,277.7733769167117,278.1274063692832
2024-03-11 15:42:44,0.147266526,0.02396224434585,1.12931901,277.78118157342465,278.13647658352824
2024-03-11 15:42:48,0.147265923,0.0239619050650235,1.12930302,277.78230508434956,278.13886569127044
2024-03-11 15:42:53,0.147267732,0.02396277565241,1.12934405,277.775014618956,278.1331572776096
2024-03-11 15:42:57,0.147272861,0.0239624875077181,1.12933047,277.78487071817244,278.144279063154
2024-03-11 15:43:01,0.147280402,0.0239618539288889,1.12930061,277.80203750683677,278.16271157842544
2024-03-11 15:43:05,0.14728372,0.0239616489599843,1.12929095,277.8081510373807,278.170090876161
2024-03-11 15:43:09,0.147285229,0.0239609128967028,1.12925626,277.8166110179196,278.1798166647808
2024-03-11 15:43:14,0.147288245,0.0239602793178736,1.1292264,277.82616887976894,278.190956844696
2024-03-11 15:43:18,0.147289754,0.0239604202074726,1.12923304,277.8259394045301,278.19199327065235
2024-03-11 15:43:22,0.147299105,0.0239619498356641,1.12930513,277.82458972592434,278.1919095351196
2024-03-11 15:43:26,0.14730363,0.0239610153811551,1.12926109,277.83987799123656,278.2084637856866
2024-03-11 15:43:30,0.147309965,0.0239607913157688,1.12925053,277.8510447756829,278.2208965978723
2024-03-11 15:43:35,0.147307853,0.0239594921184575,1.1291893,277.8589340916697,278.2303685087389
2024-03-11 15:43:39,0.147317808,0.0239610985569425,1.12926501,277.8577941689199,278.230494710426
2024-03-11 15:43:43,0.147320825,0.0239601193317928,1.12921886,277.8710971853395,278.2450638947504
2024-03-11 15:43:47,0.14731992,0.0239613610274755,1.12927738,277.85606501202614,278.2312979331117
2024-03-11 15:43:51,0.147331684,0.0239613737584634,1.12927798,277.87363615573224,278.2501353325636
2024-03-11 15:43:55,0.147336812,0.0239603177230203,1.12922821,277.89110437638635,278.26886985333584
2024-03-11 15:44:00,0.147329874,0.0239592551099002,1.12917813,277.8888704826419,278.2682188975962
2024-03-11 15:44:04,0.147331684,0.0239587110723523,1.12915249,277.89591558708304,278.2765304030931
2024-03-11 15:44:08,0.147341337,0.0239597673199785,1.12920227,277.8997397727775,278.28162103519213
2024-03-11 15:44:12,0.147335304,0.0239590951238194,1.12917059,277.89541126780114,278.27855902226923
2024-03-11 15:44:16,0.147347069,0.0239591719341128,1.12917421,277.9123503830473,278.2967646755174
2024-03-11 15:44:21,0.147348879,0.0239586472052298,1.12914948,277.9188879334031,278.30488546344606
2024-03-11 15:44:25,0.147347371,0.0239588135568046,1.12915732,277.9135406520906,278.30080482461256
2024-03-11 15:44:29,0.147358834,0.0239586790326995,1.12915098,277.9320886584523,278.32061952037265
2024-03-11 15:44:33,0.147361549,0.0239588392309634,1.12915853,277.9336105483632,278.32340814689974
2024-03-11 15:44:37,0.147355214,0.0239577191162148,1.12910574,277.9332376018389,278.3243019845068
2024-03-11 15:44:41,0.147364565,0.0239584422363253,1.12913982,277.93987612296166,278.3322073375739
2024-03-11 15:44:46,0.147368788,0.0239577702523493,1.12910815,277.9517651559718,278.34567997820403
2024-03-11 15:44:50,0.147373012,0.023957008514909,1.12907225,277.96486354254444,278.360045305386
2024-03-11 15:44:54,0.147370297,0.0239560163465884,1.12902549,277.9690600399567,278.3655087921851
2024-03-11 15:44:58,0.147373615,0.023957008514909,1.12907225,277.96330176153793,278.3610175522268
2024-03-11 15:45:02,0.147379648,0.0239568164891754,1.1290632,277.9736666813056,278.3726495598244
2024-03-11 15:45:07,0.147387793,0.0239562083723219,1.12903454,277.99124788721906,278.3918146954012
2024-03-11 15:45:11,0.147388396,0.02395781502299,1.12911026,277.97501579387904,278.3768498020521
2024-03-11 15:45:15,0.147399859,0.0239577575213615,1.12910755,277.9928006803756,278.39590193886835
2024-03-11 15:45:19,0.147398653,0.0239564581118671,1.12904631,278.0024793121416,278.40684787157693
2024-03-11 15:45:23,0.147399859,0.0239569637442684,1.12907014,277.99814032638335,278.4037762376785
2024-03-11 15:45:27,0.147400764,0.0239561315620285,1.12903092,278.0065880587356,278.4134913731014
2024-03-11 15:45:31,0.147402574,0.0239560931568818,1.12902911,278.0086201268044,278.41679089574546
2024-03-11 15:45:36,0.147415244,0.0239559779414417,1.12902368,278.02860841454185,278.4383635745766
2024-03-11 15:45:40,0.147414641,0.0239562533551457,1.12903666,278.02363585454253,278.43465858610887
2024-03-11 15:45:44,0.147415244,0.0239550434869327,1.12897964,278.035345497853,278.44763585340684
2024-03-11 15:45:48,0.147414942,0.0239563876670676,1.12904299,278.02025325257836,278.43381128486806
2024-03-11 15:45:52,0.1474255,0.0239569637442684,1.12907014,278.0302932839974,278.4451190460629
2024-03-11 15:45:57,0.147437265,0.0239574566456817,1.12909337,278.0427872664769,278.4591977657937
2024-03-11 15:46:01,0.147436662,0.0239568869339749,1.12906652,278.0462003257476,278.46387867524544
2024-03-11 15:46:05,0.147437868,0.023956483786026,1.12904752,278.05087753906736,278.46982379273254
2024-03-11 15:46:09,0.147445711,0.0239572966596009,1.12908583,278.05418910338256,278.47440331549166
2024-03-11 15:46:13,0.14744541,0.0239566501376007,1.12905536,278.05885159169327,278.48033381681296
2024-03-11 15:46:17,0.147447823,0.0239564581118671,1.12904631,278.0633799547973,278.4861302477843
2024-03-11 15:46:22,0.147454158,0.0239553507281064,1.12899412,278.08300044333356,278.5073358987377
2024-03-11 15:46:26,0.147455063,0.0239554659435465,1.12899955,278.0820479895824,278.50765163733905
2024-03-11 15:46:30,0.147460191,0.0239552227816784,1.12898809,278.09146232529235,278.518334221198
2024-03-11 15:46:34,0.147462604,0.0239556836434389,1.12900981,278.0895104718404,278.5176506719796
2024-03-11 15:46:39,0.147468939,0.0239565924237891,1.12905264,278.0891196217052,278.51884528144467
2024-03-11 15:46:43,0.147465621,0.0239550882575733,1.12898175,278.09743150616515,278.528425597382
2024-03-11 15:46:47,0.147474369,0.023954998716292,1.12897753,278.11115836747575,278.54342094719016
2024-03-11 15:46:51,0.147472861,0.0239546082993309,1.12895913,278.1113339192243,278.54486504474346
2024-03-11 15:46:56,0.147479497,0.0239543267323161,1.12894586,278.1232446643244,278.5583615531246
2024-03-11 15:47:00,0.147476481,0.0239557475105614,1.12901282,278.1030076911072,278.5393932557016
2024-03-11 15:47:04,0.147496692,0.0239559268053071,1.12902127,278.13254916609344,278.57020346472007
2024-03-11 15:47:08,0.147488245,0.0239556963744268,1.12901041,278.11994725861894,278.55887034980174
2024-03-11 15:47:13,0.147496089,0.0239550434869327,1.12897964,278.1374919638985,278.57800112851066
2024-03-11 15:47:17,0.147502122,0.0239550691610915,1.12898085,278.1456966632333,278.5874747531237
2024-03-11 15:47:21,0.147496994,0.0239549859853041,1.12897693,278.13698434596864,278.5800314205878
2024-03-11 15:47:25,0.147504837,0.0239547746509057,1.12896697,278.1504610645833,278.59477718366605
2024-03-11 15:47:29,0.14751087,0.0239554532125586,1.12899895,278.1521826562399,278.5977678798053
2024-03-11 15:47:33,0.147522031,0.0239559077088253,1.12902037,278.16439787590684,278.61125226425764
2024-03-11 15:47:38,0.147520825,0.0239554595780526,1.12899925,278.1653166161453,278.61375754571065
2024-03-11 15:47:42,0.147523238,0.0239562083723219,1.12903454,278.160502771073,278.6102130021412
2024-03-11 15:47:47,0.14752535,0.023955677277945,1.12900951,278.1675955084234,278.6188924524979
2024-03-11 15:47:51,0.147533193,0.0239557668192263,1.12901373,278.1780839303046,278.6306503140307
2024-03-11 15:47:55,0.147541639,0.0239552932264779,1.12899141,278.19513735936397,278.64897324459963
2024-03-11 15:47:59,0.147540131,0.0239559779414417,1.12902368,278.18463586529975,278.6397413141849
2024-03-11 15:48:03,0.147546767,0.0239558756691725,1.12901886,278.19508261168005,278.6514576866357
2024-03-11 15:48:08,0.147552197,0.0239557859157081,1.12901463,278.2031430136659,278.6611052094178
2024-03-11 15:48:12,0.147551292,0.023954729880265,1.12896486,278.2109030735717,278.6701350368692
2024-03-11 15:48:16,0.147554611,0.0239547171492772,1.12896426,278.21511196850054,278.6756137626772
2024-03-11 15:48:20,0.147552197,0.0239547555544239,1.12896607,278.209567740061,278.6713394287306
2024-03-11 15:48:24,0.147559135,0.0239544099081034,1.12894978,278.2229196278612,278.6859612749172
2024-03-11 15:48:28,0.147563057,0.0239546146648249,1.12895943,278.2259403058641,278.6902519754796
2024-03-11 15:48:32,0.147561549,0.0239541347065825,1.12893681,278.227006302088,278.6925880587148
2024-03-11 15:48:37,0.147562454,0.0239531616347437,1.12889095,278.236545261295,278.7037147177467
2024-03-11 15:48:41,0.147568185,0.0239548003250645,1.12896818,278.22823742481916,278.69667711431845
2024-03-11 15:48:45,0.147577235,0.023953654536157,1.12891418,278.25294514320143,278.72265513110545
2024-03-11 15:48:49,0.147579045,0.0239542562875166,1.12894254,278.24861497578456,278.7195953277283
2024-03-11 15:48:53,0.147581157,0.0239537570206093,1.12891901,278.25571109047735,278.7279618723731
2024-03-11 15:48:58,0.147579648,0.0239541153979176,1.1289359,278.2481286622559,278.7219675747035
2024-03-11 15:49:02,0.14759081,0.0239535586293818,1.12890966,278.27039110775405,278.74550059946955
2024-03-11 15:49:06,0.147597144,0.0239540833582648,1.12893439,278.27412115280686,278.7505012906025
2024-03-11 15:49:10,0.147602273,0.0239548003250645,1.12896818,278.2739974947598,278.7516483457237
2024-03-11 15:49:15,0.147604686,0.0239543585597857,1.12894736,278.28069013893906,278.7599294761264
2024-03-11 15:49:19,0.147604083,0.0239535009155702,1.12890694,278.2869696562346,278.7674798585469
2024-03-11 15:49:23,0.147602273,0.0239534497794356,1.12890453,278.28328785290864,278.76506898832946
2024-03-11 15:49:27,0.147609513,0.0239535906690346,1.12891117,278.29229288011186,278.7753450168996
2024-03-11 15:49:32,0.147609814,0.023952860971247,1.12887678,278.2984415310869,278.7830825159899
2024-03-11 15:49:36,0.147625802,0.0239547619199178,1.12896637,278.30406183477464,278.7899739756293
2024-03-11 15:49:40,0.147624294,0.0239538913325312,1.12892534,278.30901108185475,278.7961944478104
2024-03-11 15:49:44,0.147623992,0.0239529312038634,1.12888009,278.31679577353583,278.8052504340155
2024-03-11 15:49:48,0.147627009,0.0239520160580193,1.12883696,278.32948706825044,278.8192130929502
2024-03-11 15:49:53,0.147621579,0.0239518878994082,1.12883092,278.3204139279959,278.8117292563966
2024-03-11 15:49:57,0.147636059,0.0239521567354352,1.12884359,278.3398240398955,278.83241089032964
2024-03-11 15:50:01,0.147639075,0.0239537122499687,1.1289169,278.32795375252437,278.8218121955739
2024-03-11 15:50:05,0.147644203,0.0239522528543935,1.12884812,278.34946018496726,278.8445902914858
2024-03-11 15:50:09,0.147643902,0.023952860971247,1.12887678,278.34165744252834,278.83805928364103
2024-03-11 15:50:14,0.14765084,0.0239521696786062,1.1288442,278.35813009316996,278.8561217029583
2024-03-11 15:50:18,0.147646013,0.023951772683968,1.12882549,278.35301990594445,278.8522834113499
2024-03-11 15:50:22,0.147648427,0.0239520480976721,1.12883847,278.3529031813451,278.8534386543731
2024-03-11 15:50:26,0.14765627,0.0239515872359115,1.12881675,278.3688632070107,278.8706707199372
2024-03-11 15:50:30,0.147662001,0.0239519840183665,1.12883545,278.37288925782315,278.8759688831937
2024-03-11 15:50:34,0.147659286,0.0239523680698337,1.12885355,278.3634195437717,278.8677713544017
2024-03-11 15:50:39,0.147663811,0.0239515551962587,1.12881524,278.3772100418637,278.8831521868745
2024-03-11 15:50:43,0.147671654,0.0239519519787137,1.12883394,278.3846420470628,278.89185654215146
2024-03-11 15:50:48,0.147670146,0.0239518494942615,1.12882911,278.38163837997587,278.8904434163188
2024-03-11 15:50:52,0.147677989,0.0239520160580193,1.12883696,278.3913593441849,278.9014368967839
2024-03-11 15:50:56,0.147674671,0.0239515872359115,1.12881675,278.3889995429992,278.9003496861467
2024-03-11 15:51:00,0.147682816,0.0239518367632736,1.12882851,278.3983825525215,278.9110053607775
2024-03-11 15:51:04,0.147679799,0.0239512863602317,1.12880257,278.3977173877221,278.911612935914
2024-03-11 15:51:08,0.147682212,0.0239507743623366,1.12877844,278.4054286643513,278.92059702757325
2024-03-11 15:51:13,0.147696089,0.0239527905264475,1.12887346,278.40616838859114,278.92292787660824
2024-03-11 15:51:17,0.147707552,0.0239536929413037,1.12891599,278.41440850886187,278.9324409818457
2024-03-11 15:51:21,0.147714792,0.0239544930838908,1.1289537,278.41685441359476,278.9361599475051
2024-03-11 15:51:25,0.147708758,0.0239527775832765,1.12887285,278.4229109664916,278.9434896375536
2024-03-11 15:51:29,0.147712982,0.0239528096229293,1.12887436,278.42813170987563,278.9499835945801
2024-03-11 15:51:33,0.147722031,0.0239524001094864,1.12885506,278.4455265585173,278.96865173362005
2024-03-11 15:51:38,0.147723238,0.0239538208877317,1.12892202,278.4317496115863,278.95646650802763
2024-03-11 15:51:42,0.147726556,0.0239528159884232,1.12887466,278.44582279690474,278.9718131574119
2024-03-11 15:51:46,0.147731081,0.0239535393207169,1.12890875,278.44465234839396,278.97191625058184
2024-03-11 15:51:50,0.147735606,0.0239530848244502,1.12888733,278.45519768566254,278.9837352074096
2024-03-11 15:51:54,0.147733796,0.0239531809434086,1.12889186,278.45004862812124,278.9798598475695
2024-03-11 15:51:59,0.147737718,0.0239526496368485,1.12886682,278.4600672321022,278.99147068396485
2024-03-11 15:52:03,0.147731081,0.0239512927257257,1.12880287,278.46158748453706,278.99426481088176
2024-03-11 15:52:07,0.147734098,0.0239520480976721,1.12883847,278.4576649491146,278.99161622893706
2024-03-11 15:52:11,0.147745561,0.0239516063323933,1.12881765,278.4792750331321,279.01450034569035
2024-03-11 15:52:16,0.147741036,0.0239509277707403,1.12878567,278.4771351054187,279.0139530707518
2024-03-11 15:52:20,0.147749181,0.0239514911169532,1.12881222,278.4833934310799,279.0214856084356
2024-03-11 15:52:24,0.147749181,0.0239518431287675,1.12882881,278.4786167260294,279.0179831955153
2024-03-11 15:52:28,0.147758834,0.0239525600955672,1.1288626,278.48577828647217,279.02641912845644
2024-03-11 15:52:32,0.147754912,0.023950979119058,1.12878809,278.49390880311194,279.0358240982235
2024-03-11 15:52:36,0.147759437,0.0239515104256181,1.12881313,278.49464617951554,279.0378360086431
2024-03-11 15:52:41,0.147762454,0.0239506591468965,1.12877301,278.50639035485307,279.05117346564657
2024-03-11 15:52:45,0.147766375,0.023951523156606,1.12881373,278.50284221188866,279.0489000396479
2024-03-11 15:52:49,0.14776909,0.0239513631705252,1.12880619,278.5075387114813,279.05487133793844
2024-03-11 15:52:53,0.14777633,0.0239516383720461,1.12881916,278.51520312137103,279.0638106285172
2024-03-11 15:52:57,0.147770599,0.0239520160580193,1.12883696,278.50092582698875,279.0508082970736
2024-03-11 15:53:01,0.147785682,0.023952720081648,1.12887014,278.5169725968073,279.0681301123386
2024-03-11 15:53:06,0.147785983,0.0239523039905281,1.12885053,278.5200049251022,279.07275636386123
2024-03-11 15:53:10,0.147789905,0.0239524703421028,1.12885837,278.52340006097893,279.0774267317696
2024-03-11 15:53:14,0.14779081,0.0239516704116989,1.12882067,278.5315455681369,279.08684755430426
2024-03-11 15:53:18,0.147790206,0.0239498269646566,1.12873379,278.54764444551756,279.10422183066345
2024-03-11 15:53:22,0.147790508,0.0239502366902826,1.1287531,278.54277768316643,279.1006305511494
2024-03-11 15:53:26,0.147797748,0.0239512606860729,1.12880136,278.542988017683,279.10211645261774
2024-03-11 15:53:31,0.147800161,0.0239508830000997,1.12878356,278.5490450756174,279.1097680879185
2024-03-11 15:53:35,0.147801971,0.0239512734170607,1.12880196,278.5468027187577,279.1088014882044
2024-03-11 15:53:39,0.147806194,0.0239509534448992,1.12878688,278.55552370724354,279.1187983187816
2024-03-11 15:53:43,0.147809814,0.0239515615617527,1.12881554,278.55403355422953,279.1185840930596
2024-03-11 15:53:47,0.147814038,0.023950441447004,1.12876275,278.5707214028378,279.13654795441533
2024-03-11 15:53:52,0.147810418,0.023950569393432,1.12876878,278.56201324713527,279.12943493520623
2024-03-11 15:53:56,0.147816752,0.0239504671211629,1.12876396,278.57197233092967,279.1406702249523
2024-03-11 15:54:00,0.147812831,0.023950038086872,1.12874374,278.5686424068326,279.138616593088
2024-03-11 15:54:04,0.147822182,0.0239499549110846,1.12873982,278.58327826031643,279.1545288253389
2024-03-11 15:54:08,0.147822182,0.023949494049324,1.1287181,278.5865903999919,279.15911743056915
2024-03-11 15:54:13,0.147823691,0.0239499612765785,1.12874012,278.58277691098044,279.15689964593105
2024-03-11 15:54:17,0.147827009,0.0239496990182286,1.12872776,278.5894638384182,279.1648632351191
2024-03-11 15:54:21,0.147826707,0.0239497181147104,1.12872866,278.58750977987637,279.1641859259356
2024-03-11 15:54:26,0.147834249,0.0239493083890844,1.12870935,278.60215986255514,279.1804320688947
2024-03-11 15:54:30,0.147829724,0.0239498012904978,1.12873258,278.5886754183742,279.1682245721101
2024-03-11 15:54:34,0.147833344,0.0239487452550547,1.12868281,278.60375360300003,279.1845797925575
2024-03-11 15:54:38,0.147836964,0.0239489629549471,1.12869307,278.60614834904624,279.18825166310137
2024-03-11 15:54:42,0.147846013,0.0239497949250038,1.12873228,278.61118371804224,279.1945642455213
2024-03-11 15:54:46,0.147853857,0.0239496156302581,1.12872383,278.62434546598047,279.20900329606025
2024-03-11 15:54:51,0.147850538,0.0239497181147104,1.12872866,278.6163740218403,279.2026286059563
2024-03-11 15:54:55,0.147849332,0.0239490588617223,1.12869759,278.6197164207152,279.2072485089926
2024-03-11 15:54:59,0.147859286,0.0239496733440698,1.12872655,278.6283766815749,279.21718636400146
2024-03-11 15:55:03,0.147860191,0.023949366102896,1.12871207,278.6316188490851,279.22170621589737
2024-03-11 15:55:07,0.14785627,0.0239487963911893,1.12868522,278.62968985740605,279.22105499908923
2024-03-11 15:55:12,0.147863208,0.0239486557137734,1.12867859,278.64068619657587,279.23364868447067
2024-03-11 15:55:16,0.147874973,0.0239488220653481,1.12868643,278.6567307967991,279.25097126406376
2024-03-11 15:55:20,0.147869845,0.0239485468638272,1.12867346,278.64992136587585,279.24543990380147
2024-03-11 15:55:24,0.147872559,0.023949225213297,1.12870543,278.6462646292948,279.2430613294196
2024-03-11 15:55:28,0.147873163,0.0239479387469737,1.1286448,278.65877540634403,279.2568503604535
2024-03-11 15:55:33,0.147874369,0.023948418705216,1.12866742,278.65434193623366,279.2540148372728
2024-03-11 15:55:37,0.147878593,0.0239481307727073,1.12865385,278.6627462172995,279.26369757974174
2024-03-11 15:55:41,0.147885832,0.0239482650846292,1.12866018,278.6718081344637,279.274038050895
2024-03-11 15:55:45,0.147882213,0.0239477276247583,1.12863485,278.6700453882229,279.273553951475
2024-03-11 15:55:49,0.147888246,0.0239475483300126,1.1286264,278.68028604319926,279.28507334634924
2024-03-11 15:55:53,0.147878291,0.0239476508144649,1.12863123,278.6619256292033,279.26799176557336
2024-03-11 15:55:58,0.147885832,0.0239475546955066,1.1286267,278.6734505650365,279.28111537453896
2024-03-11 15:56:02,0.147894279,0.0239482012175068,1.12865717,278.6793578002602,279.2883016538524
2024-03-11 15:56:06,0.147902122,0.0239486300396145,1.12867738,278.68645910730345,279.296682099102
2024-03-11 15:56:10,0.147911474,0.0239488220653481,1.12868643,278.69835379217307,279.30985601653856
2024-03-11 15:56:14,0.147913283,0.0239491099978569,1.1287,278.69712396891487,279.3099055204514
2024-03-11 15:56:18,0.14791268,0.0239486811757491,1.12867979,278.6991444241552,279.3132053977099
2024-03-11 15:56:23,0.147913585,0.0239476762764406,1.12863243,278.7090181946384,279.324678579465
2024-03-11 15:56:27,0.147913283,0.0239475546955066,1.1286267,278.70846286378054,279.3254028849194
2024-03-11 15:56:31,0.147926858,0.0239483418949226,1.1286638,278.72123939357937,279.3394591466662
2024-03-11 15:56:35,0.147929271,0.0239486364051085,1.12867768,278.7209175800136,279.34041716092594
2024-03-11 15:56:39,0.147929271,0.0239479451124676,1.1286451,278.726526611908,279.347306116765
2024-03-11 15:56:43,0.147936511,0.0239483996087343,1.12866652,278.7323975461121,279.3544570712744
2024-03-11 15:56:48,0.14793621,0.0239484059742282,1.12866682,278.7302483445168,279.3539080309347
2024-03-11 15:56:52,0.147931986,0.0239467738615844,1.1285899,278.7384195031362,279.3633594275513
2024-03-11 15:56:56,0.14793802,0.023947766029905,1.12863666,278.7369856544135,279.36320591396867
2024-03-11 15:57:00,0.147941338,0.0239476378712939,1.12863062,278.7423356136111,279.369836305689
2024-03-11 15:57:04,0.147943148,0.0239476892196116,1.12863304,278.74346346427984,279.3722446865031
2024-03-11 15:57:09,0.147947069,0.0239471579130515,1.128608,278.7534843209899,279.3838663435413
2024-03-11 15:57:13,0.147947371,0.0239472474543328,1.12861222,278.7517983034144,279.3834610766369
2024-03-11 15:57:17,0.147946164,0.023946959521824,1.12859865,278.75144009486644,279.3843837171598
2024-03-11 15:57:21,0.147953103,0.023947093833746,1.12860498,278.7600156682139,279.3942402382161
2024-03-11 15:57:25,0.147956722,0.0239473242646263,1.12861584,278.76227649068426,279.3977821072717
2024-03-11 15:57:29,0.147960644,0.0239466650116382,1.12858477,278.7738949607616,279.41068172304847
2024-03-11 15:57:34,0.147962756,0.0239471963181983,1.12860981,278.77040439828886,279.4087927324412
2024-03-11 15:57:38,0.147962454,0.0239473178991323,1.12861554,278.7674237846138,279.4070934883406
2024-03-11 15:57:42,0.147968789,0.0239479323814798,1.1286445,278.77023751037314,279.41118868355954
2024-03-11 15:57:46,0.147974219,0.0239472410888389,1.12861192,278.7846080382799,279.42684078104764
2024-03-11 15:57:50,0.147970297,0.0239464089065991,1.1285727,278.7852951030025,279.4288095157098
2024-03-11 15:57:55,0.147975124,0.0239469722528119,1.12859925,278.7858644577305,279.43098109935005
2024-03-11 15:57:59,0.147973314,0.0239466457029733,1.12858386,278.7849179039603,279.43131644218744
2024-03-11 15:58:03,0.147975124,0.0239457305571292,1.12854073,278.795680588806,279.4433611247646
2024-03-11 15:58:07,0.147982363,0.02394668410812,1.12858567,278.7965708690229,279.4455335040719
2024-03-11 15:58:11,0.147987793,0.0239471195079048,1.12860619,278.7997083902543,279.44995322598743
2024-03-11 15:58:16,0.147991413,0.023947497193878,1.12862399,278.80018030130316,279.45202803111465
2024-03-11 15:58:20,0.147995033,0.0239472922249735,1.12861433,278.80678208078365,279.45991224072174
2024-03-11 15:58:24,0.147998653,0.0239463898101173,1.1285718,278.82033856902274,279.4747512614419
2024-03-11 15:58:28,0.147995938,0.0239463834446233,1.1285715,278.8147388340222,279.4704341615103
2024-03-11 15:58:32,0.147990508,0.0239453785453148,1.12852414,278.8147155986448,279.47169366402306
2024-03-11 15:58:36,0.148001368,0.0239463577704645,1.12857029,278.82119043343386,279.4794513397561
2024-03-11 15:58:41,0.147999558,0.023946287325665,1.12856697,278.8173688282286,279.47723343100483
2024-03-11 15:58:45,0.148004988,0.023946153013743,1.12856064,278.8261863667992,279.48733404324065
2024-03-11 15:58:49,0.148002273,0.0239454040072906,1.12852534,278.82799217119845,279.4904230251138
2024-03-11 15:58:53,0.148007703,0.023945762596782,1.12854224,278.8318941133364,279.49560824876585
2024-03-11 15:58:57,0.148006798,0.0239455769365423,1.12853349,278.83100210085377,279.4959996220689
2024-03-11 15:59:01,0.148013133,0.0239450072248356,1.12850664,278.84562263493405,279.51190364643736
2024-03-11 15:59:06,0.148014943,0.0239456473813418,1.12853681,278.8405537751289,279.5084392968006
2024-03-11 15:59:10,0.148016149,0.0239451415367575,1.12851297,278.84626129592965,279.51543054386326
2024-03-11 15:59:14,0.148020976,0.0239454424124373,1.12852715,278.8497651146494,279.5202181940962
2024-03-11 15:59:18,0.148026104,0.0239462041498776,1.12856305,278.8491576373937,279.5208946538345
2024-03-11 15:59:22,0.148028819,0.023945493760755,1.12852957,278.85934004616985,279.532361105315
2024-03-11 15:59:26,0.148027612,0.0239460632602786,1.12855641,278.8504278693657,279.52473307715474
2024-03-11 15:59:31,0.148029121,0.0239452696953686,1.12851901,278.8591728916065,279.5350834345263
2024-03-11 15:59:35,0.148032137,0.0239455064917428,1.12853017,278.86039294251145,279.5375878732752
2024-03-11 15:59:39,0.148039075,0.0239454040072906,1.12852534,278.87132559221135,279.5498050175012
2024-03-11 15:59:43,0.148040584,0.0239458137329166,1.12854465,278.8683886231347,279.54815264986064
2024-03-11 15:59:48,0.148042695,0.0239450008593416,1.12850634,278.8782980756859,279.5596680048958
2024-03-11 15:59:52,0.148048125,0.0239449111058772,1.12850211,278.8866705338234,279.5693253058484
2024-03-11 15:59:56,0.148048427,0.0239449751851828,1.12850513,278.88523359217544,279.56917331466406
2024-03-11 16:00:00,0.148048427,0.0239448408732608,1.1284988,278.8852885292491,279.5705133100766
2024-03-11 16:00:04,0.148057175,0.0239459864499852,1.12855279,278.88668993172774,279.57319987899547
2024-03-11 16:00:08,0.148052348,0.0239445079579283,1.12848311,278.89236662720606,279.5801618492414
2024-03-11 16:00:12,0.148065018,0.0239457816932638,1.12854314,278.8988171011153,279.5878977064715
2024-03-11 16:00:17,0.148062605,0.0239459416793446,1.12855068,278.8917205585709,279.5824080460746
2024-03-11 16:00:21,0.148071655,0.0239459930276623,1.1285531,278.90452513112353,279.59649824701654
2024-03-11 16:00:25,0.148068336,0.0239471065647338,1.12860558,278.8867746273806,279.58003348094775
2024-03-11 16:00:29,0.148080704,0.0239470297544404,1.12860196,278.90621040959104,279.6007551103414
2024-03-11 16:00:33,0.148079498,0.0239466457029733,1.12858386,278.9068104040655,279.60264106173247
2024-03-11 16:00:38,0.148084928,0.0239468954425185,1.12859563,278.91147231885714,279.6089105773236
2024-03-11 16:00:42,0.148083419,0.0239462682291832,1.12856607,278.91400957497734,279.6127340380787
2024-03-11 16:00:46,0.148083118,0.0239448024681141,1.12849699,278.92686393403835,279.6268747122345
2024-03-11 16:00:50,0.148082514,0.0239441302719551,1.12846531,278.9313110695916,279.63260827356527
2024-03-11 16:00:54,0.148088548,0.0239447127146497,1.12849276,278.93394871522725,279.63653245588404
2024-03-11 16:00:58,0.148092469,0.0239447640629674,1.12849518,278.93847669534307,279.64234708381053
2024-03-11 16:01:03,0.148092771,0.0239453592366499,1.12852323,278.93141588238274,279.6368947372253
2024-03-11 16:01:07,0.148096994,0.0239458137329166,1.12854465,278.93240752684784,279.63917328035006
2024-03-11 16:01:11,0.148096391,0.0239449688196888,1.12850483,278.9385795048902,279.6466322689003
2024-03-11 16:01:15,0.148097899,0.0239443736460063,1.12847678,278.9456658469907,279.6550057335782
2024-03-11 16:01:19,0.148101519,0.0239444952269404,1.12848251,278.9490066461385,279.65963376759333
2024-03-11 16:01:24,0.148105742,0.0239445656717399,1.12848583,278.9535088660451,279.66574518932805
2024-03-11 16:01:28,0.148108759,0.0239443863769942,1.12847738,278.9588794273217,279.67240323893066
2024-03-11 16:01:32,0.148106044,0.0239438614359281,1.12845264,278.95845038667267,279.6732617996132
2024-03-11 16:01:36,0.148107552,0.0239441239064611,1.12846501,278.95697624864437,279.6730753761418
2024-03-11 16:01:40,0.1481163,0.0239442134477424,1.12846923,278.96891123677017,279.6862981922689
2024-03-11 16:01:44,0.14812354,0.0239448856439015,1.12850091,278.9725963411436,279.691271238307
2024-03-11 16:01:49,0.14812535,0.0239442838925419,1.12847255,278.9799138943942,279.70019887881057
2024-03-11 16:01:53,0.148121127,0.0239434837499549,1.12843484,278.9797987105711,279.7013718931938
2024-03-11 16:01:57,0.148123238,0.0239432598967516,1.12842429,278.9841518628474,279.70701335804915
2024-03-11 16:02:01,0.148122937,0.0239432983018984,1.1284261,278.981994272989,279.7061441953606
2024-03-11 16:02:05,0.148126557,0.0239434069396614,1.12843122,278.9854629856955,279.71090145004496
2024-03-11 16:02:09,0.148129573,0.0239435671379254,1.12843877,278.9874420663249,279.7141691876772
2024-03-11 16:02:14,0.148133193,0.0239437718946468,1.12844842,278.9896286167968,279.7179667214873
2024-03-11 16:02:18,0.148135305,0.0239436694101945,1.12844359,278.9927711175769,279.7223981388693
2024-03-11 16:02:22,0.148137416,0.0239432853587274,1.12842549,278.99872318149454,279.7296392351176
2024-03-11 16:02:26,0.148139226,0.0239431767209643,1.12842037,279.0014396676468,279.73364486954506
2024-03-11 16:02:30,0.148142545,0.023944405473476,1.12847828,278.9932382338698,279.72673270020346
2024-03-11 16:02:35,0.148146768,0.0239434389793142,1.12843273,279.0080911296966,279.7431973402527
2024-03-11 16:02:39,0.148148276,0.0239437975688056,1.12844963,279.00565468087797,279.7420504180166
2024-03-11 16:02:43,0.148154611,0.0239439127842458,1.12845506,279.01343764494044,279.7511230255204
2024-03-11 16:02:47,0.148148578,0.0239429526555779,1.12840981,279.011999191338,279.7509743324325
2024-03-11 16:02:51,0.148156723,0.0239428949417663,1.12840709,279.02443016865607,279.7646951875522
2024-03-11 16:02:55,0.148154913,0.0239441111754733,1.12846441,279.00807440700225,279.749629421201
2024-03-11 16:03:00,0.148162756,0.0239440982323023,1.1284638,279.0192475199467,279.7624151938346
2024-03-11 16:03:04,0.148169091,0.0239441559461139,1.12846652,279.0276039537844,279.77206188813204
2024-03-11 16:03:08,0.148169392,0.0239441943512606,1.12846833,279.0264157963946,279.77216410939565
2024-03-11 16:03:12,0.148167582,0.0239421652439787,1.1283727,279.0424684750383,279.78950728509886
2024-03-11 16:03:16,0.148168487,0.0239429206159251,1.1284083,279.0350943103246,279.7834237360631
2024-03-11 16:03:21,0.148172711,0.0239437271240061,1.12844631,279.0322431205272,279.78218598299304
2024-03-11 16:03:25,0.148169996,0.0239421909181376,1.12837391,279.0419129897216,279.7931467355311
2024-03-11 16:03:29,0.148172711,0.0239424404454997,1.12838567,279.0425114179263,279.7950361663856
2024-03-11 16:03:33,0.14817995,0.0239422484197661,1.12837662,279.0548210371365,279.80863690776266
2024-03-11 16:03:37,0.148182665,0.0239429846952307,1.12841132,279.05055735974173,279.8056644722625
2024-03-11 16:03:42,0.148181459,0.0239414100842154,1.12833711,279.0627249258426,279.8194462594194
2024-03-11 16:03:46,0.148181157,0.0239424597541646,1.12838658,279.05046112506597,279.8084739706938
2024-03-11 16:03:50,0.14818538,0.0239425492954459,1.1283908,279.05509046071677,279.8143949388062
2024-03-11 16:03:55,0.148178442,0.023941192384323,1.12832685,279.0558324471064,279.8167516354191
2024-03-11 16:03:59,0.148192922,0.0239416725547485,1.12834948,279.07311367838514,279.8353247708485
2024-03-11 16:04:03,0.148197748,0.0239421781871497,1.12837331,279.07455922600286,279.8380623437073
2024-03-11 16:04:07,0.148200162,0.0239419348130984,1.12836184,279.07959428463874,279.8443895488828
2024-03-11 16:04:11,0.148198653,0.0239427476866734,1.12840015,279.06774637400173,279.8338339062925
2024-03-11 16:04:15,0.148201368,0.0239424788506464,1.12838748,279.0735211245668,279.8409010466193
2024-03-11 16:04:20,0.148203178,0.0239427926694971,1.12840227,279.07169162368973,279.84068720442235
2024-03-11 16:04:24,0.14820167,0.0239423445387244,1.12838115,279.07244192771793,279.84273017282965
2024-03-11 16:04:28,0.148211926,0.0239426324712332,1.12839472,279.0848245554551,279.8564055873347
2024-03-11 16:04:32,0.148220976,0.0239433173983801,1.128427,279.09129431304547,279.8641682542884
2024-03-11 16:04:36,0.148223088,0.0239430485623531,1.12841433,279.0960955263663,279.8702624997745
2024-03-11 16:04:41,0.148218261,0.0239431830864582,1.12842067,279.08534508921554,279.8611285258346
2024-03-11 16:04:45,0.148222183,0.0239430999106709,1.12841675,279.09121222043524,279.86828896627713
2024-03-11 16:04:49,0.148226104,0.0239427926694971,1.12840227,279.09931631810315,279.8776864966388
2024-03-11 16:04:53,0.148230327,0.0239433046673923,1.1284264,279.0997226072987,279.879386342204
2024-03-11 16:04:57,0.148227311,0.0239416659770714,1.12834917,279.1099346078321,279.89089202298794
2024-03-11 16:05:01,0.148230931,0.0239424020403529,1.12838386,279.1071284210421,279.88937964053406
2024-03-11 16:05:06,0.148236662,0.0239433173983801,1.128427,279.1056140883178,279.8894827380365
2024-03-11 16:05:10,0.148233042,0.0239421845526436,1.12837361,279.1097969733471,279.8949597073411
2024-03-11 16:05:14,0.148237869,0.0239418195976583,1.12835641,279.1199400041078,279.9063969471256
2024-03-11 16:05:18,0.148239981,0.023942664510886,1.12839623,279.11361137852407,279.9013626555178
2024-03-11 16:05:22,0.148241489,0.0239421909181376,1.12837391,279.1194830986651,279.90852883478976
2024-03-11 16:05:26,0.148246014,0.0239428694797906,1.12840589,279.1187107460937,279.90905106670726
2024-03-11 16:05:31,0.148246014,0.0239415828012841,1.12834525,279.12995024304075,279.9219089708584
2024-03-11 16:05:35,0.14824722,0.0239421845526436,1.12837361,279.12458823281827,279.91784182792014
2024-03-11 16:05:39,0.148256572,0.0239413523704038,1.12833439,279.14670362171984,279.9412522101211
2024-03-11 16:05:43,0.14825446,0.0239420500285386,1.12836727,279.1350273126954,279.93087102061264
2024-03-11 16:05:47,0.148254159,0.0239416659770714,1.12834917,279.13708446643545,279.93422342028686
2024-03-11 16:05:52,0.148260192,0.0239413523704038,1.12833439,279.1483366195184,279.947094808869
2024-03-11 16:05:56,0.148264717,0.0239422868249128,1.12837843,279.14500474626533,279.9450584667252
2024-03-11 16:06:00,0.148267733,0.0239420436630447,1.12836697,279.15100699013146,279.9523563687709
2024-03-11 16:06:04,0.148264415,0.0239417877701886,1.12835491,279.14691370080493,279.9495588648944
2024-03-11 16:06:08,0.148274068,0.0239419284476045,1.12836154,279.1597912750043,279.963732352014
2024-03-11 16:06:13,0.148270147,0.0239418900424578,1.12835973,279.1522267413987,279.9577878891176
2024-03-11 16:06:17,0.148275878,0.0239418389063232,1.12835732,279.16069127734374,279.9675486255201
2024-03-11 16:06:21,0.148276481,0.0239419795837391,1.12836395,279.1589620231779,279.9671156999292
2024-03-11 16:06:25,0.148277688,0.0239420245665629,1.12836607,279.15916398113643,279.968614114779
2024-03-11 16:06:29,0.148284324,0.0239414675858439,1.12833982,279.17414526126214,279.9848919803105
2024-03-11 16:06:34,0.14828161,0.023940385876242,1.12828884,279.17895750738336,279.9913251392142
2024-03-11 16:06:38,0.148279196,0.0239411348826945,1.12832414,279.1662767155546,279.9799412226726
2024-03-11 16:06:42,0.148281911,0.0239409108173082,1.12831358,279.17160165059437,279.98656316215664
2024-03-11 16:06:46,0.148287944,0.0239415189341616,1.12834224,279.173962661405,279.99022130676576
2024-03-11 16:06:50,0.148291564,0.0239410003585894,1.1283178,279.18369228420534,280.00124819291545
2024-03-11 16:06:54,0.148296693,0.0239404435900537,1.12829156,279.19623986525596,280.01509316706307
2024-03-11 16:06:59,0.148304536,0.0239414739513379,1.12834012,279.196975245344,280.0174504712787
2024-03-11 16:07:03,0.148307251,0.023941333273922,1.12833349,279.20146609974597,280.0232390114266
2024-03-11 16:07:07,0.148301821,0.0239418836769639,1.12835943,279.18590146524974,280.0089721930605
2024-03-11 16:07:11,0.148309664,0.0239421652439787,1.1283727,279.19444690723526,280.0188155817558
2024-03-11 16:07:15,0.148308156,0.0239411283050174,1.12832383,279.2010822941097,280.02674904611456
2024-03-11 16:07:19,0.148308156,0.0239414996254967,1.12834133,279.1960715202944,280.023036480753
2024-03-11 16:07:24,0.148311776,0.0239405715364817,1.12829759,279.20957100637446,280.0381589118721
2024-03-11 16:07:28,0.148322334,0.0239422100146194,1.12837481,279.2089304035422,280.0388168128851
2024-03-11 16:07:32,0.148323842,0.0239423829438711,1.12838296,279.2083365792332,280.03952162402175
2024-03-11 16:07:36,0.14832535,0.0239422484197661,1.12837662,279.21081669399814,280.04330050602607
2024-03-11 16:07:40,0.148324144,0.0239412819256043,1.12833107,279.21723533244,280.05101804369446
2024-03-11 16:07:44,0.148319317,0.0239415380306434,1.12834314,279.2055846364761,280.0406663791372
2024-03-11 16:07:49,0.148328668,0.0239414675858439,1.12833982,279.21975768158336,280.0564633996744
2024-03-11 16:07:53,0.148327462,0.0239409171828021,1.12831388,279.22201575551907,280.0600208031259
2024-03-11 16:07:57,0.148328065,0.0239405715364817,1.12829759,279.2251461088877,280.0644506188156
2024-03-11 16:08:01,0.148334098,0.0239411412481884,1.12832444,279.2278868773974,280.0684909826435
2024-03-11 16:08:06,0.148340735,0.023941192384323,1.12832685,279.2364632303889,280.0786920171013
2024-03-11 16:08:10,0.148335908,0.0239404306468827,1.12829095,279.2349902402011,280.0785189221745
2024-03-11 16:08:15,0.148334702,0.0239394066510924,1.12824269,279.24165992262806,280.0868136616009
2024-03-11 16:08:19,0.148337115,0.0239397009490951,1.12825656,279.24131119054266,280.0877651256856
2024-03-11 16:08:23,0.148342846,0.0239404499555476,1.12829186,279.2417701347982,280.089524400158
2024-03-11 16:08:27,0.148346165,0.0239404819952004,1.12829337,279.24550639833166,280.09456112814485
2024-03-11 16:08:32,0.148346165,0.0239408083328559,1.12830875,279.24061675811544,280.09129725755446
2024-03-11 16:08:36,0.148344053,0.0239397393542418,1.12825837,279.2465986594337,280.0985799260513
2024-03-11 16:08:40,0.148350388,0.0239394193820802,1.12824329,279.2587240659254,280.1120062345736
2024-03-11 16:08:44,0.1483525,0.0239402002160024,1.12828009,279.2530216916657,280.1076048973851
2024-03-11 16:08:48,0.148350086,0.0239396050423199,1.12825204,279.25377724398567,280.1096616220052
2024-03-11 16:08:52,0.148356119,0.0239400595385865,1.12827346,279.2576679038669,280.11485358960385
2024-03-11 16:08:57,0.148357929,0.0239395282320264,1.12824842,279.26427739998064,280.123089911081
2024-03-11 16:09:01,0.148357929,0.0239389712513075,1.12822217,279.2685475924678,280.1286617166608
2024-03-11 16:09:05,0.148360041,0.0239392273563467,1.12823424,279.26809302151514,280.12950889482755
2024-03-11 16:09:09,0.148356723,0.023938382443119,1.12819442,279.26988764665,280.1326054052955
2024-03-11 16:09:14,0.148360041,0.0239375375298913,1.1281546,279.28206938077017,280.1464146879172
2024-03-11 16:09:18,0.148365169,0.0239382735931727,1.12818929,279.281680904011,280.1473284036541
2024-03-11 16:09:22,0.148370599,0.0239393746114396,1.12824118,279.278128536901,280.14507836585983
2024-03-11 16:09:26,0.148370901,0.0239388689790384,1.12821735,279.2823721961208,280.1506244914004
2024-03-11 16:09:31,0.148363963,0.0239381713209036,1.12818447,279.27652425497104,280.1464048260978
2024-03-11 16:09:35,0.148369996,0.0239386258171702,1.12820589,279.2804130789804,280.1515964253674
2024-03-11 16:09:39,0.148380855,0.023938504024053,1.12820015,279.29785799031544,280.1703442495697
2024-03-11 16:09:43,0.148384174,0.0239397459319189,1.12825868,279.28948667153173,280.1632759814449
2024-03-11 16:09:48,0.148382062,0.0239382608621849,1.12818869,279.2993074377809,280.1747257550677
2024-03-11 16:09:52,0.148381459,0.0239388048997328,1.12821433,279.2915870873509,280.1683087660009
2024-03-11 16:09:56,0.148375124,0.0239375120679155,1.1281534,279.2929931485026,280.17101832690537
2024-03-11 16:10:00,0.148385984,0.0239384081172778,1.12819563,279.30025465160287,280.17958346833126
2024-03-11 16:10:04,0.148389905,0.0239380177003167,1.12817723,279.3091872173729,280.1898198111828
2024-03-11 16:10:08,0.148385682,0.0239382097260503,1.12818628,279.2991446235152,280.18108113334546
2024-03-11 16:10:13,0.148386285,0.0239378704452238,1.12817029,279.30188300123297,280.18544960174955
2024-03-11 16:10:17,0.148392319,0.0239381840518915,1.12818507,279.30718121226744,280.1920520420836
2024-03-11 16:10:21,0.148395637,0.0239379345245294,1.12817331,279.3137301173593,280.19990531600627
2024-03-11 16:10:25,0.148398955,0.0239380752019452,1.12817994,279.3163740718284,280.20385377901863
2024-03-11 16:10:29,0.148402273,0.0239386001430114,1.12820468,279.31517231823995,280.2039566738676
2024-03-11 16:10:33,0.148408005,0.0239390864667477,1.1282276,279.3182536484041,280.20834279254416
2024-03-11 16:10:38,0.148411323,0.0239391698547182,1.12823153,279.3211440118994,280.212864338936
2024-03-11 16:10:42,0.148411926,0.0239384592534124,1.12819804,279.32792386341123,280.2209492947898
2024-03-11 16:10:46,0.14841434,0.0239387921687449,1.12821373,279.32718363509474,280.221514311477
2024-03-11 16:10:50,0.148416451,0.0239388048997328,1.12821433,279.32915854132455,280.224794603552
2024-03-11 16:10:54,0.148409211,0.0239382929018377,1.1281902,279.32128977287107,280.21823136196485
2024-03-11 16:10:58,0.148413435,0.0239378000004243,1.12816697,279.3317361232512,280.22998338041174
2024-03-11 16:11:03,0.148417658,0.0239376400143435,1.12815943,279.3385224678819,280.2384020089619
2024-03-11 16:11:07,0.148417356,0.0239381329157569,1.12818266,279.3317955182861,280.2329810457881
2024-03-11 16:11:11,0.148419468,0.0239366030753823,1.12811056,279.3492118227623,280.25170347846785
2024-03-11 16:11:15,0.148422786,0.0239367055598345,1.12811539,279.3522363047217,280.2560342305902
2024-03-11 16:11:19,0.148433646,0.0239380177003167,1.12817723,279.3553271636707,280.2604315018396
2024-03-11 16:11:24,0.148429724,0.0239370639371428,1.12813228,279.35690990048147,280.263647454177
2024-03-11 16:11:28,0.148427613,0.0239367566959691,1.1281178,279.355270841668,280.2633151281219
2024-03-11 16:11:32,0.148431534,0.0239372816370352,1.12814254,279.3550390360611,280.26439019798687
2024-03-11 16:11:36,0.148435154,0.0239371150732774,1.12813469,279.36124352508165,280.27190170536954
2024-03-11 16:11:40,0.148433646,0.0239365326305828,1.12810724,279.3633327318574,280.27529807357405
2024-03-11 16:11:44,0.148439377,0.0239368271407686,1.12812112,279.3683292276979,280.2816018740861
2024-03-11 16:11:49,0.148438774,0.0239359501878881,1.12807979,279.37450126093745,280.28940823986807
2024-03-11 16:11:53,0.148443601,0.0239372559628764,1.12814133,279.3679133686763,280.28412797521713
2024-03-11 16:11:57,0.148448427,0.0239381329157569,1.12818266,279.3656171421551,280.2831395201196
2024-03-11 16:12:01,0.148449634,0.0239374095834632,1.12814857,279.3734992508018,280.2923295441781
2024-03-11 16:12:05,0.148455365,0.0239373775438105,1.12814706,279.3817639678272,280.30190232077825
2024-03-11 16:12:10,0.14845808,0.0239375054902385,1.12815309,279.3832307297101,280.30500436012426
2024-03-11 16:12:14,0.148455365,0.023936782370128,1.12811901,279.38477944198854,280.3078614569812
2024-03-11 16:12:18,0.148464717,0.023936776004634,1.12811871,279.39863283809507,280.323023382395
2024-03-11 16:12:22,0.148470448,0.0239380367967985,1.12817813,279.393951952546,280.3196511710553
2024-03-11 16:12:26,0.14846351,0.023937300733517,1.12814344,279.3888126034559,280.31582064125007
2024-03-11 16:12:30,0.148462002,0.0239366607891939,1.12811328,279.3914768641152,280.3197938664426
2024-03-11 16:12:35,0.148465923,0.0239376847849842,1.12816154,279.38591734319414,280.3158707557066
2024-03-11 16:12:39,0.148474672,0.0239372880025292,1.12814284,279.402705340039,280.3339680445244
2024-03-11 16:12:43,0.148478593,0.0239376400143435,1.12815943,279.40420103101025,280.3367731732772
2024-03-11 16:12:47,0.148475878,0.0239370575716489,1.12813198,279.4043407591251,280.33822248515395
2024-03-11 16:12:51,0.148473163,0.0239364237806365,1.12810211,279.4049946218998,280.3401860778423
2024-03-11 16:12:56,0.148471052,0.0239356365812205,1.12806501,279.4078324378811,280.3446612620026
2024-03-11 16:13:00,0.14848704,0.023936782370128,1.12811901,279.4208598701556,280.3589987536581
2024-03-11 16:13:04,0.1484798,0.0239364558202893,1.12810362,279.4111312883297,280.3505803779205
2024-03-11 16:13:08,0.148484626,0.0239363085651964,1.12809668,279.4190871641749,280.3598466067316
2024-03-11 16:13:12,0.148484928,0.0239364814944482,1.12810483,279.4165323322351,280.3586022748054
2024-03-11 16:13:16,0.148487643,0.0239363021997025,1.12809638,279.4214006690777,280.364781258879
2024-03-11 16:13:21,0.148481006,0.0239356429467144,1.12806531,279.41564936975095,280.360668475874
2024-03-11 16:13:25,0.148492771,0.0239373520818347,1.12814586,279.4162153865223,280.3625454717351
2024-03-11 16:13:29,0.148493676,0.0239360590378343,1.12808492,279.4293157146146,280.3769569266844
2024-03-11 16:13:33,0.148494581,0.0239349836937263,1.12803424,279.4402367438812,280.3891892307441
2024-03-11 16:13:37,0.148505139,0.0239366607891939,1.12811328,279.4391725976392,280.3894365073994
2024-03-11 16:13:42,0.148499408,0.0239357711053255,1.12807135,279.4371919245082,280.38909532141787
2024-03-11 16:13:46,0.148501218,0.0239349836937263,1.12803424,279.44669000300155,280.39990515665744
2024-03-11 16:13:50,0.148501821,0.023935847915619,1.12807497,279.43769471161625,280.39222177066773
2024-03-11 16:13:54,0.148501218,0.0239358863207657,1.12807678,279.4350244134944,280.39086352675827
2024-03-11 16:13:58,0.148502424,0.02393475962834,1.12802368,279.4469456536939,280.4040969701537
2024-03-11 16:14:02,0.148504837,0.0239356302157265,1.12806471,279.440808181585,280.3992718503911
2024-03-11 16:14:07,0.148512681,0.0239360206326876,1.12808311,279.44792101018504,280.4080253294196
2024-03-11 16:14:11,0.148515094,0.0239358158759662,1.12807346,279.4525553478266,280.4139723556031
2024-03-11 16:14:15,0.148523239,0.0239364878599421,1.12810513,279.4576609596947,280.420390805703
2024-03-11 16:14:19,0.148520825,0.0239354702296458,1.12805717,279.4626452096696,280.42668804376507
2024-03-11 16:14:23,0.14852173,0.023936231754903,1.12809306,279.45516416079636,280.42052013299946
2024-03-11 16:14:27,0.148526557,0.0239366030753823,1.12811056,279.45792420768026,280.42459346817645
2024-03-11 16:14:32,0.148529272,0.0239352718384183,1.12804782,279.4740028421931,280.4423139245047
2024-03-11 16:14:36,0.148528065,0.02393650059093,1.12810573,279.458430089485,280.42805479860846
2024-03-11 16:14:40,0.148530177,0.0239357838363134,1.12807195,279.46770691570504,280.4386454023599
2024-03-11 16:14:44,0.148539528,0.0239364303583136,1.12810242,279.4750129321095,280.4472653471789
2024-03-11 16:14:48,0.148538925,0.0239369166820499,1.12812534,279.4678530108368,280.4414195053676
2024-03-11 16:14:52,0.14854345,0.0239357133915139,1.12806863,279.48590040471976,280.460781129922
2024-03-11 16:14:57,0.148536813,0.0239352204901005,1.1280454,279.4784802435055,280.4550039699342
2024-03-11 16:15:01,0.148534702,0.0239356174847387,1.12806411,279.4697795945572,280.44761789247514
2024-03-11 16:15:05,0.148536813,0.0239352718384183,1.12804782,279.4753364486285,280.45448946977405
2024-03-11 16:15:09,0.148545863,0.023935297300394,1.12804902,279.4883784865882,280.4688463828621
2024-03-11 16:15:13,0.148547371,0.0239355725019149,1.12806199,279.48674064234154,280.468523565806
2024-03-11 16:15:17,0.1485525,0.0239357581621545,1.12807074,279.49184618721057,280.47494429008964
2024-03-11 16:15:22,0.148551896,0.0239353036658879,1.12804932,279.49378112355305,280.4785234150107
2024-03-11 16:15:26,0.148551595,0.0239357581621545,1.12807074,279.48742530062725,280.4734831145923
2024-03-11 16:15:30,0.148560343,0.023936782370128,1.12811901,279.48997067147263,280.4773441606921
2024-03-11 16:15:34,0.148559739,0.023934625316418,1.12801735,279.5092954597531,280.4979847771341
2024-03-11 16:15:38,0.148562454,0.0239355086347925,1.12805898,279.5035108737325,280.49351617234254
2024-03-11 16:15:43,0.148561851,0.0239349773282324,1.12803394,279.5062165799577,280.49786707059826
2024-03-11 16:15:47,0.148566376,0.0239354572864748,1.12805656,279.50739631672275,280.5003631335778
2024-03-11 16:15:51,0.148556723,0.0239351052746604,1.12803997,279.49402185542044,280.4883051520758
2024-03-11 16:15:55,0.148567583,0.0239358029327952,1.12807285,279.5032480806513,280.49884801085153
2024-03-11 16:15:59,0.148576632,0.0239370832458077,1.12813319,279.50371077029473,280.50062748794335
2024-03-11 16:16:04,0.148575727,0.0239355340967682,1.12806018,279.51612849651355,280.5146914151405
2024-03-11 16:16:08,0.148578744,0.0239367246563163,1.12811629,279.5077507877747,280.5076308407113
2024-03-11 16:16:12,0.148585381,0.0239367055598345,1.12811539,279.51734039884076,280.5185377405041
2024-03-11 16:16:16,0.148579951,0.0239360079016998,1.12808251,279.51424800936024,280.51676279432513
2024-03-11 16:16:20,0.148583571,0.0239357390656728,1.12806984,279.52146954178164,280.5253019247799
2024-03-11 16:16:24,0.148589604,0.0239364237806365,1.12810211,279.5230297912794,280.5281799272
2024-03-11 16:16:29,0.148592017,0.023936225389409,1.12809276,279.5272666722171,280.53406421734184
2024-03-11 16:16:33,0.148589302,0.0239353804761813,1.12805294,279.5300336400905,280.5381492872101
2024-03-11 16:16:37,0.148593827,0.0239366478460229,1.12811267,279.52331845502124,280.5327523595331
2024-03-11 16:16:41,0.148595939,0.0239359374569003,1.12807919,279.53253015549996,280.54328247295695
2024-03-11 16:16:45,0.148588699,0.0239353741106874,1.12805264,279.52516859907394,280.53723948518467
2024-03-11 16:16:50,0.148601368,0.0239360142671937,1.12808281,279.5375587242936,280.5512780404233
2024-03-11 16:16:54,0.148593827,0.0239346189509241,1.12801705,279.53805067224533,280.55308890794055
2024-03-11 16:16:58,0.148601067,0.0239356365812205,1.12806501,279.53822062158434,280.5545779330573
2024-03-11 16:17:02,0.148601368,0.0239352782039122,1.12804812,279.5409798358241,280.55865637944163
2024-03-11 16:17:06,0.148602877,0.0239352588952473,1.12804721,279.54229048001315,280.56128641229617
2024-03-11 16:17:10,0.148611927,0.0239360590378343,1.12808492,279.5475620949841,280.5678775726072
2024-03-11 16:17:15,0.148608005,0.0239345996422592,1.12801614,279.55421018099037,280.57617531084657
2024-03-11 16:17:19,0.148611625,0.0239354765951397,1.12805747,279.5499437240192,280.573228752295
2024-03-11 16:17:23,0.148611022,0.0239347084922054,1.12802127,279.5553504185376,280.57995550240594
2024-03-11 16:17:27,0.148610418,0.0239347405318582,1.12802278,279.5527337355443,280.5786590323309
2024-03-11 16:17:31,0.148609513,0.0239338699444716,1.12798175,279.55868036636735,280.5859260335505
2024-03-11 16:17:36,0.148606497,0.0239335499723101,1.12796667,279.5553677254446,280.5842640773091
2024-03-11 16:17:40,0.148617658,0.0239341771856453,1.12799623,279.565780317511,280.595997394654
2024-03-11 16:17:44,0.148611625,0.023933422025882,1.12796064,279.5622893893387,280.5938273497322
2024-03-11 16:17:48,0.148617356,0.0239334795275106,1.12796335,279.569645960181,280.6025049619481
2024-03-11 16:17:52,0.148620071,0.0239337226893787,1.12797481,279.5702706359277,280.6044508373428
2024-03-11 16:17:56,0.148626406,0.0239341644546575,1.12799563,279.57474902173414,280.6102505812223
2024-03-11 16:18:00,0.14862158,0.0239333131759358,1.12795551,279.5741707422563,280.61099381839296
2024-03-11 16:18:05,0.148623993,0.0239324171265736,1.12791328,279.58540069216286,280.6238758873363
2024-03-11 16:18:09,0.148627311,0.0239339851599118,1.12798718,279.5737126660695,280.6135097352356
2024-03-11 16:18:13,0.148630629,0.0239337676722025,1.12797693,279.57992920529557,280.6210483075173
2024-03-11 16:18:17,0.148637266,0.0239340171995646,1.12798869,279.5868218227366,280.62926311722646
2024-03-11 16:18:21,0.148632439,0.0239328459486813,1.12793349,279.58945060829905,280.6332142544184
2024-03-11 16:18:25,0.148636059,0.0239333963517232,1.12795943,279.5884539252195,280.6335400824787
2024-03-11 16:18:30,0.148635154,0.0239327818693758,1.12793047,279.5915015845573,280.6382411052791
2024-03-11 16:18:34,0.148641188,0.0239337356325497,1.12797542,279.5903573528848,280.6384197441876
2024-03-11 16:18:38,0.148644204,0.0239344460216723,1.1280089,279.58678036998265,280.63616579185884
2024-03-11 16:18:42,0.148650237,0.02393449736999,1.12801132,279.5946837364318,280.6453923490214
2024-03-11 16:18:47,0.148648126,0.0239333899862293,1.12795913,279.60072660419917,280.65308943060194
2024-03-11 16:18:51,0.148651444,0.0239333259069237,1.12795611,279.6054036226072,280.6590900005772
2024-03-11 16:18:55,0.148649332,0.0239331147847083,1.12794616,279.60278692123836,280.65779701139377
2024-03-11 16:18:59,0.14865989,0.0239349261920978,1.12803153,279.60034453958446,280.6566785026902
2024-03-11 16:19:03,0.148653857,0.0239327818693758,1.12793047,279.6107852041371,280.6684432011044
2024-03-11 16:19:07,0.148656572,0.0239324873591899,1.12791659,279.61679937637683,280.67578156826306
2024-03-11 16:19:12,0.148651444,0.023934087644364,1.12799201,279.59081265365774,280.65145031590146
2024-03-11 16:19:16,0.148663812,0.0239336331480974,1.12797059,279.61401786182523,280.6759800818994
2024-03-11 16:19:20,0.148660795,0.0239326475574538,1.12792414,279.6177072259008,280.6809941653356
2024-03-11 16:19:24,0.148667734,0.0239337804031903,1.12797753,279.61622438744354,280.68083620791407
2024-03-11 16:19:28,0.148666225,0.0239329802606033,1.12793982,279.6204885403705,280.6864254036965
2024-03-11 16:19:33,0.148669544,0.0239329866260972,1.12794012,279.6241277439469,280.6917211386213
2024-03-11 16:19:37,0.148666225,0.023933556337804,1.12796697,279.6117281707872,280.68064697293914
2024-03-11 16:19:41,0.14867437,0.0239331211502023,1.12794646,279.6279204236814,280.69816479559904
2024-03-11 16:19:45,0.148674068,0.0239331850173247,1.12794947,279.6254663497459,280.6970364538609
2024-03-11 16:19:49,0.148676482,0.0239332170569775,1.12795098,279.6277172017672,280.7006132006546
2024-03-11 16:19:53,0.148675878,0.0239324746282021,1.12791599,279.6328636691098,280.70708572548745
2024-03-11 16:19:58,0.14868342,0.0239330059347621,1.12794103,279.6380549738238,280.71393483110387
2024-03-11 16:20:02,0.148684626,0.0239330507054028,1.12794314,279.63822689448494,280.7154331758923
2024-03-11 16:20:06,0.148685833,0.023931687428786,1.12787889,279.65252695534645,280.731059824062
2024-03-11 16:20:10,0.148691263,0.0239326155178011,1.12792263,279.65065736918507,280.7305169885318
2024-03-11 16:20:14,0.148688548,0.0239323466817741,1.12790996,279.6476433156679,280.7288298491101
2024-03-11 16:20:18,0.148695185,0.0239320649025761,1.12789668,279.65986146933795,280.7423750804816
2024-03-11 16:20:23,0.148688246,0.0239323146421213,1.12790845,279.64449092150676,280.7286636100628
2024-03-11 16:20:27,0.148689151,0.0239328011780407,1.12793138,279.6397435731986,280.72524370808475
2024-03-11 16:20:31,0.148693978,0.0239321546560405,1.12790091,279.6526975989252,280.73952534420494
2024-03-11 16:20:35,0.148689755,0.0239318921855074,1.12788854,279.6471835973059,280.73533911718283
2024-03-11 16:20:39,0.148695486,0.0239321482905466,1.12790061,279.6525410153965,280.7420244742144
2024-03-11 16:20:44,0.148694883,0.0239313417824656,1.1278626,279.65799956432704,280.7491431781424
2024-03-11 16:20:48,0.148701821,0.0239328970848159,1.1279359,279.65226966105774,280.7447415840979
2024-03-11 16:20:52,0.148712077,0.0239336267826035,1.12797029,279.6601813844268,280.7539817814885
2024-03-11 16:20:56,0.148708156,0.0239329098158038,1.1279365,279.65971490055404,280.75484393657314
2024-03-11 16:21:01,0.148707251,0.023931943321642,1.12789095,279.66629056777674,280.76308063464444
2024-03-11 16:21:05,0.148703329,0.0239316490236393,1.12787708,279.6615809820249,280.7597000594616
2024-03-11 16:21:09,0.148703631,0.0239311688532138,1.12785445,279.6655580143444,280.7650062677354
2024-03-11 16:21:13,0.148703028,0.0239317001597738,1.12787949,279.657923229603,280.7587008244712
2024-03-11 16:21:17,0.148714491,0.0239317897010551,1.12788371,279.6742072363529,280.7763143383588
2024-03-11 16:21:21,0.148714792,0.0239318858200135,1.12788824,279.6723990712302,280.7758358461714
2024-03-11 16:21:26,0.148718111,0.0239319626303069,1.12789186,279.67532587219824,280.78042497167024
2024-03-11 16:21:30,0.148723239,0.023932084211241,1.12789759,279.68105700663045,280.787486152583
2024-03-11 16:21:34,0.148719317,0.0239312520290011,1.12785837,279.68174470803876,280.7895040667137
2024-03-11 16:21:38,0.148722937,0.0239321353473756,1.1279,279.67739552370244,280.78648526147776
2024-03-11 16:21:42,0.148721429,0.0239314569979057,1.12786803,279.6804374963101,280.79085777969954
2024-03-11 16:21:46,0.148731987,0.0239318858200135,1.12788824,279.6918536310398,280.8036046266929
2024-03-11 16:21:51,0.148729272,0.0239319305906541,1.12789035,279.6853560963984,280.79877071693784
2024-03-11 16:21:55,0.148727462,0.0239311113515853,1.12785174,279.68932431306376,280.8040700213225
2024-03-11 16:21:59,0.148726557,0.0239313033773188,1.12786079,279.68460415805094,280.8006811211172
2024-03-11 16:22:03,0.1487344,0.0239309129603578,1.12784239,279.69985786919864,280.8172662542952
2024-03-11 16:22:07,0.148734702,0.0239313354169716,1.1278623,279.6947736409351,280.81351361541897
2024-03-11 16:22:12,0.148733797,0.0239306504898247,1.12783002,279.6985222890809,280.8189269858487
2024-03-11 16:22:16,0.148739528,0.0239317385649206,1.1278813,279.69552432208826,280.81726098528605
2024-03-11 16:22:20,0.148745863,0.0239317897010551,1.12788371,279.7039096705759,280.826978467995
2024-03-11 16:22:24,0.148741338,0.0239313672444413,1.1278638,279.69951009392224,280.82391119348733
2024-03-11 16:22:28,0.148749785,0.0239308488810522,1.12783937,279.7170229628658,280.8427565326342
2024-03-11 16:22:33,0.148749785,0.0239317960665491,1.12788401,279.7058490355852,280.8332484296403
2024-03-11 16:22:37,0.148741037,0.0239308745552111,1.12784058,279.6996383798322,280.8283706227042
2024-03-11 16:22:41,0.148752198,0.0239318794545196,1.12788794,279.7062430089783,280.8363082691544
2024-03-11 16:22:45,0.148752198,0.0239313481479595,1.1278629,279.7102431779937,280.8416416240932
2024-03-11 16:22:49,0.1487525,0.0239315017685463,1.12787014,279.707855449307,280.8405872500804
2024-03-11 16:22:53,0.148757628,0.0239318985510013,1.12788884,279.71082042669775,280.844885751027
2024-03-11 16:22:57,0.148758231,0.0239311304480671,1.12785264,279.71817132727426,280.85357034417206
2024-03-11 16:23:02,0.148761248,0.0239311240825731,1.12785234,279.7214403915372,280.85850676201915
2024-03-11 16:23:06,0.148758835,0.0239304455209201,1.12782036,279.7230216593799,280.8614221031867
2024-03-11 16:23:10,0.148760343,0.0239302984780104,1.12781343,279.72559923041024,280.86533391697867
2024-03-11 16:23:14,0.148757326,0.0239296839956629,1.12778447,279.72556154518696,280.8666306440836
2024-03-11 16:23:18,0.148766376,0.0239301575884114,1.12780679,279.7340885760802,280.8764922570011
2024-03-11 16:23:22,0.14876517,0.0239301959935581,1.1278086,279.7304204295996,280.8741588623703
2024-03-11 16:23:27,0.148766074,0.0239306632208126,1.12783062,279.72552071459774,280.8709278261944
2024-03-11 16:23:31,0.148770599,0.023929677630169,1.12778417,279.7413897591996,280.88813200522515
2024-03-11 16:23:35,0.148774219,0.0239308488810522,1.12783937,279.7341407395962,280.88221829029465
2024-03-11 16:23:39,0.148768789,0.0239298183075849,1.1277908,279.7343830771865,280.8837961029302
2024-03-11 16:23:43,0.148773616,0.0239300296419834,1.12780076,279.73872151244257,280.8894701837318
2024-03-11 16:23:48,0.148776633,0.0239298439817437,1.12779201,279.74378873342704,280.896207201609
2024-03-11 16:23:52,0.148779348,0.0239294790267584,1.12777481,279.7505025604856,280.90425705830563
2024-03-11 16:23:56,0.148780554,0.0239295240095821,1.12777693,279.7506625075306,280.9057532059033
