time,voltage,current,shunt_voltage,temperature,temperature old
2024-04-14 01:48:39,0.113808581,0.0288174115355481,1.35813867,194.07520617458496,194.07520617458496
2024-04-14 01:48:43,0.114183544,0.0288106199778905,1.35781859,194.6049154562495,194.6044007276556
2024-04-14 01:48:47,0.114483997,0.0288037002616218,1.35749247,195.0374229229692,195.0363934677334
2024-04-14 01:48:51,0.114941614,0.0288005608000152,1.35734451,195.6574361773928,195.65589199746515
2024-04-14 01:48:56,0.115118688,0.0287947942990636,1.35707274,195.92183283342766,195.91964525037457
2024-04-14 01:49:00,0.115278266,0.0287912062823181,1.35690364,196.151649072714,196.14894676934975
2024-04-14 01:49:08,0.115533469,0.0287841584074382,1.35657148,196.52645842906801,196.52272669091107
2024-04-14 01:49:12,0.115648402,0.0287816597388874,1.35645372,196.69179690954192,196.6875504568997
2024-04-14 01:49:16,0.115741614,0.0287791608581534,1.35633595,196.8285167276518,196.8237555624624
2024-04-14 01:49:21,0.115826984,0.028776726056725,1.3562212,196.95470601004956,196.94930145689884
2024-04-14 01:49:25,0.115909035,0.0287749961276578,1.35613967,197.07266537997828,197.06674611863428
2024-04-14 01:49:29,0.115973892,0.0287721770625791,1.35600681,197.17374639622696,197.16731242862164
2024-04-14 01:49:33,0.116110544,0.028772497459107,1.35602191,197.35287890343434,197.34593023149773
2024-04-14 01:49:37,0.116169971,0.0287707675300398,1.35594038,197.44103125458176,197.433567880242
2024-04-14 01:49:41,0.116215521,0.0287696141025396,1.35588602,197.50780721980914,197.49982914499247
2024-04-14 01:49:45,0.1162662,0.028767371751211,1.35578034,197.58716743903148,197.57867466566225
2024-04-14 01:49:50,0.116314164,0.0287665387202386,1.35574108,197.65556391612895,197.64642777227223
2024-04-14 01:49:54,0.116357301,0.0287657059014494,1.35570183,197.7174638119661,197.7078129738796
2024-04-14 01:49:58,0.116392897,0.0287633351793265,1.3555901,197.77762846429908,197.7674629339009
2024-04-14 01:50:02,0.116430906,0.0287635274172432,1.35559916,197.82729247782788,197.8166122570343
2024-04-14 01:50:06,0.116470423,0.0287626943862709,1.3555599,197.88442778051422,197.8732328712396
2024-04-14 01:50:11,0.116539202,0.0287627584655764,1.35556292,197.97552933374578,197.9636910665589
2024-04-14 01:50:15,0.116566653,0.0287616052502593,1.35550857,198.01845511571005,198.00610216434237
2024-04-14 01:50:19,0.116599534,0.0287624382812317,1.35554783,198.0579227642931,198.0450551306528
2024-04-14 01:50:23,0.116625778,0.0287611566951204,1.35548743,198.09994664615988,198.0865643321532
2024-04-14 01:50:27,0.116651721,0.0287601316384144,1.35543912,198.1402032808915,198.1263062884227
2024-04-14 01:50:31,0.116676758,0.0287583376300417,1.35535457,198.18338608646897,198.16897441744052
2024-04-14 01:50:36,0.116700288,0.0287579531542083,1.35533645,198.21715977168256,198.20210475962693
2024-04-14 01:50:40,0.116720499,0.0287568640181968,1.35528512,198.25020002419987,198.2346303398581
2024-04-14 01:50:44,0.116741917,0.0287569921768079,1.35529116,198.2783108495254,198.2622264947937
2024-04-14 01:50:48,0.116765145,0.0287567358595856,1.35527908,198.3108732635019,198.2942742402746
2024-04-14 01:50:52,0.116806472,0.0287558387493077,1.3552368,198.3707748630885,198.35366117325816
2024-04-14 01:51:01,0.116843274,0.0287559028286133,1.35523982,198.42019021045255,198.40191852767447
2024-04-14 01:51:05,0.116861072,0.0287543010581572,1.35516433,198.45280628378688,198.43401994054292
2024-04-14 01:51:09,0.116873139,0.0287532119221457,1.355113,198.47510456483238,198.45580356300692
2024-04-14 01:51:13,0.11689516,0.0287531478428401,1.35510998,198.50504771177262,198.48523205324804
2024-04-14 01:51:17,0.116909639,0.0287539806616294,1.35514923,198.52021340598796,198.4998830926448
2024-04-14 01:51:22,0.116928946,0.0287534041600624,1.35512206,198.5494525003501,198.52847887112543
2024-04-14 01:51:30,0.116971781,0.0287533400807568,1.35511904,198.6074012631024,198.58539833456348
2024-04-14 01:51:34,0.116983848,0.0287528915256179,1.3550979,198.6262641671287,198.60374659174232
2024-04-14 01:51:38,0.116995914,0.0287521227861342,1.35506167,198.64684732859467,198.62381510823133
2024-04-14 01:51:43,0.117012807,0.0287518664689119,1.35504959,198.67118151092436,198.64750598696745
2024-04-14 01:51:47,0.117018539,0.0287505848828006,1.35498919,198.68615729915538,198.6619671344233
2024-04-14 01:51:51,0.11703513,0.0287508412000229,1.35500127,198.70720923173903,198.6825044280961
2024-04-14 01:51:55,0.117046593,0.028750392857067,1.35498014,198.72527655959126,198.70005711890008
2024-04-14 01:51:59,0.117049911,0.028749367588178,1.35493182,198.73568810874548,198.7099540328665
2024-04-14 01:52:03,0.117065899,0.0287484706900831,1.35488955,198.76214743482532,198.7358987256173
2024-04-14 01:52:07,0.117079474,0.0287503287777615,1.35497712,198.7705993148524,198.743835974172
2024-04-14 01:52:12,0.117099987,0.028750392857067,1.35498014,198.79799474098314,198.7705881135705
2024-04-14 01:52:16,0.117110243,0.0287493035088724,1.3549288,198.81791887385046,198.78999761913624
2024-04-14 01:52:24,0.117132867,0.0287493035088724,1.3549288,198.84883489587529,198.81988439210767
2024-04-14 01:52:28,0.117139202,0.0287475095004996,1.35484425,198.86737510524623,198.8379099797231
2024-04-14 01:52:32,0.117146442,0.0287488549537334,1.35490766,198.87021159603043,198.84023185059664
2024-04-14 01:52:37,0.117158508,0.0287480862142497,1.35487143,198.89093338084393,198.86031036311323
2024-04-14 01:52:41,0.117167257,0.0287481502935553,1.35487445,198.90266121920655,198.8715235857092
2024-04-14 01:52:45,0.117179323,0.0287488549537334,1.35490766,198.91532171308975,198.88366946566447
2024-04-14 01:52:49,0.117196518,0.0287481502935553,1.35487445,198.94234696614853,198.9101801066321
2024-04-14 01:52:53,0.117201042,0.0287473172625829,1.35483519,198.95332499606207,198.92064352628935
2024-04-14 01:52:58,0.117204361,0.0287468048403215,1.35481104,198.9611132653617,198.92778853534605
2024-04-14 01:53:02,0.11721341,0.0287453950955991,1.3547446,198.9811777173147,198.9473383811644
2024-04-14 01:53:06,0.117218539,0.0287463562851826,1.3547899,198.98329044537473,198.94893650491844
2024-04-14 01:53:10,0.117230605,0.0287459077300436,1.35476876,199.00216345382208,198.96729491088664
2024-04-14 01:53:14,0.117239051,0.0287469968660551,1.35482009,199.00796843740446,198.97258529381477
2024-04-14 01:53:19,0.117250515,0.0287466766817104,1.354805,199.0254829413685,198.98945654952445
2024-04-14 01:53:23,0.117258659,0.0287464844437937,1.35479594,199.03779327006617,199.001252281667
2024-04-14 01:53:31,0.117278267,0.0287474454211941,1.35484123,199.05954896978358,199.02197879372855
2024-04-14 01:53:35,0.11728068,0.0287466766817104,1.354805,199.06739507894534,199.02931031178576
2024-04-14 01:53:40,0.1172843,0.0287448826733377,1.35472045,199.08249203186065,199.04376402836976
2024-04-14 01:53:44,0.117290937,0.0287449467526432,1.35472347,199.09143048759964,199.0521878970809
2024-04-14 01:53:48,0.117294255,0.0287445622768098,1.35470535,199.09840204787025,199.0586448721324
2024-04-14 01:53:52,0.117302098,0.028744690435421,1.35471139,199.10858859410206,199.068316834952
2024-04-14 01:53:56,0.117309036,0.0287438574044486,1.35467213,199.12276244310542,199.08197610234805
2024-04-14 01:54:00,0.11731326,0.0287439855630597,1.35467817,199.1281672196208,199.0868662990593
2024-04-14 01:54:04,0.117316578,0.0287432809028816,1.35464496,199.13686624748632,199.09505074892184
2024-04-14 01:54:09,0.117333169,0.0287444981975043,1.35470233,199.15286656795112,199.11040784941292
2024-04-14 01:54:13,0.117339806,0.0287446263561154,1.35470837,199.1614594813429,199.1184861888474
2024-04-14 01:54:17,0.117348554,0.0287448826733377,1.35472045,199.172150299361,199.12866243470324
2024-04-14 01:54:21,0.117347046,0.0287432809028816,1.35464496,199.17931283727992,199.135310402253
2024-04-14 01:54:25,0.117351269,0.0287430886649649,1.3546359,199.18644467741217,199.14192767380732
2024-04-14 01:54:30,0.117358207,0.0287427041891315,1.35461778,199.19833004843036,199.1531698366191
2024-04-14 01:54:34,0.117366352,0.0287430886649649,1.3546359,199.20753301766538,199.16185824129943
2024-04-14 01:54:38,0.11737148,0.0287428323477426,1.35462382,199.2162067793688,199.17001744023327
2024-04-14 01:54:42,0.117372988,0.0287429605063538,1.35462986,199.2180224787279,199.1713185786059
2024-04-14 01:54:51,0.11738958,0.0287424478719092,1.3546057,199.24387158274192,199.19600992691016
2024-04-14 01:54:55,0.117393199,0.028743216823576,1.35464194,199.24501836627007,199.196642155234
2024-04-14 01:54:59,0.117400138,0.0287428964270482,1.35462684,199.2564313787463,199.20754061428096
2024-04-14 01:55:03,0.117403758,0.0287423197132981,1.35459966,199.26484233857443,199.215437022453
2024-04-14 01:55:07,0.117406774,0.0287418711581591,1.35457852,199.27176363892224,199.2218437729161
2024-04-14 01:55:12,0.117408886,0.0287418070788536,1.3545755,199.27554366877843,199.22498061790424
2024-04-14 01:55:16,0.117416126,0.0287407179428421,1.35452417,199.2915055436332,199.24042794685272
2024-04-14 01:55:20,0.117415221,0.0287402053083975,1.35450001,199.2935917925393,199.24199965161765
2024-04-14 01:55:24,0.117421555,0.0287415509738144,1.35456343,199.29521164695706,199.24310496365743
2024-04-14 01:55:28,0.117432717,0.02874161505312,1.35456645,199.31013064526715,199.2575094213509
2024-04-14 01:55:32,0.117432415,0.0287412305772866,1.35454833,199.31232203852312,199.25918627574964
2024-04-14 01:55:37,0.117437543,0.0287412946565922,1.35455135,199.31939589420094,199.26561696032732
2024-04-14 01:55:41,0.117441465,0.0287405897842309,1.35451813,199.32889969184504,199.274606223066
2024-04-14 01:55:45,0.117446291,0.0287410383393699,1.35453927,199.33336964190127,199.2785616399701
2024-04-14 01:55:49,0.117451721,0.0287398210447473,1.3544819,199.34763422471568,199.29231169138376
2024-04-14 01:55:53,0.117452928,0.0287405897842309,1.35451813,199.34559207285596,199.28975500987275
2024-04-14 01:55:58,0.117458961,0.0287398851240528,1.35448492,199.35801401066485,199.3015337880749
2024-04-14 01:56:02,0.11745866,0.0287393084103027,1.35445774,199.36124577802624,199.3042510297144
2024-04-14 01:56:06,0.117468916,0.0287400130704808,1.35449095,199.37150828723276,199.3139990149424
2024-04-14 01:56:10,0.117472536,0.0287400771497864,1.35449397,199.37646077178744,199.31843697725995
2024-04-14 01:56:15,0.117479474,0.0287409101807588,1.35453323,199.3817729852148,199.32310604033685
2024-04-14 01:56:19,0.117486111,0.0287408461014532,1.35453021,199.39140469982587,199.33222323662207
2024-04-14 01:56:23,0.117487015,0.0287398851240528,1.35448492,199.39830544633165,199.3386094665373
2024-04-14 01:56:27,0.117488222,0.0287398851240528,1.35448492,199.40041511139577,199.3402046167442
2024-04-14 01:56:35,0.117491239,0.0287405897842309,1.35451813,199.40162434210092,199.34038482292743
2024-04-14 01:56:40,0.117498177,0.0287400771497864,1.35449397,199.41420612843422,199.35232347244488
2024-04-14 01:56:44,0.117505115,0.0287398851240528,1.35448492,199.424927393691,199.36253023019012
2024-04-14 01:56:48,0.117506623,0.0287405897842309,1.35451813,199.42362732187297,199.360715652584
2024-04-14 01:56:52,0.117516578,0.0287400130704808,1.35449095,199.4404144332538,199.37698825989827
2024-04-14 01:56:56,0.117516578,0.0287403975463142,1.35450907,199.43885128793977,199.37491061223727
2024-04-14 01:57:00,0.117519595,0.0287390520930805,1.35444566,199.45062401988957,199.3861688435579
2024-04-14 01:57:05,0.117521405,0.0287395006482194,1.3544668,199.45123512119523,199.38613682148969
2024-04-14 01:57:09,0.117523516,0.0287395006482194,1.3544668,199.45453954254918,199.38892674607249
2024-04-14 01:57:13,0.117531963,0.0287403975463142,1.35450907,199.46137028189466,199.39524299035835
2024-04-14 01:57:17,0.117532868,0.028739564727525,1.35446982,199.46758192376475,199.40094013887852
2024-04-14 01:57:21,0.117534376,0.0287393724896083,1.35446076,199.47112846613794,199.40397218960956
2024-04-14 01:57:26,0.117536186,0.028739116172386,1.35444868,199.47554916601075,199.40774977732843
2024-04-14 01:57:30,0.117547046,0.0287396288068305,1.35447284,199.48764559446937,199.41933171798055
2024-04-14 01:57:34,0.117545236,0.0287409101807588,1.35453323,199.4788418807308,199.41001351813716
2024-04-14 01:57:38,0.117546744,0.0287384753793303,1.35441848,199.49451053819814,199.42516769119936
2024-04-14 01:57:42,0.117545537,0.0287388598551637,1.3544366,199.49135136059041,199.4214940308844
2024-04-14 01:57:46,0.117554889,0.0287386035379415,1.35442452,199.50561166199182,199.43523985127453
2024-04-14 01:57:51,0.11755881,0.0287395006482194,1.3544668,199.50658699357382,199.4355720839745
2024-04-14 01:57:55,0.117563335,0.0287403975463142,1.35450907,199.50823306654323,199.43670367974167
2024-04-14 01:57:59,0.11756605,0.0287386035379415,1.35442452,199.52203483379222,199.44999097147823
2024-04-14 01:58:03,0.117565145,0.0287382190621081,1.3544064,199.52343199314075,199.45087365700223
2024-04-14 01:58:07,0.117567559,0.028738667617247,1.35442754,199.52471172410634,199.4516389158293
2024-04-14 01:58:11,0.117571178,0.0287376425605411,1.35437923,199.5355520566926,199.4619647779612
2024-04-14 01:58:15,0.11757691,0.0287371940054021,1.35435809,199.5460683260265,199.47196657852305
2024-04-14 01:58:20,0.117580832,0.0287387957758582,1.35443358,199.5432333416143,199.4684885105085
2024-04-14 01:58:24,0.117588675,0.0287387316965526,1.35443056,199.55446019431704,199.4792008982173
2024-04-14 01:58:28,0.117588373,0.028739116172386,1.35444868,199.5524963706636,199.476722611246
2024-04-14 01:58:32,0.117588071,0.0287383472207192,1.35441244,199.5567700206746,199.48048179961336
2024-04-14 01:58:36,0.117593501,0.0287384753793303,1.35441848,199.56376815964427,199.4869654786117
2024-04-14 01:58:41,0.117598026,0.0287393084103027,1.35445774,199.5658866697383,199.48844091609035
2024-04-14 01:58:45,0.117601948,0.0287393084103027,1.35445774,199.57158462399804,199.4936244141346
2024-04-14 01:58:49,0.117604964,0.0287390520930805,1.35444566,199.57747143005025,199.49899676563743
2024-04-14 01:58:53,0.117604964,0.0287397569654417,1.35447888,199.57417371286923,199.49518459557132
2024-04-14 01:58:57,0.117610093,0.0287376425605411,1.35437923,199.592903332847,199.5133997643264
2024-04-14 01:59:02,0.117613411,0.0287377066398467,1.35438225,199.59758528289996,199.51743865268585
2024-04-14 01:59:06,0.117617332,0.0287376425605411,1.35437923,199.60362888702636,199.52296780932303
2024-04-14 01:59:10,0.117610394,0.0287368736088743,1.35434299,199.59913271396596,199.51795719042963
2024-04-14 01:59:14,0.117616126,0.0287376425605411,1.35437923,199.60306376373975,199.5213737960248
2024-04-14 01:59:18,0.117618841,0.02873751440193,1.35437319,199.6078600170636,199.5256556068225
2024-04-14 01:59:23,0.117623366,0.0287368736088743,1.35434299,199.6179506662687,199.5351032051908
2024-04-14 01:59:27,0.117626382,0.0287373221640133,1.35436413,199.62002478603446,199.53666288614156
2024-04-14 01:59:31,0.11762789,0.0287373862433188,1.35436715,199.62218574169887,199.53830940463723
2024-04-14 01:59:35,0.117628795,0.028736617291652,1.35433091,199.6280566673914,199.54366589480549
2024-04-14 01:59:39,0.117634829,0.0287374503226244,1.35437017,199.63203951706203,199.5471343105944
2024-04-14 01:59:43,0.117642068,0.0287378988777634,1.35439131,199.63969509185313,199.5542754531444
2024-04-14 01:59:48,0.117639052,0.0287378988777634,1.35439131,199.6363517727042,199.5502890959984
2024-04-14 01:59:52,0.117639655,0.0287364891330409,1.35432487,199.64529111518627,199.558714009924
2024-04-14 01:59:56,0.117641767,0.0287372580847077,1.35436111,199.64443634250924,199.5573448103249
2024-04-14 02:00:04,0.117648403,0.0287371940054021,1.35435809,199.65458317819545,199.56646279706308
2024-04-14 02:00:08,0.117649912,0.028737065846791,1.35435205,199.65778565908687,199.5691508559247
2024-04-14 02:00:13,0.117653531,0.0287363611866129,1.35431884,199.66702556980783,199.5777477413961
2024-04-14 02:00:17,0.117650817,0.0287364891330409,1.35432487,199.66326020276813,199.57346795598457
2024-04-14 02:00:21,0.117652928,0.0287366813709576,1.35433393,199.66552461150263,199.57521794797003
2024-04-14 02:00:25,0.117663486,0.0287369376881799,1.35434601,199.6786073011284,199.5877862224675
2024-04-14 02:00:29,0.117661375,0.0287377066398467,1.35438225,199.67217002812345,199.5808345359532
2024-04-14 02:00:34,0.117667408,0.0287380270363745,1.35439735,199.67905318912466,199.58707468234144
2024-04-14 02:00:38,0.117664693,0.0287374503226244,1.35437017,199.67910015371768,199.5866072370608
2024-04-14 02:00:42,0.117666503,0.0287362330280018,1.3543128,199.68859519669584,199.5955878717781
2024-04-14 02:00:46,0.117665296,0.0287363611866129,1.35431884,199.68682053444513,199.59329880287743
2024-04-14 02:00:50,0.117670424,0.0287353999970294,1.35427354,199.69931589810633,199.6052797614977
2024-04-14 02:00:54,0.117672838,0.0287365532123465,1.35432789,199.69677906636616,199.6022285263237
2024-04-14 02:00:58,0.117671028,0.0287359767107795,1.35430072,199.69802141297654,199.6029564711055
2024-04-14 02:01:03,0.117671329,0.0287350796005016,1.35425844,199.70391832447618,199.60821038257396
2024-04-14 02:01:07,0.117671028,0.0287355922349461,1.3542826,199.70125992810276,199.60503758797688
2024-04-14 02:01:11,0.117677664,0.0287353999970294,1.35427354,199.71158679292057,199.61485005617016
2024-04-14 02:01:15,0.117673743,0.0287352718384183,1.3542675,199.70761190286376,199.610360771086
2024-04-14 02:01:19,0.117677966,0.0287358485521684,1.35429468,199.71058664436737,199.6128211191576
2024-04-14 02:01:23,0.117678871,0.0287357844728628,1.35429166,199.71264417952324,199.61436426247488
2024-04-14 02:01:28,0.117679776,0.0287343749403234,1.35422523,199.72211399275093,199.6231910881423
2024-04-14 02:01:32,0.117682491,0.0287352077591127,1.35426448,199.72170868072092,199.62227138785215
2024-04-14 02:01:36,0.117684301,0.0287351436798071,1.35426146,199.7249625637022,199.62501088416053
2024-04-14 02:01:40,0.117689429,0.0287352718384183,1.3542675,199.73156168540586,199.6310956207768
2024-04-14 02:01:44,0.117690032,0.0287355922349461,1.3542826,199.7311385697063,199.63015812157337
2024-04-14 02:01:48,0.117690636,0.0287352718384183,1.3542675,199.73418594768125,199.63269111762605
2024-04-14 02:01:52,0.117693049,0.0287352077591127,1.35426448,199.73823693072606,199.6362277203284
2024-04-14 02:01:57,0.117691239,0.028735464076335,1.35427656,199.73509962139147,199.6324474377844
2024-04-14 02:02:01,0.117694255,0.028735464076335,1.35427656,199.73960073083353,199.63643417043164
2024-04-14 02:02:05,0.117697574,0.0287343749403234,1.35422523,199.75039939682176,199.64671846119865
2024-04-14 02:02:09,0.117698479,0.0287353359177238,1.35427052,199.74690690641128,199.6427115971387
2024-04-14 02:02:13,0.117699082,0.028735015521196,1.35425542,199.74995311522804,199.64524343387592
2024-04-14 02:02:17,0.117702702,0.0287343108610179,1.35422221,199.75906829035947,199.65384423849576
2024-04-14 02:02:22,0.117705719,0.0287357203935572,1.35428864,199.75606716029813,199.65020014749703
2024-04-14 02:02:30,0.11770602,0.0287348232832793,1.35424636,199.76235137576253,199.6554556305423
2024-04-14 02:02:34,0.11771145,0.028735464076335,1.35427656,199.76657376542576,199.65916365633683
2024-04-14 02:02:38,0.117711752,0.0287350796005016,1.35425844,199.76956926462398,199.66164479322447
2024-04-14 02:02:42,0.117711752,0.0287358485521684,1.35429468,199.76591981889027,199.6574809867364
2024-04-14 02:02:46,0.117718087,0.0287360407900851,1.35430374,199.7737671616592,199.66481397030535
2024-04-14 02:02:51,0.117716277,0.0287361689486962,1.35430978,199.77132360203865,199.66172746386763
2024-04-14 02:02:55,0.117718388,0.0287353999970294,1.35427354,199.7787923125636,199.6686818186829
2024-04-14 02:02:59,0.117720801,0.0287343108610179,1.35422221,199.7883946346605,199.67776978661828
2024-04-14 02:03:03,0.117721405,0.0287356563142517,1.35428562,199.7824210773702,199.67128187671284
2024-04-14 02:03:07,0.11772231,0.0287350796005016,1.35425844,199.78725487178826,199.67560132006017
2024-04-14 02:03:11,0.117722913,0.0287353359177238,1.35427052,199.7871782298262,199.6750103285699
2024-04-14 02:03:16,0.117729248,0.0287353999970294,1.35427354,199.79584823258335,199.6830373965832
2024-04-14 02:03:20,0.11772774,0.0287346953368513,1.35424033,199.79818549153174,199.6848603094672
2024-04-14 02:03:24,0.117728041,0.0287345030989346,1.35423127,199.800138888959,199.68629936236655
2024-04-14 02:03:28,0.117728041,0.0287346312575457,1.35423731,199.79995912484432,199.6856052552585
2024-04-14 02:03:32,0.117735583,0.0287356563142517,1.35428562,199.80489148444315,199.69002327339663
2024-04-14 02:03:36,0.117733471,0.0287345030989346,1.35423127,199.80885992633551,199.69347737535907
2024-04-14 02:03:40,0.117732265,0.0287359126314739,1.3542977,199.8001460695327,199.68424918015523
2024-04-14 02:03:45,0.117741616,0.0287372580847077,1.35436111,199.80586284417416,199.68932303394257
2024-04-14 02:03:53,0.117746744,0.0287366813709576,1.35433393,199.81679311243533,199.69922463379072
2024-04-14 02:03:57,0.117740711,0.0287348873625848,1.35424938,199.81904950150363,199.7009666909348
2024-04-14 02:04:02,0.117741013,0.0287346312575457,1.35423731,199.8214788443039,199.70275312096567
2024-04-14 02:04:06,0.117743124,0.0287357844728628,1.35429166,199.81853736607968,199.6992973142324
2024-04-14 02:04:10,0.117748252,0.0287351436798071,1.35426146,199.82930118970648,199.7095468108649
2024-04-14 02:04:14,0.117749459,0.0287359126314739,1.3542977,199.82724588820895,199.70697718388595
2024-04-14 02:04:22,0.117752174,0.028735464076335,1.35427656,199.83429310534223,199.71299575458755
2024-04-14 02:04:27,0.117748554,0.0287342467817123,1.35421919,199.83674472625862,199.71480447454672
2024-04-14 02:04:31,0.117748554,0.0287341186231012,1.35421315,199.83795329853243,199.7154987277479
2024-04-14 02:04:35,0.117747649,0.0287341186231012,1.35421315,199.83727125326834,199.71430236491432
2024-04-14 02:04:39,0.117749459,0.0287337341472678,1.35419503,199.8422611077738,199.7187779033513
2024-04-14 02:04:44,0.117751571,0.0287345671782401,1.35423429,199.84118322053982,199.7170571231399
2024-04-14 02:04:48,0.117754286,0.0287346953368513,1.35424033,199.8445923003899,199.71995189029224
2024-04-14 02:04:52,0.117755794,0.0287346953368513,1.35424033,199.84710006898922,199.7219453476888
2024-04-14 02:04:56,0.117751269,0.0287345671782401,1.35423429,199.84232693212147,199.7166579011115
2024-04-14 02:05:00,0.117751571,0.0287339263851845,1.35420409,199.84671180183395,199.7205284626056
2024-04-14 02:05:04,0.117758811,0.0287334137507399,1.35417993,199.85957442907048,199.73287678311323
2024-04-14 02:05:08,0.117755191,0.0287332855921288,1.35417389,199.85599749817507,199.72878554697635
2024-04-14 02:05:12,0.117759414,0.0287341186231012,1.35421315,199.85758133670518,199.72985508175069
2024-04-14 02:05:17,0.117759716,0.0287334778300455,1.35418295,199.86209513054462,199.73372599798165
2024-04-14 02:05:21,0.117758811,0.0287332215128232,1.35417087,199.86280174932367,199.7339183163407
2024-04-14 02:05:25,0.117755794,0.0287331574335177,1.35416785,199.85967477892427,199.73027704700075
2024-04-14 02:05:29,0.117757906,0.0287335419093511,1.35418597,199.86089807791123,199.7309860485248
2024-04-14 02:05:33,0.117759414,0.0287337341472678,1.35419503,199.86236439598323,199.7319380706097
2024-04-14 02:05:37,0.117767559,0.0287346953368513,1.35424033,199.8684383722644,199.7374977523776
2024-04-14 02:05:42,0.117770575,0.0287345671782401,1.35423429,199.87376251448896,199.7421790285304
2024-04-14 02:05:46,0.117768162,0.028734439019629,1.35422825,199.87178134857385,199.73968357141135
2024-04-14 02:05:50,0.117766955,0.0287330933542121,1.35416483,199.87799107417703,199.7453790072784
2024-04-14 02:05:54,0.117766352,0.0287336059886566,1.35418899,199.87493060582506,199.74180425065617
2024-04-14 02:05:58,0.117766955,0.0287331574335177,1.35416785,199.87867244285496,199.7450318008798
2024-04-14 02:06:02,0.117770274,0.0287333496714344,1.35417691,199.88253278073458,199.7483778534153
2024-04-14 02:06:07,0.117774799,0.028735015521196,1.35425542,199.88013145595588,199.7453336740097
2024-04-14 02:06:15,0.117772687,0.0287339263851845,1.35420409,199.8842692454569,199.74844290084437
2024-04-14 02:06:19,0.117771179,0.0287330933542121,1.35416483,199.88730374726595,199.75096312350237
2024-04-14 02:06:23,0.117776005,0.0287323246147284,1.3541286,199.89836384088753,199.76150893942523
2024-04-14 02:06:28,0.11778234,0.0287345671782401,1.35423429,199.8952293223494,199.75773157580304
2024-04-14 02:06:32,0.117775402,0.0287332855921288,1.35417389,199.8935162833386,199.75550426235424
2024-04-14 02:06:36,0.117777513,0.0287339263851845,1.35420409,199.89334900365458,199.7548227096784
2024-04-14 02:06:40,0.117781435,0.0287334778300455,1.35418295,199.90147870765412,199.76243814213032
2024-04-14 02:06:45,0.117784452,0.0287334778300455,1.35418295,199.90610998853708,199.766426585607
2024-04-14 02:06:49,0.117786262,0.0287342467817123,1.35421919,199.90485007296186,199.764652401727
2024-04-14 02:06:53,0.117787468,0.0287346953368513,1.35424033,199.90452795348554,199.7638160153841
2024-04-14 02:06:57,0.117783848,0.0287340545437956,1.35421013,199.90372911121622,199.76250290768448
2024-04-14 02:07:01,0.117787167,0.02873399046449,1.35420711,199.90897821916266,199.7672377516351
2024-04-14 02:07:06,0.11779139,0.0287332855921288,1.35417389,199.9190236735187,199.77664037801063
2024-04-14 02:07:10,0.117786563,0.0287332215128232,1.35417087,199.91350391083475,199.77060635455143
2024-04-14 02:07:14,0.117788675,0.0287335419093511,1.35418597,199.9150739000828,199.77166208445263
2024-04-14 02:07:18,0.117792898,0.0287341827024067,1.35421617,199.91769822521763,199.773772151667
2024-04-14 02:07:22,0.117791691,0.0287348232832793,1.35424636,199.91314553572843,199.76870520568195
2024-04-14 02:07:26,0.117792898,0.02873399046449,1.35420711,199.91976852560668,199.77481394048704
2024-04-14 02:07:31,0.117788675,0.0287340545437956,1.35421013,199.9144814267362,199.7688840247729
2024-04-14 02:07:35,0.117792295,0.0287329654077841,1.3541588,199.92568371272066,199.77957205887844
2024-04-14 02:07:39,0.117794406,0.0287331574335177,1.35416785,199.92794800707028,199.78132210276576
2024-04-14 02:07:43,0.117803758,0.02873399046449,1.35420711,199.93631064783187,199.78917049447975
2024-04-14 02:07:47,0.117801948,0.0287350796005016,1.35425844,199.92852954713229,199.78087514614543
2024-04-14 02:07:51,0.117801948,0.02873399046449,1.35420711,199.93494638269163,199.786777735481
2024-04-14 02:07:56,0.117803456,0.0287345671782401,1.35423429,199.93445710889617,199.7856456558872
2024-04-14 02:08:04,0.117800138,0.0287337341472678,1.35419503,199.93561407302002,199.7857741353041
2024-04-14 02:08:08,0.117800138,0.0287332855921288,1.35417389,199.93855940084333,199.78820522287944
2024-04-14 02:08:12,0.117805266,0.0287337982265733,1.35419805,199.9430743486143,199.79220593180355
2024-04-14 02:08:17,0.117808886,0.0287341186231012,1.35421315,199.9467661293592,199.79525491595732
2024-04-14 02:08:21,0.117808584,0.0287345671782401,1.35423429,199.9444500121067,199.7924245630037
2024-04-14 02:08:25,0.117806171,0.0287341827024067,1.35421617,199.94385817635555,199.7913184929464
2024-04-14 02:08:29,0.117812204,0.0287349514418904,1.3542524,199.94818122972868,199.79512731340657
2024-04-14 02:08:33,0.117811601,0.0287345671782401,1.35423429,199.94998100311938,199.7964128552756
2024-04-14 02:08:37,0.117808886,0.0287334778300455,1.35418295,199.95281046438166,199.79872808640567
2024-04-14 02:08:42,0.117808283,0.0287337982265733,1.35419805,199.95091949449733,199.79619433080703
2024-04-14 02:08:46,0.117814618,0.0287343108610179,1.35422221,199.95702982901886,199.8017904383157
2024-04-14 02:08:50,0.117816126,0.0287343108610179,1.35422221,199.95953757647968,199.80378396014697
2024-04-14 02:08:54,0.117812808,0.0287339263851845,1.35420409,199.9577494688232,199.8014816282424
2024-04-14 02:08:58,0.117812204,0.0287343749403234,1.35422523,199.95503398008705,199.79825191663772
2024-04-14 02:09:03,0.117815824,0.0287332215128232,1.35417087,199.96671437367684,199.80928953357903
2024-04-14 02:09:07,0.117814618,0.0287333496714344,1.35417691,199.96493954507037,199.80700048520129
2024-04-14 02:09:11,0.117813109,0.0287334778300455,1.35418295,199.96276416878123,199.80431089051436
2024-04-14 02:09:15,0.117817634,0.0287338623058789,1.35420107,199.96717635134786,199.8082088560548
2024-04-14 02:09:19,0.117810998,0.0287322605354229,1.35412558,199.96760033565172,199.80811862470225
2024-04-14 02:09:23,0.117819444,0.02873399046449,1.35420711,199.9699028769027,199.80990695166471
2024-04-14 02:09:27,0.117820047,0.0287340545437956,1.35421013,199.97086689523664,199.8103567570761
2024-04-14 02:09:32,0.117819142,0.0287334778300455,1.35418295,199.9734394334195,199.81228653102383
2024-04-14 02:09:36,0.117820349,0.0287336059886566,1.35418899,199.974854579525,199.81318746727345
2024-04-14 02:09:40,0.117818237,0.0287334137507399,1.35417993,199.97361879601874,199.81143747527125
2024-04-14 02:09:44,0.117817031,0.0287325168526451,1.35413766,199.97740061728837,199.814705089403
2024-04-14 02:09:49,0.117819142,0.0287314275044505,1.35408632,199.98673992502728,199.8234016401264
2024-04-14 02:09:53,0.117817936,0.0287313634251449,1.3540833,199.98600708555554,199.82215459656555
2024-04-14 02:09:57,0.117818237,0.0287318760595895,1.35410746,199.98414003567592,199.81977334394875
2024-04-14 02:10:01,0.117823064,0.0287327090905618,1.35414672,199.98651971739955,199.8216388242853
2024-04-14 02:10:05,0.117817634,0.0287316838216728,1.3540984,199.98541340998878,199.82001831683567
2024-04-14 02:10:09,0.117818237,0.0287323246147284,1.3541286,199.98325091309945,199.81734162125383
2024-04-14 02:10:13,0.117823366,0.0287325168526451,1.35413766,199.9895037439359,199.82308025474225
2024-04-14 02:10:18,0.117825477,0.0287314915837561,1.35408934,199.99849593119953,199.83142969720865
2024-04-14 02:10:22,0.117822762,0.0287322605354229,1.35412558,199.991251748206,199.82367131988536
2024-04-14 02:10:26,0.117823667,0.0287327731698674,1.35414974,199.99018324490407,199.82208862359207
2024-04-14 02:10:30,0.117823064,0.028732388694034,1.35413162,199.99198459896252,199.82337578599564
2024-04-14 02:10:34,0.117828192,0.0287315556630616,1.35409236,200.00379475289796,199.8346717496109
2024-04-14 02:10:38,0.117828796,0.0287326450112563,1.3541437,199.99920134322934,199.82956415095487
2024-04-14 02:10:43,0.117830002,0.028732388694034,1.35413162,200.00282811299692,199.83254818635956
2024-04-14 02:10:47,0.11783332,0.0287333496714344,1.35417691,200.00251879708924,199.8317246844564
2024-04-14 02:10:51,0.117831209,0.0287318760595895,1.35410746,200.00823161248712,199.83692331518552
2024-04-14 02:10:55,0.117830605,0.0287318119802839,1.35410444,200.00829469348594,199.8364722128404
2024-04-14 02:10:59,0.117832114,0.0287318119802839,1.35410444,200.01080389279906,199.83846723013255
2024-04-14 02:11:04,0.117830002,0.0287318119802839,1.35410444,200.00865438750606,199.83567499917095
2024-04-14 02:11:08,0.117830002,0.0287314915837561,1.35408934,200.0109057390255,199.83741217163927
2024-04-14 02:11:12,0.117832114,0.0287318119802839,1.35410444,200.01247497525299,199.83846723013255
2024-04-14 02:11:16,0.117837544,0.0287318760595895,1.35410746,200.01982058885162,199.845298667312
2024-04-14 02:11:20,0.117836337,0.028731940138895,1.35411048,200.01839157112485,199.8433554744792
2024-04-14 02:11:24,0.117836337,0.0287305946856613,1.35404707,200.02620131241656,199.85065104197616
2024-04-14 02:11:29,0.117835432,0.0287313634251449,1.3540833,200.0214790386567,199.845286052814
2024-04-14 02:11:33,0.117839957,0.0287327090905618,1.35414672,200.02067916511243,199.84397200841855
2024-04-14 02:11:37,0.117839354,0.0287322605354229,1.35412558,200.0228282393316,199.84560691309173
2024-04-14 02:11:41,0.117839052,0.0287312993458394,1.35408028,200.02815502109183,199.85041952660936
2024-04-14 02:11:45,0.117843879,0.0287325809319507,1.35414068,200.0281016047735,199.8498519433499
2024-04-14 02:11:49,0.117841164,0.0287318760595895,1.35410746,200.02884841067936,199.85008458361423
2024-04-14 02:11:54,0.117840862,0.0287318119802839,1.35410444,200.02943931029793,199.8500327780056
2024-04-14 02:11:58,0.117841164,0.0287316838216728,1.3540984,200.03104768142535,199.8511269864088
2024-04-14 02:12:02,0.11784418,0.0287327731698674,1.35414974,200.0296423804381,199.8492075239908
2024-04-14 02:12:06,0.117848102,0.0287335419093511,1.35418597,200.03117329646128,199.85022427987496
2024-04-14 02:12:11,0.117848102,0.0287316197423672,1.35409538,200.0422389048038,199.86064718985725
2024-04-14 02:12:15,0.117843577,0.0287330292749065,1.35416181,200.02912758244616,199.84702171026004
2024-04-14 02:12:19,0.117848705,0.028731940138895,1.35411048,200.04232699538557,199.8597069672454
2024-04-14 02:12:23,0.1178478,0.0287325168526451,1.35413766,200.03851737567265,199.85538319286223
2024-04-14 02:12:27,0.11785142,0.028732837249173,1.35415276,200.04208000246857,199.85843166626975
2024-04-14 02:12:31,0.11784961,0.0287330292749065,1.35416181,200.03916001093256,199.85499752262533
2024-04-14 02:12:35,0.117847498,0.0287320682975062,1.35411652,200.04209288726474,199.8574162481272
2024-04-14 02:12:40,0.117853833,0.028732837249173,1.35415276,200.04694108529608,199.8616217594153
2024-04-14 02:12:44,0.11785323,0.0287330292749065,1.35416181,200.04561676522377,199.8597832913817
2024-04-14 02:12:48,0.117850515,0.0287327731698674,1.35414974,200.04393030698782,199.8575826864565
2024-04-14 02:12:52,0.117850817,0.0287320042182006,1.3541135,200.04901348674537,199.86215172079503
2024-04-14 02:12:56,0.11785142,0.0287322605354229,1.35412558,200.04893488952786,199.8615589794268
2024-04-14 02:13:01,0.117856247,0.028732388694034,1.35413162,200.05526420656682,199.86724561805823
2024-04-14 02:13:05,0.117850515,0.0287329654077841,1.3541588,200.04507300980285,199.85654027999053
2024-04-14 02:13:13,0.117852325,0.028732388694034,1.35413162,200.0516214875965,199.8620604789616
2024-04-14 02:13:17,0.117849912,0.0287321964561173,1.35412256,200.04998792515033,199.85991277899288
2024-04-14 02:13:22,0.117859866,0.0287325168526451,1.35413766,200.06205297480616,199.8713351585125
2024-04-14 02:13:26,0.117854135,0.0287318119802839,1.35410444,200.05881285053013,199.86758089953884
2024-04-14 02:13:30,0.117858358,0.0287311073201058,1.35407123,200.06873181245882,199.8769857280224
2024-04-14 02:13:34,0.117857152,0.0287325168526451,1.35413766,200.0600073066225,199.8677470899915
2024-04-14 02:13:38,0.117855342,0.0287314275044505,1.35408632,200.06403609132477,199.87126174374797
2024-04-14 02:13:42,0.117857755,0.0287321964561173,1.35412256,200.0635702817722,199.87028180449653
2024-04-14 02:13:47,0.117861978,0.0287327731698674,1.35414974,200.0666684528993,199.8727373152505
2024-04-14 02:13:51,0.117857152,0.0287325809319507,1.35414068,200.06184485840035,199.86739959385133
2024-04-14 02:13:55,0.117855342,0.0287313634251449,1.3540833,200.06656865266055,199.87160926245213
2024-04-14 02:13:59,0.117853532,0.0287329654077841,1.3541588,200.05600238479408,199.8605288701652
2024-04-14 02:14:03,0.117855643,0.0287316838216728,1.3540984,200.0662572735851,199.87026963577284
2024-04-14 02:14:07,0.117854738,0.0287309791614947,1.35406519,200.06939644977226,199.8728946900119
2024-04-14 02:14:12,0.117851118,0.0287300179719111,1.35401989,200.07046590941601,199.87332149895465
2024-04-14 02:14:16,0.117854437,0.0287295694167722,1.35399875,200.0778012080556,199.8801426784186
2024-04-14 02:14:24,0.117855945,0.0287304665270501,1.35404103,200.0759575591406,199.87727079483795
2024-04-14 02:14:28,0.117852627,0.0287294414703442,1.35399272,200.0776443476627,199.8784434678663
2024-04-14 02:14:33,0.117861073,0.0287302102098278,1.35402895,200.08528456510552,199.88544104266248
2024-04-14 02:14:37,0.117858057,0.0287297616546889,1.35400781,200.08424395301483,199.88388631782848
2024-04-14 02:14:41,0.117854437,0.0287277754083994,1.3539142,200.09074556789437,199.8898738211841
2024-04-14 02:14:45,0.117854437,0.0287289929152052,1.35397158,200.0846554892391,199.88326963222252
2024-04-14 02:14:50,0.117855643,0.0287308510028835,1.35405915,200.07681477318977,199.8747862799996
2024-04-14 02:14:54,0.11786409,0.0287311073201058,1.35407123,200.08710674358326,199.88456414281936
2024-04-14 02:14:58,0.117865296,0.0287307228442724,1.35405311,200.09130068956117,199.88824398243503
2024-04-14 02:15:02,0.11786047,0.0287293773910386,1.3539897,200.09273188185378,199.889161069575
2024-04-14 02:15:06,0.117863185,0.0287305306063557,1.35404405,200.0905805388223,199.8864956225987
2024-04-14 02:15:11,0.11786047,0.0287311073201058,1.35407123,200.08450559838013,199.87977805392103
2024-04-14 02:15:19,0.117864391,0.0287309150821891,1.35406217,200.09176051192108,199.88600476619524
2024-04-14 02:15:23,0.11786409,0.0287304665270501,1.35404103,200.09430957959844,199.88803973504
2024-04-14 02:15:27,0.117861676,0.0287300820512167,1.35402291,200.09371738573927,199.88693344354613
2024-04-14 02:15:31,0.117864693,0.0287295694167722,1.35399875,200.10100114670155,199.89370310806987
2024-04-14 02:15:35,0.117865598,0.0287300820512167,1.35402291,200.09993113281638,199.8921189989404
2024-04-14 02:15:40,0.117867408,0.0287287365979829,1.3539595,200.11026539533174,199.90181064407693
2024-04-14 02:15:44,0.117865296,0.0287290569945108,1.3539746,200.1062488718469,199.8972800280281
2024-04-14 02:15:48,0.117869218,0.0287294414703442,1.35399272,200.10986303793194,199.90038010273736
2024-04-14 02:15:52,0.1178659,0.0287295694167722,1.35399875,200.1052960225519,199.89529899716788
2024-04-14 02:15:56,0.117870726,0.028729313311733,1.35398668,200.11358034700942,199.90306923262045
2024-04-14 02:16:00,0.117870123,0.0287298257339944,1.35401083,200.11051741444612,199.89949221223483
2024-04-14 02:16:05,0.117867106,0.028730338368439,1.35403499,200.10439031514073,199.89272250481173
2024-04-14 02:16:09,0.117868916,0.0287290569945108,1.3539746,200.11424837357768,199.90206647808049
2024-04-14 02:16:13,0.117873743,0.0287287365979829,1.3539595,200.12288304968033,199.9101870701915
2024-04-14 02:16:17,0.117873139,0.0287304665270501,1.35404103,200.11321396434258,199.90000390203687
2024-04-14 02:16:21,0.117874346,0.0287297616546889,1.35400781,200.1191475998121,199.9054234558624
2024-04-14 02:16:25,0.117873139,0.0287294414703442,1.35399272,200.11980272510388,199.90556450068115
2024-04-14 02:16:30,0.117875553,0.0287311713994114,1.35407425,200.11425288916274,199.89937206579265
2024-04-14 02:16:34,0.117870123,0.0287299538926056,1.35401687,200.11419191601152,199.8987970147964
2024-04-14 02:16:38,0.117876156,0.028730786923578,1.35405613,200.1181638449578,199.9022548670626
2024-04-14 02:16:42,0.117877061,0.0287302102098278,1.35402895,200.12300293706375,199.90657988365157
2024-04-14 02:16:46,0.117879173,0.0287288006772885,1.35396252,200.13395633593632,199.91701920816843
2024-04-14 02:16:50,0.117876156,0.0287295053374666,1.35399573,200.12665834007018,199.90920713910597
2024-04-14 02:16:54,0.117878268,0.0287300820512167,1.35402291,200.12683626494115,199.90887099193816
2024-04-14 02:16:59,0.117874648,0.0287301461305223,1.35402593,200.12234493838315,199.90373707695665
2024-04-14 02:17:03,0.117877664,0.0287295694167722,1.35399875,200.1299753302609,199.91085339939323
2024-04-14 02:17:07,0.117879474,0.0287302102098278,1.35402895,200.1294062978834,199.90977029872607
2024-04-14 02:17:11,0.117886111,0.0287311713994114,1.35407425,200.1334812125296,199.91333114623225
2024-04-14 02:17:15,0.117883396,0.0287305306063557,1.35404405,200.1338818647918,199.9132177325022
2024-04-14 02:17:20,0.117881586,0.0287311073201058,1.35407123,200.12900281050932,199.90769609734068
2024-04-14 02:17:24,0.117880379,0.0287305306063557,1.35404405,200.13104954309543,199.90922876651024
2024-04-14 02:17:28,0.117875854,0.0287286084393718,1.35395346,200.13600846633923,199.91367362747923
2024-04-14 02:17:32,0.117876156,0.0287292492324275,1.35398366,200.13344541683156,199.91059651683668
2024-04-14 02:17:41,0.117883698,0.0287318119802839,1.35410444,200.13067148945788,199.9066659560675
2024-04-14 02:17:45,0.117888222,0.0287313634251449,1.3540833,200.13960004598067,199.9150804551472
2024-04-14 02:17:49,0.117883094,0.0287311073201058,1.35407123,200.13472352637817,199.90968987923355
2024-04-14 02:17:53,0.117885508,0.0287311073201058,1.35407123,200.1384292191516,199.912881516826
2024-04-14 02:17:58,0.117887016,0.0287310432408002,1.35406821,200.14141319157707,199.91522292186164
2024-04-14 02:18:02,0.117886714,0.0287316197423672,1.35409538,200.13840056467234,199.9116962423119
2024-04-14 02:18:06,0.117884603,0.0287313634251449,1.3540833,200.1375140595637,199.9102956856824
2024-04-14 02:18:10,0.117888826,0.0287304024477446,1.35403801,200.14882478869313,199.9210923644132
2024-04-14 02:18:14,0.117891541,0.0287310432408002,1.35406821,200.14945207657817,199.92120560302
2024-04-14 02:18:19,0.117886714,0.028730786923578,1.35405613,200.14510317383653,199.9162141402533
2024-04-14 02:18:23,0.117890636,0.0287310432408002,1.35406821,200.14941214713573,199.9200090667883
2024-04-14 02:18:27,0.117887619,0.028730338368439,1.35403499,200.14976127444078,199.9198441484436
2024-04-14 02:18:31,0.117890636,0.0287305946856613,1.35404707,200.1528737174639,199.9224425469294
2024-04-14 02:18:35,0.117886714,0.0287309150821891,1.35406217,200.14646409885546,199.9155188848943
2024-04-14 02:18:39,0.117889127,0.0287298898133,1.35401385,200.15573080837774,199.92427155209876
2024-04-14 02:18:43,0.117889127,0.028730786923578,1.35405613,200.15137778877641,199.9194044912865
2024-04-14 02:18:48,0.117890032,0.0287298898133,1.35401385,200.15808398381782,199.9254681363681
2024-04-14 02:18:52,0.117888222,0.0287295694167722,1.35399875,200.15794315032932,199.9248132641525
2024-04-14 02:18:56,0.117887317,0.0287300820512167,1.35402291,200.15447935618562,199.92083543238263
2024-04-14 02:19:00,0.117891541,0.0287304665270501,1.35404103,200.1584923615064,199.92433440117628
2024-04-14 02:19:04,0.117894256,0.0287309791614947,1.35406519,200.15981485351767,199.9251428577577
2024-04-14 02:19:09,0.117893652,0.0287308510028835,1.35405915,200.16035411541193,199.92503957690465
2024-04-14 02:19:13,0.117892747,0.0287316197423672,1.35409538,200.15550112123688,199.91967254976163
2024-04-14 02:19:17,0.117895161,0.0287316838216728,1.3540984,200.15885910057423,199.92251649722215
2024-04-14 02:19:21,0.117891239,0.0287314275044505,1.35408632,200.15557831180556,199.918721677666
2024-04-14 02:19:25,0.117891541,0.0287300820512167,1.35402291,200.16379100023786,199.92642033639828
2024-04-14 02:19:29,0.117890636,0.0287293773910386,1.3539897,200.1669316315686,199.92904693911464
2024-04-14 02:19:34,0.117892446,0.0287302742891334,1.35403197,200.16510115676314,199.926573930065
2024-04-14 02:19:38,0.117890334,0.0287300179719111,1.35401989,200.1642133712687,199.92517211839203
2024-04-14 02:19:46,0.117901495,0.0287312352665338,1.35407726,200.17339363976203,199.9333243377652
2024-04-14 02:19:51,0.117895462,0.028730338368439,1.35403499,200.1709257733226,199.930213942812
2024-04-14 02:19:55,0.117898479,0.0287309791614947,1.35406519,200.17195211735873,199.93072626524508
2024-04-14 02:19:59,0.117896971,0.0287315556630616,1.35409236,200.16734466762045,199.92560479497547
2024-04-14 02:20:03,0.117901495,0.0287312352665338,1.35407726,200.17557822987166,199.9333243377652
2024-04-14 02:20:07,0.117902702,0.0287312993458394,1.35408028,200.17734039520457,199.9345724847047
2024-04-14 02:20:12,0.117900892,0.0287306587649668,1.35405009,200.17906537824146,199.9356549462488
2024-04-14 02:20:16,0.117895161,0.0287298257339944,1.35401083,200.17652178663906,199.9325973386492
2024-04-14 02:20:20,0.117895764,0.0287300820512167,1.35402291,200.1764423811552,199.93200391823015
2024-04-14 02:20:24,0.117898781,0.0287307228442724,1.35405311,200.1774686821114,199.93251620531132
2024-04-14 02:20:28,0.11790602,0.0287304024477446,1.35403801,200.18929222731842,199.94382573770156
2024-04-14 02:20:33,0.117901797,0.0287312993458394,1.35408028,200.17948496329115,199.93337595913877
2024-04-14 02:20:37,0.117903909,0.0287312993458394,1.35408028,200.18279130743002,199.93616829283528
2024-04-14 02:20:41,0.117903305,0.0287318119802839,1.35410444,200.17972547529305,199.93258845130825
2024-04-14 02:20:45,0.117906925,0.0287309791614947,1.35406519,200.1895441125443,199.94189308021987
2024-04-14 02:20:49,0.117904814,0.0287311073201058,1.35407123,200.18657172436164,199.9384066847461
2024-04-14 02:20:53,0.117901797,0.0287308510028835,1.35405915,200.1844875209036,199.93580847504376
2024-04-14 02:21:02,0.1179024,0.0287289929152052,1.35397158,200.19652333147747,199.94668777538533
2024-04-14 02:21:06,0.117905719,0.0287314915837561,1.35408934,200.18786789128018,199.9375183323328
2024-04-14 02:21:10,0.117907227,0.0287311713994114,1.35407425,200.19211287977606,199.94124931901223
2024-04-14 02:21:14,0.117903909,0.0287316838216728,1.3540984,200.18545987708947,199.93408231554628
2024-04-14 02:21:18,0.117907227,0.0287312993458394,1.35408028,200.19244667382208,199.94055511253464
2024-04-14 02:21:23,0.117907227,0.0287314915837561,1.35408934,200.192046147075,199.93951208756016
2024-04-14 02:21:27,0.117906322,0.0287311073201058,1.35407123,200.19344852357557,199.9404004666389
2024-04-14 02:21:31,0.117905115,0.0287312993458394,1.35408028,200.1913248321675,199.9377627788381
2024-04-14 02:21:35,0.117905417,0.0287300820512167,1.35402291,200.19884300633385,199.944766957639
2024-04-14 02:21:39,0.117905719,0.0287298257339944,1.35401083,200.20114712189832,199.94655707886352
2024-04-14 02:21:43,0.117903607,0.0287307228442724,1.35405311,200.19400095796013,199.938896921609
2024-04-14 02:21:47,0.117907529,0.0287302102098278,1.35402895,200.20248202605228,199.94686399740655
2024-04-14 02:21:52,0.117900289,0.0287309791614947,1.35406519,200.18937986062568,199.93311934304572
2024-04-14 02:21:56,0.117905719,0.0287312352665338,1.35407726,200.1956835251961,199.93890901761372
2024-04-14 02:22:00,0.117907227,0.0287302102098278,1.35402895,200.2037531962746,199.9464646997056
2024-04-14 02:22:04,0.117906925,0.0287300179719111,1.35401989,200.20491100188977,199.947108517348
2024-04-14 02:22:08,0.117913863,0.0287304024477446,1.35403801,200.21251202020966,199.9541955487072
2024-04-14 02:22:13,0.117910847,0.0287318760595895,1.35410746,200.20117103946197,199.942212085679
2024-04-14 02:22:17,0.117905719,0.0287307228442724,1.35405311,200.20116224980893,199.94168931133564
2024-04-14 02:22:21,0.117904814,0.0287291851531219,1.35398064,200.20882339893,199.9488364767724
2024-04-14 02:22:25,0.117904814,0.0287295053374666,1.35399573,200.20759994549536,199.9470990406577
2024-04-14 02:22:29,0.117908132,0.0287300820512167,1.35402291,200.20937157294287,199.94835668642747
2024-04-14 02:22:33,0.117908132,0.0287305306063557,1.35404405,200.2074516254745,199.94592275828188
2024-04-14 02:22:38,0.117912355,0.0287312352665338,1.35407726,200.20985401821537,199.9476826765803
2024-04-14 02:22:42,0.117912959,0.0287305306063557,1.35404405,200.21499018134992,199.95230486128204
2024-04-14 02:22:46,0.117912355,0.0287311073201058,1.35407123,200.2115762138531,199.94837691634692
2024-04-14 02:22:50,0.117909942,0.0287312352665338,1.35407726,200.20820564928354,199.94449237533163
2024-04-14 02:22:55,0.117915673,0.0287312993458394,1.35408028,200.2160775625008,199.95172181938491
2024-04-14 02:22:59,0.117910847,0.0287302102098278,1.35402895,200.21612071259815,199.9512509952633
2024-04-14 02:23:03,0.117912657,0.0287311713994114,1.35407425,200.21381219494566,199.9484285043785
2024-04-14 02:23:07,0.117909339,0.0287296334960777,1.35400177,200.21828427667123,199.95238661385665
2024-04-14 02:23:12,0.11790964,0.028729313311733,1.35398668,200.22106223607972,199.95452210933783
2024-04-14 02:23:16,0.117912054,0.0287299538926056,1.35401687,200.22129187304,199.95423777625973
2024-04-14 02:23:20,0.117912054,0.028730786923578,1.35405613,200.2172855194719,199.949717453632
2024-04-14 02:23:24,0.117912054,0.0287295694167722,1.35399875,200.22440620258334,199.9563241686608
2024-04-14 02:23:28,0.117911149,0.028729313311733,1.35398668,200.2251133578931,199.95651735686303
2024-04-14 02:23:32,0.117912355,0.0287295694167722,1.35399875,200.22583212399698,199.9567221568327
2024-04-14 02:23:41,0.117913863,0.0287296975753833,1.35400479,200.2282869707607,199.95802058334343
2024-04-14 02:23:45,0.117915975,0.0287305306063557,1.35404405,200.22707289330762,199.9562925429065
2024-04-14 02:23:49,0.117909942,0.0287300820512167,1.35402291,200.22204415847972,199.9507498460602
2024-04-14 02:23:53,0.117914467,0.0287295694167722,1.35399875,200.23132295860958,199.95951468513525
2024-04-14 02:23:57,0.117909942,0.0287287365979829,1.3539595,200.23037334990573,199.9580511163384
2024-04-14 02:24:02,0.117912355,0.0287294414703442,1.35399272,200.23038116602604,199.957416483692
2024-04-14 02:24:06,0.117915673,0.0287299538926056,1.35401687,200.2325014660951,199.9590228258252
2024-04-14 02:24:10,0.117915673,0.0287296334960777,1.35400177,200.23475413289492,199.9607615356449
2024-04-14 02:24:14,0.117912657,0.0287297616546889,1.35400781,200.2305848119849,199.95607825870871
2024-04-14 02:24:18,0.117919897,0.0287300820512167,1.35402291,200.2389328180562,199.9639123097059
2024-04-14 02:24:22,0.117918388,0.0287289929152052,1.35397158,200.24336228147828,199.96782781900407
2024-04-14 02:24:27,0.117917182,0.0287300179719111,1.35401989,200.23684719089837,199.9606702871027
2024-04-14 02:24:31,0.117916277,0.0287302742891334,1.35403197,200.23477361176353,199.95808275597523
2024-04-14 02:24:35,0.117920802,0.0287299538926056,1.35401687,200.24300920746745,199.9658044006307
2024-04-14 02:24:39,0.117921103,0.0287298257339944,1.35401083,200.24461665172032,199.96689789477756
2024-04-14 02:24:43,0.117926533,0.0287300820512167,1.35402291,200.2509191101138,199.9726864040056
2024-04-14 02:24:47,0.117926533,0.0287307228442724,1.35405311,200.24795546580583,199.96920881147085
2024-04-14 02:24:52,0.117923818,0.0287312993458394,1.35408028,200.2418797398477,199.9624906515465
2024-04-14 02:24:56,0.117923517,0.0287301461305223,1.35402593,200.2482539372052,199.96835090278256
2024-04-14 02:25:00,0.1179205,0.0287302102098278,1.35402895,200.2444310783201,199.9640140987088
2024-04-14 02:25:04,0.117926835,0.0287314915837561,1.35408934,200.24636726416784,199.9654363402987
2024-04-14 02:25:08,0.117926232,0.0287299538926056,1.35401687,200.25442882548003,199.9729839582821
2024-04-14 02:25:12,0.117924723,0.0287304665270501,1.35404103,200.25016549628677,199.9682066866872
2024-04-14 02:25:17,0.117919897,0.0287286084393718,1.35395346,200.25451099585146,199.971909759551
2024-04-14 02:25:21,0.117921103,0.0287296975753833,1.35400479,200.2507085889062,199.96759341228363
2024-04-14 02:25:25,0.117928343,0.0287291210738163,1.35397762,200.26392430334116,199.9802951873176
2024-04-14 02:25:29,0.117925327,0.0287297616546889,1.35400781,200.25697372649415,199.97283067198904
2024-04-14 02:25:33,0.117924422,0.0287298257339944,1.35401083,200.25594329534422,199.97128630327504
2024-04-14 02:25:38,0.117924723,0.0287300820512167,1.35402291,200.25559264153398,199.97029322879723
2024-04-14 02:25:42,0.117922612,0.0287300179719111,1.35401989,200.25366317698388,199.9678498287408
2024-04-14 02:25:46,0.117927136,0.0287307228442724,1.35405311,200.25633336086398,199.97000607802607
2024-04-14 02:25:50,0.117929851,0.0287300820512167,1.35402291,200.26391466767842,199.97707345115543
2024-04-14 02:25:54,0.117922913,0.0287295694167722,1.35399875,200.25803730320598,199.97068215390576
2024-04-14 02:25:59,0.11792774,0.0287302102098278,1.35402895,200.26158432083838,199.97358675684052
2024-04-14 02:26:03,0.117926533,0.0287298257339944,1.35401083,200.26258897919476,199.97407748445565
2024-04-14 02:26:07,0.117926232,0.0287307228442724,1.35405311,200.25783626385513,199.96881083927664
2024-04-14 02:26:11,0.117924422,0.028730338368439,1.35403499,200.25804357051672,199.96850421699887
2024-04-14 02:26:15,0.11792955,0.0287317479009783,1.35410142,200.25768825382983,199.96763497227084
2024-04-14 02:26:20,0.11793498,0.0287317479009783,1.35410142,200.26550977198133,199.9748140816312
2024-04-14 02:26:24,0.117932566,0.0287315556630616,1.35409236,200.2638753417251,199.9726657253481
2024-04-14 02:26:28,0.117923215,0.0287311713994114,1.35407425,200.2541112496918,199.96238770818007
2024-04-14 02:26:32,0.117929248,0.0287311713994114,1.35407425,200.26260168145595,199.9703642157
2024-04-14 02:26:36,0.117928343,0.0287302742891334,1.35403197,200.26678765826372,199.97403626915207
2024-04-14 02:26:40,0.117926835,0.0287309791614947,1.35406519,200.26148242027082,199.9682171086901
2024-04-14 02:26:45,0.117924422,0.0287307228442724,1.35405311,200.26032543086717,199.9664177174443
2024-04-14 02:26:49,0.117920198,0.0287308510028835,1.35405915,200.25455905643125,199.9601374225277
2024-04-14 02:26:53,0.117926533,0.0287306587649668,1.35405009,200.26449211724716,199.9695565637437
2024-04-14 02:26:57,0.117925025,0.028730338368439,1.35403499,200.26475096644774,199.9693014942233
2024-04-14 02:27:01,0.11792593,0.0287300820512167,1.35402291,200.26785250973668,199.97188911966825
2024-04-14 02:27:06,0.11792593,0.0287317479009783,1.35410142,200.25945468550677,199.962848899364
2024-04-14 02:27:10,0.117927136,0.0287304024477446,1.35403801,200.26886456581366,199.9717448637936
2024-04-14 02:27:14,0.117924723,0.0287300820512167,1.35402291,200.26792684582347,199.97029322879723
2024-04-14 02:27:18,0.117928946,0.0287297616546889,1.35400781,200.27576328473563,199.97761575357245
2024-04-14 02:27:27,0.117925327,0.0287314915837561,1.35408934,200.2627464009767,199.9634425661741
2024-04-14 02:27:31,0.117924723,0.0287311713994114,1.35407425,200.26419925065068,199.96438150452352
2024-04-14 02:27:35,0.117923517,0.0287306587649668,1.35405009,200.2659005564974,199.9655688999071
2024-04-14 02:27:39,0.117929248,0.028730786923578,1.35405613,200.27329630168535,199.97245073549152
2024-04-14 02:27:43,0.117922008,0.0287308510028835,1.35405915,200.2638900086247,199.96253053368517
2024-04-14 02:27:47,0.117922008,0.0287300179719111,1.35401989,200.26892460325539,199.967051220426
2024-04-14 02:27:52,0.117920198,0.0287294414703442,1.35399272,200.27030246657313,199.96778670008237
2024-04-14 02:27:56,0.117920198,0.0287304665270501,1.35404103,200.26525350119246,199.96222382873103
2024-04-14 02:28:00,0.117925327,0.0287313634251449,1.3540833,200.26768160552334,199.96413802794123
2024-04-14 02:28:04,0.117925327,0.0287314915837561,1.35408934,200.2675000480288,199.9634425661741
2024-04-14 02:28:08,0.117930153,0.0287316197423672,1.35409538,200.27369907348242,199.96912768820147
2024-04-14 02:28:13,0.117927136,0.0287314915837561,1.35408934,200.27104806522124,199.9658343018448
2024-04-14 02:28:17,0.117928946,0.0287318760595895,1.35410746,200.27186861244837,199.96614094754307
2024-04-14 02:28:21,0.117926533,0.0287314915837561,1.35408934,200.27127862221494,199.9650370566212
2024-04-14 02:28:25,0.117926533,0.0287312352665338,1.35407726,200.27318346602826,199.96642800058456
2024-04-14 02:28:29,0.117925628,0.0287311713994114,1.35407425,200.2728474112158,199.9655780467588
2024-04-14 02:28:34,0.117926232,0.0287311713994114,1.35407425,200.27428836006297,199.96637662301308
2024-04-14 02:28:38,0.11792774,0.0287315556630616,1.35409236,200.27471076771494,199.9662851335275
2024-04-14 02:28:42,0.117928645,0.0287314275044505,1.35408632,200.27711666848683,199.9681771379926
2024-04-14 02:28:46,0.117928645,0.0287312993458394,1.35408028,200.27832604840194,199.96887262242976
2024-04-14 02:28:55,0.117925025,0.0287305946856613,1.35404707,200.27852016897907,199.96791048120255
2024-04-14 02:28:59,0.117927438,0.0287302742891334,1.35403197,200.28396327012783,199.9728396895545
2024-04-14 02:29:03,0.11792593,0.0287308510028835,1.35405915,200.27935352112888,199.96771604857983
2024-04-14 02:29:07,0.11792593,0.0287309791614947,1.35406519,200.27917192215438,199.96702055844884
2024-04-14 02:29:11,0.117928041,0.0287316838216728,1.3540984,200.27865287976437,199.96598762571975
2024-04-14 02:29:15,0.117928343,0.0287314275044505,1.35408632,200.28095699699276,199.96777785342465
2024-04-14 02:29:20,0.117929851,0.0287311073201058,1.35407123,200.28533072533529,199.9715092210069
2024-04-14 02:29:24,0.11792593,0.0287305946856613,1.35404707,200.28344243947976,199.96910704745625
2024-04-14 02:29:32,0.117927136,0.0287305946856613,1.35404707,200.28606475266614,199.97070158767932
2024-04-14 02:29:36,0.117927438,0.0287304024477446,1.35403801,200.28802121286606,199.97214416260744
2024-04-14 02:29:40,0.117928645,0.0287311073201058,1.35407123,200.28630564396062,199.9699147092343
2024-04-14 02:29:45,0.11792231,0.0287298898133,1.35401385,200.28517932908372,199.96814603990083
2024-04-14 02:29:49,0.117923517,0.0287295694167722,1.35399875,200.28902794653726,199.97148077468927
2024-04-14 02:29:53,0.117926232,0.0287302742891334,1.35403197,200.28930618526414,199.9712451315492
2024-04-14 02:29:57,0.117923818,0.0287302742891334,1.35403197,200.28662830594948,199.96805337116396
2024-04-14 02:30:01,0.117926533,0.0287297616546889,1.35400781,200.29351407350813,199.97442525844653
2024-04-14 02:30:06,0.117928946,0.0287304665270501,1.35404103,200.2935214110123,199.97379024672009
2024-04-14 02:30:10,0.117926835,0.0287305946856613,1.35404707,200.29054865649732,199.97030361370992
2024-04-14 02:30:14,0.117928343,0.0287312352665338,1.35407726,200.2895800002296,199.96882107973556
2024-04-14 02:30:18,0.117927136,0.0287302742891334,1.35403197,200.29371318637334,199.97244038895943
2024-04-14 02:30:22,0.11792593,0.0287299538926056,1.35401687,200.2943713267829,199.97258465323404
2024-04-14 02:30:26,0.117927438,0.028730338368439,1.35403499,200.2947924742061,199.97249192530532
2024-04-14 02:30:30,0.117935583,0.0287309791614947,1.35406519,200.30259774377598,199.9797833203045
2024-04-14 02:30:35,0.117935583,0.0287316197423672,1.35409538,200.29976359517352,199.97630682958447
2024-04-14 02:30:39,0.117929248,0.028730786923578,1.35405613,200.2964213739002,199.97245073549152
2024-04-14 02:30:43,0.117931661,0.0287302102098278,1.35402895,200.30325557565462,199.97877106520164
2024-04-14 02:30:47,0.117934678,0.0287312352665338,1.35407726,200.30219523848777,199.97719685676392
2024-04-14 02:30:51,0.117932265,0.0287300820512167,1.35402291,200.30577748512036,199.98026523289727
2024-04-14 02:30:55,0.117928946,0.0287304024477446,1.35403801,200.30016413426623,199.9741380123137
2024-04-14 02:31:00,0.117930756,0.0287296334960777,1.35400177,200.3073729910482,199.98070453301352
2024-04-14 02:31:04,0.11792955,0.0287300820512167,1.35402291,200.3038577961236,199.97667547008484
2024-04-14 02:31:08,0.117931058,0.0287307228442724,1.35405311,200.30288780933074,199.97519161605172
2024-04-14 02:31:12,0.117934376,0.028730338368439,1.35403499,200.30987530078875,199.9816652410315
2024-04-14 02:31:16,0.11793317,0.028730338368439,1.35403499,200.30879461205805,199.98007068658276
2024-04-14 02:31:20,0.117931058,0.0287305946856613,1.35404707,200.30512493927114,199.9758871488362
2024-04-14 02:31:25,0.11792955,0.0287304665270501,1.35404103,200.30446896313745,199.97458884256656
2024-04-14 02:31:29,0.117928343,0.0287299538926056,1.35401687,200.3061691108427,199.97577512701176
2024-04-14 02:31:33,0.117928946,0.0287302102098278,1.35402895,200.30608916474077,199.97518131840224
2024-04-14 02:31:37,0.117938298,0.0287305946856613,1.35404707,200.31688138696114,199.9854596788656
2024-04-14 02:31:41,0.117936186,0.0287309791614947,1.35406519,200.31251614885088,199.98058057974708
2024-04-14 02:31:46,0.117930153,0.0287301461305223,1.35402593,200.30970287182652,199.97712497751257
2024-04-14 02:31:50,0.117931963,0.0287300179719111,1.35401989,200.31330546707335,199.9802137134292
2024-04-14 02:31:54,0.117931058,0.028730338368439,1.35403499,200.31088384525216,199.97727823302063
2024-04-14 02:31:58,0.117929248,0.0287302102098278,1.35402895,200.30970008996573,199.97558061988784
2024-04-14 02:32:02,0.117934678,0.0287298257339944,1.35401083,200.3194801961579,199.9848468689728
2024-04-14 02:32:07,0.117937091,0.028730786923578,1.35405613,200.3180961137805,199.98282046624809
2024-04-14 02:32:15,0.117929248,0.028729313311733,1.35398668,200.3167517847815,199.9804484270808
2024-04-14 02:32:19,0.117932868,0.0287291210738163,1.35397762,200.32309553715203,199.9862783254652
2024-04-14 02:32:24,0.117929851,0.0287289929152052,1.35397158,200.32044425732218,199.9829847291785
2024-04-14 02:32:28,0.117933471,0.0287296975753833,1.35400479,200.3219199348092,199.98394655431844
2024-04-14 02:32:32,0.117935885,0.0287295053374666,1.35399573,200.3266690295621,199.98818179744973
2024-04-14 02:32:36,0.117932566,0.0287304024477446,1.35403801,200.31792539236403,199.9789243093537
2024-04-14 02:32:40,0.117934376,0.0287304024477446,1.35403801,200.32083239106026,199.98131745787376
2024-04-14 02:32:44,0.117935583,0.0287304665270501,1.35404103,200.32259432842454,199.98256554578188
2024-04-14 02:32:49,0.11793136,0.0287295053374666,1.35399573,200.32286983278112,199.98219873932797
2024-04-14 02:32:53,0.11793136,0.0287297616546889,1.35400781,200.3219925122053,199.98080757090932
2024-04-14 02:32:57,0.117936488,0.0287295053374666,1.35399573,200.33067788621642,199.9889790977917
2024-04-14 02:33:01,0.117931963,0.0287304024477446,1.35403801,200.3203396687488,199.97812703390755
2024-04-14 02:33:05,0.117934075,0.0287302742891334,1.35403197,200.32434152788022,199.98161504733287
2024-04-14 02:33:09,0.117934075,0.0287286725186774,1.35395648,200.33354932090663,199.99030899536183
2024-04-14 02:33:14,0.117928041,0.0287293773910386,1.3539897,200.3223873350121,199.9785047042141
2024-04-14 02:33:18,0.117932265,0.0287290569945108,1.3539746,200.33022529662318,199.9858288224153
2024-04-14 02:33:22,0.117937091,0.028730338368439,1.35403499,200.33016528873299,199.98525497181797
2024-04-14 02:33:26,0.117936186,0.0287306587649668,1.35405009,200.32774362684762,199.98231946792623
2024-04-14 02:33:31,0.117933773,0.0287305306063557,1.35404405,200.3258910847692,199.9798246243227
2024-04-14 02:33:35,0.117932566,0.0287296975753833,1.35400479,200.32933025158349,199.98274995070088
2024-04-14 02:33:39,0.11793136,0.0287302102098278,1.35402895,200.3254672265302,199.9783730859064
2024-04-14 02:33:43,0.117931661,0.0287290569945108,1.3539746,200.3326381670592,199.98503018738728
2024-04-14 02:33:47,0.11793317,0.0287299538926056,1.35401687,200.33027921479803,199.98215739676925
2024-04-14 02:33:51,0.117934678,0.0287288006772885,1.35396252,200.33904632729983,199.9904106716037
2024-04-14 02:33:55,0.117933471,0.0287300820512167,1.35402291,200.33100929424793,199.98185980157203
2024-04-14 02:33:59,0.117932265,0.0287298257339944,1.35401083,200.33131970993284,199.981656380963
2024-04-14 02:34:04,0.117934376,0.0287293773910386,1.3539897,200.33718664626414,199.98688102288844
2024-04-14 02:34:08,0.117934376,0.0287294414703442,1.35399272,200.33735267459738,199.98653321646412
2024-04-14 02:34:12,0.117933773,0.0287301461305223,1.35402593,200.3332446094648,199.98191131725383
2024-04-14 02:34:16,0.11793679,0.028730338368439,1.35403499,200.33670411990863,199.984856994298
2024-04-14 02:34:20,0.117937996,0.028730786923578,1.35405613,200.3363779828296,199.98401702449556
2024-04-14 02:34:24,0.117937996,0.0287315556630616,1.35409236,200.33271967312552,199.97984488274253
2024-04-14 02:34:29,0.117941013,0.028732388694034,1.35413162,200.3328298923497,199.9793128128511
2024-04-14 02:34:33,0.1179386,0.0287314915837561,1.35408934,200.33502212604864,199.98099121601177
2024-04-14 02:34:37,0.117936488,0.0287318760595895,1.35410746,200.33065706890127,199.97611232899465
2024-04-14 02:34:41,0.117933773,0.0287308510028835,1.35405915,200.33314432531816,199.9780857562085
2024-04-14 02:34:45,0.117935281,0.0287298898133,1.35401385,200.34086875983323,199.98529636218532
2024-04-14 02:34:54,0.117935885,0.0287295053374666,1.35399573,200.3449103068872,199.98818179744973
2024-04-14 02:34:58,0.117930455,0.0287295694167722,1.35399875,200.33789667176816,199.9806543359407
2024-04-14 02:35:02,0.117932868,0.0287291210738163,1.35397762,200.3440344870256,199.9862783254652
2024-04-14 02:35:06,0.117931963,0.0287294414703442,1.35399272,200.34161267241882,199.9833426857808
2024-04-14 02:35:10,0.117931963,0.0287296334960777,1.35400177,200.34108425986327,199.98230044880108
2024-04-14 02:35:15,0.11792955,0.028729313311733,1.35398668,200.34027383170837,199.98084774103216
2024-04-14 02:35:19,0.11793498,0.0287294414703442,1.35399272,200.347271754441,199.9873318408043
2024-04-14 02:35:23,0.117931963,0.0287296975753833,1.35400479,200.3424063916435,199.98195265569385
2024-04-14 02:35:31,0.117929851,0.0287293773910386,1.3539897,200.3423793167611,199.98089793812105
2024-04-14 02:35:35,0.11793136,0.0287293773910386,1.3539897,200.3448883802172,199.98289318119595
2024-04-14 02:35:40,0.117932868,0.0287288647565941,1.35396554,200.35030704731065,199.9876695737131
2024-04-14 02:35:44,0.117933773,0.0287295694167722,1.35399875,200.3481927539112,199.9850414613706
2024-04-14 02:35:48,0.117929851,0.0287289288358996,1.35396856,200.34699764396592,199.9833325331184
2024-04-14 02:35:52,0.11793498,0.0287288006772885,1.35396252,200.3549889212005,199.99080999268045
2024-04-14 02:35:56,0.117934678,0.0287293773910386,1.3539897,200.3519730815092,199.98728033594915
2024-04-14 02:36:01,0.11792955,0.0287305306063557,1.35404405,200.33957609271638,199.97424107674317
2024-04-14 02:36:05,0.117932868,0.0287288006772885,1.35396252,200.35386622125063,199.98801738965403
2024-04-14 02:36:13,0.11793136,0.0287288647565941,1.35396554,200.35255207825284,199.9856756172876
2024-04-14 02:36:17,0.11792955,0.0287290569945108,1.3539746,200.34962920623374,199.9822389315196
2024-04-14 02:36:22,0.117933471,0.0287304024477446,1.35403801,200.34815342464063,199.98012088361372
2024-04-14 02:36:26,0.117936186,0.0287298257339944,1.35401083,200.35538711208355,199.9868407587029
2024-04-14 02:36:30,0.117936186,0.028730786923578,1.35405613,200.35068407311798,199.98162390800067
2024-04-14 02:36:34,0.117932868,0.0287302102098278,1.35402895,200.3499409251924,199.98036694895373
2024-04-14 02:36:38,0.117930756,0.0287294414703442,1.35399272,200.35183454607278,199.9817467593262
2024-04-14 02:36:43,0.117934678,0.0287295694167722,1.35399875,200.35696811934747,199.98623807032595
2024-04-14 02:36:51,0.117934376,0.0287284162014551,1.3539444,200.36385597212444,199.99209830544203
2024-04-14 02:36:55,0.117931963,0.0287284162014551,1.3539444,200.36117913549728,199.988907660894
2024-04-14 02:36:59,0.117928041,0.0287282239635384,1.35393534,200.3575504307871,199.9847651488668
2024-04-14 02:37:03,0.117934678,0.0287296975753833,1.35400479,200.3588415551815,199.9855424665464
2024-04-14 02:37:07,0.117938298,0.0287295053374666,1.35399573,200.36518521579004,199.9913723210404
2024-04-14 02:37:12,0.11793679,0.0287295694167722,1.35399875,200.3634857501799,199.9890305986285
2024-04-14 02:37:16,0.11793136,0.0287295694167722,1.35399875,200.35681990121802,199.9818509448961
2024-04-14 02:37:20,0.117931963,0.0287284162014551,1.3539444,200.364390421392,199.988907660894
2024-04-14 02:37:24,0.117934376,0.0287284162014551,1.3539444,200.3680948695235,199.99209830544203
2024-04-14 02:37:28,0.117929851,0.0287275833826659,1.35390515,200.36714598957334,199.99063562249916
2024-04-14 02:37:32,0.117928645,0.028727711541277,1.35391119,200.36536942023722,199.98834525075924
2024-04-14 02:37:37,0.117934678,0.0287282239635384,1.35393534,200.37120755459733,199.99354113294012
2024-04-14 02:37:41,0.117933471,0.0287284162014551,1.3539444,200.36908187119482,199.9909016484524
2024-04-14 02:37:45,0.117934376,0.0287296334960777,1.35400177,200.36418498140387,199.9854909581593
2024-04-14 02:37:53,0.117933773,0.0287287365979829,1.3539595,200.36928347329743,199.9895618507905
2024-04-14 02:37:57,0.117935281,0.0287296975753833,1.35400479,200.36657518282422,199.98633976155344
2024-04-14 02:38:02,0.117937393,0.0287297616546889,1.35400781,200.36966213874572,199.98878446982965
2024-04-14 02:38:06,0.11794041,0.0287300179719111,1.35401989,200.37277379643072,199.9913823300438
2024-04-14 02:38:10,0.117932265,0.0287280317256217,1.35392628,200.37329922401943,199.99139396073343
2024-04-14 02:38:14,0.11793679,0.0287283521221495,1.35394138,200.37805717024796,199.9956381106328
2024-04-14 02:38:18,0.117936488,0.0287291210738163,1.35397762,200.37399769135956,199.9910648359833
2024-04-14 02:38:23,0.117939203,0.0287289929152052,1.35397158,200.37892547654081,199.9953503772594
2024-04-14 02:38:27,0.11793498,0.0287288006772885,1.35396252,200.37489888645135,199.99080999268045
2024-04-14 02:38:31,0.117943124,0.0287302102098278,1.35402895,200.3785300208782,199.99392733318007
2024-04-14 02:38:35,0.117938298,0.0287299538926056,1.35401687,200.37405413043763,199.98893764937264
2024-04-14 02:38:39,0.117937091,0.0287295694167722,1.35399875,200.37505886067362,199.9894285868004
2024-04-14 02:38:44,0.117937695,0.0287295053374666,1.35399573,200.37684753479925,199.9905750206985
2024-04-14 02:38:48,0.117939505,0.0287298257339944,1.35401083,200.37801547285932,199.9912291672005
2024-04-14 02:38:52,0.117941616,0.0287295053374666,1.35399573,200.38305955291963,199.99575945625548
2024-04-14 02:38:56,0.117938901,0.0287291851531219,1.35398064,200.3817214633916,199.993907576273
2024-04-14 02:39:00,0.117941314,0.0287286725186774,1.35395648,200.3882085206293,199.9998808436053
2024-04-14 02:39:04,0.11793679,0.0287292492324275,1.35398366,200.3796099810407,199.9907685146586
2024-04-14 02:39:08,0.117938901,0.0287290569945108,1.3539746,200.38395848497058,199.99460322977583
2024-04-14 02:39:12,0.117940108,0.0287290569945108,1.3539746,200.38606822105217,199.9961991775884
2024-04-14 02:39:17,0.117940108,0.0287292492324275,1.35398366,200.38566696702074,199.9951556889825
2024-04-14 02:39:21,0.117944331,0.0287307228442724,1.35405311,200.383765800524,199.99274073543336
2024-04-14 02:39:25,0.117944029,0.0287302742891334,1.35403197,200.3863149523249,199.9947761007196
2024-04-14 02:39:29,0.117944331,0.0287291210738163,1.35397762,200.3934878192153,200.0014351816313
2024-04-14 02:39:33,0.117943124,0.0287289288358996,1.35396856,200.3934491797705,200.00088275674196
2024-04-14 02:39:38,0.117941616,0.0287287365979829,1.3539595,200.3931409757046,199.9999323216188
2024-04-14 02:39:42,0.117941616,0.0287297616546889,1.35400781,200.38809060518795,199.9943681668528
2024-04-14 02:39:46,0.117939203,0.0287289929152052,1.35397158,200.38958659931563,199.9953503772594
2024-04-14 02:39:50,0.117941013,0.0287289929152052,1.35397158,200.39249364844548,199.9977436431946
2024-04-14 02:39:54,0.117938298,0.028728288042844,1.35393836,200.39324373492886,199.99797994700805
2024-04-14 02:39:58,0.117937393,0.0287289929152052,1.35397158,200.38873468139212,199.99295711132413
2024-04-14 02:40:03,0.11793679,0.0287296975753833,1.35400479,200.38475477941142,199.98833498239196
2024-04-14 02:40:07,0.11794041,0.0287296334960777,1.35400177,200.3904027928771,199.99346921488024
2024-04-14 02:40:11,0.117943124,0.0287298257339944,1.35401083,200.39346159656836,199.99601423811112
2024-04-14 02:40:15,0.117944029,0.0287296975753833,1.35400479,200.39586762752063,199.99790648911812
2024-04-14 02:40:19,0.117939806,0.0287289288358996,1.35396856,200.39497044295646,199.996495525122
2024-04-14 02:40:24,0.117939806,0.0287288647565941,1.35396554,200.39596050137848,199.99684335997324
2024-04-14 02:40:28,0.1179386,0.0287286725186774,1.35395648,200.39592314661598,199.9962922269272
2024-04-14 02:40:32,0.117943124,0.0287301461305223,1.35402593,200.39441984425466,199.9942751467898
2024-04-14 02:40:36,0.117947348,0.0287306587649668,1.35405009,200.3977360009321,199.99707752619685
2024-04-14 02:40:41,0.117945538,0.0287305306063557,1.35404405,200.39668071592942,199.99538002031449
2024-04-14 02:40:45,0.117941314,0.0287283521221495,1.35394138,200.40343457376386,200.00162010200967
2024-04-14 02:40:49,0.117940711,0.028730338368439,1.35403499,200.39236952692696,199.99004127953327
2024-04-14 02:40:53,0.1179386,0.0287286084393718,1.35395346,200.39948208696364,199.9966400644284
2024-04-14 02:40:58,0.117939806,0.0287286084393718,1.35395346,200.40171895565985,199.9982347148953
2024-04-14 02:41:02,0.117947046,0.0287296334960777,1.35400177,200.40624148223012,200.0022434674379
2024-04-14 02:41:06,0.117937695,0.0287288006772885,1.35396252,200.39891170393284,199.99439991560504
2024-04-14 02:41:10,0.117938298,0.0287286084393718,1.35395346,200.4012663020527,199.99624074067964
2024-04-14 02:41:14,0.117936186,0.0287288647565941,1.35396554,200.39759614068,199.99205680675016
2024-04-14 02:41:18,0.117941616,0.0287284162014551,1.3539444,200.4077246832057,200.00167157720583
2024-04-14 02:41:22,0.117937996,0.0287288006772885,1.35396252,200.4013647920116,199.9947979144265
2024-04-14 02:41:26,0.1179386,0.0287289929152052,1.35397158,200.4016337113836,199.9945530626964
2024-04-14 02:41:31,0.117935885,0.0287282239635384,1.35393534,200.40285998891858,199.99513712703032
2024-04-14 02:41:35,0.117940108,0.0287289929152052,1.35397158,200.40478364213706,199.996547010227
2024-04-14 02:41:39,0.1179386,0.0287275833826659,1.35390515,200.41095494597667,200.00220454452204
2024-04-14 02:41:43,0.11793498,0.028727839487705,1.35391722,200.40529168195255,199.99602751142876
2024-04-14 02:41:48,0.117937091,0.0287279676463161,1.35392326,200.40802956499485,199.9981231838004
2024-04-14 02:41:52,0.117936488,0.0287282239635384,1.35393534,200.4063546121351,199.9959344629345
2024-04-14 02:41:56,0.117936186,0.0287282239635384,1.35393534,200.40646905057872,199.99553513384157
2024-04-14 02:42:00,0.117938298,0.0287280317256217,1.35392628,200.41081902380827,199.9993713400023
2024-04-14 02:42:04,0.1179386,0.0287276474619714,1.35390817,200.41381812930837,200.00185667889957
2024-04-14 02:42:09,0.117937996,0.0287280317256217,1.35392628,200.41157566624716,199.9989720082372
2024-04-14 02:42:13,0.117937091,0.0287287365979829,1.3539595,200.40706652697006,199.99394910339896
2024-04-14 02:42:17,0.117941013,0.0287284162014551,1.3539444,200.41450542775036,200.00087423907823
2024-04-14 02:42:21,0.117937996,0.028727711541277,1.35391119,200.41485508814054,200.0007101348256
2024-04-14 02:42:25,0.1179386,0.0287288006772885,1.35396252,200.41025527408112,199.99559655657987
2024-04-14 02:42:30,0.117939505,0.0287281598842328,1.35393232,200.41557256272188,200.0002716406269
2024-04-14 02:42:34,0.117934678,0.0287293773910386,1.3539897,200.40309502121,199.98728033594915
2024-04-14 02:42:38,0.117943426,0.0287288006772885,1.35396252,200.41830622700118,200.00197777902508
2024-04-14 02:42:42,0.117942219,0.0287293773910386,1.3539897,200.4140934726516,199.997251262409
2024-04-14 02:42:46,0.117943426,0.028729313311733,1.35398668,200.41655099915096,199.99919502708897
2024-04-14 02:42:50,0.117942521,0.0287289929152052,1.35397158,200.41760732416145,199.9997375907252
2024-04-14 02:42:55,0.117942219,0.0287295694167722,1.35399875,200.41472086467186,199.9962089301411
2024-04-14 02:42:59,0.117946141,0.0287295053374666,1.35399573,200.42076822580648,200.0017425308966
2024-04-14 02:43:03,0.117943426,0.0287308510028835,1.35405915,200.41038802984426,199.99084857499457
2024-04-14 02:43:07,0.117943426,0.0287287365979829,1.3539595,200.42237884530573,200.0023256309538
2024-04-14 02:43:11,0.11794041,0.0287289929152052,1.35397158,200.41751330205005,199.9969463286316
2024-04-14 02:43:16,0.117940108,0.0287286084393718,1.35395346,200.41984321028556,199.998634038644
2024-04-14 02:43:20,0.117939806,0.0287284802807607,1.35394742,200.42065333140084,199.99893040166663
2024-04-14 02:43:24,0.117938901,0.0287280958049273,1.3539293,200.4220575162843,199.9998208288873
2024-04-14 02:43:28,0.117939806,0.0287291210738163,1.35397762,200.41820247450983,199.9954520298781
2024-04-14 02:43:32,0.117946744,0.0287300820512167,1.35402291,200.42267351380775,199.9994093123676
2024-04-14 02:43:36,0.117941314,0.0287295694167722,1.35399875,200.41879027900976,199.9950123211857
2024-04-14 02:43:40,0.117943426,0.0287300179719111,1.35401989,200.41966179660642,199.9953700828211
2024-04-14 02:43:45,0.117947649,0.0287298257339944,1.35401083,200.42693115658872,200.0019972484436
2024-04-14 02:43:49,0.117946141,0.0287300820512167,1.35402291,200.42405969119218,199.99861202803024
2024-04-14 02:43:53,0.117942521,0.0287297616546889,1.35400781,200.4215261855632,199.9955647678013
2024-04-14 02:43:57,0.11794041,0.0287296975753833,1.35400479,200.4195965688088,199.993121396862
2024-04-14 02:44:01,0.117943426,0.028729313311733,1.35398668,200.42618395280743,199.99919502708897
2024-04-14 02:44:06,0.117942521,0.0287294414703442,1.35399272,200.42493386237928,199.9973027450246
2024-04-14 02:44:10,0.117944633,0.0287296334960777,1.35400177,200.42719780701455,199.9990529368114
2024-04-14 02:44:14,0.117946141,0.0287299538926056,1.35401687,200.42796630344586,199.99930768080168
2024-04-14 02:44:18,0.117948253,0.0287306587649668,1.35405009,200.42744646446144,199.99827408978177
2024-04-14 02:44:22,0.117944633,0.0287302102098278,1.35402895,200.4256086447291,199.99592251841776
2024-04-14 02:44:26,0.117941314,0.0287296975753833,1.35400479,200.4245165558066,199.9943166782656
2024-04-14 02:44:31,0.117942823,0.028730338368439,1.35403499,200.4236757991108,199.99283373309527
2024-04-14 02:44:35,0.117939203,0.0287295694167722,1.35399875,200.42357693145024,199.99222111510295
2024-04-14 02:44:39,0.117938298,0.0287295694167722,1.35399875,200.4228940724305,199.9910245061476
2024-04-14 02:44:43,0.117944029,0.028729313311733,1.35398668,200.4323756485842,199.9999923327601
2024-04-14 02:44:47,0.117942521,0.0287292492324275,1.35398366,200.43124330598772,199.9983462410149
2024-04-14 02:44:51,0.11793679,0.0287288006772885,1.35396252,200.42661408836088,199.99320327463013
2024-04-14 02:44:56,0.117945839,0.0287305946856613,1.35404707,200.42948318199583,199.99543018286445
2024-04-14 02:45:00,0.117942823,0.0287285443600662,1.35395044,200.43713860849658,200.0025718614799
2024-04-14 02:45:04,0.117940711,0.0287296334960777,1.35400177,200.42894769668155,199.9938672021645
2024-04-14 02:45:08,0.11794041,0.0287293773910386,1.3539897,200.43045359236496,199.99485935073068
2024-04-14 02:45:12,0.117946141,0.0287295694167722,1.35399875,200.43750267794644,200.00139468957624
2024-04-14 02:45:17,0.117943426,0.0287294414703442,1.35399272,200.4352495305657,199.9984993593091
2024-04-14 02:45:25,0.117940711,0.0287298257339944,1.35401083,200.43060141275143,199.99282375010137
2024-04-14 02:45:29,0.117946443,0.0287302742891334,1.35403197,200.43625926889027,199.99796786110488
2024-04-14 02:45:34,0.117941314,0.028729313311733,1.35398668,200.43533606257438,199.99640247389263
2024-04-14 02:45:38,0.117942823,0.0287300179719111,1.35401989,200.4340201296883,199.99457279670548
2024-04-14 02:45:42,0.117944633,0.0287297616546889,1.35400781,200.43831835433446,199.9983572774184
2024-04-14 02:45:46,0.117937393,0.0287301461305223,1.35402593,200.4271724774782,199.98669765699503
2024-04-14 02:45:50,0.117942219,0.0287286725186774,1.35395648,200.44206606381923,200.00107750013316
2024-04-14 02:45:54,0.11794041,0.0287284802807607,1.35394742,200.44123135925332,199.9997290527269
2024-04-14 02:46:03,0.117940108,0.0287284802807607,1.35394742,200.44198795379813,199.9993297271968
2024-04-14 02:46:07,0.117940108,0.0287281598842328,1.35393232,200.44424095414453,200.00106898586847
2024-04-14 02:46:11,0.117942521,0.0287299538926056,1.35401687,200.43820701863007,199.9945213090341
2024-04-14 02:46:15,0.117938298,0.0287286725186774,1.35395648,200.440092354632,199.99589290406917
2024-04-14 02:46:20,0.117938901,0.0287289929152052,1.35397158,200.43979268513235,199.99495105885472
2024-04-14 02:46:24,0.117943728,0.028729313311733,1.35398668,200.444949707497,199.99959434104036
2024-04-14 02:46:28,0.117943426,0.0287294414703442,1.35399272,200.44436846559753,199.9984993593091
2024-04-14 02:46:32,0.117951571,0.0287298898133,1.35401385,200.4532179937518,200.00683514797703
2024-04-14 02:46:40,0.117944029,0.0287300179719111,1.35401989,200.44357769265508,199.9961673689367
2024-04-14 02:46:45,0.117944331,0.0287302102098278,1.35402895,200.44357571367365,199.99552321693216
2024-04-14 02:46:49,0.117944633,0.0287294414703442,1.35399272,200.44866152144672,200.00009528666695
2024-04-14 02:46:53,0.117941616,0.028729313311733,1.35398668,200.44588176032605,199.996801787844
2024-04-14 02:46:57,0.117943124,0.0287285443600662,1.35395044,200.45256357747553,200.0029698676255
2024-04-14 02:47:01,0.117944029,0.0287284162014551,1.3539444,200.45496969888728,200.0048622520017
2024-04-14 02:47:05,0.117944331,0.0287291851531219,1.35398064,200.45170851993453,200.00108733634397
2024-04-14 02:47:09,0.117942823,0.0287294414703442,1.35399272,200.44883697716128,199.99770205719463
2024-04-14 02:47:14,0.117944934,0.0287301461305223,1.35402593,200.4484454066374,199.9966683166604
2024-04-14 02:47:18,0.117942219,0.0287283521221495,1.35394138,200.45510759863282,200.00281677301305
2024-04-14 02:47:22,0.117937695,0.0287275193033603,1.35390213,200.45416026694062,200.0013557060012
2024-04-14 02:47:26,0.117941314,0.0287286725186774,1.35395648,200.4531991395432,199.9998808436053
2024-04-14 02:47:31,0.117943124,0.0287298898133,1.35401385,200.4496268809806,199.99566641674372
2024-04-14 02:47:35,0.117940108,0.0287281598842328,1.35393232,200.45554318438758,200.00106898586847
2024-04-14 02:47:39,0.117944934,0.0287300179719111,1.35401989,200.45235189169557,199.9973639592097
2024-04-14 02:47:43,0.1179386,0.0287296334960777,1.35400177,200.44657766844637,199.99107600230735
2024-04-14 02:47:47,0.117948856,0.0287295694167722,1.35399875,200.4609999499548,200.0049845504745
2024-04-14 02:47:52,0.117950364,0.0287302102098278,1.35402895,200.46015759021344,200.00350002449227
2024-04-14 02:48:00,0.117950968,0.0287304665270501,1.35404103,200.4605923211015,200.002907290394
2024-04-14 02:48:04,0.117947348,0.0287296334960777,1.35400177,200.46084154346798,200.0026427807245
2024-04-14 02:48:09,0.117945839,0.0287284162014551,1.3539444,200.4660965160333,200.00725558867
2024-04-14 02:48:13,0.117944331,0.0287291210738163,1.35397762,200.4607898403526,200.0014351816313
2024-04-14 02:48:17,0.117947046,0.0287295053374666,1.35399573,200.46280754364582,200.002939153865
2024-04-14 02:48:21,0.117946744,0.0287295053374666,1.35399573,200.4629219593408,200.00253983879708
2024-04-14 02:48:25,0.117950063,0.0287306587649668,1.35405009,200.46156307428868,200.0006672232769
2024-04-14 02:48:30,0.117948253,0.0287289929152052,1.35397158,200.46885478998396,200.00731677629904
2024-04-14 02:48:34,0.117946443,0.0287292492324275,1.35398366,200.4655838220033,200.00353207850716
