time,voltage,current,shunt_voltage,temperature,seconds_combined,temperature_corr_err,temperature_uncorr
2024-06-23 00:07:50,0.162788251,0.0341218915701763,1.60813404,225.3026789560099,28792.0,1156.4195957040306,225.34052326466733
2024-06-23 00:07:54,0.163107105,0.0341172782845418,1.60791662,225.68349153425126,28796.0,1156.4195957040306,225.7219809829462
2024-06-23 00:07:58,0.163359594,0.034115484276169,1.60783207,225.9750390842822,28800.0,1156.4195957040306,226.01417385307988
2024-06-23 00:08:02,0.163412082,0.0341134980298796,1.60773846,226.0437914381521,28804.0,1156.4195957040306,226.08357170699867
2024-06-23 00:08:06,0.16345341,0.0341133700834516,1.60773243,226.09009255220107,28808.0,1156.4195957040306,226.13051850092296
2024-06-23 00:08:15,0.16349896,0.0341093335115671,1.60754219,226.16128484952463,28817.0,1156.4195957040306,226.20316423483465
2024-06-23 00:08:19,0.163518267,0.034109653908095,1.60755729,226.1805335594036,28821.0,1156.4195957040306,226.2230592081949
2024-06-23 00:08:23,0.163536065,0.0341090771943448,1.60753011,226.20290756708425,28825.0,1156.4195957040306,226.246079658671
2024-06-23 00:08:27,0.163549338,0.0341093975908727,1.60754521,226.21540061476367,28829.0,1156.4195957040306,226.2592193283389
2024-06-23 00:08:35,0.163569247,0.0341086927185114,1.60751199,226.24017972493854,28837.0,1156.4195957040306,226.28529221958195
2024-06-23 00:08:40,0.163593681,0.0341090771943448,1.60753011,226.26466143733145,28842.0,1156.4195957040306,226.310582908446
2024-06-23 00:08:44,0.163607256,0.0341088208771226,1.60751803,226.28058834954527,28846.0,1156.4195957040306,226.3271572028557
2024-06-23 00:08:48,0.163609368,0.0341079880583333,1.60747878,226.28677777074478,28850.0,1156.4195957040306,226.33399418480064
2024-06-23 00:08:53,0.163618418,0.0341067705515276,1.6074214,226.30263942597557,28855.0,1156.4195957040306,226.3506655418608
2024-06-23 00:08:57,0.163618719,0.0341060018120439,1.60738517,226.30645759679967,28859.0,1156.4195957040306,226.35513167471515
2024-06-23 00:09:01,0.163622037,0.0341055532569049,1.60736403,226.31193394357769,28863.0,1156.4195957040306,226.3612561616705
2024-06-23 00:09:05,0.163630786,0.0341058736534328,1.60737913,226.3193605232695,28867.0,1156.4195957040306,226.36933105956177
2024-06-23 00:09:09,0.163643455,0.0341062581292662,1.60739725,226.33083157255504,28871.0,1156.4195957040306,226.381450604944
2024-06-23 00:09:13,0.163648583,0.0341070909480554,1.6074365,226.33145042062074,28875.0,1156.4195957040306,226.3827181268784
2024-06-23 00:09:18,0.16365522,0.0341070268687498,1.60743348,226.33841452727046,28880.0,1156.4195957040306,226.3904933256639
2024-06-23 00:09:30,0.163672716,0.0341058095741272,1.60737611,226.36259652110635,28892.0,1156.4195957040306,226.41662307164407
2024-06-23 00:09:34,0.163672113,0.0341056814155161,1.60737007,226.3619603848617,28896.0,1156.4195957040306,226.41663654049967
2024-06-23 00:09:47,0.163690213,0.0341049765431548,1.60733685,226.38390219887037,28909.0,1156.4195957040306,226.44069079269232
2024-06-23 00:09:51,0.163690816,0.0341050406224604,1.60733987,226.383582653271,28913.0,1156.4195957040306,226.4410216034752
2024-06-23 00:09:59,0.163708614,0.0341052969396827,1.60735195,226.40083236776263,28921.0,1156.4195957040306,226.45957255990615
2024-06-23 00:10:03,0.163708915,0.0341049765431548,1.60733685,226.40224056750426,28925.0,1156.4195957040306,226.46163164494584
2024-06-23 00:10:08,0.163714044,0.0341043359622823,1.60730666,226.4106129134843,28930.0,1156.4195957040306,226.4708178450973
2024-06-23 00:10:16,0.163715854,0.0341034388520043,1.60726438,226.41615920838495,28938.0,1156.4195957040306,226.4776668781848
2024-06-23 00:10:20,0.163714044,0.0341035670106155,1.60727042,226.41279188754424,28942.0,1156.4195957040306,226.4749511899344
2024-06-23 00:10:33,0.163730937,0.0341038874071433,1.60728552,226.42786660562462,28955.0,1156.4195957040306,226.49214492522336
2024-06-23 00:10:37,0.163733651,0.0341038233278377,1.6072825,226.4305977259582,28959.0,1156.4195957040306,226.49552842306508
2024-06-23 00:10:49,0.163746321,0.0341042718829767,1.60730364,226.44041533612616,28971.0,1156.4195957040306,226.50730421478607
2024-06-23 00:10:54,0.16374059,0.0341031184554765,1.60724928,226.43938284563865,28976.0,1156.4195957040306,226.50708809707152
2024-06-23 00:11:06,0.163751148,0.0341033747726988,1.60726136,226.44786701498285,28988.0,1156.4195957040306,226.51753267210424
2024-06-23 00:11:10,0.163751148,0.0341022856366873,1.60721003,226.453069402489,28992.0,1156.4195957040306,226.52338887626027
2024-06-23 00:11:23,0.163761706,0.0341028623504374,1.60723721,226.45966513367844,29005.0,1156.4195957040306,226.53211071128464
2024-06-23 00:11:27,0.163765627,0.0341023497159928,1.60721305,226.46615798547282,29009.0,1156.4195957040306,226.5392581175128
2024-06-23 00:11:35,0.163777995,0.0341031825347821,1.6072523,226.4742194725734,29017.0,1156.4195957040306,226.5486292330548
2024-06-23 00:11:39,0.163774074,0.0341019011608539,1.60719191,226.4760646576537,29021.0,1156.4195957040306,226.55112949186767
2024-06-23 00:11:44,0.163772867,0.034101580764326,1.60717681,226.47561702896596,29026.0,1156.4195957040306,226.55150094836307
2024-06-23 00:11:52,0.1637789,0.0341018370815483,1.60718889,226.47968346077954,29034.0,1156.4195957040306,226.5568784774714
2024-06-23 00:11:56,0.163786442,0.0341024137952984,1.60721607,226.48437173683152,29038.0,1156.4195957040306,226.5622225607993
2024-06-23 00:12:13,0.163795492,0.0341021574780761,1.60720399,226.49309567868275,29055.0,1156.4195957040306,226.57373560335475
2024-06-23 00:12:17,0.163797905,0.0341024137952984,1.60721607,226.49376247494683,29059.0,1156.4195957040306,226.5750591095533
2024-06-23 00:12:29,0.163809368,0.0341027982711318,1.60723419,226.50255978352698,29071.0,1156.4195957040306,226.58582757633943
2024-06-23 00:12:33,0.163810575,0.0341019011608539,1.60719191,226.50807963413882,29075.0,1156.4195957040306,226.592004822014
2024-06-23 00:12:42,0.163811781,0.0341011962884926,1.60715869,226.5117421737922,29084.0,1156.4195957040306,226.59714712528964
2024-06-23 00:12:46,0.163814195,0.0341006197869257,1.60713152,226.51688898926596,29088.0,1156.4195957040306,226.60295189081316
2024-06-23 00:12:58,0.163831389,0.0341021574780761,1.60720399,226.5258966183131,29100.0,1156.4195957040306,226.61393439219464
2024-06-23 00:13:02,0.163830484,0.0341010683420646,1.60715266,226.53008410960535,29104.0,1156.4195957040306,226.61878051451217
2024-06-23 00:13:15,0.163834104,0.034099402492303,1.60707415,226.54095959293437,29117.0,1156.4195957040306,226.6317977211673
2024-06-23 00:13:19,0.163835612,0.0341011962884926,1.60715869,226.5323373846132,29121.0,1156.4195957040306,226.6238348648641
2024-06-23 00:13:31,0.163853109,0.0341008761041479,1.6071436,226.551675683858,29133.0,1156.4195957040306,226.6451522351461
2024-06-23 00:13:36,0.163848885,0.0341011324213702,1.60715568,226.5447410230441,29138.0,1156.4195957040306,226.6390426359219
2024-06-23 00:13:44,0.163854014,0.0341006838662312,1.60713454,226.55157791759217,29146.0,1156.4195957040306,226.6472001769584
2024-06-23 00:13:48,0.163856427,0.0341021574780761,1.60720399,226.54569022651043,29150.0,1156.4195957040306,226.64197306170345
2024-06-23 00:13:52,0.163859443,0.0341005557076201,1.6071285,226.55702619711528,29154.0,1156.4195957040306,226.6539697763249
2024-06-23 00:14:01,0.163860952,0.0341005557076201,1.6071285,226.55722885139983,29163.0,1156.4195957040306,226.655659718818
2024-06-23 00:14:05,0.163865778,0.034100427549009,1.60712246,226.562661939955,29167.0,1156.4195957040306,226.66175409697487
2024-06-23 00:14:18,0.16387694,0.0340998508352589,1.60709528,226.57611597843862,29180.0,1156.4195957040306,226.67735848304997
2024-06-23 00:14:22,0.163874225,0.0341005557076201,1.6071285,226.56861976404764,29184.0,1156.4195957040306,226.67052426932136
2024-06-23 00:14:34,0.163883878,0.0341012603677982,1.60716171,226.57365071862867,29196.0,1156.4195957040306,226.67754222674807
2024-06-23 00:14:38,0.163881163,0.0340997226766477,1.60708924,226.57822357167242,29200.0,1156.4195957040306,226.6827777471856
2024-06-23 00:14:47,0.163886593,0.034099530438731,1.60708018,226.58384794677923,29209.0,1156.4195957040306,226.6898937317333
2024-06-23 00:14:51,0.163894134,0.0341011324213702,1.60715568,226.58300742929484,29213.0,1156.4195957040306,226.68971642156023
2024-06-23 00:14:55,0.163891419,0.0341000430731755,1.60710434,226.58516687163703,29217.0,1156.4195957040306,226.6925392370156
2024-06-23 00:15:04,0.163892928,0.034099402492303,1.60707415,226.588811719009,29226.0,1156.4195957040306,226.69767727930463
2024-06-23 00:15:08,0.163900771,0.03409997899387,1.60710132,226.59382827835412,29230.0,1156.4195957040306,226.70335774955063
2024-06-23 00:15:20,0.163908916,0.0340999149145644,1.6070983,226.6013024167968,29242.0,1156.4195957040306,226.7128246109325
2024-06-23 00:15:25,0.163911027,0.0341008761041479,1.6071436,226.5976616287469,29247.0,1156.4195957040306,226.71001456176757
2024-06-23 00:15:37,0.163912837,0.0340988257785529,1.60704697,226.60873156790373,29259.0,1156.4195957040306,226.7230793222178
2024-06-23 00:15:41,0.16391706,0.0340992102543863,1.60706509,226.61072602186198,29263.0,1156.4195957040306,226.72573904483087
2024-06-23 00:15:50,0.163923094,0.0340988898578585,1.60704999,226.61771144740848,29272.0,1156.4195957040306,226.7342219236804
2024-06-23 00:15:54,0.16392249,0.0341009401834535,1.60714662,226.60533084991184,29276.0,1156.4195957040306,226.72250712676637
2024-06-23 00:15:58,0.163924602,0.0341000430731755,1.60710434,226.61185980034807,29280.0,1156.4195957040306,226.72970204111772
2024-06-23 00:16:06,0.163936065,0.034100427549009,1.60712246,226.62129519130195,29288.0,1156.4195957040306,226.7404698492605
2024-06-23 00:16:11,0.163937272,0.0341004916283145,1.60712548,226.6214688451899,29293.0,1156.4195957040306,226.7414765947678
2024-06-23 00:16:23,0.16393335,0.0340990820957752,1.60705905,226.62266510836653,29305.0,1156.4195957040306,226.74467331414056
2024-06-23 00:16:27,0.163932143,0.0340990180164696,1.60705603,226.62099118396674,29309.0,1156.4195957040306,226.7436665330253
2024-06-23 00:16:40,0.163943606,0.0340995945180366,1.6070832,226.6285558932551,29322.0,1156.4195957040306,226.75340057600795
2024-06-23 00:16:44,0.16394059,0.0340984413027195,1.60702885,226.63071989066762,29326.0,1156.4195957040306,226.7562324041125
2024-06-23 00:16:52,0.163951148,0.0340994663594254,1.60707716,226.63568879461926,29334.0,1156.4195957040306,226.7625374532309
2024-06-23 00:16:56,0.163958388,0.03409997899387,1.60710132,226.64036851577455,29338.0,1156.4195957040306,226.76788548853347
2024-06-23 00:17:09,0.163962611,0.0340993384129974,1.60707113,226.64637456382803,29351.0,1156.4195957040306,226.77606466740264
2024-06-23 00:17:13,0.163961706,0.0340995945180366,1.6070832,226.6433128200558,29355.0,1156.4195957040306,226.7736719201413
2024-06-23 00:17:17,0.163964723,0.0340997226766477,1.60708924,226.6453324316338,29359.0,1156.4195957040306,226.77636068835253
2024-06-23 00:17:25,0.163968644,0.0341006838662312,1.60713454,226.6432088231633,29367.0,1156.4195957040306,226.77557587285256
2024-06-23 00:17:29,0.163969247,0.0341006197869257,1.60713152,226.64355957438684,29371.0,1156.4195957040306,226.7765962600805
2024-06-23 00:17:42,0.163977091,0.034098953937164,1.60705301,226.65913846722438,29384.0,1156.4195957040306,226.79435257031724
2024-06-23 00:17:46,0.163979202,0.0340994663594254,1.60707716,226.65807261912576,29388.0,1156.4195957040306,226.79395703476
2024-06-23 00:17:59,0.163980107,0.034098953937164,1.60705301,226.6596664176352,29401.0,1156.4195957040306,226.7977304444857
2024-06-23 00:18:03,0.163981616,0.0340988898578585,1.60704999,226.66103062036188,29405.0,1156.4195957040306,226.79976563325303
2024-06-23 00:18:15,0.163983425,0.0340981849854972,1.60701677,226.6648394054538,29417.0,1156.4195957040306,226.80558832394547
2024-06-23 00:18:19,0.163985839,0.0340988898578585,1.60704999,226.66307484916481,29421.0,1156.4195957040306,226.80449538478223
2024-06-23 00:18:32,0.163984934,0.0340984413027195,1.60702885,226.66229344127527,29434.0,1156.4195957040306,226.8058978183288
2024-06-23 00:18:36,0.163990062,0.0340988898578585,1.60704999,226.66494847703976,29438.0,1156.4195957040306,226.80922513875208
2024-06-23 00:18:44,0.163997,0.0340997867559533,1.60709226,226.6665429016701,29446.0,1156.4195957040306,226.8121646023746
2024-06-23 00:18:48,0.164001827,0.0340993384129974,1.60707113,226.67369124968585,29450.0,1156.4195957040306,226.81998570437852
2024-06-23 00:18:53,0.163999715,0.0340986335406362,1.60703791,226.6742815748158,29455.0,1156.4195957040306,226.8214171914851
2024-06-23 00:19:01,0.164003033,0.034099402492303,1.60707415,226.67250925129792,29463.0,1156.4195957040306,226.82099123360044
2024-06-23 00:19:05,0.164002128,0.0340985053820251,1.60703187,226.67565474104939,29467.0,1156.4195957040306,226.82481013955456
2024-06-23 00:19:17,0.164007558,0.0341000430731755,1.60710434,226.67143197855745,29479.0,1156.4195957040306,226.8226085571205
2024-06-23 00:19:22,0.164008765,0.0340987616992473,1.60704395,226.67884371233762,29484.0,1156.4195957040306,226.83086286080493
2024-06-23 00:19:34,0.164013893,0.0340998508352589,1.60709528,226.67669675430156,29496.0,1156.4195957040306,226.8307390555444
2024-06-23 00:19:38,0.164012083,0.034098953937164,1.60705301,226.6788264339853,29500.0,1156.4195957040306,226.83354342789065
2024-06-23 00:19:51,0.164013893,0.0340985694613306,1.60703489,226.68073105325678,29513.0,1156.4195957040306,226.83764186031772
2024-06-23 00:19:55,0.164018418,0.0340983131441084,1.60702281,226.68650463880002,29517.0,1156.4195957040306,226.84409079140272
2024-06-23 00:20:07,0.16402053,0.0340993384129974,1.60707113,226.68131965470135,29529.0,1156.4195957040306,226.84093276212312
2024-06-23 00:20:11,0.164023245,0.0340985694613306,1.60703489,226.68782712088552,29533.0,1156.4195957040306,226.8481161853816
2024-06-23 00:20:20,0.16402415,0.0340986976199418,1.60704093,226.6866288073268,29542.0,1156.4195957040306,226.84843933230613
2024-06-23 00:20:24,0.164026864,0.0340982490648028,1.60701979,226.69140876660293,29546.0,1156.4195957040306,226.8538957434118
2024-06-23 00:20:28,0.164029881,0.0340983772234139,1.60702583,226.69342079171216,29550.0,1156.4195957040306,226.85658437219968
2024-06-23 00:20:36,0.164033199,0.0340990180164696,1.60705603,226.6923308593899,29558.0,1156.4195957040306,226.856848102058
2024-06-23 00:20:40,0.164034406,0.0340981209061917,1.60701375,226.69783924839672,29562.0,1156.4195957040306,226.86303354920415
2024-06-23 00:20:44,0.164028373,0.0340966472943468,1.6069443,226.69834489584267,29566.0,1156.4195957040306,226.86421640591283
2024-06-23 00:20:53,0.164030484,0.0340981849854972,1.60701677,226.69089973016673,29575.0,1156.4195957040306,226.85829551267997
2024-06-23 00:20:57,0.164032596,0.0340988257785529,1.60704697,226.68913499531615,29579.0,1156.4195957040306,226.85720847698428
2024-06-23 00:21:10,0.164038931,0.0340983772234139,1.60702583,226.69644357592728,29592.0,1156.4195957040306,226.866720617234
2024-06-23 00:21:14,0.164039232,0.0340985694613306,1.60703489,226.69506655950144,29596.0,1156.4195957040306,226.86602193767044
2024-06-23 00:21:26,0.164038328,0.0340960705805967,1.60691712,226.70548334716625,29608.0,1156.4195957040306,226.87847463257512
2024-06-23 00:21:30,0.164035914,0.0340970317701802,1.60696242,226.69692096713484,29612.0,1156.4195957040306,226.8705911865577
2024-06-23 00:21:43,0.164042852,0.0340968395322635,1.60695336,226.7035203832154,29625.0,1156.4195957040306,226.8793981650389
2024-06-23 00:21:47,0.164043757,0.0340981849854972,1.60701677,226.69660436881114,29629.0,1156.4195957040306,226.8731617158664
2024-06-23 00:21:59,0.164050092,0.0340967754529579,1.60695034,226.70925592240837,29641.0,1156.4195957040306,226.88785285260016
2024-06-23 00:22:03,0.164052204,0.0340976725632358,1.60699262,226.7061068686486,29645.0,1156.4195957040306,226.88538395507427
2024-06-23 00:22:07,0.164051601,0.0340972880874024,1.6069745,226.70682306715588,29649.0,1156.4195957040306,226.8867804570961
2024-06-23 00:22:12,0.164053712,0.0340978645889694,1.60700167,226.70523021610526,29654.0,1156.4195957040306,226.8860381922648
2024-06-23 00:22:16,0.164055522,0.0340960065012911,1.6069141,226.71659042340156,29658.0,1156.4195957040306,226.89807903376737
2024-06-23 00:22:20,0.164054014,0.0340970958494857,1.60696544,226.70834975643044,29662.0,1156.4195957040306,226.89051914766935
2024-06-23 00:22:28,0.164057634,0.0340963268978189,1.6069292,226.71518652973504,29670.0,1156.4195957040306,226.89871792196223
2024-06-23 00:22:33,0.164060047,0.0340968395322635,1.60695336,226.71427495943433,29675.0,1156.4195957040306,226.89865789913583
2024-06-23 00:22:37,0.164058539,0.0340959426341687,1.60691109,226.71673828430707,29679.0,1156.4195957040306,226.90180262609744
2024-06-23 00:22:41,0.164062159,0.0340963909771245,1.60693222,226.71769513521554,29683.0,1156.4195957040306,226.9034410247633
2024-06-23 00:22:45,0.164060047,0.0340963909771245,1.60693222,226.71464778235526,29687.0,1156.4195957040306,226.90107536513747
2024-06-23 00:22:49,0.164067588,0.0340974803253191,1.60698356,226.71654146568386,29691.0,1156.4195957040306,226.9036508869864
2024-06-23 00:22:58,0.164070303,0.034097928668275,1.60700469,226.7156314508868,29700.0,1156.4195957040306,226.9042755390677
2024-06-23 00:23:02,0.164067588,0.0340976725632358,1.60699262,226.71328843737382,29704.0,1156.4195957040306,226.90261483492816
2024-06-23 00:23:06,0.164071812,0.0340981849854972,1.60701677,226.71457544898254,29708.0,1156.4195957040306,226.90458430037907
2024-06-23 00:23:10,0.164075733,0.0340975444046247,1.60698658,226.72173702386746,29712.0,1156.4195957040306,226.91242847338196
2024-06-23 00:23:14,0.164073018,0.0340968395322635,1.60695336,226.7218123711558,29716.0,1156.4195957040306,226.91318656287083
2024-06-23 00:23:19,0.164074225,0.0340967113736523,1.60694732,226.72300145058028,29721.0,1156.4195957040306,226.9152292723668
2024-06-23 00:23:23,0.164070907,0.0340967754529579,1.60695034,226.71825654024082,29725.0,1156.4195957040306,226.91116742770487
2024-06-23 00:23:27,0.164074828,0.0340962628185134,1.60692618,226.72472830809215,29729.0,1156.4195957040306,226.91832240468577
2024-06-23 00:23:31,0.164073622,0.0340968395322635,1.60695336,226.71958564779976,29733.0,1156.4195957040306,226.91386309678035
2024-06-23 00:23:35,0.164075432,0.0340971599287913,1.60696846,226.71920261949893,29737.0,1156.4195957040306,226.91416356392904
2024-06-23 00:23:39,0.164075733,0.0340965191357356,1.60693826,226.7223099524727,29741.0,1156.4195957040306,226.9179545352196
2024-06-23 00:23:44,0.164077543,0.0340974162460136,1.60698054,226.71864720894544,29746.0,1156.4195957040306,226.91514654019755
2024-06-23 00:23:48,0.164084481,0.0340976084839303,1.6069896,226.72469813507013,29750.0,1156.4195957040306,226.92188142537492
2024-06-23 00:23:52,0.164086593,0.0340974803253191,1.60698356,226.72707039162162,29754.0,1156.4195957040306,226.92493778321
2024-06-23 00:23:56,0.164087498,0.0340984413027195,1.60702885,226.72222018156052,29758.0,1156.4195957040306,226.92077181646664
2024-06-23 00:24:00,0.164095039,0.034098953937164,1.60705301,226.72721890665636,29762.0,1156.4195957040306,226.92645492671767
2024-06-23 00:24:05,0.164096246,0.034099402492303,1.60707415,226.72529744003685,29767.0,1156.4195957040306,226.9253891407007
2024-06-23 00:24:09,0.164099263,0.0340987616992473,1.60704395,226.73144566031914,29771.0,1156.4195957040306,226.9322220645514
2024-06-23 00:24:13,0.164096548,0.0340994663594254,1.60707716,226.72392190285225,29775.0,1156.4195957040306,226.9253831518485
2024-06-23 00:24:17,0.164098056,0.0340985053820251,1.60703187,226.73010553188527,29779.0,1156.4195957040306,226.9322517666433
2024-06-23 00:24:21,0.164097151,0.0340982490648028,1.60701979,226.72978836083433,29783.0,1156.4195957040306,226.9326197221534
2024-06-23 00:24:29,0.164094738,0.0340986335406362,1.60703791,226.72364268058334,29791.0,1156.4195957040306,226.9278447166273
2024-06-23 00:24:34,0.164098358,0.0340981849854972,1.60701677,226.7292580238394,29796.0,1156.4195957040306,226.93431701647376
2024-06-23 00:24:38,0.164097754,0.0340980568268861,1.60701073,226.728586600192,29800.0,1156.4195957040306,226.9343313155644
2024-06-23 00:24:42,0.164098961,0.0340972880874024,1.6069745,226.73339647075454,29804.0,1156.4195957040306,226.9398270486179
2024-06-23 00:24:46,0.164092325,0.0340974162460136,1.60698054,226.72458683960247,29808.0,1156.4195957040306,226.93170341950943
2024-06-23 00:24:50,0.164096246,0.034095750396252,1.60690203,226.7372725594848,29812.0,1156.4195957040306,226.94507528078745
2024-06-23 00:24:55,0.164093833,0.0340965832150412,1.60694128,226.729222320818,29817.0,1156.4195957040306,226.93788291452324
2024-06-23 00:24:59,0.164097151,0.0340974162460136,1.60698054,226.72776183091338,29821.0,1156.4195957040306,226.93710887882204
2024-06-23 00:25:03,0.164110726,0.0340982490648028,1.60701979,226.7377906644245,29825.0,1156.4195957040306,226.94782430523475
2024-06-23 00:25:07,0.164100469,0.0340972880874024,1.6069745,226.73079574878443,29829.0,1156.4195957040306,226.94151612099287
2024-06-23 00:25:11,0.164104693,0.0340970317701802,1.60696242,226.73622182277578,29833.0,1156.4195957040306,226.9476290646769
2024-06-23 00:25:16,0.164109821,0.0340970958494857,1.60696544,226.74076140837394,29838.0,1156.4195957040306,226.9530274315589
2024-06-23 00:25:20,0.164104391,0.034098953937164,1.60705301,226.72397614858548,29842.0,1156.4195957040306,226.936929351885
2024-06-23 00:25:24,0.164108313,0.0340982490648028,1.60701979,226.73148112054054,29846.0,1156.4195957040306,226.94512164159016
2024-06-23 00:25:28,0.164107106,0.0340976084839303,1.6069896,226.73289489701813,29850.0,1156.4195957040306,226.94722287325
2024-06-23 00:25:32,0.164107106,0.0340968395322635,1.60695336,226.73635261097772,29854.0,1156.4195957040306,226.9513681796205
2024-06-23 00:25:37,0.164106503,0.0340961346599022,1.60692014,226.73861754792506,29859.0,1156.4195957040306,226.95449279974812
2024-06-23 00:25:41,0.164110424,0.0340961987392078,1.60692316,226.74197618099498,29863.0,1156.4195957040306,226.95853933324676
2024-06-23 00:25:49,0.164116759,0.034097352166708,1.60697752,226.74147741103857,29871.0,1156.4195957040306,226.95941677363675
2024-06-23 00:25:53,0.164116156,0.0340976084839303,1.6069896,226.7387318569686,29875.0,1156.4195957040306,226.95735952907424
2024-06-23 00:26:02,0.164114949,0.0340975444046247,1.60698658,226.7361761864775,29884.0,1156.4195957040306,226.95635305172465
2024-06-23 00:26:06,0.164120077,0.0340981849854972,1.60701677,226.7377777492901,29888.0,1156.4195957040306,226.958643365126
2024-06-23 00:26:10,0.164118267,0.0340966472943468,1.6069443,226.7433515578512,29892.0,1156.4195957040306,226.96490605955464
2024-06-23 00:26:14,0.164112536,0.0340975444046247,1.60698658,226.73140678142525,29896.0,1156.4195957040306,226.9536503040686
2024-06-23 00:26:23,0.164121887,0.0340977364303583,1.60699563,226.73929458081923,29905.0,1156.4195957040306,226.96308889336237
2024-06-23 00:26:27,0.164122189,0.0340966472943468,1.6069443,226.74481534910927,29909.0,1156.4195957040306,226.96929912014576
2024-06-23 00:26:31,0.164127015,0.0340979927475805,1.60700771,226.74227736194948,29913.0,1156.4195957040306,226.9674507256695
2024-06-23 00:26:35,0.164125205,0.0340983131441084,1.60702281,226.73783300176345,29917.0,1156.4195957040306,226.9636960921489
2024-06-23 00:26:39,0.16412973,0.0340985694613306,1.60703489,226.74082950870445,29921.0,1156.4195957040306,226.9673824595288
2024-06-23 00:26:44,0.164133652,0.0340981209061917,1.60701375,226.74677815267896,29926.0,1156.4195957040306,226.97419361685263
2024-06-23 00:26:48,0.164126412,0.0340965191357356,1.60693826,226.74661470464437,29930.0,1156.4195957040306,226.97472032948275
2024-06-23 00:26:52,0.164125205,0.0340976725632358,1.60699262,226.73835370089293,29934.0,1156.4195957040306,226.96714961948965
2024-06-23 00:26:56,0.164127015,0.0340974803253191,1.60698356,226.7407270455178,29938.0,1156.4195957040306,226.97021339075636
2024-06-23 00:27:00,0.164139383,0.0340980568268861,1.60701073,226.75078126448648,29942.0,1156.4195957040306,226.9809581690405
2024-06-23 00:27:05,0.164130937,0.0340982490648028,1.60701979,226.7394214165772,29947.0,1156.4195957040306,226.97046170652695
2024-06-23 00:27:09,0.164130635,0.0340974162460136,1.60698054,226.74288242248065,29951.0,1156.4195957040306,226.9746135694913
2024-06-23 00:27:13,0.164129127,0.0340964550564301,1.60693524,226.74568480190345,29955.0,1156.4195957040306,226.97810693796376
2024-06-23 00:27:18,0.164132747,0.0340962628185134,1.60692618,226.7499122397145,29960.0,1156.4195957040306,226.98319829737343
2024-06-23 00:27:22,0.164132747,0.0340974803253191,1.60698356,226.74265634568292,29964.0,1156.4195957040306,226.9766336885926
2024-06-23 00:27:30,0.164139383,0.0340969676908746,1.6069594,226.751470331947,29972.0,1156.4195957040306,226.98683063904724
2024-06-23 00:27:34,0.164142098,0.0340972880874024,1.6069745,226.75209211493654,29976.0,1156.4195957040306,226.98814410055175
2024-06-23 00:27:39,0.16414059,0.0340968395322635,1.60695336,226.75195687147325,29981.0,1156.4195957040306,226.988873638952
2024-06-23 00:27:43,0.164141193,0.0340972240080969,1.60697148,226.749867198578,29985.0,1156.4195957040306,226.9874759382633
2024-06-23 00:27:51,0.164139685,0.0340966472943468,1.6069443,226.74990344196524,29993.0,1156.4195957040306,226.98889651639809
2024-06-23 00:27:55,0.16414783,0.0340965191357356,1.60693826,226.7590254399533,29997.0,1156.4195957040306,226.99871087649916
2024-06-23 00:28:00,0.164139082,0.0340970958494857,1.60696544,226.7452513869805,30002.0,1156.4195957040306,226.98580245830857
2024-06-23 00:28:04,0.164138478,0.0340958785548631,1.60690807,226.75044603971497,30006.0,1156.4195957040306,226.99168976432003
2024-06-23 00:28:08,0.164140288,0.0340951096031963,1.60687183,226.75592729141914,30010.0,1156.4195957040306,226.997863798358
2024-06-23 00:28:12,0.164141495,0.0340958144755575,1.60690505,226.75278533085404,30014.0,1156.4195957040306,226.9954147489684
2024-06-23 00:28:16,0.164136367,0.0340961346599022,1.60692014,226.74462172734894,30018.0,1156.4195957040306,226.9879441852647
2024-06-23 00:28:20,0.16414059,0.0340954299997241,1.60688693,226.75245868637035,30022.0,1156.4195957040306,226.99647431249755
2024-06-23 00:28:25,0.164141495,0.0340953659204186,1.60688391,226.7529513331099,30027.0,1156.4195957040306,226.9978335997484
2024-06-23 00:28:29,0.16414059,0.0340961346599022,1.60692014,226.7470987462717,30031.0,1156.4195957040306,226.9926744692533
2024-06-23 00:28:33,0.164146623,0.0340965191357356,1.60693826,226.75108959494926,30035.0,1156.4195957040306,226.99735890198008
2024-06-23 00:28:38,0.164144512,0.0340959426341687,1.60691109,226.75096662746745,30040.0,1156.4195957040306,226.9981030938162
2024-06-23 00:28:42,0.164144512,0.0340958144755575,1.60690505,226.7509638581091,30044.0,1156.4195957040306,226.99879419505208
2024-06-23 00:28:46,0.164145417,0.0340962628185134,1.60692618,226.74886588158296,30048.0,1156.4195957040306,226.99739021611964
2024-06-23 00:28:50,0.164154165,0.0340967113736523,1.60694732,226.75555170530293,30052.0,1156.4195957040306,227.00477016421485
2024-06-23 00:28:54,0.16414964,0.0340951736825018,1.60687485,226.75808131078594,30056.0,1156.4195957040306,227.0079940206361
2024-06-23 00:28:59,0.16415326,0.034095301841113,1.60688089,226.7605771539258,30061.0,1156.4195957040306,227.0113578550951
2024-06-23 00:29:03,0.164151751,0.0340959426341687,1.60691109,226.75473654634732,30065.0,1156.4195957040306,227.00621178242204
2024-06-23 00:29:07,0.164148132,0.0340949814445851,1.60686579,226.7551716457099,30069.0,1156.4195957040306,227.0073415425416
2024-06-23 00:29:11,0.164154466,0.034094853285974,1.60685975,226.7622632284635,30073.0,1156.4195957040306,227.01512791168403
2024-06-23 00:29:15,0.164151148,0.0340958144755575,1.60690505,226.7526678781155,30077.0,1156.4195957040306,227.006227473137
2024-06-23 00:29:19,0.16415507,0.034094853285974,1.60685975,226.76154986709062,30081.0,1156.4195957040306,227.01580449910483
2024-06-23 00:29:23,0.16415688,0.0340963909771245,1.60693222,226.75458932046817,30085.0,1156.4195957040306,227.0095391144468
2024-06-23 00:29:32,0.16416231,0.0340960705805967,1.60691712,226.76083496440413,30094.0,1156.4195957040306,227.0173493285856
2024-06-23 00:29:36,0.16416412,0.0340965191357356,1.60693826,226.75974773792376,30098.0,1156.4195957040306,227.01695766870105
2024-06-23 00:29:40,0.16416412,0.034095750396252,1.60690203,226.76319798659543,30102.0,1156.4195957040306,227.0211036080001
2024-06-23 00:29:44,0.1641605,0.0340960065012911,1.6069141,226.75706602785692,30106.0,1156.4195957040306,227.01566746369835
2024-06-23 00:29:53,0.164162913,0.0340958785548631,1.60690807,226.75889293054908,30115.0,1156.4195957040306,227.01906040040092
2024-06-23 00:29:57,0.164167438,0.0340966472943468,1.6069443,226.759119375687,30119.0,1156.4195957040306,227.01998306082072
2024-06-23 00:30:01,0.164169248,0.0340961346599022,1.60692014,226.7632152200053,30123.0,1156.4195957040306,227.02477524328413
2024-06-23 00:30:05,0.164170756,0.0340972240080969,1.60697148,226.75833283896267,30127.0,1156.4195957040306,227.02058932302643
2024-06-23 00:30:13,0.164173773,0.0340963909771245,1.60693222,226.7648116527879,30135.0,1156.4195957040306,227.0284614254463
2024-06-23 00:30:17,0.164174376,0.0340971599287913,1.60696846,226.7606430753421,30139.0,1156.4195957040306,227.0249896753616
2024-06-23 00:30:22,0.164166533,0.0340972880874024,1.6069745,226.75029576282452,30144.0,1156.4195957040306,227.015513568221
2024-06-23 00:30:26,0.164171963,0.0340949814445851,1.60686579,226.76812149415412,30148.0,1156.4195957040306,227.03403640051823
2024-06-23 00:30:30,0.164172264,0.0340968395322635,1.60695336,226.75773984078643,30152.0,1156.4195957040306,227.0243519693554
2024-06-23 00:30:34,0.164178901,0.0340970958494857,1.60696544,226.76309426672884,30156.0,1156.4195957040306,227.0304037385144
2024-06-23 00:30:38,0.164182219,0.0340971599287913,1.60696846,226.76576770010817,30160.0,1156.4195957040306,227.03377463589624
2024-06-23 00:30:43,0.164175884,0.0340963268978189,1.6069292,226.7622926894629,30165.0,1156.4195957040306,227.0311716247652
2024-06-23 00:30:47,0.164180409,0.0340965832150412,1.60694128,226.7652810678142,30169.0,1156.4195957040306,227.0348577380605
2024-06-23 00:30:51,0.164175281,0.0340967113736523,1.60694732,226.75814802543505,30173.0,1156.4195957040306,227.02842255067603
2024-06-23 00:30:55,0.164184331,0.0340961987392078,1.60692316,226.77035211856006,30177.0,1156.4195957040306,227.04132461861903
2024-06-23 00:30:59,0.164186141,0.0340956863169464,1.60689901,226.7744454460056,30181.0,1156.4195957040306,227.04611604047892
2024-06-23 00:31:04,0.164179202,0.0340960705805967,1.60691712,226.763727316931,30186.0,1156.4195957040306,227.0362706972579
2024-06-23 00:31:08,0.164177694,0.034095301841113,1.60688089,226.76548617757365,30190.0,1156.4195957040306,227.0387279205744
2024-06-23 00:31:12,0.164177694,0.034094404730835,1.60683861,226.76962672407922,30194.0,1156.4195957040306,227.0435669486096
2024-06-23 00:31:16,0.164174376,0.0340956222376408,1.60689599,226.75864426702125,30198.0,1156.4195957040306,227.03328309170877
2024-06-23 00:31:20,0.164186744,0.0340970317701802,1.60696242,226.76419679141028,30202.0,1156.4195957040306,227.03953433465392
2024-06-23 00:31:25,0.164181917,0.0340962628185134,1.60692618,226.76206388258694,30207.0,1156.4195957040306,227.03827499017515
2024-06-23 00:31:29,0.164179806,0.0340950455238907,1.60686881,226.76556618460214,30211.0,1156.4195957040306,227.0424762763064
2024-06-23 00:31:33,0.164185236,0.0340952377618074,1.60687787,226.76991264958394,30215.0,1156.4195957040306,227.0475218430579
2024-06-23 00:31:37,0.164187046,0.0340955581583352,1.60689297,226.76951266191082,30219.0,1156.4195957040306,227.04782107457837
2024-06-23 00:31:41,0.164185537,0.0340954299997241,1.60688693,226.76781430885234,30223.0,1156.4195957040306,227.0468220579073
2024-06-23 00:31:46,0.164190967,0.0340965832150412,1.60694128,226.7668018917505,30228.0,1156.4195957040306,227.04668397574216
2024-06-23 00:31:50,0.164191571,0.034096903611569,1.60695638,226.7650506668549,30232.0,1156.4195957040306,227.0456323500771
2024-06-23 00:31:54,0.164190364,0.0340960705805967,1.60691712,226.76749227711593,30236.0,1156.4195957040306,227.0487736760124
2024-06-23 00:31:58,0.164187649,0.0340956222376408,1.60689599,226.76616964619734,30240.0,1156.4195957040306,227.04815087698077
2024-06-23 00:32:02,0.164187046,0.0340951096031963,1.60687183,226.76755948206187,30244.0,1156.4195957040306,227.05024066071311
2024-06-23 00:32:07,0.164188554,0.034095750396252,1.60690203,226.76491703717448,30249.0,1156.4195957040306,227.04847331340565
2024-06-23 00:32:11,0.164190666,0.0340946610480573,1.60685069,226.77245895794977,30253.0,1156.4195957040306,227.05671544215792
2024-06-23 00:32:15,0.164187046,0.0340954940790297,1.60688995,226.76320991807293,30257.0,1156.4195957040306,227.0481667254844
2024-06-23 00:32:19,0.164189761,0.0340949173652796,1.60686277,226.76866171865072,30261.0,1156.4195957040306,227.05431896425924
2024-06-23 00:32:23,0.164188252,0.0340945328894462,1.60684465,226.76834484261124,30265.0,1156.4195957040306,227.0547026411772
2024-06-23 00:32:28,0.164198509,0.0340959426341687,1.60691109,226.77135382356144,30270.0,1156.4195957040306,227.058587474351
2024-06-23 00:32:32,0.164196397,0.0340938282292681,1.60681144,226.77969378104675,30274.0,1156.4195957040306,227.0676282421516
2024-06-23 00:32:36,0.164194587,0.0340954940790297,1.60688995,226.76797851138917,30278.0,1156.4195957040306,227.056613896811
2024-06-23 00:32:40,0.164195794,0.0340954940790297,1.60688995,226.76862951664873,30282.0,1156.4195957040306,227.05796594015425
2024-06-23 00:32:44,0.16420062,0.0340958785548631,1.60690807,226.77126021904917,30286.0,1156.4195957040306,227.06129779417108
2024-06-23 00:32:48,0.164198509,0.0340951736825018,1.60687485,226.771996770208,30290.0,1156.4195957040306,227.0627356102441
2024-06-23 00:32:53,0.164199715,0.0340956863169464,1.60689901,226.7697055009381,30295.0,1156.4195957040306,227.0613210810841
2024-06-23 00:32:57,0.164199112,0.0340956222376408,1.60689599,226.76867420149614,30299.0,1156.4195957040306,227.0609913006166
2024-06-23 00:33:01,0.164201525,0.0340956863169464,1.60689901,226.77032984395512,30303.0,1156.4195957040306,227.06334857458327
2024-06-23 00:33:06,0.164205447,0.0340974162460136,1.60698054,226.7645139108428,30308.0,1156.4195957040306,227.05840983874535
2024-06-23 00:33:10,0.16420605,0.0340960705805967,1.60691712,226.77174651701353,30312.0,1156.4195957040306,227.0663443287596
2024-06-23 00:33:14,0.164205749,0.034096903611569,1.60695638,226.76621358923612,30316.0,1156.4195957040306,227.0615133965911
2024-06-23 00:33:18,0.164208463,0.0340963909771245,1.60693222,226.7713169085458,30320.0,1156.4195957040306,227.067318823038
2024-06-23 00:33:22,0.16420424,0.0340953659204186,1.60688391,226.77141413544086,30324.0,1156.4195957040306,227.0681182683615
2024-06-23 00:33:26,0.164209972,0.0340972880874024,1.6069745,226.76676318442193,30328.0,1156.4195957040306,227.06416964682492
2024-06-23 00:33:31,0.16420424,0.0340961987392078,1.60692316,226.76534097131426,30333.0,1156.4195957040306,227.0636255013776
2024-06-23 00:33:35,0.164207257,0.0340942124929183,1.60682955,226.7787335368127,30337.0,1156.4195957040306,227.07772064536053
2024-06-23 00:33:43,0.164208765,0.0340954940790297,1.60688995,226.77210304925822,30345.0,1156.4195957040306,227.07249564537813
2024-06-23 00:33:47,0.164209972,0.0340954299997241,1.60688693,226.773097888064,30349.0,1156.4195957040306,227.07419339279403
2024-06-23 00:33:56,0.164210877,0.0340947251273629,1.60685371,226.7763325493536,30358.0,1156.4195957040306,227.0790099986864
2024-06-23 00:34:00,0.164211178,0.0340941486257959,1.60682654,226.77907686567008,30362.0,1156.4195957040306,227.08245757882128
2024-06-23 00:34:04,0.164209368,0.034094404730835,1.60683861,226.77496414555657,30366.0,1156.4195957040306,227.0790482313116
2024-06-23 00:34:08,0.16421329,0.0340946610480573,1.60685069,226.77727118591352,30370.0,1156.4195957040306,227.08205875281743
2024-06-23 00:34:12,0.164214798,0.0340947251273629,1.60685371,226.77791112195817,30374.0,1156.4195957040306,227.08340227831567
2024-06-23 00:34:16,0.164213893,0.0340945969687517,1.60684767,226.77688510625444,30378.0,1156.4195957040306,227.0830799601293
2024-06-23 00:34:21,0.164212083,0.0340939563878792,1.60681748,226.77743395522972,30383.0,1156.4195957040306,227.08450858259903
2024-06-23 00:34:29,0.164215402,0.0340939563878792,1.60681748,226.77974397522323,30391.0,1156.4195957040306,227.0882265894312
2024-06-23 00:34:33,0.164215402,0.0340942765722239,1.60683257,226.77731225200668,30395.0,1156.4195957040306,227.08649902031124
2024-06-23 00:34:37,0.164219625,0.0340945969687517,1.60684767,226.77960990554905,30399.0,1156.4195957040306,227.0895009347459
2024-06-23 00:34:41,0.164219323,0.0340955581583352,1.60689297,226.7733812649826,30403.0,1156.4195957040306,227.08397666162463
2024-06-23 00:34:46,0.164223848,0.0340947251273629,1.60685371,226.78206402618562,30408.0,1156.4195957040306,227.0935400316044
2024-06-23 00:34:50,0.164222038,0.0340945969687517,1.60684767,226.78002336066496,30412.0,1156.4195957040306,227.0922039723854
2024-06-23 00:34:54,0.164226563,0.034094853285974,1.60685975,226.7830045285121,30416.0,1156.4195957040306,227.0958898522974
2024-06-23 00:34:58,0.164226865,0.0340947892066684,1.60685673,226.78298376079644,30420.0,1156.4195957040306,227.09657390216609
2024-06-23 00:35:02,0.164228675,0.0340951736825018,1.60687485,226.78223186561743,30424.0,1156.4195957040306,227.0965269298472
2024-06-23 00:35:07,0.164228675,0.0340947892066684,1.60685673,226.78342508353617,30429.0,1156.4195957040306,227.0986014490132
2024-06-23 00:35:11,0.164233501,0.0340953659204186,1.60688391,226.78501412618567,30433.0,1156.4195957040306,227.10089565050035
2024-06-23 00:35:15,0.164233803,0.0340952377618074,1.60687787,226.7853386807341,30437.0,1156.4195957040306,227.10192546836765
2024-06-23 00:35:19,0.164236518,0.0340953659204186,1.60688391,226.78698309151346,30441.0,1156.4195957040306,227.10427524670237
2024-06-23 00:35:23,0.164234104,0.0340944688101406,1.60684163,226.78841426831997,30445.0,1156.4195957040306,227.10641189505523
2024-06-23 00:35:27,0.164230786,0.034094404730835,1.60683861,226.78433759582714,30449.0,1156.4195957040306,227.1030407978545
2024-06-23 00:35:31,0.164230786,0.0340934437534347,1.60679332,226.7888175123489,30453.0,1156.4195957040306,227.108226393168
2024-06-23 00:35:36,0.16423139,0.0340937641499625,1.60680842,226.78688294591183,30458.0,1156.4195957040306,227.10717407039223
2024-06-23 00:35:40,0.164235311,0.0340945969687517,1.60684767,226.78607539816792,30462.0,1156.4195957040306,227.1070724334145
2024-06-23 00:35:44,0.164237423,0.0340947251273629,1.60685371,226.78704370399163,30466.0,1156.4195957040306,227.10874675270344
2024-06-23 00:35:49,0.164237121,0.0340938923085736,1.60681446,226.79031684301498,30471.0,1156.4195957040306,227.11290255260275
2024-06-23 00:35:53,0.164241043,0.0340955581583352,1.60689297,226.78501480842368,30475.0,1156.4195957040306,227.1083067616463
2024-06-23 00:35:57,0.164237121,0.034094853285974,1.60685975,226.7837185949588,30479.0,1156.4195957040306,227.10771689371197
2024-06-23 00:36:01,0.164238931,0.0340941486257959,1.60682654,226.78884223645792,30483.0,1156.4195957040306,227.1135469823895
2024-06-23 00:36:09,0.164245869,0.0340949173652796,1.60686277,226.79105267461082,30491.0,1156.4195957040306,227.1171706188499
2024-06-23 00:36:13,0.164241043,0.0340951736825018,1.60687485,226.783556717006,30495.0,1156.4195957040306,227.11038141187743
2024-06-23 00:36:18,0.164238026,0.0340936359913514,1.60680238,226.78759129329268,30500.0,1156.4195957040306,227.11529956797
2024-06-23 00:36:22,0.164236518,0.0340916497450619,1.60670877,226.79591429092378,30504.0,1156.4195957040306,227.1243295423544
2024-06-23 00:36:26,0.164244361,0.034094853285974,1.60685975,226.7867048221124,30508.0,1156.4195957040306,227.1158271503895
2024-06-23 00:36:30,0.164243456,0.0340935078327402,1.60679634,226.79224460570939,30512.0,1156.4195957040306,227.12207411067644
2024-06-23 00:36:39,0.164241646,0.0340919060622842,1.60672085,226.7972700612365,30521.0,1156.4195957040306,227.1286910775129
2024-06-23 00:36:43,0.164244663,0.0340926107224623,1.60675406,226.79613934346176,30525.0,1156.4195957040306,227.12826785919128
2024-06-23 00:36:47,0.164247076,0.0340927388810734,1.6067601,226.79744328386082,30529.0,1156.4195957040306,227.13027939782256
2024-06-23 00:36:51,0.164246171,0.0340931874362124,1.60678124,226.7933009001105,30533.0,1156.4195957040306,227.12684471083247
2024-06-23 00:36:55,0.164247981,0.0340920983002009,1.60672991,226.8004989861802,30537.0,1156.4195957040306,227.1347505919392
2024-06-23 00:36:59,0.164248584,0.0340921623795065,1.60673293,226.8001207724729,30541.0,1156.4195957040306,227.13508027129407
2024-06-23 00:37:04,0.164247076,0.0340920983002009,1.60672991,226.79789222531778,30546.0,1156.4195957040306,227.13373672793065
2024-06-23 00:37:08,0.164248886,0.0340933155948235,1.60678728,226.79264192149688,30550.0,1156.4195957040306,227.12919453680692
2024-06-23 00:37:16,0.164255221,0.0340931874362124,1.60678124,226.79901389496192,30558.0,1156.4195957040306,227.13698302703017
2024-06-23 00:37:20,0.164257031,0.0340929951982957,1.60677218,226.80137071917318,30562.0,1156.4195957040306,227.1400482547968
2024-06-23 00:37:25,0.164257332,0.0340937000706569,1.6068054,226.7970179250339,30567.0,1156.4195957040306,227.1365811006998
2024-06-23 00:37:29,0.164257936,0.0340938923085736,1.60681446,226.79594840189873,30571.0,1156.4195957040306,227.13622019776804
2024-06-23 00:37:33,0.16426246,0.0340938282292681,1.60681144,226.8006534695559,30575.0,1156.4195957040306,227.1416339815044
2024-06-23 00:37:37,0.164267589,0.0340949173652796,1.60686277,226.79981201950514,30579.0,1156.4195957040306,227.1415013431544
2024-06-23 00:37:41,0.164266382,0.0340942124929183,1.60682955,226.8015553231048,30583.0,1156.4195957040306,227.1439535538222
2024-06-23 00:37:46,0.164263969,0.0340918419829786,1.60671783,226.8107609286897,30588.0,1156.4195957040306,227.15404542696447
2024-06-23 00:37:50,0.164262159,0.0340929951982957,1.60677218,226.80179934062767,30592.0,1156.4195957040306,227.1457929596156
2024-06-23 00:37:54,0.164273924,0.0340938923085736,1.60681446,226.80942768815723,30596.0,1156.4195957040306,227.15413052239705
2024-06-23 00:37:58,0.16427151,0.0340938923085736,1.60681446,226.8060141085184,30600.0,1156.4195957040306,227.15142625229345
2024-06-23 00:38:02,0.16427151,0.0340940845464903,1.60682352,226.80426709275918,30604.0,1156.4195957040306,227.15038864009688
2024-06-23 00:38:06,0.1642697,0.0340938282292681,1.60681144,226.8029134373508,30608.0,1156.4195957040306,227.14974448202292
2024-06-23 00:38:10,0.164270304,0.0340931233569068,1.60677822,226.80668513729285,30612.0,1156.4195957040306,227.15422577281456
2024-06-23 00:38:15,0.164270605,0.0340919701415898,1.60672387,226.81236023886584,30617.0,1156.4195957040306,227.16078799406492
2024-06-23 00:38:19,0.164271812,0.0340917138243675,1.60671179,226.81438630952061,30621.0,1156.4195957040306,227.1635238650405
2024-06-23 00:38:23,0.164271209,0.0340920342208953,1.60672689,226.81127130093955,30625.0,1156.4195957040306,227.16111874946125
2024-06-23 00:38:27,0.164273924,0.0340928670396846,1.60676614,226.80910729911503,30629.0,1156.4195957040306,227.15966473306185
2024-06-23 00:38:32,0.164276035,0.0340920983002009,1.60672991,226.81473437926493,30634.0,1156.4195957040306,227.1661794245712
2024-06-23 00:38:36,0.164273924,0.0340924186967287,1.60674501,226.80992967176613,30638.0,1156.4195957040306,227.16208490950788
2024-06-23 00:38:40,0.164275733,0.0340923546174232,1.60674199,226.81159190967637,30642.0,1156.4195957040306,227.16445743143893
2024-06-23 00:38:44,0.16427513,0.0340917779036731,1.60671481,226.81331925267503,30646.0,1156.4195957040306,227.1668951497851
2024-06-23 00:38:48,0.16428056,0.0340916497450619,1.60670877,226.81938396278278,30650.0,1156.4195957040306,227.17367032630852
2024-06-23 00:38:53,0.164277543,0.0340918419829786,1.60671783,226.8140779654408,30655.0,1156.4195957040306,227.16925253965604
2024-06-23 00:38:57,0.164282672,0.034093251515518,1.60678426,226.81150420311485,30659.0,1156.4195957040306,227.1673894477017
2024-06-23 00:39:01,0.164285688,0.0340927388810734,1.6067601,226.8169395291891,30663.0,1156.4195957040306,227.1735355343733
2024-06-23 00:39:05,0.164284482,0.0340925466431567,1.60675104,226.81591539416368,30667.0,1156.4195957040306,227.1732222499107
2024-06-23 00:39:09,0.164288403,0.0340930592776013,1.6067752,226.8168296629124,30671.0,1156.4195957040306,227.17484745892813
2024-06-23 00:39:13,0.164284482,0.0340926107224623,1.60675406,226.81414749752966,30675.0,1156.4195957040306,227.17287632325952
2024-06-23 00:39:18,0.16428599,0.0340931874362124,1.60678124,226.8118346672152,30680.0,1156.4195957040306,227.17145240547325
2024-06-23 00:39:22,0.164289308,0.0340924186967287,1.60674501,226.81899052678048,30684.0,1156.4195957040306,227.17931949505152
2024-06-23 00:39:26,0.164287498,0.0340935078327402,1.60679634,226.81037189516212,30688.0,1156.4195957040306,227.171412182044
2024-06-23 00:39:30,0.164287498,0.0340924186967287,1.60674501,226.81554007112427,30692.0,1156.4195957040306,227.1772917649531
2024-06-23 00:39:34,0.164292626,0.034092226458812,1.60673595,226.8216112849422,30696.0,1156.4195957040306,227.1840744737926
2024-06-23 00:39:39,0.164292626,0.0340915856657564,1.60670575,226.8241813672141,30701.0,1156.4195957040306,227.18753404829755
2024-06-23 00:39:43,0.164289911,0.0340910730313118,1.60668159,226.82319571301926,30705.0,1156.4195957040306,227.18726008633425
2024-06-23 00:39:47,0.164292928,0.0340920983002009,1.60672991,226.82032855714743,30709.0,1156.4195957040306,227.18510470991637
2024-06-23 00:39:51,0.16429504,0.0340919060622842,1.60672085,226.8230206532643,30713.0,1156.4195957040306,227.18850867244703
2024-06-23 00:39:56,0.164294135,0.0340922905381176,1.60673897,226.81904107770737,30718.0,1156.4195957040306,227.18541905179376
2024-06-23 00:40:04,0.164301375,0.0340921623795065,1.60673293,226.8264197590059,30726.0,1156.4195957040306,227.1942219414191
2024-06-23 00:40:08,0.164305296,0.0340920983002009,1.60672991,226.830446206905,30730.0,1156.4195957040306,227.1989606223741
2024-06-23 00:40:12,0.164304089,0.034092802960379,1.60676312,226.82457715177296,30734.0,1156.4195957040306,227.19380388587405
2024-06-23 00:40:16,0.164303486,0.0340924186967287,1.60674501,226.8252638693462,30738.0,1156.4195957040306,227.19520300739143
2024-06-23 00:40:25,0.164306201,0.0340923546174232,1.60674199,226.8270482213499,30747.0,1156.4195957040306,227.1985905788204
2024-06-23 00:40:29,0.164308011,0.0340922905381176,1.60673897,226.82870926732684,30751.0,1156.4195957040306,227.2009643041769
2024-06-23 00:40:33,0.164315553,0.0340925466431567,1.60675104,226.83506302241676,30755.0,1156.4195957040306,227.20803082283223
2024-06-23 00:40:37,0.164307408,0.0340917138243675,1.60671179,226.82972202219577,30759.0,1156.4195957040306,227.20340267009672
2024-06-23 00:40:46,0.164310726,0.0340917779036731,1.60671481,226.8314890548336,30768.0,1156.4195957040306,227.20677391503267
2024-06-23 00:40:50,0.164311329,0.0340908807933951,1.60667253,226.8362956628595,30772.0,1156.4195957040306,227.2122936414472
2024-06-23 00:40:54,0.164316156,0.0340923546174232,1.60674199,226.83303203713993,30776.0,1156.4195957040306,227.20974321690463
2024-06-23 00:40:58,0.164311933,0.0340917138243675,1.60671179,226.83104768954541,30780.0,1156.4195957040306,227.20847215300847
2024-06-23 00:41:02,0.164314346,0.0340927388810734,1.6067601,226.8275028153733,30784.0,1156.4195957040306,227.20564064478916
2024-06-23 00:41:07,0.164316156,0.0340927388810734,1.6067601,226.82863872486536,30789.0,1156.4195957040306,227.2076683769847
2024-06-23 00:41:11,0.164321887,0.0340923546174232,1.60674199,226.83642049219478,30793.0,1156.4195957040306,227.21616369436072
2024-06-23 00:41:15,0.164318569,0.0340919060622842,1.60672085,226.83441176121582,30797.0,1156.4195957040306,227.2148685948123
2024-06-23 00:41:19,0.164312838,0.0340914575071452,1.60669971,226.82969954393832,30801.0,1156.4195957040306,227.2108700900813
2024-06-23 00:41:23,0.164319172,0.0340903683711337,1.60664838,226.84196344482285,30805.0,1156.4195957040306,227.2238477843597
2024-06-23 00:41:28,0.164321586,0.034090176133217,1.60663932,226.84481383326522,30810.0,1156.4195957040306,227.2275905278263
2024-06-23 00:41:32,0.164320379,0.0340914575071452,1.60669971,226.83582787602342,30814.0,1156.4195957040306,227.2193185449017
2024-06-23 00:41:40,0.164320681,0.0340910089520062,1.60667857,226.83716026580456,30822.0,1156.4195957040306,227.22207912296625
2024-06-23 00:41:44,0.164325809,0.0340915215864508,1.60670273,226.83942286015684,30826.0,1156.4195957040306,227.22505593074555
2024-06-23 00:41:48,0.164324904,0.0340914575071452,1.60669971,226.83804070274948,30830.0,1156.4195957040306,227.22438806592845
2024-06-23 00:41:52,0.164322491,0.0340913934278397,1.60669669,226.83496899386586,30834.0,1156.4195957040306,227.2220307285282
2024-06-23 00:41:57,0.164333049,0.0340926107224623,1.60675406,226.839330755644,30839.0,1156.4195957040306,227.22728556519183
2024-06-23 00:42:01,0.164334255,0.0340931233569068,1.60677822,226.8371990536388,30843.0,1156.4195957040306,227.22586841118985
2024-06-23 00:42:05,0.164334557,0.0340934437534347,1.60679332,226.83509264564816,30847.0,1156.4195957040306,227.22447662921505
2024-06-23 00:42:09,0.164332747,0.0340924186967287,1.60674501,226.8378855015541,30851.0,1156.4195957040306,227.22798418887845
2024-06-23 00:42:14,0.164336065,0.0340920342208953,1.60672689,226.8427854596027,30856.0,1156.4195957040306,227.23377763553387
2024-06-23 00:42:18,0.164337875,0.0340919701415898,1.60672387,226.84444441041754,30860.0,1156.4195957040306,227.23615146403105
2024-06-23 00:42:22,0.164334255,0.0340912652692285,1.60669065,226.84348050033358,30864.0,1156.4195957040306,227.2359025084869
2024-06-23 00:42:26,0.164333954,0.0340911371106174,1.60668461,226.84312037091772,30868.0,1156.4195957040306,227.2362574101962
2024-06-23 00:42:30,0.164335462,0.0340912652692285,1.60669065,226.8434026151149,30872.0,1156.4195957040306,227.23725476183125
2024-06-23 00:42:34,0.164333652,0.0340910089520062,1.60667857,226.84204386402905,30876.0,1156.4195957040306,227.23661119422303
2024-06-23 00:42:38,0.164336669,0.0340910089520062,1.60667857,226.84470870338805,30880.0,1156.4195957040306,227.2399912928262
2024-06-23 00:42:43,0.164341495,0.034092226458812,1.60673595,226.84264601000095,30885.0,1156.4195957040306,227.23882277962448
2024-06-23 00:42:47,0.164344512,0.0340909448727007,1.60667555,226.85223209561244,30889.0,1156.4195957040306,227.24912429395488
2024-06-23 00:42:51,0.164341797,0.0340916497450619,1.60670877,226.84466798711276,30893.0,1156.4195957040306,227.24227568905107
2024-06-23 00:42:56,0.164348433,0.0340927388810734,1.6067601,226.84532592110278,30898.0,1156.4195957040306,227.24382810741423
2024-06-23 00:43:00,0.1643424,0.0340910730313118,1.60668159,226.84684808290555,30902.0,1156.4195957040306,227.24606594028324
2024-06-23 00:43:04,0.164348132,0.0340913934278397,1.60669669,226.85082372691858,30906.0,1156.4195957040306,227.2507573293477
2024-06-23 00:43:08,0.164347528,0.0340915215864508,1.60670273,226.848739044411,30910.0,1156.4195957040306,227.2493884656014
2024-06-23 00:43:12,0.164350545,0.0340913293485341,1.60669367,226.85244151802254,30914.0,1156.4195957040306,227.25380683140904
2024-06-23 00:43:16,0.164357483,0.0340917779036731,1.60671481,226.8570757962984,30918.0,1156.4195957040306,227.25915707504024
2024-06-23 00:43:20,0.164360198,0.0340928670396846,1.60676614,226.85351894529092,30922.0,1156.4195957040306,227.25631626227147
2024-06-23 00:43:25,0.164360198,0.0340925466431567,1.60675104,226.85435424891122,30927.0,1156.4195957040306,227.2580467157622
2024-06-23 00:43:29,0.164354467,0.0340920983002009,1.60672991,226.84963899851007,30931.0,1156.4195957040306,227.25404766657823
2024-06-23 00:43:33,0.164358388,0.0340924186967287,1.60674501,226.851585046596,30935.0,1156.4195957040306,227.25670998786688
2024-06-23 00:43:37,0.164356578,0.0340923546174232,1.60674199,226.84918701887673,30939.0,1156.4195957040306,227.2550283050595
2024-06-23 00:43:42,0.164355372,0.0340917138243675,1.60671179,226.85040132532367,30944.0,1156.4195957040306,227.25713814306468
2024-06-23 00:43:46,0.164358992,0.0340913934278397,1.60669669,226.8554710065655,30948.0,1156.4195957040306,227.26292432955
2024-06-23 00:43:50,0.164365025,0.0340912011899229,1.60668763,226.8625518900689,30952.0,1156.4195957040306,227.2707217891044
2024-06-23 00:43:54,0.164367136,0.0340926748017679,1.60675708,226.8562406804886,30956.0,1156.4195957040306,227.2651272261053
2024-06-23 00:43:58,0.164361103,0.0340922905381176,1.60673897,226.85084058350296,30960.0,1156.4195957040306,227.2604438459524
2024-06-23 00:44:03,0.164364421,0.0340929951982957,1.60677218,226.84985584857867,30965.0,1156.4195957040306,227.260355105437
2024-06-23 00:44:07,0.164362913,0.0340924825638512,1.60674802,226.8502183325005,30969.0,1156.4195957040306,227.26143446324053
2024-06-23 00:44:11,0.164365326,0.0340920342208953,1.60672689,226.85462633542897,30973.0,1156.4195957040306,227.26655940939705
2024-06-23 00:44:15,0.164361706,0.0340910730313118,1.60668159,226.85504549195866,30977.0,1156.4195957040306,227.2676955782224
2024-06-23 00:44:19,0.16436593,0.0340908807933951,1.60667253,226.86009922712392,30981.0,1156.4195957040306,227.27346639447128
2024-06-23 00:44:24,0.164369248,0.0340928670396846,1.60676614,226.85219137584744,30986.0,1156.4195957040306,227.26645499085677
2024-06-23 00:44:28,0.164365628,0.0340903042918281,1.60664536,226.86126135326086,30990.0,1156.4195957040306,227.2762422031048
2024-06-23 00:44:32,0.164371963,0.0340913293485341,1.60669367,226.8621043786819,30994.0,1156.4195957040306,227.2778025312389
2024-06-23 00:44:36,0.164372265,0.0340913293485341,1.60669367,226.86172535468427,30998.0,1156.4195957040306,227.27814087755263
2024-06-23 00:44:40,0.164374074,0.0340921623795065,1.60673293,226.85853482129454,31002.0,1156.4195957040306,227.27566778179215
2024-06-23 00:44:45,0.164379203,0.0340926107224623,1.60675406,226.8609622607931,31007.0,1156.4195957040306,227.27899211256496
2024-06-23 00:44:49,0.164378901,0.0340926107224623,1.60675406,226.85990633912908,31011.0,1156.4195957040306,227.278653778968
2024-06-23 00:44:53,0.164374979,0.0340922905381176,1.60673897,226.85652431814353,31015.0,1156.4195957040306,227.27598941245373
2024-06-23 00:44:57,0.164383124,0.0340917138243675,1.60671179,226.8680469871175,31019.0,1156.4195957040306,227.2882298020216
2024-06-23 00:45:01,0.164382219,0.0340918419829786,1.60671783,226.86562298166655,31023.0,1156.4195957040306,227.28652358300525
2024-06-23 00:45:05,0.164377694,0.0340913293485341,1.60669367,226.86260481540444,31027.0,1156.4195957040306,227.28422326873653
2024-06-23 00:45:10,0.164380108,0.0340909448727007,1.60667555,226.8664889254482,31032.0,1156.4195957040306,227.2890047855337
2024-06-23 00:45:14,0.164381918,0.0340915215864508,1.60670273,226.86468328980553,31036.0,1156.4195957040306,227.287917148359
2024-06-23 00:45:18,0.164383426,0.0340913293485341,1.60669367,226.8666932049247,31040.0,1156.4195957040306,227.29064512658624
2024-06-23 00:45:22,0.164384934,0.0340912011899229,1.60668763,226.86835691244158,31044.0,1156.4195957040306,227.2930269615686
2024-06-23 00:45:26,0.164376789,0.0340919701415898,1.60672387,226.8543596384923,31048.0,1156.4195957040306,227.2797478791585
2024-06-23 00:45:31,0.164385538,0.0340920983002009,1.60672991,226.86257126966018,31053.0,1156.4195957040306,227.28885733942244
2024-06-23 00:45:35,0.164387347,0.0340913293485341,1.60669367,226.86803362247454,31057.0,1156.4195957040306,227.29503802690525
2024-06-23 00:45:39,0.164385236,0.0340908807933951,1.60667253,226.8673733931513,31061.0,1156.4195957040306,227.2950961954018
2024-06-23 00:45:43,0.164382823,0.0340915856657564,1.60670575,226.8601436365362,31065.0,1156.4195957040306,227.28858489947368
2024-06-23 00:45:47,0.164387046,0.0340917138243675,1.60671179,226.86346398693135,31069.0,1156.4195957040306,227.29262377313827
2024-06-23 00:45:51,0.164386443,0.0340899198159947,1.60662724,226.87176186914834,31073.0,1156.4195957040306,227.30164024092255
2024-06-23 00:45:56,0.164384934,0.0340912011899229,1.60668763,226.86225027066342,31078.0,1156.4195957040306,227.2930269615686
2024-06-23 00:46:00,0.164391571,0.0340910089520062,1.60667857,226.87000593388504,31082.0,1156.4195957040306,227.30150134948468
2024-06-23 00:46:04,0.164384029,0.0340912011899229,1.60668763,226.85979883750295,31086.0,1156.4195957040306,227.2920130391676
2024-06-23 00:46:08,0.164390967,0.0340910089520062,1.60667857,226.86789159462583,31090.0,1156.4195957040306,227.3008246434402
2024-06-23 00:46:13,0.164392777,0.034090624688356,1.60666046,226.87109688900813,31095.0,1156.4195957040306,227.304928582224
2024-06-23 00:46:17,0.164394286,0.0340905606090504,1.60665744,226.8724147782823,31099.0,1156.4195957040306,227.30696545504213
2024-06-23 00:46:21,0.164387347,0.034090176133217,1.60663932,226.86599854924623,31103.0,1156.4195957040306,227.30126826970397
2024-06-23 00:46:25,0.164392476,0.0340908807933951,1.60667253,226.86721886027158,31107.0,1156.4195957040306,227.30320768429476
2024-06-23 00:46:29,0.164399716,0.0340915215864508,1.60670273,226.87114915616397,31111.0,1156.4195957040306,227.30785714333268
2024-06-23 00:46:33,0.164405145,0.034092226458812,1.60673595,226.8727040895092,31115.0,1156.4195957040306,227.31013129911656
2024-06-23 00:46:38,0.164406955,0.0340925466431567,1.60675104,226.87210293349463,31120.0,1156.4195957040306,227.3104292540928
2024-06-23 00:46:42,0.164407257,0.0340930592776013,1.6067752,226.86895238487676,31124.0,1156.4195957040306,227.30799806027125
2024-06-23 00:46:46,0.164408765,0.0340922905381176,1.60673897,226.87407561481768,31128.0,1156.4195957040306,227.31384070336605
2024-06-23 00:46:50,0.164409067,0.0340931874362124,1.60678124,226.86884887842533,31132.0,1156.4195957040306,227.30933343819703
2024-06-23 00:46:55,0.164417513,0.0340929951982957,1.60677218,226.87845015597296,31137.0,1156.4195957040306,227.3198341359944
2024-06-23 00:47:03,0.16440967,0.0340915856657564,1.60670575,226.8758397201766,31145.0,1156.4195957040306,227.3186629589776
2024-06-23 00:47:07,0.164411179,0.0340928670396846,1.60676614,226.86988753956692,31149.0,1156.4195957040306,227.3134304931648
2024-06-23 00:47:11,0.16441148,0.0340919060622842,1.60672085,226.87469696806073,31153.0,1156.4195957040306,227.3189596930075
2024-06-23 00:47:15,0.164415402,0.0340923546174232,1.60674199,226.87594757679372,31157.0,1156.4195957040306,227.320930129352
2024-06-23 00:47:24,0.164416307,0.0340918419829786,1.60671783,226.87811145766355,31166.0,1156.4195957040306,227.3247138265545
2024-06-23 00:47:28,0.164411782,0.0340923546174232,1.60674199,226.86955215731592,31170.0,1156.4195957040306,227.31687453466725
2024-06-23 00:47:32,0.164414497,0.0340926107224623,1.60675406,226.8704900834491,31174.0,1156.4195957040306,227.31853252428948
2024-06-23 00:47:36,0.164415703,0.0340923546174232,1.60674199,226.87250478962238,31178.0,1156.4195957040306,227.32126734868908
2024-06-23 00:47:40,0.164417212,0.0340930592776013,1.6067752,226.86966798339918,31182.0,1156.4195957040306,227.31915071513848
2024-06-23 00:47:44,0.164417815,0.0340926107224623,1.60675406,226.8720467928162,31186.0,1156.4195957040306,227.322249751383
2024-06-23 00:47:49,0.164415703,0.0340912652692285,1.60669065,226.87604993070227,31191.0,1156.4195957040306,227.32715324851452
2024-06-23 00:47:53,0.164415703,0.0340910089520062,1.60667857,226.87671455536548,31195.0,1156.4195957040306,227.32853822078704
2024-06-23 00:47:57,0.164419927,0.0340917138243675,1.60671179,226.87691789387995,31199.0,1156.4195957040306,227.32946196011704
2024-06-23 00:48:06,0.164421737,0.0340922905381176,1.60673897,226.87420849065325,31208.0,1156.4195957040306,227.3283736517457
2024-06-23 00:48:10,0.164418117,0.0340910089520062,1.60667857,226.87635707140905,31212.0,1156.4195957040306,227.33124280421669
2024-06-23 00:48:14,0.16441872,0.0340899838953003,1.60663026,226.88185108582104,31216.0,1156.4195957040306,227.3374574423057
2024-06-23 00:48:18,0.164418117,0.0340889588385944,1.60658195,226.8859941697132,31220.0,1156.4195957040306,227.34232120154357
2024-06-23 00:48:26,0.164422642,0.0340914575071452,1.60669971,226.87612017122754,31228.0,1156.4195957040306,227.33388870758023
2024-06-23 00:48:30,0.164424753,0.0340899198159947,1.60662724,226.88607378463868,31232.0,1156.4195957040306,227.3445631495801
2024-06-23 00:48:35,0.164422943,0.0340908167140895,1.60666951,226.87829804729148,31237.0,1156.4195957040306,227.33768851893976
2024-06-23 00:48:39,0.16442415,0.0340915215864508,1.60670273,226.87512054258423,31241.0,1156.4195957040306,227.33523195601583
2024-06-23 00:48:47,0.164431993,0.0340917138243675,1.60671179,226.88142667007148,31249.0,1156.4195957040306,227.3429801162642
2024-06-23 00:48:51,0.164431088,0.0340908807933951,1.60667253,226.88419320072558,31253.0,1156.4195957040306,227.34646773730577
2024-06-23 00:48:56,0.164431088,0.0340915215864508,1.60670273,226.87982902729163,31258.0,1156.4195957040306,227.343004995649
2024-06-23 00:49:00,0.164428976,0.0340908807933951,1.60667253,226.88020432955003,31262.0,1156.4195957040306,227.344101498003
2024-06-23 00:49:08,0.16442777,0.0340906887676615,1.60666348,226.8784482887043,31270.0,1156.4195957040306,227.34378800188725
2024-06-23 00:49:13,0.16443501,0.0340904965297448,1.60665442,226.8866971019737,31275.0,1156.4195957040306,227.3529385026249
2024-06-23 00:49:17,0.164437121,0.0340901120539114,1.6066363,226.89041872121973,31279.0,1156.4195957040306,227.35738152510248
2024-06-23 00:49:21,0.164437423,0.0340915856657564,1.60670575,226.88207192529168,31283.0,1156.4195957040306,227.3497561794239
2024-06-23 00:49:25,0.164431691,0.0340903683711337,1.60664838,226.8815067249624,31287.0,1156.4195957040306,227.3499124760648
2024-06-23 00:49:29,0.164436518,0.0340913293485341,1.60669367,226.881000086291,31291.0,1156.4195957040306,227.3501273807866
2024-06-23 00:49:33,0.164432596,0.0340903683711337,1.60664838,226.88107755945845,31295.0,1156.4195957040306,227.35092644347296
2024-06-23 00:49:38,0.164434708,0.0340900479746059,1.60663328,226.88427333557658,31300.0,1156.4195957040306,227.3550242709
2024-06-23 00:49:42,0.164437725,0.0340906887676615,1.60666348,226.8834688562645,31304.0,1156.4195957040306,227.35494148379988
2024-06-23 00:49:46,0.164436216,0.0340912652692285,1.60669065,226.87794094913477,31308.0,1156.4195957040306,227.35013531403897
2024-06-23 00:49:50,0.16443863,0.0340901120539114,1.6066363,226.88615608482343,31312.0,1156.4195957040306,227.3590722319544
2024-06-23 00:49:54,0.16443682,0.0340910730313118,1.60668159,226.87821291963496,31316.0,1156.4195957040306,227.35185089355215
2024-06-23 00:49:59,0.16443501,0.0340892149436335,1.60659402,226.88532445045536,31321.0,1156.4195957040306,227.359864770061
2024-06-23 00:50:03,0.164435613,0.0340896634987725,1.60661516,226.8828538910443,31325.0,1156.4195957040306,227.35811613660087
2024-06-23 00:50:07,0.164440138,0.0340899198159947,1.60662724,226.88581656604723,31329.0,1156.4195957040306,227.36180078114097
2024-06-23 00:50:11,0.16443682,0.0340894712608558,1.6066061,226.88380123700338,31333.0,1156.4195957040306,227.36050746492128
2024-06-23 00:50:15,0.164441345,0.0340904324504393,1.6066514,226.88295428480566,31337.0,1156.4195957040306,227.3603825685346
2024-06-23 00:50:19,0.164439836,0.0340892790229391,1.60659704,226.8867753189894,31341.0,1156.4195957040306,227.36492570121584
2024-06-23 00:50:24,0.164441948,0.0340889588385944,1.60658195,226.88996957940964,31346.0,1156.4195957040306,227.36902264432817
2024-06-23 00:50:28,0.164443154,0.0340892790229391,1.60659704,226.88886807202465,31350.0,1156.4195957040306,227.3686433303867
2024-06-23 00:50:32,0.164443758,0.0340888947592888,1.60657893,226.8908995219795,31354.0,1156.4195957040306,227.3713970154941
2024-06-23 00:50:36,0.164443154,0.0340899838953003,1.60663026,226.88361387442342,31358.0,1156.4195957040306,227.3648336444989
2024-06-23 00:50:40,0.164446171,0.0340888306799832,1.60657591,226.8925049437307,31362.0,1156.4195957040306,227.37444703147384
2024-06-23 00:50:45,0.16444225,0.0340887666006777,1.60657289,226.8875550254458,31367.0,1156.4195957040306,227.3704000676202
2024-06-23 00:50:49,0.164450093,0.034090624688356,1.60666046,226.88557742478451,31371.0,1156.4195957040306,227.36914487601356
2024-06-23 00:50:53,0.164451601,0.0340919701415898,1.60672387,226.87927298394138,31375.0,1156.4195957040306,227.36356288435076
2024-06-23 00:50:57,0.164458539,0.0340905606090504,1.60665744,226.89394172079545,31379.0,1156.4195957040306,227.37895411020835
2024-06-23 00:51:01,0.164454919,0.0340909448727007,1.60667555,226.8870864662185,31383.0,1156.4195957040306,227.372821384156
2024-06-23 00:51:05,0.164456428,0.0340914575071452,1.60669971,226.88528391489464,31387.0,1156.4195957040306,227.3717414005745
2024-06-23 00:51:10,0.164456126,0.0340920342208953,1.60672689,226.88092542347792,31392.0,1156.4195957040306,227.36828617352435
2024-06-23 00:51:14,0.164452808,0.0340905606090504,1.60665744,226.88444968906654,31396.0,1156.4195957040306,227.3725330939879
2024-06-23 00:51:18,0.164455824,0.0340896634987725,1.60661516,226.89195505236071,31400.0,1156.4195957040306,227.3807611503891
2024-06-23 00:51:22,0.164452204,0.0340905606090504,1.60665744,226.88232754292093,31404.0,1156.4195957040306,227.37185637198525
2024-06-23 00:51:26,0.164456428,0.0340901120539114,1.6066363,226.88876178767498,31408.0,1156.4195957040306,227.3790133853998
2024-06-23 00:51:30,0.164462159,0.0340899838953003,1.60663026,226.89515281568782,31412.0,1156.4195957040306,227.386127219394
2024-06-23 00:51:39,0.164460952,0.0340901120539114,1.6066363,226.89148129266852,31421.0,1156.4195957040306,227.3840821447091
2024-06-23 00:51:43,0.164452506,0.0340902402125226,1.60664234,226.8806026515372,31425.0,1156.4195957040306,227.37392642874784
2024-06-23 00:51:47,0.164459142,0.0340893431022446,1.60660006,226.89216385601236,31429.0,1156.4195957040306,227.3862105944185
2024-06-23 00:51:52,0.164455824,0.0340900479746059,1.60663328,226.88373251704698,31434.0,1156.4195957040306,227.3786830071432
2024-06-23 00:52:00,0.164458237,0.0340893431022446,1.60660006,226.88879998820025,31442.0,1156.4195957040306,227.38519659560137
2024-06-23 00:52:04,0.164462461,0.0340893431022446,1.60660006,226.8928096187456,31446.0,1156.4195957040306,227.38992933704185
2024-06-23 00:52:08,0.164456729,0.034088574362761,1.60656383,226.88981948859907,31450.0,1156.4195957040306,227.38766235221047
2024-06-23 00:52:12,0.164457936,0.0340891508643279,1.606591,226.8873324219944,31454.0,1156.4195957040306,227.3858984650347
2024-06-23 00:52:16,0.164460952,0.0340880617283164,1.60653967,226.8958760176938,31458.0,1156.4195957040306,227.3951652739701
2024-06-23 00:52:21,0.164459444,0.0340883821248443,1.60655477,226.8915502758428,31463.0,1156.4195957040306,227.3917435957376
2024-06-23 00:52:25,0.164465477,0.0340883821248443,1.60655477,226.89758679685633,31467.0,1156.4195957040306,227.3985034049305
2024-06-23 00:52:33,0.164467891,0.0340895353401613,1.60660912,226.89261087413456,31475.0,1156.4195957040306,227.39497415668615
2024-06-23 00:52:37,0.164462762,0.0340895353401613,1.60660912,226.88614078060112,31479.0,1156.4195957040306,227.38922744883564
2024-06-23 00:52:42,0.164463969,0.0340903042918281,1.60664536,226.88243239125723,31484.0,1156.4195957040306,227.38642333639788
2024-06-23 00:52:46,0.164467891,0.0340883821248443,1.60655477,226.89649383545756,31488.0,1156.4195957040306,227.40120823758951
2024-06-23 00:52:50,0.164466081,0.0340890227057168,1.60658496,226.8902794044112,31492.0,1156.4195957040306,227.395717294726
2024-06-23 00:52:54,0.164470304,0.0340886384420665,1.60656685,226.89636488135073,31496.0,1156.4195957040306,227.40252629073117
2024-06-23 00:52:59,0.164457634,0.0340881898869276,1.60654571,226.88368886852027,31501.0,1156.4195957040306,227.3907547196911
2024-06-23 00:53:03,0.164465176,0.0340869085129994,1.60648532,226.8983433230903,31505.0,1156.4195957040306,227.40613276168293
2024-06-23 00:53:07,0.164467287,0.0340879335697053,1.60653363,226.8944433456768,31509.0,1156.4195957040306,227.40295640156927
2024-06-23 00:53:11,0.164467891,0.0340875490938719,1.60651551,226.896475055272,31513.0,1156.4195957040306,227.40571175803248
2024-06-23 00:53:15,0.164466081,0.0340888947592888,1.60657893,226.88644856290702,31517.0,1156.4195957040306,227.3964089417937
2024-06-23 00:53:24,0.164466382,0.0340879976490109,1.60653665,226.89000717323367,31526.0,1156.4195957040306,227.4015959287741
2024-06-23 00:53:28,0.164468192,0.0340888947592888,1.60657893,226.88646169856767,31530.0,1156.4195957040306,227.39877422318148
2024-06-23 00:53:32,0.164468494,0.0340885102834554,1.60656081,226.88815473548627,31534.0,1156.4195957040306,227.40119105711247
2024-06-23 00:53:36,0.164467287,0.0340875490938719,1.60651551,226.8912748229171,31538.0,1156.4195957040306,227.4050349691837
2024-06-23 00:53:41,0.164470907,0.0340879976490109,1.60653665,226.8920012104191,31543.0,1156.4195957040306,227.4066661758641
2024-06-23 00:53:45,0.164473622,0.0340874850145663,1.60651249,226.8970910032444,31547.0,1156.4195957040306,227.4124798543546
2024-06-23 00:53:49,0.164469399,0.0340878694903997,1.60653061,226.88955656056226,31551.0,1156.4195957040306,227.4056693239536
2024-06-23 00:53:53,0.164470606,0.0340872927766496,1.60650343,226.89330301009855,31555.0,1156.4195957040306,227.4101397120748
2024-06-23 00:53:57,0.164467589,0.0340869085129994,1.60648532,226.89127593980214,31559.0,1156.4195957040306,227.4088366063552
2024-06-23 00:54:01,0.164471812,0.0340881898869276,1.60654571,226.88835627756242,31563.0,1156.4195957040306,227.4066409343718
2024-06-23 00:54:06,0.164471209,0.0340874850145663,1.60651249,226.8905863751455,31568.0,1156.4195957040306,227.40977605541087
2024-06-23 00:54:10,0.164472415,0.0340875490938719,1.60651551,226.89086722417284,31572.0,1156.4195957040306,227.41078095133008
2024-06-23 00:54:14,0.164472114,0.0340874850145663,1.60651249,226.89015232136666,31576.0,1156.4195957040306,227.41079012007896
2024-06-23 00:54:18,0.164472415,0.0340869725923049,1.60648834,226.89253594606822,31580.0,1156.4195957040306,227.4138978406851
2024-06-23 00:54:27,0.164474829,0.0340866521957771,1.60647324,226.8953439165217,31589.0,1156.4195957040306,227.41833511432895
2024-06-23 00:54:31,0.164473924,0.0340872289095272,1.60650042,226.89048753046254,31593.0,1156.4195957040306,227.41420290114527
2024-06-23 00:54:35,0.164479655,0.0340880617283164,1.60653967,226.89168226537242,31597.0,1156.4195957040306,227.41612183194675
2024-06-23 00:54:39,0.164478449,0.0340871648302216,1.6064974,226.89445593992718,31601.0,1156.4195957040306,227.4196197250947
2024-06-23 00:54:44,0.164479052,0.0340890227057168,1.60658496,226.8841816844858,31606.0,1156.4195957040306,227.41025077434017
2024-06-23 00:54:48,0.164483275,0.0340883821248443,1.60655477,226.89165240440195,31610.0,1156.4195957040306,227.41844576277828
2024-06-23 00:54:52,0.164484482,0.0340892790229391,1.60659704,226.88743149730135,31614.0,1156.4195957040306,227.4149491458784
2024-06-23 00:54:56,0.164482069,0.0340873568559552,1.60650645,226.89439580245661,31618.0,1156.4195957040306,227.42263776259767
2024-06-23 00:55:01,0.164485085,0.0340877413317886,1.60652457,226.89479104870088,31623.0,1156.4195957040306,227.42393842785916
2024-06-23 00:55:05,0.164487498,0.0340869085129994,1.60648532,226.90127354819649,31627.0,1156.4195957040306,227.431145285833
2024-06-23 00:55:09,0.16448056,0.0340872927766496,1.60650343,226.8906972493592,31631.0,1156.4195957040306,227.4212933658117
2024-06-23 00:55:13,0.164487498,0.0340873568559552,1.60650645,226.89740053767423,31635.0,1156.4195957040306,227.428721052964
2024-06-23 00:55:17,0.164486593,0.0340873568559552,1.60650645,226.89566205065125,31639.0,1156.4195957040306,227.4277069844833
2024-06-23 00:55:21,0.164481465,0.0340868444336938,1.6064823,226.8919622175041,31643.0,1156.4195957040306,227.4247315892669
2024-06-23 00:55:26,0.164474527,0.0340860114027214,1.60644304,226.88778648342702,31648.0,1156.4195957040306,227.4214614293861
2024-06-23 00:55:30,0.164482069,0.0340872289095272,1.60650042,226.8889301253723,31652.0,1156.4195957040306,227.42332955172805
2024-06-23 00:55:34,0.164479655,0.034086075482027,1.60644606,226.8917372571319,31656.0,1156.4195957040306,227.42686118224265
2024-06-23 00:55:38,0.164482069,0.0340864599578604,1.60646418,226.89163883747486,31660.0,1156.4195957040306,227.42748727938135
2024-06-23 00:55:47,0.164485688,0.0340865881164715,1.60647022,226.89337088759092,31669.0,1156.4195957040306,227.4308495566047
2024-06-23 00:55:51,0.164483879,0.0340870366716105,1.60649136,226.88819387981943,31673.0,1156.4195957040306,227.42639712206727
2024-06-23 00:55:55,0.164486895,0.0340866521957771,1.60647324,226.89292772771873,31677.0,1156.4195957040306,227.43185555988995
2024-06-23 00:55:59,0.164490213,0.0340865881164715,1.60647022,226.89626757489125,31681.0,1156.4195957040306,227.4359200133572
2024-06-23 00:56:07,0.164485387,0.0340851785839322,1.60640379,226.8970325112527,31689.0,1156.4195957040306,227.4381342101456
2024-06-23 00:56:12,0.164483577,0.0340846659494876,1.60637963,226.89687058192527,31694.0,1156.4195957040306,227.4388781000571
2024-06-23 00:56:16,0.164494738,0.0340862036406381,1.6064521,226.9003373583304,31698.0,1156.4195957040306,227.44306954877524
2024-06-23 00:56:20,0.16449323,0.0340869085129994,1.60648532,226.8941113000752,31702.0,1156.4195957040306,227.43756817752853
2024-06-23 00:56:24,0.16449142,0.0340860114027214,1.60644304,226.89620950251606,31706.0,1156.4195957040306,227.44039108135337
2024-06-23 00:56:29,0.164492928,0.0340871007509161,1.60649438,226.89110281068432,31711.0,1156.4195957040306,227.43619028597965
2024-06-23 00:56:33,0.164496247,0.0340871007509161,1.60649438,226.89409710417505,31715.0,1156.4195957040306,227.43990931202896
2024-06-23 00:56:37,0.164492325,0.0340861395613325,1.60644908,226.89417520703023,31719.0,1156.4195957040306,227.44071216077765
2024-06-23 00:56:41,0.16449685,0.0340858832441103,1.606437,226.89990707310798,31723.0,1156.4195957040306,227.44716878576304
2024-06-23 00:56:46,0.164491722,0.0340860114027214,1.60644304,226.89256181194173,31728.0,1156.4195957040306,227.44072949104344
2024-06-23 00:56:50,0.164492627,0.0340854987682769,1.60641888,226.8956233069744,31732.0,1156.4195957040306,227.44451577309184
2024-06-23 00:56:54,0.164492023,0.0340860114027214,1.60644304,226.89144951506782,31736.0,1156.4195957040306,227.4410667801716
2024-06-23 00:56:58,0.164492627,0.0340851145046266,1.60640077,226.89625173476426,31740.0,1156.4195957040306,227.44659381050317
2024-06-23 00:57:02,0.164499565,0.0340857550854991,1.60643096,226.89983730446954,31744.0,1156.4195957040306,227.4509042021708
2024-06-23 00:57:06,0.164501375,0.0340878054110942,1.60652759,226.89005322487773,31748.0,1156.4195957040306,227.44184495554663
2024-06-23 00:57:11,0.164503788,0.0340865881164715,1.60647022,226.89843360855505,31753.0,1156.4195957040306,227.4511313954187
2024-06-23 00:57:15,0.164495643,0.034085050425321,1.60639775,226.89689741573267,31757.0,1156.4195957040306,227.4503200591475
2024-06-23 00:57:19,0.164499565,0.0340869085129994,1.60648532,226.89051924033564,31761.0,1156.4195957040306,227.44466675025905
2024-06-23 00:57:23,0.164497453,0.0340860114027214,1.60644304,226.89227904515454,31765.0,1156.4195957040306,227.44715143122124
2024-06-23 00:57:27,0.164503788,0.0340849863460155,1.60639473,226.90419668055,31769.0,1156.4195957040306,227.4597939520717
2024-06-23 00:57:32,0.164506201,0.0340856910061936,1.60642794,226.90218354797025,31774.0,1156.4195957040306,227.45868693891265
2024-06-23 00:57:36,0.164501073,0.0340858832441103,1.606437,226.89467266007335,31778.0,1156.4195957040306,227.4519009562397
2024-06-23 00:57:40,0.164503185,0.0340864599578604,1.60646418,226.89319555516138,31782.0,1156.4195957040306,227.45114876481196
2024-06-23 00:57:44,0.164508916,0.0340864599578604,1.60646418,226.8988925564114,31786.0,1156.4195957040306,227.4575706874828
2024-06-23 00:57:48,0.164503185,0.0340848581874043,1.60638869,226.90040829474742,31790.0,1156.4195957040306,227.4598113548522
2024-06-23 00:57:53,0.164503486,0.0340854349011544,1.60641587,226.8967203822805,31795.0,1156.4195957040306,227.4570296138878
2024-06-23 00:57:57,0.164504693,0.034086524037166,1.6064672,226.89145785520654,31799.0,1156.4195957040306,227.45249203178923
2024-06-23 00:58:01,0.164509821,0.0340866521957771,1.60647324,226.89578602938502,31803.0,1156.4195957040306,227.4575451575006
2024-06-23 00:58:05,0.164511933,0.034087677252483,1.60652155,226.89188422895455,31807.0,1156.4195957040306,227.45436831483605
2024-06-23 00:58:09,0.164508916,0.0340851145046266,1.60640077,226.901638228736,31811.0,1156.4195957040306,227.46484727829116
2024-06-23 00:58:14,0.164508916,0.0340874209352608,1.60650947,226.88825854018765,31816.0,1156.4195957040306,227.45237380214667
2024-06-23 00:58:18,0.164511933,0.0340871007509161,1.60649438,226.89264572443943,31820.0,1156.4195957040306,227.45748596217447
2024-06-23 00:58:22,0.164517061,0.0340871648302216,1.6064974,226.89732031272027,31824.0,1156.4195957040306,227.46288553108104
2024-06-23 00:58:26,0.164511028,0.0340870366716105,1.60649136,226.89052820934586,31828.0,1156.4195957040306,227.45681841285585
2024-06-23 00:58:31,0.164513441,0.0340854987682769,1.60641888,226.900643244311,31833.0,1156.4195957040306,227.46783968512187
2024-06-23 00:58:35,0.164508916,0.034085050425321,1.60639775,226.89727241664642,31837.0,1156.4195957040306,227.46519385159175
2024-06-23 00:58:39,0.164503788,0.0340851785839322,1.60640379,226.890107832037,31841.0,1156.4195957040306,227.4587542645794
2024-06-23 00:58:43,0.164517664,0.0340844096322654,1.60636755,226.9090914613364,31845.0,1156.4195957040306,227.47846289461185
2024-06-23 00:58:47,0.164518268,0.0340866521957771,1.60647324,226.89691402776228,31849.0,1156.4195957040306,227.46701046457972
2024-06-23 00:58:56,0.164518871,0.0340869085129994,1.60648532,226.89457221540127,31858.0,1156.4195957040306,227.46629991876284
2024-06-23 00:59:00,0.164520681,0.0340867162750826,1.60647626,226.89691507850986,31862.0,1156.4195957040306,227.46936779228128
2024-06-23 00:59:04,0.164518569,0.0340867162750826,1.60647626,226.8938234642244,31866.0,1156.4195957040306,227.4670011898223
2024-06-23 00:59:08,0.164522189,0.0340865881164715,1.60647022,226.89784798246347,31870.0,1156.4195957040306,227.47175072097664
2024-06-23 00:59:12,0.164519776,0.034086075482027,1.60644606,226.89719163667542,31874.0,1156.4195957040306,227.47181938886425
2024-06-23 00:59:17,0.164524301,0.0340862677199437,1.60645512,226.90031620423454,31879.0,1156.4195957040306,227.4758502240869
2024-06-23 00:59:21,0.164522189,0.0340872927766496,1.60650343,226.89168063622395,31883.0,1156.4195957040306,227.4679396702616
2024-06-23 00:59:25,0.164529429,0.0340866521957771,1.60647324,226.90253290326476,31887.0,1156.4195957040306,227.4795169511798
2024-06-23 00:59:29,0.164527921,0.0340869725923049,1.60648834,226.89838520604465,31891.0,1156.4195957040306,227.4760942672001
2024-06-23 00:59:33,0.164530937,0.0340876131731775,1.60651853,226.89757514857834,31895.0,1156.4195957040306,227.47600922200803
2024-06-23 00:59:38,0.164530937,0.0340865881164715,1.60647022,226.9022129958787,31900.0,1156.4195957040306,227.48155333279004
2024-06-23 00:59:42,0.164528222,0.0340867803543882,1.60647928,226.8974059369967,31904.0,1156.4195957040306,227.47747128280315
2024-06-23 00:59:46,0.164529429,0.0340863317992492,1.60645814,226.9004595377659,31908.0,1156.4195957040306,227.48124989042952
2024-06-23 00:59:50,0.164534256,0.0340872289095272,1.60650042,226.9002912009404,31912.0,1156.4195957040306,227.48180655809307
2024-06-23 00:59:59,0.164530636,0.0340864599578604,1.60646418,226.89876261844813,31921.0,1156.4195957040306,227.48190922533152
2024-06-23 01:00:03,0.164533652,0.0340871007509161,1.60649438,226.89795132055863,31925.0,1156.4195957040306,227.48182292195264
2024-06-23 01:00:07,0.164533049,0.0340864599578604,1.60646418,226.90001654166403,31929.0,1156.4195957040306,227.4846131337951
2024-06-23 01:00:11,0.164535462,0.0340868444336938,1.6064823,226.89991587968964,31933.0,1156.4195957040306,227.48523745845347
2024-06-23 01:00:16,0.164533954,0.0340858832441103,1.606437,226.90251886884158,31938.0,1156.4195957040306,227.48874667461956
2024-06-23 01:00:20,0.164535462,0.0340862036406381,1.6064521,226.90175067556143,31942.0,1156.4195957040306,227.4887034575251
2024-06-23 01:00:24,0.164541194,0.0340883180455387,1.60655175,226.89601224282296,31946.0,1156.4195957040306,227.4836899957902
2024-06-23 01:00:28,0.164545719,0.0340880617283164,1.60653967,226.9017438802142,31950.0,1156.4195957040306,227.49014659867092
2024-06-23 01:00:33,0.164544814,0.0340879976490109,1.60653665,226.90017021250924,31955.0,1156.4195957040306,227.4894791295674
2024-06-23 01:00:41,0.164541194,0.0340874209352608,1.60650947,226.89778336628117,31963.0,1156.4195957040306,227.48854218048064
2024-06-23 01:00:45,0.164541495,0.0340874209352608,1.60650947,226.89739570663525,31967.0,1156.4195957040306,227.48887945918068
2024-06-23 01:00:49,0.164547529,0.0340872289095272,1.60650042,226.90447071633534,31971.0,1156.4195957040306,227.49667939996667
2024-06-23 01:00:54,0.164545719,0.0340869085129994,1.60648532,226.90326944964465,31976.0,1156.4195957040306,227.49638428641595
2024-06-23 01:00:58,0.164543004,0.0340862036406381,1.6064521,226.90331502549006,31980.0,1156.4195957040306,227.4971547757929
2024-06-23 01:01:02,0.164543909,0.0340867803543882,1.60647928,226.90048466849748,31984.0,1156.4195957040306,227.4950493239882
2024-06-23 01:01:06,0.164544814,0.034086524037166,1.6064672,226.90216033620334,31988.0,1156.4195957040306,227.49744988820407
2024-06-23 01:01:14,0.164544814,0.0340860114027214,1.60644304,226.90348357144183,31996.0,1156.4195957040306,227.5002228890933
2024-06-23 01:01:18,0.164542702,0.0340866521957771,1.60647324,226.89692585856412,32000.0,1156.4195957040306,227.4943900446877
2024-06-23 01:01:23,0.164544512,0.0340862677199437,1.60645512,226.90012770879287,32005.0,1156.4195957040306,227.49849796638372
2024-06-23 01:01:27,0.164547227,0.0340870366716105,1.60649136,226.89828573270478,32009.0,1156.4195957040306,227.49738083576335
2024-06-23 01:01:35,0.164548434,0.0340862677199437,1.60645512,226.90234809174453,32017.0,1156.4195957040306,227.50289285309788
2024-06-23 01:01:39,0.16454783,0.0340856910061936,1.60642794,226.9040662170754,32021.0,1156.4195957040306,227.50533579058504
2024-06-23 01:01:44,0.16455326,0.0340860114027214,1.60644304,226.90751178019116,32026.0,1156.4195957040306,227.50968735229904
2024-06-23 01:01:48,0.164549037,0.0340864599578604,1.60646418,226.89962829750095,32030.0,1156.4195957040306,227.5025286548
2024-06-23 01:01:52,0.164549339,0.0340863317992492,1.60645814,226.89993520786513,32034.0,1156.4195957040306,227.5035603378249
2024-06-23 01:01:56,0.164553864,0.0340869085129994,1.60648532,226.90116128576008,32038.0,1156.4195957040306,227.5055111755138
2024-06-23 01:02:01,0.16455326,0.0340857550854991,1.60643096,226.90581814760793,32043.0,1156.4195957040306,227.51107396849807
2024-06-23 01:02:05,0.164553864,0.0340863317992492,1.60645814,226.90265038801408,32047.0,1156.4195957040306,227.508630938518
2024-06-23 01:02:09,0.164550244,0.0340867162750826,1.60647626,226.89578938382846,32051.0,1156.4195957040306,227.50249464998555
2024-06-23 01:02:13,0.164555372,0.0340858191648047,1.60643398,226.9056640344225,32055.0,1156.4195957040306,227.51309400193497
2024-06-23 01:02:18,0.164556277,0.0340858191648047,1.60643398,226.90577231373842,32060.0,1156.4195957040306,227.51410813732548
2024-06-23 01:02:22,0.16455869,0.0340866521957771,1.60647324,226.9032450751347,32064.0,1156.4195957040306,227.51230556667423
2024-06-23 01:02:26,0.164559293,0.0340859473234158,1.60644002,226.90700936395015,32068.0,1156.4195957040306,227.5167945080479
2024-06-23 01:02:30,0.164557483,0.0340867162750826,1.60647626,226.90009661809952,32072.0,1156.4195957040306,227.51060639902352
2024-06-23 01:02:34,0.164556277,0.0340855628475824,1.6064219,226.90426039290844,32076.0,1156.4195957040306,227.51549479458836
2024-06-23 01:02:43,0.16456231,0.0340862036406381,1.6064521,226.9059239054779,32085.0,1156.4195957040306,227.51878864335052
2024-06-23 01:02:47,0.164563818,0.034086524037166,1.6064672,226.90515583976634,32089.0,1156.4195957040306,227.51874514383056
2024-06-23 01:02:51,0.164563517,0.0340863958785548,1.60646116,226.90478732784283,32093.0,1156.4195957040306,227.5191011805899
2024-06-23 01:02:55,0.164567137,0.0340864599578604,1.60646418,226.90777259773196,32097.0,1156.4195957040306,227.5228109813144
2024-06-23 01:03:04,0.164562008,0.0340852426632377,1.60640681,226.90698070565264,32106.0,1156.4195957040306,227.52364921660163
2024-06-23 01:03:08,0.16456955,0.0340859473234158,1.60644002,226.91089539135282,32110.0,1156.4195957040306,227.5282883727886
2024-06-23 01:03:12,0.164568042,0.0340862677199437,1.60645512,226.90674769125008,32114.0,1156.4195957040306,227.5248651238824
2024-06-23 01:03:16,0.164569248,0.0340862036406381,1.6064521,226.90772135592124,32118.0,1156.4195957040306,227.5265632201194
2024-06-23 01:03:24,0.164570756,0.0340861395613325,1.60644908,226.90830907114264,32126.0,1156.4195957040306,227.5285997382208
2024-06-23 01:03:29,0.16456593,0.0340863958785548,1.60646116,226.9006089952487,32131.0,1156.4195957040306,227.52180512235148
2024-06-23 01:03:37,0.164571963,0.0340856910061936,1.60642794,226.90973433478362,32139.0,1156.4195957040306,227.5323791291476
2024-06-23 01:03:41,0.164575583,0.034086524037166,1.6064672,226.90855953575533,32143.0,1156.4195957040306,227.5319286312813
2024-06-23 01:03:45,0.164587348,0.0340862677199437,1.60645512,226.92240560587229,32147.0,1156.4195957040306,227.54649898045955
2024-06-23 01:03:50,0.164587348,0.034088125807622,1.60654269,226.9114471615941,32152.0,1156.4195957040306,227.53644585340868
2024-06-23 01:03:54,0.164580711,0.0340889588385944,1.60658195,226.8987795191,32156.0,1156.4195957040306,227.52450243900057
2024-06-23 01:03:58,0.164587951,0.0340871648302216,1.6064974,226.91587362094117,32160.0,1156.4195957040306,227.54232074571647
2024-06-23 01:04:02,0.164584331,0.0340872289095272,1.60650042,226.91074636541623,32164.0,1156.4195957040306,227.53791767151293
2024-06-23 01:04:06,0.164579505,0.0340862677199437,1.60645512,226.90981483273856,32168.0,1156.4195957040306,227.53771029626108
2024-06-23 01:04:11,0.164583728,0.0340861395613325,1.60644908,226.9143352895327,32173.0,1156.4195957040306,227.54313591571284
2024-06-23 01:04:19,0.164589158,0.0340867162750826,1.60647626,226.91585139753585,32181.0,1156.4195957040306,227.54610020352388
2024-06-23 01:04:23,0.164583426,0.0340863958785548,1.60646116,226.91043780308974,32185.0,1156.4195957040306,227.54141066112496
2024-06-23 01:04:27,0.164585538,0.0340869085129994,1.60648532,226.90930677489936,32189.0,1156.4195957040306,227.54100365928605
2024-06-23 01:04:31,0.164589459,0.0340869085129994,1.60648532,226.91297647379955,32193.0,1156.4195957040306,227.54539735849897
2024-06-23 01:04:36,0.164591873,0.0340867803543882,1.60647928,226.91546996387976,32198.0,1156.4195957040306,227.54879581182956
2024-06-23 01:04:40,0.164590364,0.0340854987682769,1.60641888,226.91998968053704,32202.0,1156.4195957040306,227.55403946895564
2024-06-23 01:04:44,0.164592174,0.0340882539662331,1.60654873,226.9063863825497,32206.0,1156.4195957040306,227.5411600842808
2024-06-23 01:04:48,0.164595191,0.0340873568559552,1.60650645,226.91389692600436,32210.0,1156.4195957040306,227.54939451354764
2024-06-23 01:04:53,0.164595493,0.0340870366716105,1.60649136,226.9150629600417,32215.0,1156.4195957040306,227.551465365653
2024-06-23 01:04:57,0.164597302,0.0340866521957771,1.60647324,226.9184466216673,32219.0,1156.4195957040306,227.5555728499556
2024-06-23 01:05:01,0.164592174,0.0340872289095272,1.60650042,226.90885608554362,32223.0,1156.4195957040306,227.54670610788853
2024-06-23 01:05:05,0.164598509,0.0340863958785548,1.60646116,226.9197385574498,32227.0,1156.4195957040306,227.55831234488625
2024-06-23 01:05:09,0.164598207,0.0340860114027214,1.60644304,226.92075688022362,32231.0,1156.4195957040306,227.5600544034412
2024-06-23 01:05:14,0.164594588,0.0340864599578604,1.60646418,226.91336964888995,32236.0,1156.4195957040306,227.5535718000903
2024-06-23 01:05:18,0.164597001,0.0340863958785548,1.60646116,226.91569668395084,32240.0,1156.4195957040306,227.5566225037213
2024-06-23 01:05:22,0.164601526,0.0340872927766496,1.60650343,226.91519048092135,32244.0,1156.4195957040306,227.5568399388288
2024-06-23 01:05:26,0.164603034,0.0340868444336938,1.6064823,226.91858269098037,32248.0,1156.4195957040306,227.5609557562456
2024-06-23 01:05:30,0.164603336,0.0340864599578604,1.60646418,226.9202780118556,32252.0,1156.4195957040306,227.56337465335335
2024-06-23 01:05:35,0.164605146,0.0340869085129994,1.60648532,226.91897458494356,32257.0,1156.4195957040306,227.56297565243477
2024-06-23 01:05:39,0.164606654,0.0340866521957771,1.60647324,226.9213279033518,32261.0,1156.4195957040306,227.5660524757776
2024-06-23 01:05:43,0.164604241,0.0340869085129994,1.60648532,226.91651349376116,32265.0,1156.4195957040306,227.5619615388705
2024-06-23 01:05:47,0.164606051,0.0340871648302216,1.6064974,226.91643129915278,32269.0,1156.4195957040306,227.5626027843476
2024-06-23 01:05:51,0.164608162,0.0340866521957771,1.60647324,226.92084741190047,32273.0,1156.4195957040306,227.56774230423565
2024-06-23 01:05:55,0.164606352,0.0340856910061936,1.60642794,226.92329725038167,32277.0,1156.4195957040306,227.57091551656524
2024-06-23 01:06:00,0.16461148,0.0340867162750826,1.60647626,226.92259117490656,32282.0,1156.4195957040306,227.571113611054
2024-06-23 01:06:04,0.164616307,0.0340878054110942,1.60652759,226.92138307340022,32286.0,1156.4195957040306,227.57062880721804
2024-06-23 01:06:08,0.164611782,0.0340875490938719,1.60651551,226.91697635355493,32290.0,1156.4195957040306,227.56694535062152
2024-06-23 01:06:12,0.164613592,0.0340879976490109,1.60653665,226.91585408991992,32294.0,1156.4195957040306,227.56654631546536
2024-06-23 01:06:16,0.164610877,0.0340870366716105,1.60649136,226.91728869195836,32298.0,1156.4195957040306,227.56870411086504
2024-06-23 01:06:21,0.164619022,0.0340862036406381,1.6064521,226.9300198936821,32303.0,1156.4195957040306,227.5823392543748
2024-06-23 01:06:25,0.164617514,0.0340874850145663,1.60651249,226.9206726087015,32307.0,1156.4195957040306,227.5737150824665
2024-06-23 01:06:29,0.164612687,0.0340858832441103,1.606437,226.92320866004326,32311.0,1156.4195957040306,227.57697421062983
2024-06-23 01:06:33,0.164621435,0.0340880617283164,1.60653967,226.92049929693957,32315.0,1156.4195957040306,227.57498788774848
2024-06-23 01:06:42,0.164618419,0.0340873568559552,1.60650645,226.91930741049114,32324.0,1156.4195957040306,227.57542270617583
2024-06-23 01:06:46,0.164620832,0.0340863317992492,1.60645814,226.92683572450716,32328.0,1156.4195957040306,227.5836739390547
2024-06-23 01:06:50,0.164617514,0.0340862677199437,1.60645512,226.92274152249553,32332.0,1156.4195957040306,227.58030261782207
2024-06-23 01:06:54,0.164619625,0.0340874209352608,1.60650947,226.91814338826316,32336.0,1156.4195957040306,227.5764273259349
2024-06-23 01:06:58,0.164626563,0.0340875490938719,1.60651551,226.92450140596927,32340.0,1156.4195957040306,227.58350814720248
2024-06-23 01:07:02,0.164625055,0.0340874850145663,1.60651249,226.9224356332168,32344.0,1156.4195957040306,227.58216513887749
2024-06-23 01:07:07,0.164628373,0.0340876131731775,1.60651853,226.9245566492305,32349.0,1156.4195957040306,227.58518955485985
2024-06-23 01:07:11,0.164621435,0.0340858832441103,1.606437,226.92542164902702,32353.0,1156.4195957040306,227.5867772297516
2024-06-23 01:07:15,0.164617212,0.0340859473234158,1.60644002,226.91961992368172,32357.0,1156.4195957040306,227.58169813922825
2024-06-23 01:07:19,0.164619927,0.034086075482027,1.60644606,226.92124616495852,32361.0,1156.4195957040306,227.58404697470328
2024-06-23 01:07:23,0.164624452,0.0340863958785548,1.60646116,226.9238603011106,32365.0,1156.4195957040306,227.5873836640785
2024-06-23 01:07:28,0.164623547,0.0340863958785548,1.60646116,226.92194303892205,32370.0,1156.4195957040306,227.58636953526263
2024-06-23 01:07:32,0.164631088,0.0340864599578604,1.60646418,226.92932409504536,32374.0,1156.4195957040306,227.5944730511308
2024-06-23 01:07:36,0.164632295,0.0340863958785548,1.60646116,226.93030103324074,32378.0,1156.4195957040306,227.59617240695417
2024-06-23 01:07:40,0.164631993,0.0340867162750826,1.60647626,226.92750619241815,32382.0,1156.4195957040306,227.59409994129027
2024-06-23 01:07:44,0.16463501,0.0340872289095272,1.60650042,226.92739016946118,32386.0,1156.4195957040306,227.59470625067144
2024-06-23 01:07:53,0.164632295,0.034085626926888,1.60642492,226.93139309857332,32395.0,1156.4195957040306,227.600334269156
