time,voltage,current,shunt_voltage,temperature,temperature old
2024-06-02 10:03:11,0.107970695,0.0343311491201826,1.61799616,163.63685680102867,163.63685680102867
2024-06-02 10:03:16,0.108398147,0.0343239730866916,1.61765796,164.1311038330737,164.13178890896432
2024-06-02 10:03:20,0.108715492,0.0343167329738951,1.61731674,164.50482266073752,164.50605581996695
2024-06-02 10:03:24,0.108968585,0.0343121196882605,1.61709932,164.79883661809657,164.8006178807627
2024-06-02 10:03:28,0.10917492,0.0343078910906425,1.61690003,165.04013758648756,165.04246697267502
2024-06-02 10:03:32,0.109500712,0.0343046234704248,1.61674603,165.4096177003598,165.4124952301399
2024-06-02 10:03:37,0.10963676,0.0343015480881239,1.61660109,165.56949973730335,165.57306247477948
2024-06-02 10:03:41,0.109754709,0.0342977678334617,1.61642293,165.71210912004554,165.7162200462264
2024-06-02 10:03:45,0.109859385,0.0342936671822716,1.61622967,165.8412684992052,165.84592763411905
2024-06-02 10:03:49,0.109947771,0.0342911683015376,1.6161119,165.94686617937452,165.9520735430363
2024-06-02 10:03:53,0.110031029,0.0342903354827484,1.61607265,166.04094594087638,166.0467015532878
2024-06-02 10:03:58,0.110102221,0.0342870678625307,1.61591865,166.13021701363448,166.13665796509002
2024-06-02 10:04:02,0.110172809,0.0342881569985423,1.61596998,166.20355856008817,166.21054780524855
2024-06-02 10:04:06,0.110237666,0.0342872601004474,1.61592771,166.27761691467484,166.28515447349844
2024-06-02 10:04:10,0.110349883,0.0342859146472137,1.6158643,166.40543432644205,166.4135202188741
2024-06-02 10:04:14,0.110399657,0.0342841206388409,1.61577975,166.4660733572419,166.47470760321428
2024-06-02 10:04:19,0.110445208,0.0342817499167181,1.61566802,166.52397697523983,166.53329669114652
2024-06-02 10:04:23,0.11048382,0.0342821343925515,1.61568614,166.56459922162105,166.57446733586605
2024-06-02 10:04:27,0.110521226,0.0342796995911231,1.61557139,166.61390543152646,166.6243219639984
2024-06-02 10:04:32,0.110556218,0.0342795073532064,1.61556233,166.6524535539807,166.66355563718434
2024-06-02 10:04:36,0.110589099,0.0342789308516394,1.61553516,166.6901794905083,166.70183003663948
2024-06-02 10:04:40,0.110624695,0.0342783541378893,1.61550798,166.7308990065989,166.74309803550287
2024-06-02 10:04:44,0.110690759,0.0342782259792781,1.61550194,166.80359353203585,166.81634106354454
2024-06-02 10:04:49,0.110715193,0.0342782900585837,1.61550496,166.82960067786885,166.8430338655018
2024-06-02 10:04:53,0.110741136,0.0342774570276113,1.6154657,166.86060089639767,166.8745826312084
2024-06-02 10:04:57,0.110764363,0.0342766882881277,1.61542947,166.88838120135176,166.90291150312885
2024-06-02 10:05:02,0.110783368,0.0342756630192386,1.61538115,166.91228731717123,166.92750335546356
2024-06-02 10:05:06,0.110802373,0.0342746379625327,1.61533284,166.93633129016771,166.95209593990182
2024-06-02 10:05:10,0.110824695,0.0342736129058267,1.61528453,166.96403206955733,166.98034535047833
2024-06-02 10:05:14,0.110846716,0.0342733565886044,1.61527245,166.98866305093534,167.005524982775
2024-06-02 10:05:18,0.110891664,0.0342725235576321,1.61523319,167.04061594712473,167.05802654960144
2024-06-02 10:05:23,0.110912177,0.0342726517162432,1.61523923,167.06207845881792,167.08017492729948
2024-06-02 10:05:27,0.110929673,0.0342726517162432,1.61523923,167.08081034972696,167.099455533163
2024-06-02 10:05:31,0.110948074,0.0342731002713822,1.61526037,167.0989395136952,167.1181334317606
2024-06-02 10:05:35,0.110962252,0.0342724594783265,1.61523017,167.11630111654156,167.13604378889784
2024-06-02 10:05:39,0.110977637,0.0342703450734259,1.61513052,167.14025252500164,167.16054397129693
2024-06-02 10:05:43,0.110992116,0.0342720109231875,1.61520903,167.1497151822283,167.17055542209724
2024-06-02 10:05:48,0.111008708,0.0342711781043983,1.61516978,167.17028706044223,167.19181331986914
2024-06-02 10:05:52,0.111023489,0.0342706013906482,1.6151426,167.188086959714,167.21016205684364
2024-06-02 10:05:56,0.111050035,0.0342687433029699,1.61505503,167.22343024497496,167.24605419939846
2024-06-02 10:06:00,0.1110618,0.0342686151443587,1.61504899,167.2363060531685,167.25947888446353
2024-06-02 10:06:04,0.111076883,0.0342701530476924,1.61512147,167.24688718711323,167.27060891484405
2024-06-02 10:06:09,0.111086234,0.0342677182462639,1.61500672,167.26520586279582,167.28961373856322
2024-06-02 10:06:13,0.111097094,0.0342677823255695,1.61500974,167.27639778936367,167.30135460553743
2024-06-02 10:06:17,0.111113082,0.0342668852152916,1.61496746,167.29667707460865,167.32218285070942
2024-06-02 10:06:21,0.11112545,0.0342660523965023,1.61492821,167.3127374337054,167.33879218924028
2024-06-02 10:06:26,0.11113631,0.0342669492945971,1.61497048,167.32081537582388,167.34755638306297
2024-06-02 10:06:30,0.111146566,0.0342658601585856,1.61491915,167.3354648355111,167.36275486602634
2024-06-02 10:06:34,0.111165872,0.0342663087137246,1.61494029,167.354592239782,167.38243131303688
2024-06-02 10:06:38,0.111175224,0.0342663087137246,1.61494029,167.36435149041918,167.3927396258637
2024-06-02 10:06:42,0.111186385,0.0342663087137246,1.61494029,167.37610474586256,167.40504196293324
2024-06-02 10:06:47,0.111193625,0.0342648991811853,1.61487386,167.3884406504076,167.41806424682318
2024-06-02 10:06:51,0.111204786,0.0342648991811853,1.61487386,167.4001944262645,167.43036714798933
2024-06-02 10:06:55,0.111218361,0.0342651552862244,1.61488593,167.41369284498194,167.44441471140868
2024-06-02 10:06:59,0.111225902,0.0342647710225741,1.61486782,167.42283113960966,167.45410217011764
2024-06-02 10:07:04,0.111232539,0.0342645147053519,1.61485574,167.4303780082859,167.46233552112707
2024-06-02 10:07:08,0.111250035,0.0342653475241411,1.61489499,167.44613458557268,167.47864130604918
2024-06-02 10:07:12,0.111255465,0.0342644506260463,1.61485272,167.45478101285326,167.48783696030054
2024-06-02 10:07:16,0.111274168,0.0342647069432685,1.6148648,167.4739312287828,167.50753642252283
2024-06-02 10:07:20,0.111281709,0.0342643224674351,1.61484668,167.48307113830884,167.51722559765017
2024-06-02 10:07:24,0.111290156,0.0342642583881296,1.61484366,167.4920628170641,167.5267665613015
2024-06-02 10:07:29,0.111293172,0.0342629129348958,1.61478025,167.4995184890821,167.5349088665527
2024-06-02 10:07:33,0.111305541,0.0342627206969791,1.61477119,167.51329311003283,167.5492328157638
2024-06-02 10:07:37,0.111313082,0.0342630410935069,1.61478629,167.51990952270225,167.5563985759446
2024-06-02 10:07:41,0.111316702,0.0342624003004513,1.61475609,167.52564592134664,167.5626843413379
2024-06-02 10:07:45,0.111321528,0.0342627206969791,1.61477119,167.52926920449053,167.5668570104547
2024-06-02 10:07:50,0.11133993,0.0342610548472175,1.61469268,167.55483695750067,167.593111522944
2024-06-02 10:07:54,0.111347471,0.0342622080625346,1.61474703,167.55846939612056,167.5972933907413
2024-06-02 10:07:58,0.111354711,0.034262143983229,1.61474401,167.56613114116615,167.6055045841442
2024-06-02 10:08:03,0.111360141,0.0342609266886064,1.61468664,167.57579246852814,167.61585274890405
2024-06-02 10:08:07,0.111368587,0.0342610548472175,1.61469268,167.58409519831005,167.62470497014874
2024-06-02 10:08:11,0.111375224,0.034262143983229,1.61474401,167.58695956390773,167.6281188463451
2024-06-02 10:08:15,0.11137824,0.0342599654990228,1.61464134,167.59754264358273,167.6392514557412
2024-06-02 10:08:19,0.111382765,0.0342593249181503,1.61461115,167.60427805023292,167.64653641122126
2024-06-02 10:08:24,0.111388799,0.0342602858955507,1.61465644,167.60679902114572,167.6497443450226
2024-06-02 10:08:28,0.111404786,0.0342601577369395,1.6146504,167.62433461732925,167.6678295329813
2024-06-02 10:08:32,0.11141444,0.034260093657634,1.61464738,167.6346583708117,167.67870289730365
2024-06-02 10:08:36,0.111416853,0.0342599014197173,1.61463832,167.6374583641023,167.68205252048526
2024-06-02 10:08:40,0.111424093,0.0342612470851342,1.61470174,167.6400659259651,167.68520973127664
2024-06-02 10:08:45,0.111430729,0.0342594530767614,1.61461719,167.65312790357393,167.6989587967971
2024-06-02 10:08:49,0.111435254,0.0342598373404117,1.6146353,167.65618915934138,167.70256974427792
2024-06-02 10:08:53,0.111437667,0.0342586200457891,1.61457793,167.66266548114604,167.70959577678937
2024-06-02 10:08:57,0.111441287,0.0342593889974559,1.61461417,167.66334919430466,167.7108292196346
2024-06-02 10:09:02,0.111453655,0.0342590045216225,1.61459605,167.67767730610618,167.7258445202139
2024-06-02 10:09:06,0.111461498,0.0342591967595392,1.61460511,167.68508528394543,167.7338022703945
2024-06-02 10:09:10,0.111467833,0.0342588763630113,1.61459001,167.69266951020595,167.741936287932
2024-06-02 10:09:14,0.111473263,0.0342578513063054,1.6145417,167.70178416800013,167.75160075592498
2024-06-02 10:09:18,0.111476883,0.0342588122837058,1.61458699,167.70177793822666,167.75214435525868
2024-06-02 10:09:23,0.11148352,0.034258043332039,1.61455075,167.7111673866357,167.7622211166207
2024-06-02 10:09:27,0.111483821,0.0342568260374163,1.61449338,167.71531733001277,167.76692093159886
2024-06-02 10:09:31,0.111488346,0.0342570823546386,1.61450546,167.7188370665493,167.77099055860043
2024-06-02 10:09:35,0.111495586,0.034257018275333,1.61450244,167.7265001230817,167.77920352444826
2024-06-02 10:09:40,0.111504032,0.0342573386718609,1.61451754,167.73397561587444,167.78736643037286
2024-06-02 10:09:44,0.111510066,0.0342574027511664,1.61452056,167.73984886740004,167.79378963357732
2024-06-02 10:09:48,0.111513082,0.0342569541960275,1.61449942,167.74423434877824,167.79872508544048
2024-06-02 10:09:52,0.111517305,0.0342565697201941,1.6144813,167.74972085710928,167.80476158304884
2024-06-02 10:09:56,0.111521227,0.0342568901167219,1.6144964,167.75234534471574,167.8079360787113
2024-06-02 10:10:00,0.11153088,0.0342575949890831,1.61452962,167.75990874106859,167.81604950188523
2024-06-02 10:10:05,0.111536008,0.0342568260374163,1.61449338,167.76763592889097,167.82446424960148
2024-06-02 10:10:09,0.111537818,0.0342564415615829,1.61447526,167.77046197394947,167.8278403636524
2024-06-02 10:10:13,0.111539327,0.0342571464339442,1.61450848,167.76904517285786,167.82697365027386
2024-06-02 10:10:17,0.11155441,0.034257466830472,1.61452358,167.78397565914787,167.84245424298382
2024-06-02 10:10:21,0.111559538,0.0342565056408885,1.61447828,167.79253122005215,167.85155992900135
2024-06-02 10:10:26,0.111564063,0.0342578513063054,1.6145417,167.7920008961801,167.85171728778738
2024-06-02 10:10:30,0.111566476,0.0342567619581108,1.61449036,167.7980231689402,167.85828972767047
2024-06-02 10:10:34,0.111575526,0.0342572105132497,1.6145115,167.80584108141386,167.8666578259159
2024-06-02 10:10:39,0.111577336,0.0342568260374163,1.61449338,167.80852989976788,167.87003440268853
2024-06-02 10:10:43,0.111583369,0.0342565056408885,1.61447828,167.81578271854443,167.87783744914643
2024-06-02 10:10:47,0.111582766,0.0342564415615829,1.61447526,167.8147977195433,167.8774026964308
2024-06-02 10:10:51,0.111596039,0.0342569541960275,1.61449942,167.82704169372875,167.8901969354923
2024-06-02 10:10:55,0.111599357,0.0342569541960275,1.61449942,167.8301499923835,167.89385551759983
2024-06-02 10:11:00,0.11160358,0.034257466830472,1.61452358,167.83227710908653,167.89667051472156
2024-06-02 10:11:04,0.111612027,0.0342589404423169,1.61459303,167.83574712011173,167.90069085094717
2024-06-02 10:11:08,0.111613535,0.0342581074113445,1.61455377,167.83985195170337,167.90534602627136
2024-06-02 10:11:12,0.111614741,0.0342562495358494,1.61446621,167.84730592267454,167.91335035949348
2024-06-02 10:11:16,0.11161806,0.0342568260374163,1.61449338,167.8483440614644,167.91493887903903
2024-06-02 10:11:21,0.111622585,0.0342561854565438,1.61446319,167.85494718822582,167.9222300077463
2024-06-02 10:11:25,0.111623188,0.0342551601876547,1.61441487,167.8587456501736,167.92657889203502
2024-06-02 10:11:29,0.111631031,0.0342550320290436,1.61440883,167.86730433440098,167.9356880170634
2024-06-02 10:11:33,0.111637969,0.0342550961083491,1.61441185,167.87417424264333,167.943108384553
2024-06-02 10:11:37,0.111641891,0.034255416504877,1.61442695,167.87679715409215,167.9462817736816
2024-06-02 10:11:42,0.111644002,0.0342555446634881,1.61443299,167.8779762546154,167.94814899720427
2024-06-02 10:11:46,0.111649734,0.0342552883462658,1.61442091,167.8846676858068,167.9553909474982
2024-06-02 10:11:50,0.111650036,0.034254391448171,1.61437864,167.88767383654042,167.95894763572215
2024-06-02 10:11:54,0.111655164,0.0342552883462658,1.61442091,167.88955435181026,167.9613787068563
2024-06-02 10:11:59,0.111657275,0.0342548397911269,1.61439977,167.89280626752384,167.96531884321763
2024-06-02 10:12:03,0.111660292,0.0342552242669603,1.61441789,167.8942006044792,167.9672637773284
2024-06-02 10:12:07,0.111666929,0.0342541351309488,1.61436656,167.90488398835873,167.9784977766925
2024-06-02 10:12:11,0.11167628,0.0342545196067822,1.61438468,167.9132629540395,167.98742737617331
2024-06-02 10:12:16,0.111672358,0.0342551601876547,1.61441487,167.9059468165967,167.98079955671545
2024-06-02 10:12:20,0.111676582,0.0342531098620597,1.61431824,167.91742545894846,167.9928288740264
2024-06-02 10:12:24,0.11168171,0.0342550320290436,1.61440883,167.91561886343104,167.99157297173866
2024-06-02 10:12:28,0.111685028,0.0342536865758098,1.61434542,167.9235645322738,168.0000693520679
2024-06-02 10:12:33,0.111686536,0.0342534302585875,1.61433334,167.9254607505163,168.002653985321
2024-06-02 10:12:37,0.111691061,0.0342534943378931,1.61433636,167.92966968673562,168.00741367405396
2024-06-02 10:12:41,0.111698301,0.034252789677715,1.61430315,167.93963716181213,168.01793191985593
2024-06-02 10:12:45,0.111700413,0.0342538147344209,1.61435146,167.93772917901993,168.01657472598723
2024-06-02 10:12:50,0.111702524,0.0342534943378931,1.61433636,167.94052083654978,168.02005489524134
2024-06-02 10:12:54,0.111702826,0.034253366179282,1.61433032,167.94076393999498,168.02084882850505
2024-06-02 10:12:58,0.111706446,0.0342538788137265,1.61435448,167.94236157945681,168.02299731593837
2024-06-02 10:13:02,0.111713686,0.0342534302585875,1.61433334,167.95140804375038,168.03259464634272
2024-06-02 10:13:07,0.111718512,0.0342527255984094,1.61430013,167.95857603708836,168.0404512478063
2024-06-02 10:13:11,0.111714892,0.0342525333604927,1.61429107,167.95472440537813,168.03715052296943
2024-06-02 10:13:15,0.111722434,0.0342519566467426,1.61426389,167.96456543896622,168.04754248152514
2024-06-02 10:13:19,0.111726959,0.0342534943378931,1.61433636,167.963473454144,168.0470014397509
2024-06-02 10:13:24,0.111730579,0.0342525974397983,1.61429409,167.9700032211458,168.054219910967
2024-06-02 10:13:28,0.111732992,0.034253366179282,1.61433032,167.96934791621027,168.0541155897095
2024-06-02 10:13:32,0.111732087,0.0342520848053538,1.61426993,167.97240847611846,168.0577271513311
2024-06-02 10:13:36,0.111738422,0.0342536865758098,1.61434542,167.9730814855648,168.0589511805122
2024-06-02 10:13:41,0.11174355,0.034252789677715,1.61430315,167.98127450014977,168.0678329950872
2024-06-02 10:13:45,0.111746868,0.034252789677715,1.61430315,167.98438258424076,168.07149213941045
2024-06-02 10:13:49,0.111751996,0.0342532380206708,1.61432428,167.98787362595542,168.07553425933366
2024-06-02 10:13:53,0.11175441,0.0342529817034486,1.6143122,167.99090692826024,168.07911865780954
2024-06-02 10:13:57,0.111759236,0.0342531739413653,1.61432126,167.994986268204,168.08374911187286
2024-06-02 10:14:02,0.111763158,0.0342514440122981,1.61423973,168.0048476475561,168.09429940909334
2024-06-02 10:14:06,0.11176346,0.0342524052018816,1.61428503,168.0011706564232,168.09117357241337
2024-06-02 10:14:10,0.111766174,0.0342518284881315,1.61425785,168.00568792823418,168.09624201658067
2024-06-02 10:14:14,0.111769794,0.034252341122576,1.61428201,168.00728421074754,168.09838948933975
2024-06-02 10:14:18,0.111772208,0.0342520848053538,1.61426993,168.0103176818394,168.1019741685529
2024-06-02 10:14:23,0.111776733,0.034253366179282,1.61433032,168.0100075604093,168.10235308239075
2024-06-02 10:14:27,0.111777336,0.0342518284881315,1.61425785,168.0156552953999,168.10855206567172
2024-06-02 10:14:31,0.111784576,0.0342520207260482,1.61426691,168.02239679078937,168.11584482718186
2024-06-02 10:14:35,0.111788799,0.0342522770432705,1.61427899,168.0255802639724,168.11957958430193
2024-06-02 10:14:39,0.111793324,0.034253366179282,1.61433032,168.02609912368405,168.1206497457531
2024-06-02 10:14:44,0.111794832,0.0342527255984094,1.61430013,168.02937868833396,168.1246184625908
2024-06-02 10:14:48,0.111797849,0.0342526615191039,1.61429711,168.03238523195375,168.12817634795465
2024-06-02 10:14:52,0.111797849,0.0342517644088259,1.61425483,168.03506314425638,168.13140561975845
2024-06-02 10:14:56,0.111802977,0.0342531739413653,1.61432126,168.03509326041362,168.13198711316005
2024-06-02 10:15:00,0.111804787,0.0342515080916037,1.61424275,168.04253473906283,168.13997998678292
2024-06-02 10:15:05,0.1118072,0.0342531739413653,1.61432126,168.03850977498263,168.1366442913302
2024-06-02 10:15:09,0.111810518,0.0342525333604927,1.61429107,168.04392350678268,168.14260945794362
2024-06-02 10:15:13,0.111815043,0.0342515721709092,1.61424577,168.0518228823079,168.1510602859661
2024-06-02 10:15:17,0.111818663,0.0342527255984094,1.61430013,168.05111107022537,168.15089994405076
2024-06-02 10:15:22,0.111818362,0.034252341122576,1.61428201,168.0514739668312,168.1519522031926
2024-06-02 10:15:26,0.111820473,0.0342517644088259,1.61425483,168.0553269865791,168.15635673281395
2024-06-02 10:15:30,0.11182349,0.0342525333604927,1.61429107,168.0553341940512,168.15691546778388
2024-06-02 10:15:34,0.111826808,0.0342515080916037,1.61424275,168.0621335028091,168.1642663216502
2024-06-02 10:15:38,0.1118253,0.0342509315900367,1.61421558,168.0619946475164,168.16467902906243
2024-06-02 10:15:43,0.11183254,0.03425073935212,1.61420652,168.0699823832149,168.17335624286585
2024-06-02 10:15:47,0.111835858,0.0342509315900367,1.61421558,168.07239791978137,168.1763233816783
2024-06-02 10:15:51,0.11183435,0.0342509956693422,1.6142186,168.06995237988485,168.17442946157882
2024-06-02 10:15:55,0.111835556,0.0342511236157703,1.61422463,168.0702700791455,168.17529879817351
2024-06-02 10:16:00,0.111841589,0.0342505471142033,1.61419746,168.07831042099778,168.18402871133355
2024-06-02 10:16:04,0.111846416,0.0342522129639649,1.61427597,168.07708307213124,168.1833530392082
2024-06-02 10:16:08,0.111847321,0.0342512517743814,1.61423067,168.08099104951307,168.1878127108228
2024-06-02 10:16:12,0.111849432,0.0342506111935089,1.61420048,168.08507463882606,168.192448011846
2024-06-02 10:16:16,0.111850941,0.0342518925674371,1.61426087,168.08157222382476,168.18949732601843
2024-06-02 10:16:21,0.111852147,0.0342508675107311,1.61421256,168.0859044242492,168.19451921244666
2024-06-02 10:16:25,0.111854561,0.0342500344797587,1.6141733,168.09101551130397,168.20018206791673
2024-06-02 10:16:29,0.111857276,0.034250290796981,1.61418538,168.09253491970472,168.20225326215066
2024-06-02 10:16:33,0.111862102,0.0342504830348977,1.61419444,168.09661335475477,168.20688350043773
2024-06-02 10:16:38,0.111861499,0.0342502267176754,1.61418236,168.09618180662687,168.20714173080893
2024-06-02 10:16:42,0.111858784,0.0342489453437472,1.61412197,168.09725129974422,168.20876306627065
2024-06-02 10:16:46,0.111863007,0.0342509315900367,1.61421558,168.09420226923626,168.20626589546532
2024-06-02 10:16:50,0.111862706,0.0342499063211476,1.61416726,168.09701160203292,168.2096271053087
2024-06-02 10:16:55,0.111873565,0.0342492657402751,1.61413707,168.11060632135192,168.223911695305
2024-06-02 10:16:59,0.111875074,0.0342502267176754,1.61418236,168.1082566523963,168.2221139423691
2024-06-02 10:17:03,0.11187628,0.0342505471142033,1.61419746,168.10788058498173,168.22228980827282
2024-06-02 10:17:07,0.111880805,0.034249842241842,1.61416424,168.11485883263356,168.22982000652726
2024-06-02 10:17:11,0.111884425,0.034251315853687,1.61423369,168.11299033131357,168.22850347308025
2024-06-02 10:17:15,0.111882615,0.0342500344797587,1.6141733,168.11505858232078,168.23112370921672
2024-06-02 10:17:20,0.111876884,0.0342500985590643,1.61417632,168.1078168180555,168.22457195060818
2024-06-02 10:17:24,0.111884425,0.0342505471142033,1.61419746,168.1139658947174,168.23127305117447
2024-06-02 10:17:28,0.111882615,0.0342493296073975,1.61414008,168.1158041365046,168.23366333407654
2024-06-02 10:17:32,0.111895285,0.0342508034314255,1.61420954,168.12391590153004,168.24232715741329
2024-06-02 10:17:36,0.111894078,0.0342502267176754,1.61418236,168.1241106042511,168.243073935628
2024-06-02 10:17:41,0.111892268,0.0342506752728144,1.6142035,168.1198079990938,168.23946144897894
2024-06-02 10:17:45,0.111891966,0.0342493296073975,1.61414008,168.12377149513702,168.24397705912446
2024-06-02 10:17:49,0.111893475,0.0342496500039253,1.61415518,168.12372922189147,168.24448691711774
2024-06-02 10:17:53,0.11189076,0.0342495218453142,1.61414914,168.12064436697776,168.24195421056527
2024-06-02 10:17:57,0.111894078,0.0342493296073975,1.61414008,168.12444448941093,168.246306498468
2024-06-02 10:18:02,0.111895586,0.0342494577660086,1.61414612,168.12495570223973,168.24750794217064
2024-06-02 10:18:06,0.111895586,0.034249842241842,1.61416424,168.12301808521508,168.2461225290576
2024-06-02 10:18:10,0.111904033,0.0342502267176754,1.61418236,168.1303969251933,168.2540535900098
2024-06-02 10:18:14,0.111905239,0.0342501626383699,1.61417934,168.13140574244093,168.25561464527965
2024-06-02 10:18:18,0.111905239,0.0342510597486478,1.61422162,168.1276207333897,168.2523818912848
2024-06-02 10:18:23,0.111905843,0.034251315853687,1.61423369,168.1266736933945,168.2521251940429
2024-06-02 10:18:27,0.111904636,0.0342517003295204,1.61425181,168.12340481958324,168.24940861356313
2024-06-02 10:18:31,0.111907653,0.034250290796981,1.61418538,168.13125918680757,168.25781529110725
2024-06-02 10:18:35,0.111901921,0.0342509315900367,1.61421558,168.12207581748922,168.2491842490827
2024-06-02 10:18:40,0.111907653,0.0342499704004532,1.61417028,168.1311710388542,168.25896990341323
2024-06-02 10:18:44,0.111908859,0.0342491375816639,1.61413103,168.13495018278053,168.2633014127733
2024-06-02 10:18:48,0.111910971,0.0342497781625365,1.61416122,168.13441865243854,168.26332226479315
2024-06-02 10:18:52,0.111908558,0.0342499063211476,1.61416726,168.13074298163139,168.26019899326167
2024-06-02 10:18:56,0.111907954,0.0342499063211476,1.61416726,168.12952438696286,168.25953281476865
2024-06-02 10:19:00,0.111912479,0.0342503548762866,1.6141884,168.13234625093907,168.26290711180593
2024-06-02 10:19:05,0.111913384,0.0342503548762866,1.6141884,168.13265383761168,168.26390526352867
2024-06-02 10:19:09,0.111914893,0.0342493296073975,1.61414008,168.13746074873615,168.26926464565497
2024-06-02 10:19:13,0.111915496,0.0342499704004532,1.61417028,168.13526389637758,168.26762028113774
2024-06-02 10:19:17,0.111923339,0.0342499063211476,1.61416726,168.14359272685738,168.27650161628424
2024-06-02 10:19:21,0.111926959,0.0342495218453142,1.61414914,168.14841867206093,168.28188008296564
2024-06-02 10:19:26,0.111933897,0.0342499063211476,1.61416726,168.153994418207,168.28814650457815
2024-06-02 10:19:30,0.111937819,0.0342489453437472,1.61412197,168.1612317557307,168.29593640135298
2024-06-02 10:19:34,0.111943852,0.0342488171851361,1.61411593,168.16779548329592,168.30305270493432
2024-06-02 10:19:38,0.111946265,0.0342481763920804,1.61408573,168.17221466204015,168.30802447644555
2024-06-02 10:19:42,0.111951092,0.0342497140832309,1.6141582,168.1714423237669,168.30780474767596
2024-06-02 10:19:47,0.111949282,0.0342479841541637,1.61407667,168.1749921592444,168.31204536854727
2024-06-02 10:19:51,0.111951393,0.0342483045506916,1.61409177,168.17561277055734,168.31321862696936
2024-06-02 10:19:55,0.11195441,0.0342481123127749,1.61408271,168.17908101296823,168.31723953317987
2024-06-02 10:19:59,0.111952902,0.0342481763920804,1.61408573,168.17663394716783,168.31534514785534
2024-06-02 10:20:03,0.11195079,0.034247791916247,1.61406761,168.1751379485429,168.3144018463683
2024-06-02 10:20:08,0.111946868,0.0342472154146801,1.61404044,168.17219960451538,168.31215439717243
2024-06-02 10:20:12,0.111950488,0.0342472794939856,1.61404346,168.17540882332347,168.315916350556
2024-06-02 10:20:16,0.11195441,0.0342481763920804,1.61408573,168.1759482071573,168.31700848558108
2024-06-02 10:20:20,0.11195984,0.0342492657402751,1.61413707,168.17745691138782,168.31906995760443
2024-06-02 10:20:25,0.111959237,0.0342499704004532,1.61417028,168.17356018556976,168.3158642148516
2024-06-02 10:20:29,0.111960142,0.0342492016609695,1.61413405,168.17677726611223,168.31963410048832
2024-06-02 10:20:33,0.111958332,0.0342495218453142,1.61414914,168.17307362644692,168.31648328247255
2024-06-02 10:20:37,0.111955013,0.0342488171851361,1.61411593,168.17140066497316,168.3153631591893
2024-06-02 10:20:41,0.111958633,0.0342472794939856,1.61404346,168.1803852460393,168.32490059497272
2024-06-02 10:20:46,0.11196165,0.0342471513353745,1.61403742,168.18348417018606,168.32869061073518
2024-06-02 10:20:50,0.111971906,0.0342478559955526,1.61407063,168.1917028276089,168.33746216000853
2024-06-02 10:20:54,0.111973716,0.0342488812644417,1.61411895,168.18944903378497,168.33576127451545
2024-06-02 10:20:58,0.111977638,0.0342484967886083,1.61410083,168.19460855076602,168.34147371629354
2024-06-02 10:21:02,0.111986688,0.0342492016609695,1.61413405,168.20149559680527,168.34891370358173
2024-06-02 10:21:07,0.111989704,0.0342484967886083,1.61410083,168.20667323161362,168.35478253806497
2024-06-02 10:21:11,0.111989101,0.0342476637576359,1.61406157,168.2084597246944,168.35712200935924
2024-06-02 10:21:15,0.111990307,0.0342475996783303,1.61405855,168.20946812011857,168.35868339940248
2024-06-02 10:21:19,0.111995134,0.0342479841541637,1.61407667,168.21285263695592,168.36262092725002
2024-06-02 10:21:23,0.111996944,0.0342478559955526,1.61407063,168.2147583638309,168.3650796815122
2024-06-02 10:21:27,0.111996039,0.0342465746216244,1.61401024,168.21782927229202,168.3687036337231
2024-06-02 10:21:32,0.111994229,0.0342468309388466,1.61402232,168.21421678434012,168.36578247344667
2024-06-02 10:21:36,0.111996944,0.0342468950181522,1.61402534,168.21642736073483,168.36854613035482
2024-06-02 10:21:40,0.111993626,0.0342469590974578,1.61402836,168.21198316652348,168.36465503297313
2024-06-02 10:21:44,0.111994832,0.0342465746216244,1.61401024,168.21414724918242,168.3673722287636
2024-06-02 10:21:49,0.111995737,0.0342467027802355,1.61401628,168.21399180267662,168.3679081965749
2024-06-02 10:21:53,0.111999659,0.0342465746216244,1.61401024,168.21822720187544,168.37269674553212
2024-06-02 10:21:57,0.112005692,0.0342460619871798,1.61398608,168.22617829406295,168.3812010037334
2024-06-02 10:22:01,0.1120072,0.0342464464630133,1.6140042,168.22590146208248,168.3814773540077
2024-06-02 10:22:06,0.112006295,0.0342467668595411,1.6140193,168.22305579328705,168.3793231858479
2024-06-02 10:22:10,0.112000262,0.0342459979078743,1.61398306,168.21862180768233,168.37544241898794
2024-06-02 10:22:14,0.112004485,0.03424663870093,1.61401326,168.22041513942767,168.37778898567254
2024-06-02 10:22:18,0.112008105,0.0342465746216244,1.61401024,168.22408617367583,168.38201327104008
2024-06-02 10:22:22,0.112010519,0.0342461260664854,1.6139891,168.22781404262204,168.38629440727152
2024-06-02 10:22:26,0.112014139,0.0342459338285687,1.61398004,168.2319475271088,168.39098117519495
2024-06-02 10:22:31,0.112017758,0.0342458697492632,1.61397702,168.23547919402887,168.39520446910203
2024-06-02 10:22:35,0.112017155,0.0342452291683906,1.61394683,168.2365720839002,168.3968506786984
2024-06-02 10:22:39,0.112014742,0.0342457418028351,1.61397099,168.23150725770736,168.39233918833546
2024-06-02 10:22:43,0.112015345,0.0342443961374182,1.61390757,168.23647462437174,168.39785990692025
2024-06-02 10:22:47,0.112014742,0.0342457418028351,1.61397099,168.23040053779042,168.39233918833546
2024-06-02 10:22:51,0.11201806,0.0342442679788071,1.61390153,168.23882537187208,168.4013174064754
2024-06-02 10:22:55,0.112022887,0.0342450369304739,1.61393777,168.24082201254632,168.40386744725538
2024-06-02 10:23:00,0.112029523,0.0342450369304739,1.61393777,168.2474505970345,168.41118780442054
2024-06-02 10:23:04,0.112034651,0.0342462542250966,1.61399514,168.24816100427412,168.4124516478201
2024-06-02 10:23:08,0.112034048,0.0342463183044021,1.61399816,168.24671114883367,168.41155524454027
2024-06-02 10:23:12,0.112032841,0.0342459979078743,1.61398306,168.245982455062,168.41138001891554
2024-06-02 10:23:17,0.112028618,0.0342460619871798,1.61398608,168.2404009857366,168.40649040723272
2024-06-02 10:23:21,0.112031635,0.0342456777235296,1.61396797,168.24456220185098,168.41120512741077
2024-06-02 10:23:25,0.112035858,0.0342458697492632,1.61397702,168.24797411554263,168.4151705611056
2024-06-02 10:23:29,0.112039478,0.0342452291683906,1.61394683,168.25372565916967,168.42147564066113
2024-06-02 10:23:33,0.112045209,0.0342464464630133,1.6140042,168.25510073673684,168.42340427006758
2024-06-02 10:23:38,0.112048528,0.0342453573270017,1.61395287,168.26200082908184,168.43099632456432
2024-06-02 10:23:42,0.112054259,0.0342454214063073,1.61395589,168.2675379141129,168.4370869971813
2024-06-02 10:23:46,0.112057578,0.0342458697492632,1.61397702,168.26902723127517,168.43912991779354
2024-06-02 10:23:50,0.112062706,0.0342468950181522,1.61402534,168.27042953677082,168.44108584258876
2024-06-02 10:23:54,0.112065722,0.0342462542250966,1.61399514,168.27551577749168,168.44672571844436
2024-06-02 10:23:59,0.112067532,0.0342454854856129,1.61395891,168.27959533405942,168.4514973411769
2024-06-02 10:24:03,0.112069342,0.0342457418028351,1.61397099,168.2801130166432,168.45256869447192
2024-06-02 10:24:07,0.11207266,0.0342461260664854,1.6139891,168.2818322663458,168.45484163067408
2024-06-02 10:24:11,0.112074169,0.0342452932476962,1.61394985,168.2859497105265,168.45951277712828
2024-06-02 10:24:15,0.112076582,0.0342447806132516,1.61392569,168.28990862011034,168.46402540474514
2024-06-02 10:24:20,0.11207628,0.034246190145791,1.61399212,168.2837945731897,168.45860352750557
2024-06-02 10:24:24,0.11207809,0.0342474717319023,1.61405252,168.28061090681766,168.45597361457263
2024-06-02 10:24:28,0.112082615,0.0342456777235296,1.61396797,168.29152520210707,168.4674416790137
2024-06-02 10:24:32,0.112086838,0.0342468309388466,1.61402232,168.29146630675848,168.46793656851492
2024-06-02 10:24:36,0.112090458,0.0342469590974578,1.61402836,168.2944429507297,168.47146701301966
2024-06-02 10:24:41,0.112091062,0.0342470872560689,1.6140344,168.29395423459275,168.47167056958284
2024-06-02 10:24:45,0.112090458,0.0342452291683906,1.61394683,168.29944284074412,168.47771301150317
2024-06-02 10:24:49,0.112091363,0.0342461260664854,1.6139891,168.29664892063758,168.4754729428024
2024-06-02 10:24:53,0.112095888,0.0342463823837077,1.61400118,168.30016110626934,168.47953899546218
2024-06-02 10:24:58,0.112094682,0.0342460619871798,1.61398608,168.29929526297445,168.4793655078991
2024-06-02 10:25:02,0.112100715,0.0342458058821407,1.61397401,168.30632115996312,168.48694530701306
2024-06-02 10:25:06,0.112104335,0.0342462542250966,1.61399514,168.30814153602782,168.4893196007783
2024-06-02 10:25:10,0.11210162,0.0342463183044021,1.61399816,168.3043613106149,168.48609330862678
2024-06-02 10:25:15,0.112102223,0.0342456777235296,1.61396797,168.30664714495566,168.48907158140454
2024-06-02 10:25:19,0.112104335,0.0342453573270017,1.61395287,168.30957994857417,168.49255835324328
2024-06-02 10:25:23,0.11210886,0.034245165089085,1.61394381,168.31471184500379,168.49824423340692
2024-06-02 10:25:27,0.11210886,0.0342449087718628,1.61393173,168.31508350145657,168.49916988909297
2024-06-02 10:25:31,0.112107955,0.0342449087718628,1.61393173,168.31353114416345,168.49817154651788
2024-06-02 10:25:36,0.112115496,0.0342452291683906,1.61394683,168.32000029703318,168.50533323953857
2024-06-02 10:25:40,0.112117608,0.0342457418028351,1.61397099,168.31992465597068,168.50581164798186
2024-06-02 10:25:44,0.112113988,0.0342445883753349,1.61391663,168.31954292919553,168.50598398615028
2024-06-02 10:25:48,0.112114893,0.0342445242960294,1.61391361,168.3202186435124,168.5072137808338
2024-06-02 10:25:53,0.112119719,0.0342445242960294,1.61391361,168.32484988231127,168.5125376417578
2024-06-02 10:25:57,0.112123038,0.0342458058821407,1.61397401,168.32332829637795,168.51157017084034
2024-06-02 10:26:01,0.112120624,0.034244139820196,1.61389549,168.3261286962927,168.5149247011469
2024-06-02 10:26:05,0.112120323,0.0342440759530735,1.61389248,168.32547318058647,168.5148233311941
2024-06-02 10:26:09,0.112122133,0.0342436273979346,1.61387134,168.32853598369292,168.51844029540092
2024-06-02 10:26:13,0.112128166,0.0342460619871798,1.61398608,168.3258434792404,168.5163019673813
2024-06-02 10:26:18,0.112131182,0.0342449728511683,1.61393475,168.33241169986943,168.52356293009063
2024-06-02 10:26:22,0.112132389,0.0342444602167238,1.61391059,168.33504073783382,168.5267461789329
2024-06-02 10:26:26,0.112133897,0.0342433710807123,1.61385926,168.34008452153768,168.53234418879995
2024-06-02 10:26:31,0.112135707,0.0342459338285687,1.61398004,168.3321309852131,168.5250834566521
2024-06-02 10:26:35,0.112136914,0.034245613644224,1.61396495,168.3340647389473,168.52757147088823
2024-06-02 10:26:39,0.112138121,0.0342452932476962,1.61394985,168.33599929043393,168.53006029811482
2024-06-02 10:26:43,0.112142042,0.0342444602167238,1.61391059,168.34277972522509,168.53739502386946
2024-06-02 10:26:47,0.11214355,0.0342449087718628,1.61393173,168.3422685457165,168.53743815053335
2024-06-02 10:26:51,0.112140534,0.0342448446925572,1.61392871,168.33861860774869,168.53434253393235
2024-06-02 10:26:55,0.112151695,0.0342462542250966,1.61399514,168.34528437616126,168.5415626388916
2024-06-02 10:26:59,0.112149885,0.0342458058821407,1.61397401,168.34435304445134,168.5411856588937
2024-06-02 10:27:04,0.112148679,0.034245165089085,1.61394381,168.3446446387875,168.5421702141739
2024-06-02 10:27:08,0.11214898,0.0342454214063073,1.61395589,168.3434963180869,168.541576279254
2024-06-02 10:27:12,0.112155014,0.0342446524546405,1.61391965,168.35237636451066,168.55101072657646
2024-06-02 10:27:16,0.112155014,0.0342455495649184,1.61396193,168.34858079772673,168.54776957579463
2024-06-02 10:27:20,0.112158633,0.0342442679788071,1.61390153,168.35664904785463,168.55639225701356
2024-06-02 10:27:25,0.11215622,0.0342442038995015,1.61389851,168.35352554221708,168.5539618114362
2024-06-02 10:27:29,0.112155617,0.0342445242960294,1.61391361,168.35114824251812,168.55213897672482
2024-06-02 10:27:33,0.112158633,0.0342440759530735,1.61389248,168.3555408723717,168.55708608660746
2024-06-02 10:27:37,0.112160142,0.0342437555565457,1.61387738,168.357808777644,168.55990848693574
2024-06-02 10:27:41,0.112161952,0.0342443320581127,1.61390455,168.35716795277273,168.55982217213273
2024-06-02 10:27:45,0.112162857,0.0342446524546405,1.61391965,168.35645412079722,168.55966286522323
2024-06-02 10:27:50,0.112166175,0.0342443320581127,1.61390455,168.36057896806207,168.5644808898889
2024-06-02 10:27:54,0.112167382,0.0342460619871798,1.61398608,168.3551052313003,168.55956171188467
2024-06-02 10:27:58,0.112171303,0.0342445883753349,1.61391663,168.36420071144434,168.5692117657365
2024-06-02 10:28:02,0.112170096,0.0342446524546405,1.61391965,168.3620830480767,168.56764869101232
2024-06-02 10:28:06,0.112171303,0.0342443320581127,1.61390455,168.36401773660526,168.5701379831055
2024-06-02 10:28:11,0.1121707,0.0342444602167238,1.61391059,168.3621961373464,168.5690096592629
2024-06-02 10:28:15,0.112173113,0.0342432429221012,1.61385322,168.36870245025287,168.57607060925295
2024-06-02 10:28:19,0.112171605,0.0342433070014067,1.61385624,168.36625258301328,168.57417539397056
2024-06-02 10:28:23,0.112175526,0.0342434351600179,1.61386228,168.3695604483107,168.57803792608422
2024-06-02 10:28:27,0.112174621,0.0342429225255733,1.61383812,168.36985999321539,168.57889215264947
2024-06-02 10:28:32,0.11217432,0.0342426021290455,1.61382302,168.36999246792084,168.57971800028324
2024-06-02 10:28:36,0.112177336,0.0342428584462678,1.6138351,168.37183874297622,168.58211899034552
2024-06-02 10:28:40,0.112183068,0.034244139820196,1.61389549,168.37297663190392,168.58381160907703
2024-06-02 10:28:44,0.112180051,0.0342423460240064,1.61381095,168.37557653723164,168.58696625899069
2024-06-02 10:28:48,0.112181258,0.0342436914772401,1.61387436,168.37149067480922,168.5834351559218
2024-06-02 10:28:53,0.112182766,0.0342440759530735,1.61389248,168.371071312552,168.5837092636011
2024-06-02 10:28:57,0.112186386,0.0342430506841845,1.61384416,168.37821561348412,168.59140835706023
2024-06-02 10:29:01,0.112190006,0.034244011873768,1.61388946,168.37818037477618,168.59192792559935
2024-06-02 10:29:06,0.112192118,0.0342442038995015,1.61389851,168.37912273795695,168.59356381851654
2024-06-02 10:29:10,0.112193324,0.0342438837151568,1.61388342,168.38105559470932,168.5960515155823
2024-06-02 10:29:14,0.112190911,0.034243563318629,1.61386832,168.378996761955,168.5945475378138
2024-06-02 10:29:18,0.112190911,0.0342418974688674,1.61378981,168.38446320362155,168.60056884912385
2024-06-02 10:29:22,0.112192721,0.0342426662083511,1.61382604,168.3831264383444,168.59978696813323
2024-06-02 10:29:27,0.112193324,0.0342426021290455,1.61382302,168.38332969070154,168.60068384641806
2024-06-02 10:29:31,0.112198754,0.0342432429221012,1.61385322,168.3864490403916,168.604358113288
2024-06-02 10:29:35,0.112199961,0.0342430506841845,1.61384416,168.38792059609784,168.60638460076945
2024-06-02 10:29:39,0.112205692,0.0342434351600179,1.61386228,168.39229838438095,168.61131733540847
2024-06-02 10:29:43,0.112204486,0.0342447806132516,1.61392569,168.38554949411446,168.60512340606397
2024-06-02 10:29:48,0.112202072,0.0342423460240064,1.61381095,168.390993192512,168.61126082607515
2024-06-02 10:29:52,0.112204184,0.03424311476349,1.61384718,168.38998926044908,168.61081188765417
2024-06-02 10:29:56,0.112208106,0.034243563318629,1.61386832,168.39213957089186,168.6135172062572
2024-06-02 10:30:00,0.112203882,0.034244011873768,1.61388946,168.38530315724327,168.60723581527247
2024-06-02 10:30:04,0.112211725,0.034243563318629,1.61386832,168.39502203151724,168.61750972669938
2024-06-02 10:30:09,0.112211122,0.0342436914772401,1.61387436,168.39319967917243,168.61638119114835
2024-06-02 10:30:13,0.112217457,0.0342432429221012,1.61385322,168.40125507913947,168.62499166081471
2024-06-02 10:30:17,0.11221444,0.0342440759530735,1.61389248,168.39436004725002,168.61865171306576
2024-06-02 10:30:22,0.11221987,0.0342431788427956,1.6138502,168.40289986584517,168.62788540712208
2024-06-02 10:30:26,0.112215345,0.0342427943669622,1.61383208,168.39874266601632,168.62428332387265
2024-06-02 10:30:30,0.112218362,0.0342438196358513,1.6138804,168.3978092939624,168.62390508279162
2024-06-02 10:30:34,0.112218965,0.0342431788427956,1.6138502,168.4002360558181,168.6268869899989
2024-06-02 10:30:38,0.112221077,0.0342427302876566,1.61382906,168.40363265909576,168.63083875299205
2024-06-02 10:30:43,0.112226507,0.0342436273979346,1.61387134,168.40568564543503,168.6335857091527
2024-06-02 10:30:47,0.112227713,0.0342445242960294,1.61391361,168.4032182005435,168.63167345624186
2024-06-02 10:30:51,0.112228317,0.0342434351600179,1.61386228,168.4072671146607,168.63627757665586
2024-06-02 10:30:56,0.11222892,0.0342433710807123,1.61385926,168.407470014825,168.6371745048009
2024-06-02 10:31:00,0.112227713,0.0342433070014067,1.61385624,168.40581488109953,168.63607460952971
2024-06-02 10:31:04,0.112232238,0.0342423460240064,1.61381095,168.41372648962266,168.64454147077544
2024-06-02 10:31:08,0.112229825,0.0342426021290455,1.61382302,168.40958303164874,168.64095327977768
2024-06-02 10:31:13,0.11223254,0.0342437555565457,1.61387738,168.40771363046971,168.63977798234043
2024-06-02 10:31:17,0.112235557,0.0342418333895618,1.61378679,168.41743727510786,168.65005692597128
2024-06-02 10:31:21,0.11223435,0.0342424098911288,1.61381396,168.41346562381068,168.64664058787247
2024-06-02 10:31:25,0.112231937,0.0342410003585894,1.61374753,168.4153452019185,168.6490754933696
2024-06-02 10:31:30,0.112231032,0.0342415770723395,1.61377471,168.4115670402755,168.64599151089658
2024-06-02 10:31:34,0.112233747,0.0342417693102562,1.61378377,168.41331190401212,168.64829173389802
2024-06-02 10:31:38,0.112235557,0.0342421537860897,1.61380189,168.4133631110801,168.6488983143738
2024-06-02 10:31:42,0.112235858,0.0342415770723395,1.61377471,168.41522533556505,168.65131592639477
2024-06-02 10:31:46,0.11223978,0.0342419615481729,1.61379283,168.41760659802375,168.65425259050284
2024-06-02 10:31:51,0.11223978,0.0342421537860897,1.61380189,168.41621713029937,168.65355739466472
2024-06-02 10:31:55,0.112243701,0.0342409362792839,1.61374451,168.42439079263437,168.6622864903503
2024-06-02 10:31:59,0.112244305,0.0342419615481729,1.61379283,168.42079374867026,168.65924489380228
2024-06-02 10:32:03,0.112242495,0.0342410003585894,1.61374753,168.421717546249,168.6607241528477
2024-06-02 10:32:07,0.112244305,0.0342424098911288,1.61381396,168.41806140216414,168.65762348426546
2024-06-02 10:32:12,0.112246416,0.0342414489137284,1.61376867,168.42317145697177,168.66342790316685
2024-06-02 10:32:16,0.112245813,0.0342419615481729,1.61379283,168.42009667392057,168.66090862714495
2024-06-02 10:32:20,0.11225064,0.034241512993034,1.61377169,168.42648895511348,168.66785642935503
2024-06-02 10:32:24,0.112247925,0.034240487936328,1.61372338,168.4266454406494,168.66856844988118
2024-06-02 10:32:29,0.112249735,0.0342409362792839,1.61374451,168.42632638200052,168.66894382959714
2024-06-02 10:32:33,0.112251846,0.0342402956984113,1.61371432,168.4304168876564,168.6735899016286
2024-06-02 10:32:37,0.112255164,0.0342413207551173,1.61376263,168.42981441764155,168.67354301191426
2024-06-02 10:32:41,0.112255164,0.0342414489137284,1.61376867,168.42879527779817,168.6730794662816
2024-06-02 10:32:45,0.112258784,0.0342418974688674,1.61378981,168.43061113741632,168.67545093400588
2024-06-02 10:32:50,0.112257578,0.0342415770723395,1.61377471,168.42974492505718,168.67527925129718
2024-06-02 10:32:54,0.112259388,0.0342416411516451,1.61377773,168.43095445098112,168.6770444165377
2024-06-02 10:32:58,0.112261499,0.0342418974688674,1.61378981,168.43180070287056,168.67844632159105
2024-06-02 10:33:02,0.112264516,0.0342419615481729,1.61379283,168.43434182730866,168.68154311302544
2024-06-02 10:33:06,0.112262103,0.0342408721999783,1.61374149,168.43506432655465,168.6828212930854
2024-06-02 10:33:10,0.112266628,0.0342402956984113,1.61371432,168.44158659245602,168.68989925360353
2024-06-02 10:33:15,0.112263913,0.0342413848344228,1.61376565,168.43395662432482,168.68296392313093
2024-06-02 10:33:19,0.112263913,0.0342411285172006,1.61375357,168.43432806916775,168.68389109359282
2024-06-02 10:33:23,0.112267834,0.0342414489137284,1.61376867,168.43693936099504,168.68705812479368
2024-06-02 10:33:27,0.112264516,0.0342399753018835,1.61369922,168.43805355923413,168.68872807614616
2024-06-02 10:33:31,0.112264516,0.0342401034604946,1.61370526,168.43703417171153,168.68826445546188
2024-06-02 10:33:36,0.112269644,0.0342411925965061,1.61375659,168.4380572787562,168.6899822903327
2024-06-02 10:33:40,0.112269041,0.0342402956984113,1.61371432,168.4400807678846,168.6925615771264
2024-06-02 10:33:44,0.112272661,0.0342402316191058,1.6137113,168.44375081761285,168.69678743819674
2024-06-02 10:33:48,0.112274471,0.0342408081206727,1.61373847,168.44310636292713,168.6966988085151
2024-06-02 10:33:53,0.112273867,0.0342410003585894,1.61374753,168.441049710262,168.69533695629443
2024-06-02 10:33:57,0.112270851,0.0342408721999783,1.61374149,168.43762991703844,168.69247301875993
2024-06-02 10:34:01,0.112272359,0.0342406799620616,1.61373243,168.4394332836929,168.69483225471703
2024-06-02 10:34:05,0.112280806,0.0342415770723395,1.61377471,168.44495148160092,168.70090633552658
2024-06-02 10:34:09,0.112274169,0.0342395267467445,1.61367808,168.44449067013468,168.70100142054582
2024-06-02 10:34:14,0.112274169,0.0342388220865664,1.61364487,168.4463452951673,168.703550935265
2024-06-02 10:34:18,0.112272962,0.0342379890555941,1.61360561,168.4474716597863,168.70523322687905
2024-06-02 10:34:22,0.112278996,0.0342393345088278,1.61366902,168.44870537687672,168.7070228845001
2024-06-02 10:34:26,0.112278694,0.0342395908260501,1.6136811,168.4468888094147,168.70576227108955
2024-06-02 10:34:30,0.112276582,0.0342383735314275,1.61362373,168.44840696212862,168.70783639136084
2024-06-02 10:34:35,0.112277186,0.0342379890555941,1.61360561,168.4497696160871,168.709894023736
2024-06-02 10:34:39,0.112279599,0.0342380531348996,1.61360863,168.45164427184758,168.7123246773877
2024-06-02 10:34:43,0.11228533,0.0342390781916056,1.61365694,168.45370264732594,168.71493906421486
2024-06-02 10:34:47,0.112283822,0.0342376686590662,1.61359051,168.45658320991546,168.71837565159586
2024-06-02 10:34:51,0.112286235,0.0342386939279553,1.61363883,168.45497960537858,168.71732808527827
2024-06-02 10:34:56,0.112285632,0.0342386298486497,1.61363581,168.45385107167735,168.7168946182113
2024-06-02 10:35:00,0.11228714,0.034239462667439,1.61367506,168.4519453388404,168.7155449537517
2024-06-02 10:35:04,0.112290459,0.0342405520156336,1.6137264,168.45110958614697,168.71526528281507
2024-06-02 10:35:09,0.112290157,0.0342386298486497,1.61363581,168.45703662987944,168.7218874475356
2024-06-02 10:35:13,0.112289855,0.0342398471432724,1.61369318,168.4517424305833,168.71714936004545
2024-06-02 10:35:17,0.112292269,0.034239462667439,1.61367506,168.4552410369927,168.7212040915918
2024-06-02 10:35:21,0.112297095,0.0342401034604946,1.61370526,168.45769088850582,168.72421008155794
2024-06-02 10:35:25,0.112294079,0.0342395908260501,1.6136811,168.45566206954368,168.72273741434998
2024-06-02 10:35:29,0.112292269,0.0342395908260501,1.6136811,168.45310882882544,168.72074033867227
2024-06-02 10:35:33,0.112293475,0.0342400393811891,1.61370224,168.45226017341625,168.72044786157488
2024-06-02 10:35:38,0.112289554,0.0342410003585894,1.61374753,168.4437616335231,168.71264456321168
2024-06-02 10:35:42,0.112289554,0.0342402956984113,1.61371432,168.4457550700142,168.71519420782062
2024-06-02 10:35:46,0.112291364,0.0342387580072609,1.61364185,168.45276010559488,168.722755464742
2024-06-02 10:35:50,0.112295587,0.0342392704295223,1.613666,168.45500910566574,168.72556069936155
2024-06-02 10:35:54,0.11229981,0.034240487936328,1.61372338,168.4547065190905,168.725814360528
2024-06-02 10:35:59,0.112297397,0.0342388220865664,1.61364487,168.45737711112278,168.72918028076742
2024-06-02 10:36:03,0.112294682,0.0342393345088278,1.61366902,168.45197082068245,168.72433026769855
2024-06-02 10:36:07,0.112293174,0.0342388859536889,1.61364788,168.4513738435558,168.72428958108787
2024-06-02 10:36:11,0.112290459,0.0342393345088278,1.61366902,168.44619871617752,168.71967075735512
2024-06-02 10:36:15,0.112285632,0.0342381812935108,1.61361467,168.44448940585534,168.71851776379307
2024-06-02 10:36:20,0.112292269,0.0342396549053557,1.61368412,168.4457846912067,168.72050846351436
2024-06-02 10:36:24,0.112293777,0.0342392704295223,1.613666,168.44828348647496,168.72356360499606
2024-06-02 10:36:28,0.112297095,0.0342395267467445,1.61367808,168.4504605464322,168.72629702423285
2024-06-02 10:36:32,0.112301922,0.034240615882756,1.61372941,168.45128874156117,168.7276815916925
2024-06-02 10:36:37,0.112297397,0.0342403597777169,1.61371734,168.44652744641965,168.7236157802947
2024-06-02 10:36:41,0.112296492,0.0342402316191058,1.6137113,168.4454362788944,168.72308101441044
2024-06-02 10:36:45,0.112293475,0.0342398471432724,1.61369318,168.44294233134133,168.72114348150092
2024-06-02 10:36:49,0.112292872,0.0342392704295223,1.613666,168.4438074800226,168.7225650578133
2024-06-02 10:36:54,0.112295587,0.0342403597777169,1.61371734,168.44216561889567,168.72161874946624
2024-06-02 10:36:58,0.11230162,0.0342408081206727,1.61373847,168.44664316142214,168.72665274879117
2024-06-02 10:37:02,0.112302525,0.0342399112225779,1.6136962,168.4503308351693,168.73089689227567
2024-06-02 10:37:06,0.11230705,0.0342412566758117,1.61375961,168.44989801695232,168.73102055672007
2024-06-02 10:37:10,0.11231067,0.0342401675398002,1.61370828,168.45727698334426,168.7389560186823
2024-06-02 10:37:14,0.112312178,0.0342402956984113,1.61371432,168.45792049275676,168.74015603655914
2024-06-02 10:37:19,0.11231791,0.0342402316191058,1.6137113,168.46378106906042,168.74671226655266
2024-06-02 10:37:23,0.112322435,0.0342399753018835,1.61369922,168.46914487236796,168.7526326072813
2024-06-02 10:37:27,0.112323038,0.0342401675398002,1.61370828,168.46855784064186,168.75260212582168
2024-06-02 10:37:31,0.112324848,0.0342393985881334,1.61367204,168.47278164124765,168.75738248952425
2024-06-02 10:37:35,0.112326658,0.0342401034604946,1.61370526,168.4716707590023,168.7568281831911
2024-06-02 10:37:40,0.112323943,0.0342401675398002,1.61370828,168.467747492813,168.7536006548908
2024-06-02 10:37:44,0.112328468,0.0342406799620616,1.61373243,168.470328774081,168.75673854085073
2024-06-02 10:37:48,0.112325753,0.0342395267467445,1.61367808,168.47095076011016,168.75791714433848
2024-06-02 10:37:52,0.112322435,0.0342405520156336,1.6137264,168.4630222171114,168.75054523154995
2024-06-02 10:37:57,0.112322133,0.0342399112225779,1.6136962,168.46431250884848,168.75253132895892
2024-06-02 10:38:01,0.112319418,0.0342395267467445,1.61367808,168.46215183108538,168.7509273100424
2024-06-02 10:38:05,0.112326959,0.0342393985881334,1.61367204,168.4703795569229,168.7597117074294
2024-06-02 10:38:09,0.112326959,0.0342393985881334,1.61367204,168.46982287268554,168.7597117074294
2024-06-02 10:38:14,0.112321831,0.0342402956984113,1.61371432,168.46022181843986,168.75080652629987
2024-06-02 10:38:18,0.112318513,0.0342387580072609,1.61364185,168.46156982643703,168.7527112470272
2024-06-02 10:38:22,0.112316401,0.0342383735314275,1.61362373,168.46007438326995,168.7517725292294
2024-06-02 10:38:26,0.11231972,0.0342398471432724,1.61369318,168.45784597891307,168.75010086286588
2024-06-02 10:38:30,0.112320625,0.0342395267467445,1.61367808,168.45944744028526,168.75225907484042
2024-06-02 10:38:35,0.112325753,0.0342393985881334,1.61367204,168.4648734505016,168.7583810410184
2024-06-02 10:38:39,0.112327864,0.0342393345088278,1.61366902,168.46687784349035,168.76094221292493
2024-06-02 10:38:43,0.112340232,0.034240487936328,1.61372338,168.47579208129005,168.77041324220272
2024-06-02 10:38:47,0.112339629,0.0342402956984113,1.61371432,168.47526585843957,168.77044382337544
2024-06-02 10:38:52,0.112341137,0.0342385016900386,1.61362977,168.48272837602954,168.7786023636133
2024-06-02 10:38:56,0.112342947,0.0342390781916056,1.61365694,168.48208153067714,168.77851235045583
2024-06-02 10:39:00,0.112346869,0.0342393345088278,1.61366902,168.48492416907717,168.78191183354716
2024-06-02 10:39:04,0.112349282,0.0342402316191058,1.6137113,168.4837818568955,168.781326378538
2024-06-02 10:39:09,0.1123526,0.0342392063502167,1.61366298,168.49045867139247,168.7886992820296
2024-06-02 10:39:13,0.112351394,0.0342379890555941,1.61360561,168.49297859124252,168.7917760870801
2024-06-02 10:39:17,0.112353204,0.0342392063502167,1.61366298,168.49001132887827,168.7893657223487
2024-06-02 10:39:21,0.112355617,0.034239462667439,1.61367506,168.49118882299112,168.79110012651174
2024-06-02 10:39:26,0.112354109,0.0342397189846612,1.61368714,168.4879007657749,168.78850822429723
2024-06-02 10:39:30,0.112356522,0.0342402956984113,1.61371432,168.48791819866284,168.7890825951193
2024-06-02 10:39:34,0.11235622,0.0342397189846612,1.61368714,168.48911607364778,168.79083742040686
2024-06-02 10:39:38,0.112350791,0.0342393345088278,1.61366902,168.48396095649628,168.78623926591126
2024-06-02 10:39:43,0.112355617,0.0342406799620616,1.61373243,168.48371833121055,168.78669286129443
2024-06-02 10:39:47,0.112358634,0.0342397189846612,1.61368714,168.48996941456875,168.79350093504854
2024-06-02 10:39:51,0.11235984,0.0342401675398002,1.61370828,168.48911898032233,168.7932075035024
2024-06-02 10:39:55,0.11236165,0.0342395267467445,1.61367808,168.49287919602295,168.79752473419262
2024-06-02 10:39:59,0.112361349,0.0342388859536889,1.61364788,168.49431030826744,168.799512873701
2024-06-02 10:40:04,0.11235803,0.0342404238570225,1.61372036,168.48438356380717,168.79028243055825
2024-06-02 10:40:08,0.112357427,0.034240615882756,1.61372941,168.48246596565244,168.78892188722932
2024-06-02 10:40:12,0.112355014,0.0342406799620616,1.61373243,168.4790145643594,168.78602755298738
2024-06-02 10:40:16,0.112360142,0.0342395267467445,1.61367808,168.4882907878317,168.7958608557209
2024-06-02 10:40:20,0.11236165,0.0342404238570225,1.61372036,168.4861493575899,168.79427651693547
2024-06-02 10:40:25,0.112361952,0.0342400393811891,1.61370224,168.48717826046388,168.79600180125615
2024-06-02 10:40:29,0.112364064,0.0342391422709111,1.61365996,168.49219979202576,168.80158045165814
2024-06-02 10:40:33,0.112358634,0.034240615882756,1.61372941,168.4803158190476,168.79025360966617
2024-06-02 10:40:37,0.112360444,0.0342401675398002,1.61370828,168.4833789913775,168.79387392511313
2024-06-02 10:40:41,0.112362254,0.034241064437895,1.61375055,168.48157154935984,168.79262363832845
2024-06-02 10:40:45,0.112364667,0.0342399112225779,1.6136962,168.48785218686965,168.799461443172
2024-06-02 10:40:50,0.112370097,0.0342404238570225,1.61372036,168.49129071613103,168.80359644859422
2024-06-02 10:40:54,0.112369493,0.0342391422709111,1.61365996,168.49470782342723,168.80757075039566
2024-06-02 10:40:58,0.112371907,0.0342398471432724,1.61369318,168.49426170193988,168.80768183546522
2024-06-02 10:41:02,0.112371002,0.0342393345088278,1.61366902,168.4945622721729,168.80853962429174
2024-06-02 10:41:06,0.11236889,0.0342402316191058,1.6137113,168.48842620790464,168.80296079063837
2024-06-02 10:41:11,0.112367985,0.0342396549053557,1.61368412,168.48881939564373,168.80405053352828
2024-06-02 10:41:15,0.112367683,0.0342399112225779,1.6136962,168.48700078974582,168.80278918523834
2024-06-02 10:41:19,0.112373113,0.0342403597777169,1.61371734,168.49081051552258,168.80715618059537
2024-06-02 10:41:23,0.112376733,0.0342391422709111,1.61365996,168.49865633995395,168.81555928656428
2024-06-02 10:41:27,0.112384275,0.0342397189846612,1.61368714,168.5043321626922,168.82179240278214
2024-06-02 10:41:32,0.112384275,0.0342396549053557,1.61368412,168.50386759708877,168.82202447079874
2024-06-02 10:41:36,0.112387593,0.0342403597777169,1.61371734,168.50441849082142,168.82313268482542
2024-06-02 10:41:40,0.112391816,0.0342401034604946,1.61370526,168.50944890940417,168.82872043559513
2024-06-02 10:41:44,0.112392721,0.0342395267467445,1.61367808,168.51197885780738,168.8318077280631
2024-06-02 10:41:48,0.112389705,0.0342391422709111,1.61365996,168.50948622214625,168.8298724483294
2024-06-02 10:41:52,0.112394531,0.0342395267467445,1.61367808,168.51286124572127,168.8338048396794
2024-06-02 10:41:56,0.112394229,0.034239462667439,1.61367506,168.5122027375628,168.8337037111284
2024-06-02 10:42:01,0.112400263,0.0342401034604946,1.61370526,168.5158427859232,168.83804050061426
2024-06-02 10:42:05,0.112399056,0.0342403597777169,1.61371734,168.513025262025,168.835780382891
2024-06-02 10:42:09,0.112402073,0.0342407440413672,1.61373545,168.51440486049822,168.8377173993223
2024-06-02 10:42:13,0.112399358,0.0342399753018835,1.61369922,168.51363618184328,168.83750615039352
2024-06-02 10:42:18,0.112396944,0.034238437610733,1.61362675,168.51584551003717,168.84041228227082
2024-06-02 10:42:22,0.112400866,0.0342402316191058,1.6137113,168.5131174055838,168.83824163396633
2024-06-02 10:42:26,0.112402676,0.0342396549053557,1.61368412,168.51664593106872,168.84232762731892
2024-06-02 10:42:30,0.112406296,0.0342390781916056,1.61365694,168.5221717202766,168.84841089609813
2024-06-02 10:42:34,0.112405994,0.0342390781916056,1.61365694,168.52128100492314,168.84807767200448
2024-06-02 10:42:39,0.112407502,0.0342399112225779,1.6136962,168.51923049650628,168.8467240440762
2024-06-02 10:42:43,0.112409614,0.0342400393811891,1.61370224,168.52053905131885,168.84859011639222
2024-06-02 10:42:47,0.112409011,0.0342401034604946,1.61370526,168.51908408217508,168.84769267639115
2024-06-02 10:42:51,0.112409011,0.0342389500329944,1.6136509,168.52270473931145,168.8518708742942
2024-06-02 10:42:56,0.112415949,0.0342402956984113,1.61371432,168.52478835502933,168.85465143229368
2024-06-02 10:43:00,0.112413837,0.0342388220865664,1.61364487,168.527238773103,168.8576594172327
2024-06-02 10:43:04,0.112418362,0.0342398471432724,1.61369318,168.52796056454864,168.85893878711843
2024-06-02 10:43:08,0.112417759,0.0342402956984113,1.61371432,168.5251127025985,168.85664851516793
2024-06-02 10:43:12,0.112422284,0.0342399112225779,1.6136962,168.5309406646073,168.86303407872077
2024-06-02 10:43:16,0.112421379,0.0342408081206727,1.61373847,168.52613534415994,168.85878637134664
2024-06-02 10:43:21,0.112422585,0.0342401675398002,1.61370828,168.52908955743058,168.8624376171486
2024-06-02 10:43:25,0.112420474,0.0342389500329944,1.6136509,168.53061349645458,168.86451919513098
2024-06-02 10:43:29,0.112421982,0.0342390141123,1.61365392,168.5314876220409,168.8659509711556
2024-06-02 10:43:33,0.112422887,0.0342393345088278,1.61366902,168.530767756088,168.86578876710564
2024-06-02 10:43:37,0.112424697,0.0342388220865664,1.61364487,168.5340637458252,168.86964243019517
2024-06-02 10:43:42,0.112426507,0.0342390141123,1.61365392,168.53466807308288,168.87094386522102
2024-06-02 10:43:46,0.112428619,0.0342387580072609,1.61364185,168.53736867954757,168.87420217074387
2024-06-02 10:43:50,0.112425602,0.0342375405004551,1.61358447,168.53789332588084,168.87528452753534
2024-06-02 10:43:54,0.112427412,0.0342385016900386,1.61362977,168.5358501242692,168.8737990477668
2024-06-02 10:43:58,0.112428619,0.0342377327383718,1.61359353,168.53941041015784,168.8779170668682
2024-06-02 10:44:03,0.11243073,0.0342378608969829,1.61359957,168.54057821357864,168.87978205277045
2024-06-02 10:44:07,0.112432239,0.0342391422709111,1.61365996,168.53704261319714,168.87680421112793
2024-06-02 10:44:11,0.112429825,0.034238437610733,1.61362675,168.5363744091153,168.8766937771053
2024-06-02 10:44:15,0.112433445,0.0342383735314275,1.61362373,168.5400431990603,168.8809203484146
2024-06-02 10:44:20,0.112432842,0.0342377968176774,1.61359655,168.54077031973875,168.88234471167294
2024-06-02 10:44:24,0.11243435,0.0342369639988881,1.6135573,168.54489439296466,168.88702659164386
2024-06-02 10:44:28,0.112437668,0.0342381812935108,1.61361467,168.54358668335675,168.88627670003655
2024-06-02 10:44:32,0.112438573,0.0342383735314275,1.61362373,168.54333085382996,168.88657869975071
2024-06-02 10:44:37,0.112444305,0.0342391422709111,1.61365996,168.546172661612,168.89011780986755
2024-06-02 10:44:41,0.112444908,0.0342386298486497,1.61363581,168.54813703481054,168.89264003754232
2024-06-02 10:44:45,0.11244159,0.0342378608969829,1.61359957,168.54670453374374,168.89176540214257
2024-06-02 10:44:49,0.112440987,0.0342377968176774,1.61359655,168.54571349528146,168.89133224052304
2024-06-02 10:44:54,0.112442797,0.0342374764211495,1.61358145,168.54817445489317,168.89449056188076
2024-06-02 10:44:58,0.112440987,0.034237412341844,1.61357843,168.5458515230519,168.8927255319718
2024-06-02 10:45:02,0.11244521,0.0342370921574992,1.61356334,168.55111386939555,168.89854579137398
2024-06-02 10:45:06,0.112449433,0.0342388220865664,1.61364487,168.54894648907862,168.89693633522643
2024-06-02 10:45:10,0.11244702,0.0342374764211495,1.61358145,168.5506026564056,168.8991504378185
2024-06-02 10:45:15,0.112447322,0.0342372841832328,1.61357239,168.55093515967195,168.90018037574634
2024-06-02 10:45:19,0.112448528,0.0342377327383718,1.61359353,168.55008234326087,168.89988551950992
2024-06-02 10:45:23,0.112453656,0.0342385016900386,1.61362977,168.55239603810844,168.90275718557837
2024-06-02 10:45:27,0.112453958,0.0342374764211495,1.61358145,168.555887109935,168.9068062396566
2024-06-02 10:45:32,0.112452148,0.0342383735314275,1.61362373,168.54994105173245,168.90155767475767
2024-06-02 10:45:36,0.112453958,0.0342375405004551,1.61358447,168.55439936440865,168.90657399444936
2024-06-02 10:45:40,0.112456975,0.034237412341844,1.61357843,168.55763498414353,168.91036763218108
2024-06-02 10:45:44,0.112459086,0.0342376045797607,1.61358749,168.55870959718442,168.91200027418486
2024-06-02 10:45:48,0.112459086,0.0342368999195825,1.61355428,168.56070564021414,168.91455435712834
2024-06-02 10:45:53,0.112456673,0.0342365154437491,1.61353616,168.55873895008682,168.9132852322695
2024-06-02 10:45:57,0.112458785,0.0342372841832328,1.61357239,168.5577250673767,168.91282941405666
2024-06-02 10:46:01,0.112458483,0.034237412341844,1.61357843,168.5563692315953,168.91203165367378
2024-06-02 10:46:05,0.112459388,0.0342375405004551,1.61358447,168.55634526518654,168.91256577354943
2024-06-02 10:46:09,0.112461198,0.0342376686590662,1.61359051,168.55731991002042,168.91409851553843
2024-06-02 10:46:13,0.112461198,0.034236835840277,1.61355126,168.55978046019126,168.91711717371982
2024-06-02 10:46:18,0.112465723,0.034236835840277,1.61355126,168.5640760619546,168.92211042573854
2024-06-02 10:46:22,0.112466628,0.0342366436023603,1.6135422,168.56521342539313,168.9238059215564
2024-06-02 10:46:26,0.112464516,0.0342369639988881,1.6135573,168.56116333415338,168.9203139735018
2024-06-02 10:46:30,0.112471153,0.0342376045797607,1.61358749,168.56560688842586,168.92531568174996
2024-06-02 10:46:34,0.112470549,0.0342379890555941,1.61360561,168.56298858269503,168.92325554077
2024-06-02 10:46:39,0.112468438,0.0342376686590662,1.61359051,168.56112284529107,168.92208752443395
2024-06-02 10:46:43,0.112469343,0.0342375405004551,1.61358447,168.5620278338175,168.9235507018996
2024-06-02 10:46:47,0.112474773,0.0342379890555941,1.61360561,168.56583542023117,168.92791648797805
2024-06-02 10:46:51,0.112474471,0.0342383735314275,1.61362373,168.5635502991331,168.926189577255
2024-06-02 10:46:56,0.112475376,0.0342373482625384,1.61357541,168.5675676812156,168.93090473734424
2024-06-02 10:47:00,0.112477186,0.0342369639988881,1.6135573,168.5703997362732,168.93429502681903
2024-06-02 10:47:04,0.112477487,0.0342374764211495,1.61358145,168.56831602526825,168.93276956089178
2024-06-02 10:47:08,0.112478392,0.0342379249762885,1.61360259,168.56713034983792,168.93214214118444
2024-06-02 10:47:12,0.112479599,0.0342372201039272,1.61356937,168.5704592130348,168.93602927073425
2024-06-02 10:47:16,0.112482314,0.0342379890555941,1.61360561,168.57010922407227,168.93623755873932
2024-06-02 10:47:21,0.112478091,0.0342361950472213,1.61352106,168.5712551695491,168.9380813653292
2024-06-02 10:47:25,0.112478392,0.0342360668886102,1.61351502,168.57149365151054,168.93887814808528
2024-06-02 10:47:29,0.112482012,0.0342373482625384,1.61357541,168.57028452045293,168.9382273283872
2024-06-02 10:47:33,0.112481107,0.0342362591265269,1.61352408,168.57267607813654,168.94117720797993
2024-06-02 10:47:37,0.112481107,0.0342360668886102,1.61351502,168.57281470429956,168.94187416658642
2024-06-02 10:47:42,0.112485029,0.0342372201039272,1.61356937,168.5722637132745,168.9420211059062
2024-06-02 10:47:46,0.112483219,0.034236387285138,1.61353012,168.57272740717252,168.94304315589386
2024-06-02 10:47:50,0.112482917,0.0342366436023603,1.6135422,168.5709065109742,168.9417806262697
2024-06-02 10:47:54,0.112480202,0.0342365795230547,1.61353918,168.56758447747626,168.93901696981513
2024-06-02 10:47:58,0.112484727,0.0342360668886102,1.61351502,168.57387797808508,168.94586885792123
2024-06-02 10:48:03,0.112488046,0.0342357464920823,1.61349992,168.57800420742205,168.95069308630724
2024-06-02 10:48:07,0.112491364,0.0342360668886102,1.61351502,168.57994556245856,168.95319285230627
2024-06-02 10:48:11,0.112490157,0.0342372201039272,1.61356937,168.57387398230918,168.94767969352347
2024-06-02 10:48:15,0.112491062,0.0342367076816658,1.61354522,168.5761720585891,168.9505362015587
2024-06-02 10:48:19,0.112491364,0.0342376045797607,1.61358749,168.57269505258907,168.94761763768747
2024-06-02 10:48:24,0.11249438,0.0342372841832328,1.61357239,168.57648667446244,168.95210732678612
2024-06-02 10:48:28,0.112491062,0.0342362591265269,1.61352408,168.5759834471845,168.95216256492114
2024-06-02 10:48:32,0.112491967,0.0342357464920823,1.61349992,168.57828241485788,168.95502000833108
2024-06-02 10:48:36,0.112492872,0.0342361309679157,1.61351804,168.5773285265266,168.95462460604455
2024-06-02 10:48:40,0.112495889,0.0342361950472213,1.61352106,168.57986697616718,168.95772155202292
2024-06-02 10:48:45,0.112499207,0.0342355542541656,1.61349086,168.58515391678333,168.96370662751224
2024-06-02 10:48:49,0.112500715,0.034236835840277,1.61355126,168.58161229308723,168.96072352325683
2024-06-02 10:48:53,0.112500414,0.0342379890555941,1.61360561,168.57654018434312,168.9562099441965
2024-06-02 10:48:57,0.112504637,0.0342378608969829,1.61359957,168.5811062179929,168.9613345177578
2024-06-02 10:49:01,0.11250162,0.0342355542541656,1.61349086,168.5855825987076,168.9663694485963
2024-06-02 10:49:05,0.11250343,0.0342358105713879,1.61350294,168.58609193391877,168.96743734412834
2024-06-02 10:49:10,0.112503129,0.0342358746506935,1.61350596,168.5848291875154,168.9668728124422
2024-06-02 10:49:14,0.112506748,0.0342360668886102,1.61351502,168.58756711585383,168.9701693239886
2024-06-02 10:49:18,0.112504034,0.034235938729999,1.61350898,168.58447832520994,168.96763912669985
2024-06-02 10:49:23,0.112504938,0.0342365154437491,1.61353616,168.58268632252674,168.96654537995653
2024-06-02 10:49:27,0.112504335,0.0342347214353764,1.61345161,168.58796807603792,168.97238574959766
2024-06-02 10:49:31,0.11250705,0.0342353622284321,1.61348181,168.5880817080955,168.97305800788243
2024-06-02 10:49:36,0.11250524,0.034234785514682,1.61345463,168.5874774826035,168.97315207935014
2024-06-02 10:49:40,0.112510972,0.0342356183334712,1.61349388,168.59022403697543,168.9764572826117
2024-06-02 10:49:44,0.112509765,0.0342366436023603,1.6135422,168.5846153216398,168.971407226213
2024-06-02 10:49:48,0.112510067,0.0342344651181541,1.61343953,168.59229038162493,168.97964095516693
2024-06-02 10:49:52,0.112515195,0.0342348495939875,1.61345765,168.59599631774873,168.98390557027605
2024-06-02 10:49:57,0.112515497,0.0342360668886102,1.61351502,168.59121635965204,168.9798239749733
2024-06-02 10:50:01,0.11251067,0.0342352340698209,1.61347577,168.58835128531706,168.97751760210457
2024-06-02 10:50:05,0.112512178,0.0342360668886102,1.61351502,168.58643638113193,168.9761614093523
2024-06-02 10:50:09,0.112513385,0.0342355542541656,1.61349086,168.58906874501523,168.97935249461955
2024-06-02 10:50:13,0.112514893,0.0342356183334712,1.61349388,168.58994173990905,168.98078422083313
2024-06-02 10:50:17,0.112515195,0.0342345932767653,1.61344557,168.59343399366585,168.98483521583012
2024-06-02 10:50:22,0.112520323,0.0342358105713879,1.61350294,168.593979496569,168.9860791592106
2024-06-02 10:50:26,0.112521228,0.0342368999195825,1.61355428,168.59046859308518,168.98312701923157
2024-06-02 10:50:30,0.112523038,0.0342366436023603,1.6135422,168.59283673190416,168.98605393142583
2024-06-02 10:50:34,0.112523641,0.0342361309679157,1.61351804,168.59480260662076,168.98857858937265
2024-06-02 10:50:39,0.112525451,0.0342364513644436,1.61353314,168.5949394154983,168.9894138911232
2024-06-02 10:50:43,0.112526055,0.0342356183334712,1.61349388,168.5980685334404,168.99310181441308
2024-06-02 10:50:47,0.112520926,0.0342360668886102,1.61351502,168.5902228606967,168.98581495682217
2024-06-02 10:50:51,0.112526356,0.0342363232058324,1.6135271,168.5947264633821,168.9908773844499
2024-06-02 10:50:55,0.112528468,0.034236387285138,1.61353012,168.5962658178533,168.99297557363758
2024-06-02 10:51:00,0.112529373,0.0342353622284321,1.61348181,168.60028396289226,168.99769227579372
2024-06-02 10:51:04,0.112530278,0.0342361950472213,1.61352106,168.59770301086837,168.995670180422
2024-06-02 10:51:08,0.112531183,0.0342351059112098,1.61346973,168.60209339757273,169.0006194335027
2024-06-02 10:51:12,0.112530881,0.034235938729999,1.61350898,168.59818038742097,168.99726529943595
2024-06-02 10:51:17,0.112534199,0.0342365795230547,1.61353918,168.59881895686732,168.99860247761805
2024-06-02 10:51:21,0.112533898,0.0342363232058324,1.6135271,168.59885761213732,168.9992000307614
2024-06-02 10:51:25,0.112534199,0.0342347214353764,1.61345161,168.60444112773249,169.0053424538886
2024-06-02 10:51:29,0.112532993,0.0342342728802374,1.61343047,168.6041784801814,169.00563872351276
2024-06-02 10:51:34,0.112533596,0.0342347214353764,1.61345161,168.6025180996025,169.00467700294024
2024-06-02 10:51:38,0.112538724,0.0342358105713879,1.61350294,168.60366729646594,169.00638513861992
2024-06-02 10:51:42,0.112534199,0.0342366436023603,1.6135422,168.595093262077,168.99837005264033
2024-06-02 10:51:46,0.112537819,0.034236387285138,1.61353012,168.59945872201052,169.0032944705609
2024-06-02 10:51:51,0.112536613,0.0342354901748601,1.61348784,168.60068334760768,169.0052178070871
2024-06-02 10:51:55,0.112539328,0.034236387285138,1.61353012,168.59986623329436,169.0049596722543
2024-06-02 10:51:59,0.112536613,0.0342352340698209,1.61347577,168.60049440464437,169.00614683261244
2024-06-02 10:52:03,0.112536009,0.0342342728802374,1.61343047,168.60275569894318,169.0089671254316
2024-06-02 10:52:07,0.112539629,0.0342358746506935,1.61350596,168.60038095203748,169.007151386543
2024-06-02 10:52:12,0.112541138,0.0342356183334712,1.61349388,168.6022772170434,169.00974642490155
2024-06-02 10:52:16,0.112542344,0.0342362591265269,1.61352408,168.60072452661257,169.0087527637991
2024-06-02 10:52:20,0.112538724,0.034236387285138,1.61353012,168.59570587421013,169.00429315017158
2024-06-02 10:52:24,0.112539026,0.0342354901748601,1.61348784,168.59873433048597,169.00788065465355
2024-06-02 10:52:28,0.112539629,0.034234336959543,1.61343349,168.60302423941724,169.01272962120663
2024-06-02 10:52:33,0.112540534,0.0342352981491265,1.61347879,168.59983717909154,169.01024139612554
2024-06-02 10:52:37,0.112546869,0.0342354260955545,1.61348482,168.60580490980243,169.01676820558723
2024-06-02 10:52:41,0.112540836,0.0342356183334712,1.61349388,168.59789077247387,169.00941315637493
2024-06-02 10:52:45,0.112542043,0.034235938729999,1.61350898,168.59750137374093,169.00958285510842
2024-06-02 10:52:49,0.112539931,0.0342365154437491,1.61353616,168.59251962091852,169.00516020908714
2024-06-02 10:52:53,0.112536914,0.034236387285138,1.61353012,168.58909608666133,169.00229579095017
2024-06-02 10:52:58,0.112539328,0.0342375405004551,1.61358447,168.5868780414318,169.00077665395267
2024-06-02 10:53:02,0.112536914,0.034236387285138,1.61353012,168.58783804139728,169.00229579095017
2024-06-02 10:53:06,0.112541439,0.0342351699905154,1.61347275,168.59668813267976,169.0117050285337
2024-06-02 10:53:10,0.112547171,0.0342356824127768,1.6134969,168.60059555255856,169.01617160396708
2024-06-02 10:53:15,0.112550489,0.0342356183334712,1.61349388,168.60379060146508,169.02006561030612
2024-06-02 10:53:19,0.112545059,0.0342355542541656,1.61349086,168.59747167610388,169.0143058612635
2024-06-02 10:53:23,0.112542948,0.0342354901748601,1.61348784,168.59481537686702,169.01220874754853
2024-06-02 10:53:27,0.112540836,0.0342354901748601,1.61348784,168.59192550082273,169.00987806621396
2024-06-02 10:53:32,0.112539328,0.0342366436023603,1.6135422,168.58537834556813,169.00402991724343
2024-06-02 10:53:36,0.112543551,0.0342361950472213,1.61352106,168.59110637382636,169.01031716082758
2024-06-02 10:53:40,0.112547774,0.0342358105713879,1.61350294,168.59660209149314,169.01637210295786
2024-06-02 10:53:44,0.112549886,0.0342369639988881,1.6135573,168.5941891960367,169.0145184410871
2024-06-02 10:53:49,0.112552299,0.0342357464920823,1.61349992,168.6005697608405,169.0215980606774
2024-06-02 10:53:53,0.112550187,0.0342355542541656,1.61349086,168.5983772616877,169.01996481557856
2024-06-02 10:53:57,0.112546266,0.0342358105713879,1.61350294,168.59256115972886,169.0147079767455
2024-06-02 10:54:01,0.112543249,0.0342350418319042,1.61346671,168.5914613015605,169.01416739075933
2024-06-02 10:54:05,0.112541138,0.0342342088009319,1.61342745,168.59159449809866,169.01485986852057
2024-06-02 10:54:10,0.112550489,0.0342357464920823,1.61349992,168.59563617943027,169.01960066407128
2024-06-02 10:54:14,0.112551997,0.0342367076816658,1.61354522,168.59325397472023,169.01777776086982
2024-06-02 10:54:18,0.112555014,0.0342352340698209,1.61347577,168.60137016970563,169.02645326635445
2024-06-02 10:54:22,0.112553807,0.0342345291974597,1.61344255,168.60203626402605,169.02767868014922
2024-06-02 10:54:26,0.112560745,0.0342356183334712,1.61349388,168.60518175319515,169.03138349775236
2024-06-02 10:54:31,0.112563159,0.0342355542541656,1.61349086,168.607379021806,169.03427993948162
2024-06-02 10:54:35,0.112564969,0.0342354901748601,1.61348784,168.60904958629294,169.03650985250522
2024-06-02 10:54:39,0.112563762,0.0342345932767653,1.61344557,168.6104126126864,169.0384322363446
2024-06-02 10:54:44,0.112567382,0.0342357464920823,1.61349992,168.60952383157957,169.0382426645504
2024-06-02 10:54:48,0.112571907,0.0342345932767653,1.61344557,168.6181426134424,169.04742082384854
2024-06-02 10:54:52,0.11257432,0.034236387285138,1.61353012,168.61373621581635,169.04357381251685
2024-06-02 10:54:56,0.112571304,0.0342356183334712,1.61349388,168.61263876542495,169.04303575726334
2024-06-02 10:55:00,0.112567985,0.0342353622284321,1.61348181,168.60934599583487,169.04030239163907
2024-06-02 10:55:04,0.11257432,0.0342348495939875,1.61345765,168.6176377910174,169.04915359959995
2024-06-02 10:55:09,0.112572812,0.0342362591265269,1.61352408,168.6101596484557,169.04237473538015
2024-06-02 10:55:13,0.112575225,0.034235938729999,1.61350898,168.6134255964239,169.04620011589822
2024-06-02 10:55:17,0.112575527,0.0342362591265269,1.61352408,168.61203682464122,169.0453707854275
2024-06-02 10:55:21,0.11258156,0.0342358746506935,1.61350596,168.61953011581647,169.0534235266614
2024-06-02 10:55:25,0.112582767,0.0342360668886102,1.61351502,168.61960501513443,169.0540578847691
2024-06-02 10:55:30,0.112577035,0.0342351059112098,1.61346973,168.616067427393,169.05121963276943
2024-06-02 10:55:34,0.112579448,0.0342348495939875,1.61345765,168.61910102550678,169.05481270926128
2024-06-02 10:55:38,0.11257432,0.0342342088009319,1.61342745,168.61520782079114,169.05147899160454
2024-06-02 10:55:42,0.112574622,0.0342342728802374,1.61343047,168.61474906558175,169.0515797321192
2024-06-02 10:55:46,0.112573717,0.0342345291974597,1.61344255,168.61226065315222,169.04965082406352
2024-06-02 10:55:51,0.112575828,0.0342348495939875,1.61345765,168.6127282156103,169.0508177791289
2024-06-02 10:55:55,0.112582163,0.0342351699905154,1.61347275,168.61799707178454,169.0566461590821
2024-06-02 10:55:59,0.112586387,0.034234785514682,1.61345463,168.62349433561295,169.06270295528878
2024-06-02 10:56:03,0.112583068,0.034234785514682,1.61345463,168.61927203279248,169.0590401934304
2024-06-02 10:56:08,0.112584577,0.0342344010388486,1.61343651,168.62163324880112,169.0621008476889
2024-06-02 10:56:12,0.112586387,0.0342348495939875,1.61345765,168.62144323528963,169.06247039439626
2024-06-02 10:56:16,0.112583672,0.0342349777525987,1.61346369,168.61742236098112,169.05900908883993
2024-06-02 10:56:20,0.112583068,0.0342347214353764,1.61345161,168.61712644320892,169.05927274833772
2024-06-02 10:56:25,0.112588196,0.0342358746506935,1.61350596,168.61790082158493,169.06074661025576
2024-06-02 10:56:29,0.112595738,0.0342360028093046,1.613512,168.62519898501958,169.06860437006878
2024-06-02 10:56:33,0.112593023,0.0342342728802374,1.61343047,168.6279219101066,169.07188690000157
2024-06-02 10:56:37,0.112594833,0.0342350418319042,1.61346671,168.62656882933894,169.07109343253148
2024-06-02 10:56:41,0.112594531,0.034234785514682,1.61345463,168.62660623641082,169.0716904613372
2024-06-02 10:56:46,0.112593325,0.0342346573560708,1.61344859,168.62504094030916,169.0708247042428
2024-06-02 10:56:50,0.112591213,0.0342342728802374,1.61343047,168.62354599669345,169.06988940128588
2024-06-02 10:56:54,0.112590911,0.0342347214353764,1.61345161,168.6210250411983,169.06792809483534
2024-06-02 10:56:58,0.112595135,0.0342347214353764,1.61345161,168.62512688876947,169.0725895998214
2024-06-02 10:57:03,0.112594833,0.0342348495939875,1.61345765,168.62362886775628,169.0717911623239
2024-06-02 10:57:07,0.112598755,0.0342349136732931,1.61346067,168.6271648148295,169.07588678558844
2024-06-02 10:57:11,0.112604788,0.0342356824127768,1.6134969,168.6304726285826,169.07975428385257
2024-06-02 10:57:15,0.112602073,0.0342354260955545,1.61348482,168.62784714418908,169.07768849227432
2024-06-02 10:57:19,0.112602073,0.0342351059112098,1.61346973,168.62844960893094,169.0788506581202
2024-06-02 10:57:24,0.112596945,0.0342344651181541,1.61343953,168.6244167281587,169.0755174153603
2024-06-02 10:57:28,0.112594833,0.0342342728802374,1.61343047,168.62222399181883,169.07388439871724
2024-06-02 10:57:32,0.112599056,0.0342344010388486,1.61343651,168.62585953917247,169.07807967400583
2024-06-02 10:57:36,0.112600866,0.0342340165630152,1.61341839,168.62869288868853,169.0814727596795
2024-06-02 10:57:40,0.112601771,0.0342334400614482,1.61339122,168.63122459817953,169.08456421353526
2024-06-02 10:57:45,0.112603883,0.034233888404404,1.61341235,168.63122822724483,169.085267534574
2024-06-02 10:57:49,0.112605994,0.0342334400614482,1.61339122,168.63462571928343,169.0892247893864
2024-06-02 10:57:53,0.112605693,0.034234336959543,1.61343349,168.63047794224042,169.08563678327374
2024-06-02 10:57:58,0.11260147,0.0342342728802374,1.61343047,168.62535036239544,169.08120892853816
2024-06-02 10:58:02,0.112600565,0.0342333759821426,1.6133882,168.62704750503767,169.08346586040614
2024-06-02 10:58:06,0.112608106,0.0342349136732931,1.61346067,168.62922811403348,169.08620626673363
2024-06-02 10:58:10,0.112611123,0.0342331196649204,1.61337612,168.63851044881343,169.09604840693575
2024-06-02 10:58:14,0.112608709,0.0342332478235315,1.61338216,168.63482121981448,169.09291899143383
2024-06-02 10:58:19,0.112613838,0.0342345291974597,1.61344255,168.63513009238454,169.0939276422067
2024-06-02 10:58:23,0.112614441,0.0342336322993649,1.61340028,168.63849175450767,169.09784913593845
2024-06-02 10:58:27,0.112613234,0.0342336322993649,1.61340028,168.63659985627584,169.09651707733946
2024-06-02 10:58:31,0.112615346,0.0342340165630152,1.61341839,168.6369758003452,169.0974528690504
2024-06-02 10:58:35,0.112619871,0.0342342088009319,1.61342745,168.64071182410365,169.10174874844358
2024-06-02 10:58:39,0.112621982,0.0342347214353764,1.61345161,168.64062053441288,169.10221732236516
2024-06-02 10:58:44,0.112622284,0.0342337602457929,1.61340631,168.64374364773983,169.10604027640233
2024-06-02 10:58:48,0.112623189,0.034234785514682,1.61345463,168.64046019951783,169.10331670968532
2024-06-02 10:58:52,0.112621379,0.0342326070304758,1.61335196,168.64581216470526,169.10922856430474
2024-06-02 10:58:56,0.112621982,0.0342331196649204,1.61337612,168.6440564672921,169.10803276423496
2024-06-02 10:59:01,0.112621379,0.0342332478235315,1.61338216,168.6422257771594,169.10690195688323
2024-06-02 10:59:05,0.112625301,0.0342330555856148,1.6133731,168.64669230577772,169.11192840058868
2024-06-02 10:59:09,0.112625301,0.0342339524837096,1.61341537,168.64287589913656,169.10867191689542
2024-06-02 10:59:13,0.112628016,0.0342342728802374,1.61343047,168.64414897695343,169.11050492550538
2024-06-02 10:59:18,0.112626809,0.0342328633476981,1.61336404,168.64723482913186,169.1142907021839
2024-06-02 10:59:22,0.112628317,0.0342324147925591,1.6133429,168.64996793007734,169.11758375151726
2024-06-02 10:59:26,0.112632239,0.0342344010388486,1.61343651,168.64652431997152,169.1147000975939
2024-06-02 10:59:30,0.112635255,0.0342346573560708,1.61344859,168.64836212870043,169.11709787028423
2024-06-02 10:59:34,0.112631635,0.0342341447216263,1.61342443,168.6456684673258,169.11496418063447
2024-06-02 10:59:39,0.11263254,0.0342336961664873,1.61340329,168.647595945046,169.11759163390428
2024-06-02 10:59:43,0.112632239,0.0342332478235315,1.61338216,168.64833172687852,169.11888740487234
2024-06-02 10:59:47,0.112633445,0.0342325429511703,1.61334894,168.65166225786754,169.12277793270965
2024-06-02 10:59:51,0.112639177,0.0342331196649204,1.61337612,168.6553341152076,169.12700979459515
2024-06-02 10:59:56,0.112636764,0.0342337602457929,1.61340631,168.64964493864858,169.12202063451826
2024-06-02 11:00:00,0.112643099,0.0342344651181541,1.61343953,168.65351673902202,169.12645245669873
2024-06-02 11:00:04,0.11264159,0.0342336322993649,1.61340028,168.65431555126546,169.12781129839567
2024-06-02 11:00:08,0.11263797,0.0342331837442259,1.61337914,168.651389229105,169.12544501331956
2024-06-02 11:00:13,0.112641289,0.0342329274270037,1.61336706,168.6552829353975,169.13003877667472
2024-06-02 11:00:17,0.112640685,0.0342334400614482,1.61339122,168.65219470385617,169.12751059933024
2024-06-02 11:00:21,0.112639177,0.0342325429511703,1.61334894,168.65322812669862,169.12910408394976
2024-06-02 11:00:25,0.112641289,0.0342329915063092,1.61337008,168.653370048644,169.1298060752368
2024-06-02 11:00:30,0.112644607,0.0342326070304758,1.61335196,168.6577280939353,169.13486421781903
2024-06-02 11:00:34,0.112645813,0.034233888404404,1.61341235,168.6538456464842,169.13154185667287
2024-06-02 11:00:38,0.112645512,0.0342324147925591,1.6133429,168.65830486862197,169.1365611726294
2024-06-02 11:00:42,0.112647623,0.0342324788718647,1.61334592,168.65984187052646,169.138658275851
2024-06-02 11:00:47,0.112649433,0.0342332478235315,1.61338216,168.65834671806448,169.137863260556
2024-06-02 11:00:51,0.112652148,0.0342329274270037,1.61336706,168.66194657257387,169.1420232331966
2024-06-02 11:00:55,0.112650338,0.0342329915063092,1.61337008,168.65915613350242,169.1397929197039
2024-06-02 11:00:59,0.112654562,0.0342325429511703,1.61334894,168.66488689900652,169.1460838182186
2024-06-02 11:01:04,0.112651847,0.0342316460530754,1.61330667,168.66444781811916,169.14634491402194
2024-06-02 11:01:08,0.112655165,0.0342333119028371,1.61338518,168.6614993102131,169.1439565557913
2024-06-02 11:01:12,0.112654562,0.0342330555856148,1.6133731,168.66120456729286,169.14422196992774
2024-06-02 11:01:16,0.112651545,0.0342328633476981,1.61336404,168.65801289306341,169.1415904601206
2024-06-02 11:01:21,0.112654562,0.0342333759821426,1.6133882,168.6587805601432,169.14305834306225
2024-06-02 11:01:25,0.112656372,0.0342320943960313,1.6133278,168.6648726593314,169.14971062318818
2024-06-02 11:01:29,0.112654863,0.0342331196649204,1.61337612,168.65892328530225,169.14432143741163
2024-06-02 11:01:33,0.112657578,0.0342318382909921,1.61331573,168.6660135406781,169.15197188833926
2024-06-02 11:01:37,0.112660896,0.0342331837442259,1.61337914,168.66422839288686,169.15074694338344
2024-06-02 11:01:42,0.112657578,0.0342315819737699,1.61330365,168.66568408991165,169.1529029041712
2024-06-02 11:01:46,0.11265788,0.0342315819737699,1.61330365,168.6654571866467,169.15323622007264
2024-06-02 11:01:50,0.112655768,0.0342311974979365,1.61328553,168.6639624837803,169.15230174360545
2024-06-02 11:01:54,0.112656975,0.0342314538151587,1.61329761,168.66380339327463,169.15270288671616
2024-06-02 11:01:58,0.112661198,0.0342316460530754,1.61330667,168.6672057832046,169.15666551746415
2024-06-02 11:02:03,0.112666326,0.0342316460530754,1.61330667,168.6721652096381,169.16232525502355
2024-06-02 11:02:07,0.112666628,0.0342326711097814,1.61335498,168.668214773791,169.15893507614084
2024-06-02 11:02:11,0.112667231,0.0342327351890869,1.613358,168.66808725621237,169.15936782267738
2024-06-02 11:02:15,0.112666326,0.0342318382909921,1.61331573,168.66978610252056,169.16162694023592
2024-06-02 11:02:19,0.112666628,0.034231710132381,1.61330969,168.67002468112454,169.16242579720978
2024-06-02 11:02:24,0.112669946,0.0342329915063092,1.61337008,168.66833172441417,169.16143319844969
2024-06-02 11:02:28,0.112672058,0.0342327351890869,1.613358,168.67103341078663,169.16469517915377
2024-06-02 11:02:32,0.112672058,0.0342318382909921,1.61331573,168.67373120305544,169.16795327282296
2024-06-02 11:02:36,0.112676281,0.0342318382909921,1.61331573,168.67783176384756,169.17261414206848
2024-06-02 11:02:40,0.112674169,0.0342339524837096,1.61341537,168.66726052359274,169.16260321730456
2024-06-02 11:02:45,0.112675074,0.0342331837442259,1.61337914,168.67035130150362,169.16639439945155
2024-06-02 11:02:49,0.112675376,0.0342319662374201,1.61332176,168.6745470709118,169.1711505001277
2024-06-02 11:02:53,0.112673566,0.0342326711097814,1.61335498,168.66942850121646,169.16659226868688
2024-06-02 11:02:57,0.112673868,0.0342320303167257,1.61332478,168.67152925030302,169.16925336299897
2024-06-02 11:03:01,0.112675979,0.0342316460530754,1.61330667,168.6746947384037,169.17297920328053
2024-06-02 11:03:06,0.112674169,0.0342316460530754,1.61330667,168.67199660414153,169.17098151900154
2024-06-02 11:03:10,0.112675678,0.0342310052600198,1.61327647,168.6754296748875,169.17497495752065
