time,voltage,current,shunt_voltage,temperature,temperature old
2024-03-16 00:01:10,0.104712043,0.0249742980451568,1.17701619,203.32252211570548,203.32252211570548
2024-03-16 00:01:14,0.104957292,0.0249699328016024,1.17681046,203.72621212764284,203.72373538638453
2024-03-16 00:01:19,0.105351863,0.0249658875302095,1.17661981,204.35602509966088,204.35045264554964
2024-03-16 00:01:23,0.105510837,0.0249582898888372,1.17626174,204.6495103181237,204.64146146469835
2024-03-16 00:01:27,0.105655935,0.0249550063548847,1.17610699,204.8942083736703,204.88368327289584
2024-03-16 00:01:31,0.105785951,0.0249519596173065,1.1759634,205.11446779382982,205.10146659766497
2024-03-16 00:01:35,0.105899978,0.0249491946589262,1.17583309,205.30859708365352,205.29311994405077
2024-03-16 00:01:39,0.10600767,0.0249477800339917,1.17576642,205.48437272997938,205.4664197988849
2024-03-16 00:01:44,0.106199224,0.0249467815001771,1.17571936,205.78593266649912,205.76488520970477
2024-03-16 00:01:48,0.106275845,0.0249415265727544,1.1754717,205.9393451930888,205.91582228665865
2024-03-16 00:01:52,0.106352769,0.0249406689285388,1.17543128,206.06468988360356,206.03869167946343
2024-03-16 00:01:56,0.106425468,0.024938633455763,1.17533535,206.19126787836692,206.16279452843625
2024-03-16 00:02:00,0.106490627,0.0249377885425352,1.17529553,206.2986151214955,206.26766677768757
2024-03-16 00:02:05,0.106555182,0.0249363868607717,1.17522947,206.40929752714683,206.3752556546106
2024-03-16 00:02:09,0.106672527,0.0249353690182923,1.1751815,206.59739398730312,206.56087746267127
2024-03-16 00:02:13,0.106728636,0.0249330967491422,1.17507441,206.7002912419655,206.6613002171308
2024-03-16 00:02:17,0.106775092,0.0249317655121782,1.17501167,206.78233257431603,206.7408672011649
2024-03-16 00:02:21,0.106822452,0.0249301268218574,1.17493444,206.86777274736914,206.8238331777817
2024-03-16 00:02:26,0.106868606,0.0249286483298004,1.17486476,206.9509553347515,206.9039232331906
2024-03-16 00:02:30,0.106912045,0.0249277202407854,1.17482102,207.02578486838357,206.9762789120936
2024-03-16 00:02:34,0.10699289,0.0249270416791324,1.17478904,207.1560683818295,207.10408872267016
2024-03-16 00:02:38,0.107030295,0.0249246925996889,1.17467833,207.23101623802697,207.1765630278516
2024-03-16 00:02:42,0.107071019,0.0249249166650752,1.17468889,207.29417299488776,207.23724638554336
2024-03-16 00:02:46,0.107106917,0.0249246925996889,1.17467833,207.3529028570625,207.29350300038985
2024-03-16 00:02:51,0.107144021,0.0249238349554733,1.17463791,207.41825008458895,207.35575888227223
2024-03-16 00:02:55,0.107172075,0.0249225037185093,1.17457517,207.4722789311894,207.40731482316284
2024-03-16 00:02:59,0.107240854,0.0249211595383743,1.17451182,207.58856480577896,207.5211279438627
2024-03-16 00:03:03,0.107270416,0.0249209802436286,1.17450337,207.63734195380363,207.56743248981152
2024-03-16 00:03:07,0.107300582,0.0249207434472544,1.17449221,207.68742001547025,207.6150381012098
2024-03-16 00:03:11,0.107326525,0.024919181567227,1.1744186,207.73976489315882,207.66491068043115
2024-03-16 00:03:16,0.107355484,0.0249186311641851,1.17439266,207.79068591874878,207.7127415463979
2024-03-16 00:03:20,0.107381729,0.0249179846421849,1.17436219,207.83748008328914,207.75706375400048
2024-03-16 00:03:24,0.107434217,0.0249181382627718,1.17436943,207.91907788251675,207.8361897480709
2024-03-16 00:03:28,0.107458048,0.0249163204898884,1.17428376,207.969903648725,207.88454386089623
2024-03-16 00:03:32,0.107480371,0.0249165956914093,1.17429673,208.0046476476635,207.91681635821965
2024-03-16 00:03:36,0.107503599,0.0249159748435679,1.17426747,208.04667593972863,207.9563733004312
2024-03-16 00:03:41,0.107534368,0.0249153539957266,1.17423821,208.10083922960894,208.00744761639956
2024-03-16 00:03:45,0.107554881,0.0249154948853256,1.17424485,208.13370490997454,208.0378422883518
2024-03-16 00:03:49,0.107591382,0.0249147011082324,1.17420744,208.19714729169323,208.09881381339807
2024-03-16 00:03:53,0.107613705,0.0249131074007354,1.17413233,208.24421933654617,208.14341515331307
2024-03-16 00:03:57,0.107640552,0.0249131969420167,1.17413655,208.28709930454156,208.18382456809871
2024-03-16 00:04:01,0.10766378,0.0249130883042536,1.17413143,208.32576019245965,208.2200150545288
2024-03-16 00:04:06,0.107682483,0.0249120320566274,1.17408165,208.3643839038157,208.25555097737396
2024-03-16 00:04:10,0.107698773,0.0249120704617741,1.17408346,208.39147977514477,208.28017678856577
2024-03-16 00:04:14,0.107738592,0.0249117825292653,1.17406989,208.456666608795,208.34289371377983
2024-03-16 00:04:18,0.107756088,0.0249104254059593,1.17400593,208.49482463670378,208.37858198494723
2024-03-16 00:04:22,0.107771472,0.0249109246728666,1.17402946,208.51749274127056,208.39878048446093
2024-03-16 00:04:27,0.107793795,0.0249104063094775,1.17400503,208.55810159038347,208.43630254055944
2024-03-16 00:04:31,0.107808577,0.0249101054337978,1.17399085,208.58513830074844,208.46086998714676
2024-03-16 00:04:35,0.107830296,0.0249097661529713,1.17397486,208.62302563213356,208.49628820642187
2024-03-16 00:04:39,0.107862574,0.0249099838528637,1.17398512,208.67335908485657,208.544152698696
2024-03-16 00:04:43,0.10787826,0.0249099006770763,1.1739812,208.7003383489083,208.5686631539537
2024-03-16 00:04:47,0.10789455,0.0249074811528333,1.17386717,208.74369969794392,208.6095558458437
2024-03-16 00:04:52,0.107909632,0.0249078652043005,1.17388527,208.76728373237123,208.63005427208483
2024-03-16 00:04:56,0.107924414,0.0249075772717917,1.1738717,208.79423956832093,208.65454179207444
2024-03-16 00:05:00,0.107942212,0.0249063483070968,1.17381378,208.8320340027637,208.6898680621848
2024-03-16 00:05:04,0.107966948,0.0249068028033635,1.1738352,208.86928271537346,208.7246487620833
2024-03-16 00:05:09,0.107987461,0.0249067130498991,1.17383097,208.90430052174355,208.75658176577195
2024-03-16 00:05:13,0.108000734,0.0249062267261628,1.17380805,208.93026789225573,208.78008146469725
2024-03-16 00:05:17,0.108014007,0.0249052793284828,1.1737634,208.95929122708918,208.80663727954413
2024-03-16 00:05:21,0.10802547,0.0249053434077883,1.17376642,208.97884778623919,208.82372647030155
2024-03-16 00:05:25,0.108039044,0.0249037047174675,1.17368919,209.01291580409588,208.85532727135327
2024-03-16 00:05:29,0.108064685,0.0249042807946682,1.17371634,209.0507420655673,208.8906864676008
2024-03-16 00:05:34,0.108077053,0.0249029559231981,1.1736539,209.0815087570629,208.9183695407177
2024-03-16 00:05:38,0.108090326,0.0249033399746653,1.173672,209.1017099112239,208.9361039706889
2024-03-16 00:05:42,0.108106013,0.0249033847453059,1.17367411,209.12784946786587,208.9597769547013
2024-03-16 00:05:46,0.108118381,0.0249038903777071,1.17369794,209.14586018315208,208.9753212489117
2024-03-16 00:05:50,0.108135575,0.0249038135674137,1.17369432,209.17510832991877,209.00210312615005
2024-03-16 00:05:54,0.108161216,0.024903903108695,1.17369854,209.21615988915727,209.04068856740105
2024-03-16 00:05:59,0.108173283,0.0249025398320782,1.17363429,209.24672958292197,209.06817582677607
2024-03-16 00:06:03,0.108186254,0.0249021878202639,1.1736177,209.27135328989934,209.09033375670955
2024-03-16 00:06:07,0.108197114,0.0249018037687967,1.1735996,209.29296438500452,209.1094792262909
2024-03-16 00:06:11,0.108211593,0.0249026614130123,1.17364002,209.31186097414331,209.1259103414193
2024-03-16 00:06:15,0.108220342,0.0249017396894912,1.17359658,209.33381689373854,209.14540093851133
2024-03-16 00:06:19,0.108241458,0.0249021110099704,1.17361408,209.36608458816144,209.1752034619316
2024-03-16 00:06:24,0.108253222,0.0249007347901827,1.17354922,209.3962860311235,209.2023236541784
2024-03-16 00:06:28,0.10826921,0.0249017526326621,1.17359719,209.41642144485985,209.21999423776504
2024-03-16 00:06:32,0.10827102,0.0248995124031649,1.17349161,209.43653866084853,209.2376467750836
2024-03-16 00:06:36,0.108283087,0.024898558639991,1.17344666,209.46378505250095,209.26242863953917
2024-03-16 00:06:40,0.10828731,0.0248989042863114,1.17346295,209.47040632138163,209.26658553268967
2024-03-16 00:06:45,0.108306315,0.0248979505231375,1.173418,209.50887463868696,209.30197359332251
2024-03-16 00:06:49,0.108317476,0.0248964463569217,1.17334711,209.53840034885397,209.3290352685358
2024-03-16 00:06:53,0.108329241,0.0248964336259338,1.17334651,209.55893230829665,209.34710334447047
2024-03-16 00:06:57,0.108335877,0.0248971567460443,1.17338059,209.56672988739734,209.3524371915024
2024-03-16 00:07:01,0.10834372,0.0248959407245205,1.17332328,209.5892705464669,209.37251426993583
2024-03-16 00:07:06,0.108359407,0.0248979184834847,1.17341649,209.60317151468618,209.3833359753024
2024-03-16 00:07:10,0.108380221,0.0248969649324939,1.17337155,209.64379328360846,209.42149450428852
2024-03-16 00:07:14,0.108390779,0.0248962352347063,1.17333716,209.6672508214517,209.4424889536072
2024-03-16 00:07:18,0.108401337,0.0248964336259338,1.17334651,209.6845323056396,209.45730750067577
2024-03-16 00:07:22,0.108405259,0.0248959791296672,1.17332509,209.69601538076108,209.46632779007652
2024-03-16 00:07:26,0.108412499,0.0248950446751582,1.17328105,209.71576576108671,209.4836155360736
2024-03-16 00:07:31,0.108424263,0.0248953839559847,1.17329704,209.73456842442343,209.49934011938495
2024-03-16 00:07:35,0.108447793,0.0248955566730533,1.17330518,209.7718503284566,209.53415972969813
2024-03-16 00:07:39,0.108454128,0.0248951021767867,1.17328376,209.78702330752452,209.5468705664171
2024-03-16 00:07:43,0.108462876,0.0248942188584123,1.17324213,209.8087417602137,209.5661270281218
2024-03-16 00:07:47,0.108473132,0.0248945454082509,1.17325752,209.82470735031512,209.5796307785968
2024-03-16 00:07:52,0.108482182,0.0248950510406521,1.17328135,209.83825122922855,209.5900975708144
2024-03-16 00:07:56,0.108485802,0.0248946990288378,1.17326476,209.848591697731,209.59797654022208
2024-03-16 00:08:00,0.1085036,0.0248948910545713,1.17327381,209.87698222325866,209.62390571799176
2024-03-16 00:08:04,0.10851265,0.0248935405089424,1.17321016,209.90227834468726,209.64674064299268
2024-03-16 00:08:08,0.108519889,0.0248929835282235,1.17318391,209.9195188066356,209.66152005983707
2024-03-16 00:08:12,0.108526526,0.0248938029794755,1.17322253,209.9266649752581,209.66620533467287
2024-03-16 00:08:17,0.108534671,0.0248933100780621,1.1731993,209.94547860987112,209.68194306483247
2024-03-16 00:08:21,0.10854553,0.0248920363427266,1.17313927,209.97303271418096,209.70703661579552
2024-03-16 00:08:25,0.108560915,0.0248923306407293,1.17315314,209.9970534964895,209.72859699605328
2024-03-16 00:08:29,0.108568457,0.0248922090597953,1.17314741,210.01185565115193,209.7409388999544
2024-03-16 00:08:33,0.108575395,0.0248912041604868,1.17310005,210.03162543021168,209.75824857953572
2024-03-16 00:08:37,0.108585953,0.0248913386845919,1.17310639,210.04933135291188,209.77349455403385
2024-03-16 00:08:42,0.108589874,0.0248918186428342,1.17312901,210.05519985724663,209.77628833583847
2024-03-16 00:08:46,0.108599226,0.0248916459257656,1.17312087,210.07311054374753,209.7917394144852
2024-03-16 00:08:50,0.1086128,0.0248906217177921,1.1730726,210.10315796090885,209.8193273750474
2024-03-16 00:08:54,0.108624867,0.0248912425656335,1.17310186,210.1199256404429,209.83363574923084
2024-03-16 00:08:58,0.108626073,0.0248919465892622,1.17313504,210.11953119525455,209.83078214993387
2024-03-16 00:09:02,0.108637537,0.0248908585141664,1.17308376,210.14677951497544,209.85557146678156
2024-03-16 00:09:07,0.10864357,0.0248916970619001,1.17312328,210.15348156314357,209.85919997402289
2024-03-16 00:09:11,0.108656843,0.0248927340008614,1.17317215,210.16931409160978,209.87257383987145
2024-03-16 00:09:15,0.108667401,0.0248920683823794,1.17314078,210.19235798454469,209.8931592214028
2024-03-16 00:09:19,0.108672831,0.0248911400811812,1.17309703,210.20931562421163,209.90765850087365
2024-03-16 00:09:23,0.108683389,0.0248910185002471,1.1730913,210.2287293483157,209.9246140159825
2024-03-16 00:09:27,0.108688819,0.0248898152097112,1.17303459,210.24752474277315,209.94095135263905
2024-03-16 00:09:32,0.108692439,0.0248896295494715,1.17302584,210.25737237099804,209.9477266212198
2024-03-16 00:09:36,0.108696963,0.0248900136009386,1.17304394,210.26418331264347,209.95207984522747
2024-03-16 00:09:40,0.108710538,0.0248897577080826,1.17303188,210.28910803625885,209.97454700237796
2024-03-16 00:09:44,0.108717175,0.0248891239170703,1.17300201,210.30594784534804,209.98892939616863
2024-03-16 00:09:48,0.108728034,0.0248892904808281,1.17300986,210.32389801016453,210.00442229684631
2024-03-16 00:09:53,0.108730146,0.0248890407412829,1.17299809,210.33186742612244,210.009320345189
2024-03-16 00:09:57,0.108737084,0.0248889255258428,1.17299266,210.34570380741502,210.02069980242797
2024-03-16 00:10:01,0.108742514,0.0248887207691214,1.17298301,210.35783232732476,210.0303715494224
2024-03-16 00:10:05,0.1087582,0.0248898088442172,1.17303429,210.37700588754743,210.0470884878614
2024-03-16 00:10:09,0.108764837,0.0248888614465372,1.17298964,210.3959425757366,210.063568705392
2024-03-16 00:10:14,0.108771473,0.0248889702964834,1.17299477,210.4084335398671,210.07298929370876
2024-03-16 00:10:18,0.108771172,0.0248878054110942,1.17293987,210.41821484183052,210.0803144650208
2024-03-16 00:10:22,0.108781428,0.0248885671485345,1.17297577,210.43126379121964,210.09090743486203
2024-03-16 00:10:26,0.108784445,0.0248874854389326,1.17292479,210.44556408760477,210.1027519027962
2024-03-16 00:10:30,0.108799829,0.0248878565472287,1.17294228,210.46906605654124,210.12379819437209
2024-03-16 00:10:35,0.108803148,0.024888368757307,1.17296642,210.47378679790543,210.12544955149616
2024-03-16 00:10:39,0.108813102,0.0248884005847767,1.17296792,210.49125186635004,210.14045928250908
2024-03-16 00:10:43,0.10881823,0.024887421359627,1.17292177,210.50809704393626,210.1548492737324
2024-03-16 00:10:47,0.10882547,0.0248874086286392,1.17292117,210.52170979315008,210.1660069876455
2024-03-16 00:10:51,0.108827582,0.0248871718322649,1.17291001,210.52897830224725,210.17082061249735
2024-03-16 00:10:55,0.108844173,0.0248881958280552,1.17295827,210.54995796723819,210.18934554429185
2024-03-16 00:11:00,0.108844173,0.0248870373081599,1.17290367,210.56077492883617,210.1970943017966
2024-03-16 00:11:04,0.108850508,0.0248865509844236,1.17288075,210.57617125416544,210.21003623376504
2024-03-16 00:11:08,0.108851111,0.0248861476242915,1.17286174,210.58224608937087,210.2136568266369
2024-03-16 00:11:12,0.108857748,0.0248855267764502,1.17283248,210.59900486354726,210.2279615095003
2024-03-16 00:11:16,0.108862273,0.024886077179492,1.17285842,210.6046972040818,210.23119990973575
2024-03-16 00:11:20,0.108875546,0.0248861285278097,1.17286084,210.62710792708984,210.251156843452
2024-03-16 00:11:25,0.108880976,0.02488488025445,1.17280201,210.64683345769285,210.2678153497841
2024-03-16 00:11:29,0.108880071,0.0248837090035668,1.17274681,210.65574140609522,210.27426984863664
2024-03-16 00:11:33,0.108887009,0.0248848482147972,1.1728005,210.66118240008768,210.27725754406495
2024-03-16 00:11:37,0.108895154,0.02488541156101,1.17282705,210.67232319710288,210.28594519349488
2024-03-16 00:11:41,0.108901187,0.0248854436006628,1.17282856,210.68378930650394,210.29495830628304
2024-03-16 00:11:45,0.108910237,0.0248847011718874,1.17279357,210.7050542423737,210.31377039650533
2024-03-16 00:11:50,0.108917476,0.024885014778555,1.17280835,210.71709317415576,210.32274348351336
2024-03-16 00:11:54,0.108924415,0.0248851811301297,1.17281619,210.72904553814894,210.3322433415073
2024-03-16 00:11:58,0.108933464,0.0248862053381032,1.17286446,210.73848144428888,210.3392268925919
2024-03-16 00:12:02,0.108939498,0.0248868261859445,1.17289372,210.74600587198375,210.3442991161686
2024-03-16 00:12:06,0.108939498,0.0248852515749292,1.17281951,210.75900062726845,210.3548418182656
2024-03-16 00:12:10,0.108948547,0.0248852579404232,1.17281981,210.7752508470128,210.3686401357461
2024-03-16 00:12:15,0.108953374,0.0248842019049801,1.17277004,210.79277096952745,210.38309559265727
2024-03-16 00:12:19,0.108963329,0.0248857060711959,1.17284093,210.80037571620483,210.38824877662475
2024-03-16 00:12:23,0.108963932,0.0248862117035971,1.17286476,210.80036320598776,210.38578485459985
2024-03-16 00:12:27,0.108971775,0.02488541156101,1.17282705,210.82016934995792,210.4031397376575
2024-03-16 00:12:31,0.108976602,0.0248845155116477,1.17278482,210.83600573921885,210.41652501689455
2024-03-16 00:12:36,0.108983841,0.0248850338750368,1.17280925,210.8466698149387,210.4241254172614
2024-03-16 00:12:40,0.108982936,0.0248844962029828,1.17278391,210.8513381183736,210.4263429501472
2024-03-16 00:12:44,0.108989875,0.024884483471995,1.17278331,210.86448803834676,210.43704225043803
2024-03-16 00:12:48,0.108993193,0.0248833313175935,1.17272901,210.879733191767,210.449836935036
2024-03-16 00:12:52,0.108996209,0.0248833953968991,1.17273203,210.88636772816494,210.454021153465
2024-03-16 00:12:56,0.109003751,0.0248845025684768,1.17278421,210.89293609077632,210.45813934895403
2024-03-16 00:13:01,0.109011896,0.0248837921793541,1.17275073,210.9132178010232,210.47535856241583
2024-03-16 00:13:05,0.109014912,0.0248830177109259,1.17271423,210.92547134812426,210.4851622817748
2024-03-16 00:13:09,0.109017627,0.0248824159595663,1.17268587,210.936107274901,210.49334853163415
2024-03-16 00:13:13,0.109020342,0.0248828193196984,1.17270488,210.9400066123703,210.49479834300405
2024-03-16 00:13:17,0.109028487,0.0248822302993267,1.17267712,210.95886396982385,210.51120632516944
2024-03-16 00:13:22,0.109029392,0.0248823520924439,1.17268286,210.96249352836122,210.51177437666465
2024-03-16 00:13:26,0.109040252,0.0248829793057792,1.17271242,210.9773513247167,210.5241831370326
2024-03-16 00:13:30,0.109047492,0.0248832865469529,1.1727269,210.9888158230145,210.53319875013216
2024-03-16 00:13:34,0.10905081,0.0248824223250603,1.17268617,211.0021341093543,210.54406830205627
2024-03-16 00:13:38,0.109053223,0.024882198471857,1.17267562,211.00977489920302,210.5492605082651
2024-03-16 00:13:43,0.10905986,0.024882742509405,1.17270126,211.0193409121977,210.55576600372805
2024-03-16 00:13:47,0.109064686,0.0248825695801532,1.17269311,211.0303313591815,210.5643082062928
2024-03-16 00:13:51,0.109068608,0.0248829345351385,1.17271031,211.03633206779082,210.56786082123676
2024-03-16 00:13:55,0.109076149,0.024883132926366,1.17271966,211.04898555289995,210.57806636342764
2024-03-16 00:13:59,0.109082786,0.0248834144933809,1.17273293,211.0596980705505,210.5863310889002
2024-03-16 00:14:03,0.109080674,0.0248823968630845,1.17268497,211.0657392546627,210.5899246315679
2024-03-16 00:14:08,0.10909455,0.0248833376830875,1.17272931,211.0837159681223,210.6048420051805
2024-03-16 00:14:12,0.109097567,0.0248831840625006,1.17272207,211.091808856002,210.6104875907412
2024-03-16 00:14:16,0.109101187,0.0248823839199136,1.17268436,211.10516068008232,210.62139226321403
2024-03-16 00:14:20,0.10910903,0.0248829793057792,1.17271242,211.11561209075043,210.62939667297928
2024-03-16 00:14:24,0.109117477,0.0248834913036743,1.17273655,211.12754630076324,210.63888403278708
2024-03-16 00:14:28,0.10911446,0.0248821152960697,1.1726717,211.13460844621267,210.6434994787226
2024-03-16 00:14:33,0.10911808,0.0248825759456471,1.17269341,211.14011417895284,210.6459470489693
2024-03-16 00:14:37,0.109122001,0.0248821471235393,1.1726732,211.1514358806738,210.6548223902064
2024-03-16 00:14:41,0.109128035,0.0248820959874048,1.17267079,211.16345622554337,210.664396525261
2024-03-16 00:14:45,0.109132258,0.0248826079852999,1.17269492,211.16892744494342,210.66742168550832
2024-03-16 00:14:49,0.109143419,0.0248833313175935,1.17272901,211.18359394419363,210.67964227626112
2024-03-16 00:14:53,0.109142514,0.0248828577248451,1.17270669,211.1878330405772,210.6814356147958
2024-03-16 00:14:58,0.109146738,0.0248816030859914,1.17264756,211.20577132202675,210.6963169107733
2024-03-16 00:15:02,0.109151564,0.0248825759456471,1.17269341,211.20907100363925,210.6971711734712
2024-03-16 00:15:06,0.109150659,0.0248816223946563,1.17264847,211.21653106623026,210.702185967774
2024-03-16 00:15:10,0.109153072,0.0248810333742846,1.17262071,211.22662106271716,210.70983084659224
2024-03-16 00:15:14,0.109159709,0.0248812063035364,1.17262886,211.23805938801885,210.71882420483792
2024-03-16 00:15:19,0.10916544,0.0248806943056413,1.17260473,211.25332011507538,210.7310289348632
2024-03-16 00:15:23,0.10916725,0.0248812831138298,1.17263248,211.25458147067053,210.729845662256
2024-03-16 00:15:27,0.109175093,0.024881936001324,1.17266325,211.26464228746872,210.7374620014424
2024-03-16 00:15:31,0.109180825,0.0248813855982821,1.17263731,211.27955072391825,210.74992611086373
2024-03-16 00:15:35,0.109186557,0.0248822623389795,1.17267863,211.28487840347057,210.75280961396467
2024-03-16 00:15:40,0.109187462,0.0248803806989736,1.17258995,211.30195085979145,210.76682706145957
2024-03-16 00:15:44,0.109186858,0.0248804702402549,1.17259417,211.30286939152447,210.76530175551403
2024-03-16 00:15:48,0.109190478,0.0248805854556951,1.1725996,211.310077967453,210.7700666443186
2024-03-16 00:15:52,0.1091944,0.0248805150108956,1.17259628,211.31899502879054,210.77654016907977
2024-03-16 00:15:56,0.109204354,0.024880195038734,1.1725812,211.33881643118713,210.7939181854409
2024-03-16 00:16:00,0.109208276,0.0248810079123089,1.17261951,211.34180146124876,210.79445998000108
2024-03-16 00:16:05,0.109207673,0.0248808029434043,1.17260985,211.345309159722,210.79491384577537
2024-03-16 00:16:09,0.109210388,0.024879644423509,1.17255525,211.35968630901505,210.8068480982432
2024-03-16 00:16:13,0.109213103,0.0248800861887878,1.17257607,211.36331611285462,210.8080351557693
2024-03-16 00:16:17,0.109215516,0.0248797085028146,1.17255827,211.3719872885505,210.81426373565645
2024-03-16 00:16:21,0.109221549,0.0248794523977754,1.1725462,211.38538064466414,210.8252146464592
2024-03-16 00:16:26,0.109226979,0.0248802589058564,1.17258421,211.39132427579872,210.8281054325824
2024-03-16 00:16:30,0.109235124,0.02487965736668,1.17255586,211.41026906629645,210.84460811636436
2024-03-16 00:16:34,0.109226979,0.0248786461018776,1.1725082,211.40704200969788,210.83893910352555
2024-03-16 00:16:38,0.109235727,0.0248789276688924,1.17252147,211.42097749047764,210.8504327785337
2024-03-16 00:16:42,0.109238442,0.0248792987771886,1.17253896,211.42508015775925,210.8520937905054
2024-03-16 00:16:46,0.109247492,0.0248805597815362,1.17259839,211.43289693527902,210.85746906317007
2024-03-16 00:16:51,0.109252318,0.0248803934299615,1.17259055,211.44444996898235,210.8659704273712
2024-03-16 00:16:55,0.109257145,0.0248800477836411,1.17257426,211.4565987961234,210.87567808815533
2024-03-16 00:16:59,0.109253827,0.0248796189615333,1.17255405,211.45684435574327,210.8734826318507
2024-03-16 00:17:03,0.109258351,0.0248800668801228,1.17257516,211.46319758062245,210.87739499123077
2024-03-16 00:17:07,0.109260161,0.0248803677558026,1.17258934,211.46638606224653,210.8781427577744
2024-03-16 00:17:11,0.109271323,0.0248806943056413,1.17260473,211.48371030749234,210.89302643835143
2024-03-16 00:17:16,0.109277054,0.0248806622659885,1.17260322,211.49574447294552,210.9020101094744
2024-03-16 00:17:20,0.109276149,0.0248810910880963,1.17262343,211.49391852239106,210.897743932652
2024-03-16 00:17:24,0.109281881,0.0248800414181471,1.17257396,211.51218239368347,210.9135677280657
2024-03-16 00:17:28,0.109281278,0.0248801052852696,1.17257697,211.5132704897666,210.91221589865228
2024-03-16 00:17:32,0.109284596,0.0248794333012936,1.1725453,211.52530319634081,210.92180883010525
2024-03-16 00:17:36,0.109297869,0.0248802014042279,1.1725815,211.54288869172555,210.93695470073703
2024-03-16 00:17:41,0.109300584,0.0248816414911381,1.17264937,211.54041300006025,210.93142968957557
2024-03-16 00:17:45,0.10929998,0.0248803486593208,1.17258844,211.55061742459907,210.93919482766492
2024-03-16 00:17:49,0.109296361,0.0248787997224644,1.17251544,211.55793077848492,210.9440690454471
2024-03-16 00:17:53,0.109302695,0.0248798814320663,1.17256642,211.56279012944037,210.9464894106377
2024-03-16 00:17:57,0.109306014,0.0248795612477216,1.17255133,211.5724595658752,210.95372001163955
2024-03-16 00:18:01,0.109308427,0.0248788699550808,1.17251875,211.58323765105146,210.9620594117078
2024-03-16 00:18:06,0.109312047,0.0248791901394255,1.17253384,211.5896722796243,210.9654458952795
2024-03-16 00:18:10,0.109314158,0.0248786588328654,1.1725088,211.59891273301122,210.9722480017641
2024-03-16 00:18:14,0.10931989,0.0248800989197756,1.17257667,211.60043964916284,210.9713367213156
2024-03-16 00:18:18,0.10932351,0.024880322985162,1.17258723,211.60691009329918,210.97536911914725
2024-03-16 00:18:22,0.10932532,0.0248790044791858,1.17252509,211.62098223354937,210.9870033633811
2024-03-16 00:18:27,0.109328035,0.0248791771962545,1.17253323,211.6270223374948,210.9899963086385
2024-03-16 00:18:31,0.109333766,0.0248788765327578,1.17251906,211.6402507107892,211.00078712403987
2024-03-16 00:18:35,0.109335878,0.0248795292080689,1.17254982,211.641530943691,210.9996299493144
2024-03-16 00:18:39,0.109341308,0.0248798941630542,1.17256702,211.64982253896048,211.00548428721527
2024-03-16 00:18:43,0.109338291,0.0248791580997727,1.17253233,211.65259294696253,211.00581758810043
2024-03-16 00:18:48,0.109337688,0.0248779995798774,1.17247773,211.66250730986482,211.01268577838744
2024-03-16 00:18:52,0.109343419,0.0248780763901708,1.17248135,211.67319705485994,211.0209387543065
2024-03-16 00:18:56,0.109346134,0.0248784795381197,1.17250035,211.67707676830338,211.02238184890285
2024-03-16 00:19:00,0.109356391,0.0248787420086528,1.17251272,211.6934428015643,211.03631141353867
2024-03-16 00:19:04,0.109351564,0.0248779675402246,1.17247622,211.69370200492952,211.03413429849377
2024-03-16 00:19:08,0.109355184,0.0248780634469998,1.17248074,211.701032405588,211.03902853095013
2024-03-16 00:19:13,0.109356391,0.0248778011886499,1.17246838,211.70768838609843,211.0426395124272
2024-03-16 00:19:17,0.109362726,0.0248783706881735,1.17249522,211.7159872752973,211.0485025713662
2024-03-16 00:19:21,0.109371172,0.0248792603720419,1.17253715,211.72536216826197,211.05544178425623
2024-03-16 00:19:25,0.10936906,0.0248791453687848,1.17253173,211.7253396215582,211.052983707656
2024-03-16 00:19:29,0.109377809,0.0248791387911078,1.17253142,211.74120646394243,211.0664151703149
2024-03-16 00:19:34,0.109370267,0.0248783322830268,1.17249341,211.7381353779215,211.0603000708048
2024-03-16 00:19:38,0.109376904,0.0248779995798774,1.17247773,211.75296457862075,211.07269422963807
2024-03-16 00:19:42,0.1093763,0.0248790685584914,1.17252811,211.74728388017866,211.0645786394783
2024-03-16 00:19:46,0.109382635,0.0248788124534523,1.17251604,211.76113504195123,211.07599505967448
2024-03-16 00:19:50,0.10938354,0.0248788444931051,1.17251755,211.7647388810457,211.0771643073267
2024-03-16 00:19:54,0.109384445,0.0248772442079309,1.17244213,211.77932494462587,211.08931592959183
2024-03-16 00:19:59,0.10938354,0.0248771610321436,1.17243821,211.7815425461958,211.0884906906236
2024-03-16 00:20:03,0.109391082,0.0248774619078234,1.17245239,211.79349334879936,211.09800738967252
2024-03-16 00:20:07,0.109396813,0.0248771737631314,1.17243881,211.80663621636162,211.1087163037844
2024-03-16 00:20:11,0.10939259,0.0248765913204368,1.17241136,211.80652706354329,211.1061733476128
2024-03-16 00:20:15,0.109401338,0.0248771419356618,1.17243731,211.81864237158692,211.11585500239343
2024-03-16 00:20:19,0.109399226,0.0248775194094519,1.1724551,211.81530373893565,211.1100828665622
2024-03-16 00:20:24,0.109409784,0.0248778202851316,1.17246928,211.8324770022833,211.12421446197845
2024-03-16 00:20:28,0.109408276,0.0248778075541438,1.17246868,211.83268824364706,211.12199253782336
2024-03-16 00:20:32,0.109411594,0.0248771610321436,1.17243821,211.84454975654677,211.13142103526425
2024-03-16 00:20:36,0.109414008,0.0248780763901708,1.17248135,211.84451618953165,211.1289546028434
2024-03-16 00:20:40,0.109414008,0.0248762265776346,1.17239417,211.85939894919738,211.14140464714936
2024-03-16 00:20:44,0.109412801,0.0248757720813679,1.17237275,211.86304360539108,211.14261673802213
2024-03-16 00:20:49,0.109415818,0.024876162498329,1.17239115,211.86807324192722,211.14460587888848
2024-03-16 00:20:53,0.109419136,0.0248765658584611,1.17241016,211.87286805206972,211.1469684612716
2024-03-16 00:20:57,0.109424566,0.0248766810739012,1.17241559,211.8828342325329,211.1545025639912
2024-03-16 00:21:01,0.109426677,0.0248763161189159,1.17239839,211.89095341815312,211.1601898218766
2024-03-16 00:21:05,0.109427582,0.0248761304586762,1.17238964,211.89601999446293,211.1628246204532
2024-03-16 00:21:10,0.109435124,0.0248766490342484,1.17241408,211.9071103039441,211.17087541869685
2024-03-16 00:21:14,0.10943814,0.0248772058027842,1.17244032,211.91040898164945,211.1717426561467
2024-03-16 00:21:18,0.109439649,0.0248777180128625,1.17246446,211.91170132930077,211.17060371352105
2024-03-16 00:21:22,0.109440252,0.0248773530578771,1.17244726,211.9175120602567,211.17398330417143
2024-03-16 00:21:26,0.109441459,0.0248759577416076,1.1723815,211.9311840120764,211.18522426564985
2024-03-16 00:21:31,0.109439045,0.0248746840062721,1.17232147,211.9391043318233,211.19010605834671
2024-03-16 00:21:35,0.109439649,0.0248754905143531,1.17235948,211.93702899697848,211.1856000705543
2024-03-16 00:21:39,0.109444174,0.0248754905143531,1.17235948,211.94638454789464,211.192525118464
2024-03-16 00:21:43,0.109444174,0.0248758552571553,1.17237667,211.9463590299384,211.19006924743536
2024-03-16 00:21:47,0.109449604,0.0248747544510716,1.17232479,211.96451171477923,211.20579172913068
2024-03-16 00:21:51,0.109451715,0.0248750744232332,1.17233987,211.9680178399651,211.2068678010908
2024-03-16 00:21:56,0.109457447,0.0248757145797394,1.17237004,211.9755167297639,211.21132933517117
2024-03-16 00:22:00,0.109456843,0.0248752664489667,1.17234892,211.98003984372812,211.21342273320292
2024-03-16 00:22:04,0.109459558,0.024875368933419,1.17235375,211.9859343495013,211.21688767294023
2024-03-16 00:22:08,0.109464083,0.0248760793225416,1.17238723,211.99050485578726,211.2190287630797
2024-03-16 00:22:12,0.109468005,0.0248759513761136,1.1723812,211.99979791368386,211.2258925547121
2024-03-16 00:22:17,0.10947434,0.024876034551901,1.17238512,212.01196908797843,211.2350273569373
2024-03-16 00:22:21,0.109477055,0.0248763354275808,1.1723993,212.0165266072007,211.23715594710416
2024-03-16 00:22:25,0.109480976,0.0248764570085149,1.17240503,212.02413707049377,211.24233763120083
2024-03-16 00:22:29,0.109480071,0.0248770074115567,1.17243097,212.02147384302015,211.2372457743826
2024-03-16 00:22:33,0.109479166,0.0248758041210207,1.17237426,212.03062152246426,211.24396497432667
2024-03-16 00:22:37,0.109482484,0.0248756184607811,1.17236551,212.0393782255199,211.2502933477198
2024-03-16 00:22:42,0.109484294,0.0248755225540059,1.17236099,212.04582949701512,211.2537094178348
2024-03-16 00:22:46,0.109484294,0.024875368933419,1.17235375,212.0492922598641,211.25474418812928
2024-03-16 00:22:50,0.109487613,0.0248753880299008,1.17235465,212.0566709805081,211.2596950660329
2024-03-16 00:22:54,0.109490026,0.0248762906569401,1.17239719,212.0567114945455,211.25730788713685
2024-03-16 00:22:58,0.109491233,0.0248757593503801,1.17237215,212.06456508337578,211.26273393283336
2024-03-16 00:23:02,0.109500584,0.0248764056601972,1.17240261,212.07694945879078,211.27269091490723
2024-03-16 00:23:07,0.109503902,0.0248768858306226,1.17242524,212.08182662297696,211.27453404805172
2024-03-16 00:23:11,0.109501187,0.0248761240931823,1.17238934,212.0852301302616,211.27551049900205
2024-03-16 00:23:15,0.109502092,0.024877237842437,1.17244183,212.08153947948966,211.26939294166496
2024-03-16 00:23:19,0.109506919,0.0248767065358769,1.17241679,212.09493221074456,211.2803589161167
2024-03-16 00:23:23,0.109512952,0.0248773530578771,1.17244726,212.1022359547003,211.2852360530239
2024-03-16 00:23:27,0.10951265,0.0248773082872365,1.17244515,212.10450185964933,211.285075500672
2024-03-16 00:23:32,0.109516874,0.0248765529152901,1.17240955,212.11908777826653,211.2966285582344
2024-03-16 00:23:36,0.10951265,0.0248761434018472,1.17239025,212.11780859725923,211.29292325683167
2024-03-16 00:23:40,0.109515969,0.0248767065358769,1.17241679,212.12151992032878,211.2942086092298
2024-03-16 00:23:44,0.109522303,0.0248767322100358,1.172418,212.13346605259486,211.3037289205412
2024-03-16 00:23:48,0.109521398,0.0248768665219577,1.17242433,212.13360181576937,211.30143901247072
2024-03-16 00:23:53,0.109529543,0.0248764761049967,1.17240593,212.15172911809773,211.3165344362608
2024-03-16 00:23:57,0.109529543,0.0248762586172874,1.17239568,212.15561993566664,211.31799991940477
2024-03-16 00:24:01,0.109524415,0.0248756761745927,1.17236823,212.1541218298485,211.3140766288477
2024-03-16 00:24:05,0.10952713,0.024875893662302,1.17237848,212.15923646661736,211.3167662305565
2024-03-16 00:24:09,0.109528337,0.0248740631584307,1.17229221,212.17584417217662,211.33094905072716
2024-03-16 00:24:14,0.109531052,0.0248744919805385,1.17231242,212.18014042989583,211.3322144121753
2024-03-16 00:24:18,0.109529543,0.024874562425338,1.17231574,212.17978070385809,211.32943013748348
2024-03-16 00:24:22,0.109530147,0.0248750744232332,1.17233987,212.17967911432967,211.32690414894896
2024-03-16 00:24:26,0.109533766,0.0248743319944577,1.17230488,212.19264565018335,211.33744643543724
2024-03-16 00:24:30,0.109538895,0.0248751064628859,1.17234138,212.1977000697107,211.34007675523267
2024-03-16 00:24:34,0.109533163,0.0248736470673108,1.1722726,212.20118703461577,211.341139770032
2024-03-16 00:24:39,0.109538291,0.024874959207793,1.17233444,212.20322177036945,211.34014477855413
2024-03-16 00:24:43,0.109541911,0.0248751575990205,1.17234379,212.2098486068809,211.34434800159212
2024-03-16 00:24:47,0.1095398,0.024873077355604,1.17224575,212.22306232997894,211.3551382608192
2024-03-16 00:24:51,0.109540403,0.0248732373416848,1.17225329,212.2253301803774,211.35498279694195
2024-03-16 00:24:55,0.10954161,0.0248723540233104,1.17221166,212.23555520577577,211.36278465765253
2024-03-16 00:25:00,0.109545833,0.0248734998122179,1.17226566,212.23732393507552,211.3615246414395
2024-03-16 00:25:04,0.109548548,0.0248741654306999,1.17229703,212.23941545886552,211.361193337088
2024-03-16 00:25:08,0.109550358,0.0248742488186704,1.17230096,212.24404631627456,211.36340151591972
2024-03-16 00:25:12,0.109560614,0.0248751064628859,1.17234138,212.25638451601532,211.3733171866401
2024-03-16 00:25:16,0.109556391,0.0248749014939814,1.17233172,212.25372530389313,211.3682355950472
2024-03-16 00:25:20,0.109560011,0.024874959207793,1.17233444,212.26129887667815,211.37338693790383
2024-03-16 00:25:25,0.109563027,0.0248746328701375,1.17231906,212.27114232513543,211.38020280923337
2024-03-16 00:25:29,0.109558503,0.0248740438497658,1.1722913,212.27061088178368,211.3772494723967
2024-03-16 00:25:33,0.109557899,0.0248732886900025,1.17225571,212.2771990920623,211.38141593870895
2024-03-16 00:25:37,0.109565742,0.0248745047115264,1.17231302,212.28342687532063,211.3852221275122
2024-03-16 00:25:41,0.109567251,0.0248742358754994,1.17230035,212.2899702855912,211.38934409283155
2024-03-16 00:25:45,0.109567251,0.0248741911048587,1.17229824,212.29269341522613,211.3896459270118
2024-03-16 00:25:50,0.109567854,0.0248740183877901,1.1722901,212.29780717718657,211.3917332798723
2024-03-16 00:25:54,0.109569664,0.0248739863481373,1.17228859,212.30321444214093,211.3947195857125
2024-03-16 00:25:58,0.109572077,0.0248730005453106,1.17224213,212.31597527179161,211.40505960572176
2024-03-16 00:26:02,0.109573284,0.0248738647672032,1.17228286,212.31441625254473,211.4010799262988
2024-03-16 00:26:06,0.109577507,0.0248739349998196,1.17228617,212.3228268193404,211.40706998237647
2024-03-16 00:26:10,0.109573284,0.024873755917257,1.17227773,212.31999103929044,211.40181384105912
2024-03-16 00:26:15,0.109572077,0.0248719572408554,1.17219296,212.33329714379192,211.41209470413028
2024-03-16 00:26:19,0.10957449,0.0248736918379514,1.17227471,212.3277142440052,211.40409177931335
2024-03-16 00:26:23,0.109578412,0.0248737238776042,1.17227622,212.3359210318005,211.4098786915052
2024-03-16 00:26:27,0.10958173,0.0248731862055502,1.17225088,212.3470448356893,211.41858276921005
2024-03-16 00:26:31,0.109586557,0.0248736597982987,1.1722732,212.35365903140897,211.42277738815773
2024-03-16 00:26:36,0.10958716,0.0248735061777118,1.17226596,212.35864216393745,211.4247362598207
2024-03-16 00:26:40,0.109583842,0.0248732886900025,1.17225571,212.3574494784694,211.4211243337308
2024-03-16 00:26:44,0.109585049,0.0248727894230952,1.17223218,212.36508286412501,211.42633862815268
2024-03-16 00:26:48,0.109595305,0.0248738390930444,1.17228165,212.37612099652893,211.4349578187035
2024-03-16 00:26:52,0.109589272,0.0248736343363229,1.172272,212.37068660211105,211.4271046318058
2024-03-16 00:26:57,0.109597718,0.0248733973277656,1.17226083,212.38823563467363,211.4416303838136
2024-03-16 00:27:01,0.109598322,0.0248744792495507,1.17231182,212.38428218483955,211.43525847756263
2024-03-16 00:27:05,0.109597417,0.024873346191631,1.17225842,212.3929565576447,211.44151454330017
2024-03-16 00:27:09,0.109594702,0.0248728405592298,1.17223459,212.39462918415322,211.4407690120829
2024-03-16 00:27:13,0.10960526,0.0248731478004035,1.17224907,212.41113540036017,211.4548572198986
2024-03-16 00:27:18,0.109603148,0.0248732373416848,1.17225329,212.41032107744257,211.45102059648215
2024-03-16 00:27:22,0.109603751,0.0248736597982987,1.1722732,212.41081243333636,211.4490942799601
2024-03-16 00:27:26,0.109602545,0.024872552626721,1.17222102,212.41885157633047,211.4547158998488
2024-03-16 00:27:30,0.109606165,0.0248729878143227,1.17224153,212.42387458869706,211.45732153841283
2024-03-16 00:27:34,0.109606466,0.0248735318518707,1.17226717,212.4230830837541,211.4541128089629
2024-03-16 00:27:38,0.109606165,0.0248735829880052,1.17226958,212.42469454925578,211.4533071992457
2024-03-16 00:27:43,0.109609181,0.0248730069108045,1.17224243,212.43621763083283,211.46180914672428
2024-03-16 00:27:47,0.109609483,0.0248730262194695,1.17224334,212.4389663835782,211.46214116012183
2024-03-16 00:27:51,0.109606768,0.0248722388078702,1.17220623,212.44253854353647,211.46329672999624
2024-03-16 00:27:55,0.109607673,0.0248723092526697,1.17220955,212.44586507470788,211.4642068203403
2024-03-16 00:27:59,0.10961431,0.0248734293674184,1.17226234,212.45088473014184,211.466810184196
2024-03-16 00:28:03,0.109616421,0.0248722260768824,1.17220563,212.46464903683213,211.47815834854964
2024-03-16 00:28:08,0.109618834,0.0248730262194695,1.17224334,212.46596483047654,211.4764541741329
2024-03-16 00:28:12,0.10961431,0.0248728916953644,1.172237,212.46236345406686,211.47043699115292
2024-03-16 00:28:16,0.109623661,0.0248727701144303,1.17223127,212.47991240519292,211.48557028492613
2024-03-16 00:28:20,0.109623661,0.024873621393152,1.17227139,212.47658523393625,211.4798276055265
2024-03-16 00:28:24,0.109617929,0.024871067556987,1.17215103,212.48745549138604,211.48828250403577
2024-03-16 00:28:28,0.109626376,0.0248727701144303,1.17223127,212.49131421222876,211.48972601513304
2024-03-16 00:28:33,0.109626376,0.0248728662333887,1.1722358,212.4936845656683,211.4890775661848
2024-03-16 00:28:37,0.109619136,0.0248713747981607,1.17216551,212.49507912990333,211.48805725633568
2024-03-16 00:28:41,0.109622756,0.024871464339442,1.17216973,212.5024310174363,211.49299441895528
2024-03-16 00:28:45,0.109624868,0.0248716179600289,1.17217697,212.5070420424093,211.49519086817804
2024-03-16 00:28:49,0.109628789,0.0248723349268286,1.17221076,212.51062112893516,211.49635552810943
2024-03-16 00:28:53,0.109627884,0.0248704403436518,1.17212147,212.52443332022304,211.50775344195108
2024-03-16 00:28:58,0.109632409,0.0248725012784033,1.1722186,212.5204717633976,211.50077424804613
2024-03-16 00:29:02,0.109634822,0.0248719188357087,1.17219115,212.5305091308223,211.50839767358065
2024-03-16 00:29:06,0.109632711,0.024870677140026,1.17213263,212.53807003055155,211.5135447805436
2024-03-16 00:29:10,0.109630297,0.0248705746555737,1.1721278,212.53747986984547,211.51054097618763
2024-03-16 00:29:14,0.109626376,0.0248706260038914,1.17213022,212.53354459686938,211.5041922086704
2024-03-16 00:29:19,0.109631504,0.0248712916223734,1.17216159,212.53991981303818,211.50755076633575
2024-03-16 00:29:23,0.109633012,0.0248712659482145,1.17216038,212.54481460064991,211.51003239487383
2024-03-16 00:29:27,0.109633616,0.0248705810210676,1.1721281,212.55277398238638,211.515578766621
2024-03-16 00:29:31,0.109639046,0.0248721172269362,1.1722005,212.55313286113025,211.51352478445256
2024-03-16 00:29:35,0.109635727,0.0248714709171191,1.17217004,212.5548261280738,211.5128053395531
2024-03-16 00:29:40,0.109640856,0.0248714132033075,1.17216732,212.56608248327515,211.521046014568
2024-03-16 00:29:44,0.109644174,0.0248710932311459,1.17215224,212.5757331799103,211.52828433473863
2024-03-16 00:29:48,0.109637236,0.0248698769974389,1.17209492,212.57573242862014,211.5258713560289
2024-03-16 00:29:52,0.109644174,0.0248708114519479,1.17213896,212.5824590702201,211.53018591924655
2024-03-16 00:29:56,0.109645682,0.0248709012054123,1.17214319,212.58657371952827,211.53188863920224
2024-03-16 00:30:01,0.109639649,0.0248700435611967,1.17210277,212.58614097957104,211.528441197116
2024-03-16 00:30:05,0.109642665,0.0248699538077323,1.17209854,212.59377532168813,211.53366394517
2024-03-16 00:30:09,0.109645079,0.0248703058195467,1.17211513,212.59750649918638,211.5349836776104
2024-03-16 00:30:13,0.109644174,0.0248695761217591,1.17208074,212.60345716065294,211.5385230430167
2024-03-16 00:30:17,0.109646587,0.0248697617819988,1.17208949,212.60830920744772,211.54096394274143
2024-03-16 00:30:21,0.109648095,0.0248701842386126,1.1721094,212.61017746507565,211.54042120228183
2024-03-16 00:30:26,0.109654129,0.0248712659482145,1.17216038,212.615127327319,211.54235752641085
2024-03-16 00:30:30,0.109657145,0.0248710611914931,1.17215073,212.62353671173278,211.5483562479201
2024-03-16 00:30:34,0.109654732,0.0248712788913855,1.17216099,212.6207842014825,211.5431932237232
2024-03-16 00:30:38,0.109651112,0.0248697042803703,1.17208678,212.62828052085342,211.5482791780978
2024-03-16 00:30:42,0.109651414,0.0248698899406099,1.17209553,212.629899930812,211.5474883720028
2024-03-16 00:30:46,0.109655939,0.0248709907466936,1.17214741,212.6318072022648,211.54698557633725
2024-03-16 00:30:51,0.109656843,0.0248704658056275,1.17212267,212.63974645462207,211.55191245422495
2024-03-16 00:30:55,0.109661368,0.0248702546834121,1.17211272,212.65050824462352,211.5602645121843
2024-03-16 00:30:59,0.109665893,0.0248713941068257,1.17216642,212.65215381493243,211.5595004993616
2024-03-16 00:31:03,0.109666497,0.0248719445098675,1.17219236,212.65177286558264,211.55671011578303
2024-03-16 00:31:07,0.109669513,0.0248716629428527,1.17217909,212.66069933371372,211.56322729858056
2024-03-16 00:31:11,0.109669513,0.0248713107188552,1.17216249,212.6654859215065,211.56560474992745
2024-03-16 00:31:16,0.109671926,0.0248717908892807,1.17218512,212.66894977250615,211.56605738973133
2024-03-16 00:31:20,0.109673435,0.0248714004723196,1.17216672,212.67630378861202,211.5710026043606
2024-03-16 00:31:24,0.109671323,0.0248711700414393,1.17215586,212.6770348739297,211.56932503706452
2024-03-16 00:31:28,0.109679166,0.0248726996696308,1.17222795,212.6811240569201,211.5710057162964
2024-03-16 00:31:32,0.109675546,0.0248726742076551,1.17222675,212.67816316948247,211.5656364739479
2024-03-16 00:31:36,0.109676753,0.0248721365356011,1.17220141,212.68604808605585,211.5711131844503
2024-03-16 00:31:41,0.109672228,0.0248710548259992,1.17215043,212.68943307400735,211.57148812410767
2024-03-16 00:31:45,0.10967253,0.0248709650725348,1.1721462,212.69290910461547,211.5725562835068
2024-03-16 00:31:49,0.109681881,0.0248718165634395,1.17218633,212.7038832014484,211.5811226579459
2024-03-16 00:31:53,0.109675546,0.0248709587070408,1.1721459,212.7023842549197,211.57721613783085
2024-03-16 00:31:57,0.109678865,0.0248715411497355,1.17217335,212.705940598629,211.5783650567536
2024-03-16 00:32:02,0.10967796,0.0248708243951189,1.17213957,212.71240279226012,211.58181817863957
2024-03-16 00:32:06,0.109681881,0.0248699090370917,1.17209643,212.7269919342904,211.5940002306549
2024-03-16 00:32:10,0.109675848,0.0248700690231725,1.17210397,212.71908311329858,211.58368446842303
2024-03-16 00:32:14,0.109680675,0.0248709075709063,1.17214349,212.72321824629805,211.58541280894968
2024-03-16 00:32:18,0.109678563,0.0248707923554661,1.17213806,212.72316962738125,211.58295754631968
2024-03-16 00:32:23,0.109686104,0.0248710418828282,1.17214982,212.73603694549013,211.59281676896845
2024-03-16 00:32:27,0.109684898,0.0248706514658671,1.17213142,212.73923287152076,211.5936063859668
2024-03-16 00:32:31,0.109682786,0.024871752484134,1.17218331,212.7309731940494,211.58294054819777
2024-03-16 00:32:35,0.109682183,0.0248703508023705,1.17211725,212.74191869894867,211.59148004152627
2024-03-16 00:32:39,0.109687311,0.0248702162782654,1.17211091,212.7530829355468,211.60023841527288
2024-03-16 00:32:43,0.109694551,0.0248707475848255,1.17213595,212.76298469252194,211.607734458108
2024-03-16 00:32:48,0.109695456,0.0248718867960559,1.17218964,212.7596855434637,211.60142837548864
2024-03-16 00:32:52,0.109693646,0.0248716756738405,1.17217969,212.76074558800428,211.600083040462
2024-03-16 00:32:56,0.109693948,0.0248710291518403,1.17214922,212.76797808596862,211.6049103075456
2024-03-16 00:33:00,0.109692439,0.024870408303999,1.17211996,212.77226497089129,211.60679211026635
2024-03-16 00:33:04,0.109698171,0.0248719699718432,1.17219356,212.77290061647594,211.6050228223201
2024-03-16 00:33:09,0.109694551,0.0248704594401335,1.17212237,212.78056373870234,211.60967998668983
2024-03-16 00:33:13,0.109695758,0.0248709139364002,1.17214379,212.78174733220004,211.6084589811383
2024-03-16 00:33:17,0.109698774,0.024871195503415,1.17215706,212.78686760116878,211.6111747997038
2024-03-16 00:33:21,0.109690026,0.0248689745825827,1.17205239,212.79087595709282,211.6127788538628
2024-03-16 00:33:25,0.109694249,0.0248701587766369,1.1721082,212.79174902530144,211.6112477689369
2024-03-16 00:33:29,0.109694249,0.0248691218376756,1.17205933,212.8011548770126,211.61824961613632
2024-03-16 00:33:34,0.109698472,0.0248700946973313,1.17210518,212.8040553465601,211.61814528903307
2024-03-16 00:33:38,0.109704807,0.0248708882622413,1.17214258,212.8107984197333,211.6224846920674
2024-03-16 00:33:42,0.109706014,0.0248711764069332,1.17215616,212.81310397265264,211.62238672344543
2024-03-16 00:33:46,0.109701791,0.0248708691657595,1.17214168,212.8111173135104,211.61799669135175
2024-03-16 00:33:50,0.109704807,0.024870536250427,1.17212599,212.82038549401562,211.6248616474876
2024-03-16 00:33:54,0.109705109,0.0248700178870379,1.17210156,212.8267512576046,211.62882433528148
2024-03-16 00:33:59,0.109702696,0.0248707282761605,1.17213504,212.82126397033798,211.62033341219177
2024-03-16 00:34:03,0.109706014,0.024870945976053,1.1721453,212.82727597824936,211.6239426785719
2024-03-16 00:34:07,0.109710539,0.0248718613340802,1.17218844,212.83042457923463,211.62468868657496
2024-03-16 00:34:11,0.109708126,0.0248700753886664,1.17210427,212.84119299746686,211.63305466036624
2024-03-16 00:34:15,0.109706014,0.024869736320023,1.17208829,212.84265183259623,211.6321111995882
2024-03-16 00:34:19,0.109707522,0.0248703698988523,1.17211815,212.84308399313613,211.6301412127464
2024-03-16 00:34:24,0.109706617,0.02486947384949,1.17207592,212.85075209686448,211.63480684110004
2024-03-16 00:34:28,0.109712952,0.0248705875987447,1.17212841,212.85533063895582,211.6369835699641
2024-03-16 00:34:32,0.109710539,0.0248703635333583,1.17211785,212.85555150410391,211.6348027703852
2024-03-16 00:34:36,0.109711745,0.0248692304754387,1.17206445,212.86745123127602,211.644300981323
2024-03-16 00:34:40,0.109711142,0.0248698899406099,1.17209553,212.86447575466931,211.63892413696672
2024-03-16 00:34:45,0.10971627,0.0248692304754387,1.17206445,212.8797815209721,211.65122840237743
2024-03-16 00:34:49,0.10971627,0.0248700499266907,1.17210307,212.8766481527503,211.64569400046827
2024-03-16 00:34:53,0.109716874,0.0248703187627177,1.17211574,212.8781580939433,211.64480305643335
2024-03-16 00:34:57,0.109713254,0.0248693202289031,1.17206868,212.88176073664792,211.6460049623616
2024-03-16 00:35:01,0.109712952,0.0248693202289031,1.17206868,212.88369898908465,211.64554262646575
2024-03-16 00:35:06,0.109710841,0.0248690450273822,1.17205571,212.8853263829235,211.644169493626
2024-03-16 00:35:10,0.109711444,0.0248687761913552,1.17204304,212.89046547319796,211.64690832953767
2024-03-16 00:35:14,0.109715064,0.0248687632481842,1.17204243,212.8984950530745,211.65253780346976
2024-03-16 00:35:18,0.109718985,0.0248691025290107,1.17205842,212.90460628037954,211.6562490732408
2024-03-16 00:35:22,0.109713857,0.0248676688075944,1.17199085,212.9088393106938,211.6580822944237
2024-03-16 00:35:26,0.109715365,0.0248689425429299,1.17205088,212.90494430520877,211.65178762820204
2024-03-16 00:35:31,0.109716572,0.0248685521259688,1.17203248,212.9124285427521,211.65627249849285
2024-03-16 00:35:35,0.109719287,0.0248680785332204,1.17201016,212.9221834691282,211.66362809799188
2024-03-16 00:35:39,0.10971808,0.024869454540825,1.17207501,212.91344057954996,211.65248602990584
2024-03-16 00:35:43,0.109718382,0.024868923234265,1.17204997,212.91989050777616,211.6565369279856
2024-03-16 00:35:47,0.109722002,0.024868788922343,1.17204364,212.92873866625436,211.6629862046709
2024-03-16 00:35:52,0.10971989,0.0248691282031695,1.17205963,212.92621201883617,211.65746116362172
2024-03-16 00:35:56,0.109723812,0.024869185704798,1.17206234,212.93422651704188,211.66307711380117
2024-03-16 00:36:00,0.109725923,0.0248689105032771,1.17204937,212.94171564455064,211.6681678416115
2024-03-16 00:36:04,0.109727733,0.0248691345686635,1.17205993,212.9453713870176,211.6694253327002
2024-03-16 00:36:08,0.109727733,0.0248694097701844,1.1720729,212.94591057317237,211.6675664157888
2024-03-16 00:36:12,0.109725923,0.0248687505171963,1.17204183,212.9499906399674,211.66924852782196
2024-03-16 00:36:17,0.109727432,0.0248700690231725,1.17210397,212.94639204671037,211.66265269965345
2024-03-16 00:36:21,0.109730147,0.0248697170113581,1.17208738,212.9553236988975,211.66918673073437
2024-03-16 00:36:25,0.10972894,0.0248697490510109,1.17208889,212.95565695607004,211.66712251507937
2024-03-16 00:36:29,0.109733465,0.0248690257187173,1.1720548,212.96986775105117,211.6789359855036
2024-03-16 00:36:33,0.10973075,0.0248695122546367,1.17207773,212.96482188786422,211.6714929460226
2024-03-16 00:36:37,0.10973256,0.0248701074283192,1.17210578,212.96596962430604,211.67024365442515
2024-03-16 00:36:42,0.109735878,0.0248699283457566,1.17209734,212.97525483650207,211.67653279004352
2024-03-16 00:36:46,0.109734068,0.0248708371261068,1.17214017,212.96874222934744,211.66762348839416
2024-03-16 00:36:50,0.109734973,0.024869736320023,1.17208829,212.979959733206,211.6764444459871
2024-03-16 00:36:54,0.109735275,0.0248694097701844,1.1720729,212.98502432408787,211.67911263882456
2024-03-16 00:36:58,0.109736482,0.0248693649995438,1.17207079,212.989570833967,211.68126289887255
2024-03-16 00:37:02,0.10973618,0.0248697554165048,1.17208919,212.9888672858518,211.6781632491315
2024-03-16 00:37:07,0.109735878,0.0248687825568491,1.17204334,212.9979717833395,211.6842728279885
2024-03-16 00:37:11,0.109737688,0.0248693522685559,1.17207019,212.99928992097935,211.68319519743545
2024-03-16 00:37:15,0.109734973,0.0248683473692474,1.17202283,213.004317594801,211.6858272512437
2024-03-16 00:37:19,0.1097398,0.0248690897980228,1.17205782,213.00908745474317,211.688201639344
2024-03-16 00:37:23,0.109736482,0.0248692304754387,1.17206445,213.00545278495755,211.6821716458801
2024-03-16 00:37:28,0.109738593,0.0248692881892503,1.17206717,213.0112886522231,211.68501356689063
2024-03-16 00:37:32,0.109741006,0.0248688593671425,1.17204696,213.0202747602444,211.69160468457267
2024-03-16 00:37:36,0.109741911,0.0248689425429299,1.17205088,213.02349319778787,211.69242827991445
2024-03-16 00:37:40,0.109748246,0.024868916868771,1.17204967,213.03575995525028,211.70230034330496
2024-03-16 00:37:44,0.109748246,0.0248704467091457,1.17212177,213.02781920086463,211.69196504296912
2024-03-16 00:37:49,0.109746135,0.024869198647969,1.17206295,213.03601191004182,211.6971647779926
2024-03-16 00:37:53,0.109747643,0.0248707091796787,1.17213414,213.03051022170592,211.68926887695127
2024-03-16 00:37:57,0.109751263,0.0248704403436518,1.17212147,213.04026205763452,211.6966266482703
2024-03-16 00:38:01,0.10975247,0.0248699410767445,1.17209794,213.0478766734962,211.70184734761008
2024-03-16 00:38:05,0.109752771,0.0248695186201306,1.17207803,213.0535854069099,211.7051623125817
2024-03-16 00:38:10,0.10975066,0.0248699538077323,1.17209854,213.0504055061709,211.6989904095152
2024-03-16 00:38:14,0.109751263,0.0248692561495975,1.17206566,213.05843550313682,211.70462697118936
2024-03-16 00:38:18,0.109748548,0.0248699667509033,1.17209915,213.05187154995488,211.6956697307694
2024-03-16 00:38:22,0.109750358,0.0248691729738102,1.17206174,213.06239837724002,211.70380341886235
2024-03-16 00:38:26,0.109752771,0.0248693777305316,1.17207139,213.06710214897015,211.706114199438
2024-03-16 00:38:30,0.109750358,0.0248684816811693,1.17202916,213.0718548953117,211.7084741026548
2024-03-16 00:38:35,0.109749151,0.0248694290788493,1.17207381,213.06659692119374,211.70022528278545
2024-03-16 00:38:39,0.109750961,0.0248685841656216,1.17203399,213.077468990249,211.7087048417535
2024-03-16 00:38:43,0.109747341,0.0248686480327441,1.172037,213.07388766080553,211.70273115022644
2024-03-16 00:38:47,0.109755184,0.0248690257187173,1.1720548,213.08573546627912,211.71218674161204
2024-03-16 00:38:51,0.109753978,0.0248697554165048,1.17208919,213.08135108660943,211.70541029584192
2024-03-16 00:38:55,0.109756994,0.0248686737069029,1.17203821,213.09566898139417,211.7173362725057
2024-03-16 00:39:00,0.109757899,0.0248703955730111,1.17211936,213.0884103723117,211.70708797385592
2024-03-16 00:39:04,0.109755184,0.024868392139888,1.17202494,213.10018169760258,211.7164677139503
2024-03-16 00:39:08,0.109753374,0.0248687184775436,1.17204032,213.09759703020592,211.71149160931043
2024-03-16 00:39:12,0.109755184,0.0248685584914628,1.17203278,213.10384039689296,211.71534368669955
2024-03-16 00:39:16,0.109757899,0.0248683216950885,1.17202162,213.11198824084494,211.72110038929077
2024-03-16 00:39:20,0.109758201,0.0248678799298098,1.1720008,213.11782675040055,211.7245479054148
2024-03-16 00:39:25,0.109764838,0.0248694865804778,1.17207652,213.12011993552144,211.7238525567592
2024-03-16 00:39:29,0.109761519,0.0248702994540528,1.17211483,213.11193720018457,211.71327916080173
2024-03-16 00:39:33,0.109761218,0.0248690257187173,1.1720548,213.1224731188071,211.72142456670647
2024-03-16 00:39:37,0.109762726,0.0248690320842112,1.1720551,213.12712916213528,211.72369024521169
2024-03-16 00:39:41,0.109762424,0.0248696979148763,1.17208648,213.12455807736237,211.71872894350253
2024-03-16 00:39:45,0.109767854,0.024869601795918,1.17208195,213.13591052918426,211.7276913262667
2024-03-16 00:39:50,0.109770569,0.0248691536651453,1.17206083,213.1460825697389,211.7348759884412
2024-03-16 00:39:54,0.109762726,0.0248687761913552,1.17204304,213.13901567417454,211.72541935651637
2024-03-16 00:39:58,0.109770267,0.0248709650725348,1.1721462,213.13815985659275,211.7221739504264
2024-03-16 00:40:02,0.109771776,0.0248705042107742,1.17212448,213.1459732580627,211.7275979112323
2024-03-16 00:40:06,0.109769362,0.0248695442942895,1.17207924,213.1511531540564,211.73038851439796
2024-03-16 00:40:11,0.109773586,0.0248700562921846,1.17210337,213.15714646180564,211.73339541399423
2024-03-16 00:40:15,0.109772681,0.024869736320023,1.17208829,213.1603120883573,211.73417208031927
2024-03-16 00:40:19,0.109766044,0.0248682192106363,1.17201679,213.16279180977864,211.73426298932364
2024-03-16 00:40:23,0.109767552,0.0248682512502891,1.1720183,213.1672727215419,211.73635523647135
2024-03-16 00:40:27,0.109769966,0.0248691729738102,1.17206174,213.167128347158,211.73382234526537
2024-03-16 00:40:32,0.109773887,0.0248695186201306,1.17207803,213.17378090690374,211.73748946680544
2024-03-16 00:40:36,0.109769664,0.0248687314207145,1.17204093,213.17502344787897,211.7363438234638
2024-03-16 00:40:40,0.109773284,0.0248702290092533,1.17211151,213.17283366911923,211.7317660081541
2024-03-16 00:40:44,0.109773284,0.0248696145269058,1.17208255,213.17937377862444,211.7359182288681
2024-03-16 00:40:48,0.109769061,0.024868001722927,1.17200654,213.18619512232922,211.74035183153225
2024-03-16 00:40:53,0.109772379,0.0248687825568491,1.17204334,213.1889826240059,211.74015486466996
2024-03-16 00:40:57,0.109769362,0.0248695313511185,1.17207863,213.18169114239123,211.73047597442363
2024-03-16 00:41:01,0.109770871,0.0248681103606901,1.17201166,213.19599122756145,211.74238879868625
2024-03-16 00:41:05,0.109773586,0.0248684753156754,1.17202886,213.20006862795015,211.74407908588324
2024-03-16 00:41:09,0.109774792,0.0248688145965019,1.17204485,213.20200909681301,211.7436325892621
2024-03-16 00:41:13,0.109775396,0.0248699538077323,1.17209854,213.19762218923552,211.73685886390004
2024-03-16 00:41:18,0.109779317,0.0248699410767445,1.17209794,213.20669421323748,211.74294757336128
2024-03-16 00:41:22,0.109779317,0.0248694225011723,1.1720735,213.21258511205858,211.74645198669185
2024-03-16 00:41:26,0.109777507,0.0248698515354632,1.17209372,213.20930117597706,211.74078171279268
2024-03-16 00:41:30,0.109780222,0.0248690450273822,1.17205571,213.22129413562934,211.750388482292
2024-03-16 00:41:34,0.109780222,0.024869723376852,1.17208768,213.21909589853186,211.74580420269805
2024-03-16 00:41:38,0.109784747,0.0248698322267983,1.17209281,213.2276736088162,211.75199601813424
2024-03-16 00:41:43,0.109780825,0.0248694481753311,1.17207471,213.22724688644698,211.74858713482269
2024-03-16 00:41:47,0.109779921,0.024869998578373,1.17210065,213.22452897891398,211.74348366462013
2024-03-16 00:41:51,0.109782635,0.0248688466361547,1.17204636,213.23885427191826,211.75542354257647
2024-03-16 00:41:55,0.109778412,0.0248684816811693,1.17202916,213.2372406629024,211.751424666126
2024-03-16 00:41:59,0.109783842,0.0248684944121572,1.17202976,213.24785312536682,211.759652008761
2024-03-16 00:42:03,0.10978354,0.0248695442942895,1.17207924,213.24268015154803,211.7520940627097
2024-03-16 00:42:08,0.109780524,0.0248689682170888,1.17205209,213.2449370388212,211.7513699422378
2024-03-16 00:42:12,0.109780222,0.0248690450273822,1.17205571,213.24634021904504,211.750388482292
2024-03-16 00:42:16,0.109783842,0.0248704467091457,1.17212177,213.24479420457024,211.7464579752177
2024-03-16 00:42:20,0.109785954,0.0248691666083163,1.17206144,213.25906289987665,211.75834232548655
2024-03-16 00:42:24,0.10978897,0.0248697490510109,1.17208889,213.26212803003148,211.75902325815736
2024-03-16 00:42:28,0.109787462,0.0248685712224506,1.17203338,213.27016392887748,211.7646751070648
2024-03-16 00:42:33,0.109782635,0.0248690961635168,1.17205812,213.2622058073152,211.7537371305524
2024-03-16 00:42:37,0.109782032,0.0248694929459718,1.17207682,213.2609848084946,211.7501324137401
2024-03-16 00:42:41,0.109782937,0.0248682960209297,1.17202041,213.2728432880738,211.75960732284608
2024-03-16 00:42:45,0.10979078,0.0248703314937055,1.17211634,213.2734772854964,211.7578578973057
2024-03-16 00:42:49,0.109791685,0.0248699090370917,1.17209643,213.2801011356385,211.7620984719868
2024-03-16 00:42:54,0.109784747,0.0248685521259688,1.17203248,213.28162904729996,211.760647496734
2024-03-16 00:42:58,0.10978354,0.0248684305450348,1.17202675,213.28298580032796,211.7596213061502
2024-03-16 00:43:02,0.10978354,0.0248686353017562,1.1720364,213.28398470326147,211.7582374129468
2024-03-16 00:43:06,0.10978535,0.0248677583488757,1.17199507,213.2950658005533,211.76693586156856
2024-03-16 00:43:10,0.10978716,0.0248684944121572,1.17202976,213.2952443400149,211.7647318998185
2024-03-16 00:43:14,0.109782334,0.0248684753156754,1.17202886,213.2903671065355,211.75747231257756
2024-03-16 00:43:19,0.109793194,0.0248695570252773,1.17207984,213.30266029205546,211.7667877632347
2024-03-16 00:43:23,0.109789272,0.0248692113789569,1.17206355,213.30137403806242,211.76311948721255
2024-03-16 00:43:27,0.109791987,0.0248682192106363,1.17201679,213.31461868965494,211.77398226419908
2024-03-16 00:43:31,0.109784747,0.0248692177444508,1.17206385,213.29916699880093,211.7561488461539
2024-03-16 00:43:35,0.10978897,0.0248690384497051,1.1720554,213.30922565039847,211.76382591796676
2024-03-16 00:43:40,0.109790479,0.0248675408611664,1.17198482,213.3246352797037,211.77625877981876
2024-03-16 00:43:44,0.109791384,0.0248686289362623,1.1720361,213.3210473604136,211.7702896123781
2024-03-16 00:43:48,0.109788065,0.0248689425429299,1.17205088,213.31622744290303,211.76308859409636
2024-03-16 00:43:52,0.109787764,0.0248686162052744,1.1720355,213.32035323636222,211.76483343415543
2024-03-16 00:43:56,0.109789875,0.0248686289362623,1.1720361,213.3258799390853,211.7679793308411
2024-03-16 00:44:01,0.109784747,0.0248675151870076,1.17198361,213.32853264314247,211.7676562345676
2024-03-16 00:44:05,0.109789875,0.0248678096971934,1.17199749,213.3367736799893,211.7735167969126
2024-03-16 00:44:09,0.109791384,0.0248684625846875,1.17202826,213.33705122539016,211.7714140151472
2024-03-16 00:44:13,0.109792289,0.0248688336929837,1.17204575,213.33830857757326,211.7702911874912
2024-03-16 00:44:17,0.109787462,0.0248684689501815,1.17202856,213.33576378463334,211.76536636203105
2024-03-16 00:44:21,0.109789574,0.0248674767818608,1.1719818,213.34808362400165,211.77530631618956
2024-03-16 00:44:26,0.109784445,0.0248664655170584,1.17193414,213.35004117176516,211.77428921458343
2024-03-16 00:44:30,0.10978897,0.024868520086316,1.17203097,213.3454610054516,211.767329494478
2024-03-16 00:44:34,0.109791685,0.0248684305450348,1.17202675,213.35260233180756,211.7720914143253
2024-03-16 00:44:38,0.109790479,0.0248684241795408,1.17202645,213.3531782139551,211.77028803723903
2024-03-16 00:44:42,0.10979259,0.0248694802149839,1.17207622,213.35165150226453,211.76638221358115
2024-03-16 00:44:46,0.109785652,0.0248672206768217,1.17196973,213.35868084301714,211.7710325896244
2024-03-16 00:44:51,0.109789574,0.0248677135782351,1.17199296,213.36432741950043,211.77370566728987
2024-03-16 00:44:55,0.109789574,0.0248684689501815,1.17202856,213.36160024400365,211.7685998583837
2024-03-16 00:44:59,0.109789875,0.024868808231008,1.17204455,213.36214634795104,211.76676747615247
2024-03-16 00:45:03,0.109795003,0.0248693009202382,1.17206777,213.36904545073656,211.77128823998157
2024-03-16 00:45:07,0.10979078,0.024868539394981,1.17203188,213.37010551166188,211.76997010916443
2024-03-16 00:45:11,0.10978897,0.0248677263092229,1.17199356,213.375208300215,211.7726948531806
2024-03-16 00:45:16,0.109786859,0.0248672463509806,1.17197094,213.37819286119972,211.772707065489
2024-03-16 00:45:20,0.109794098,0.0248681103606901,1.17201166,213.38581354983057,211.77795004076435
2024-03-16 00:45:24,0.109795908,0.0248679696832742,1.17200503,213.39191323081255,211.7816721555689
2024-03-16 00:45:28,0.109794098,0.0248683407915703,1.17202252,213.38901092910075,211.7763924348494
2024-03-16 00:45:32,0.109793797,0.0248676304024477,1.17198904,213.39572934472412,211.78073357862624
2024-03-16 00:45:36,0.109793194,0.0248681744399956,1.17201468,213.39350573144768,211.77613284065603
2024-03-16 00:45:41,0.109796813,0.024868788922343,1.17204364,213.39786409380972,211.77752000407145
2024-03-16 00:45:45,0.109792892,0.0248680848987143,1.17201046,213.3989966086345,211.77627572526524
2024-03-16 00:45:49,0.109791987,0.0248674958783426,1.1719827,213.40396923572945,211.7788717058544
2024-03-16 00:45:53,0.109793797,0.0248681360348489,1.17201287,213.4047896825489,211.77731565328492
2024-03-16 00:45:57,0.109795003,0.024868398505382,1.17202524,213.40723827166585,211.7773878901212
2024-03-16 00:46:02,0.109798623,0.0248679312781275,1.17200322,213.41890916779334,211.7860885527561
2024-03-16 00:46:06,0.109800132,0.02486852645181,1.17203127,213.41957221727623,211.7843755809211
2024-03-16 00:46:10,0.109800433,0.0248685712224506,1.17203338,213.42210628655167,211.78453377595943
2024-03-16 00:46:14,0.109800735,0.0248692754582625,1.17206657,213.42018404909712,211.78023581134005
2024-03-16 00:46:18,0.109795003,0.0248669775149536,1.17195827,213.42931743891705,211.78699362105897
2024-03-16 00:46:23,0.109794702,0.0248665934634864,1.17194017,213.43442216996823,211.7891290837794
2024-03-16 00:46:27,0.10979621,0.0248674574731959,1.17198089,213.43326537758713,211.7855970421597
2024-03-16 00:46:31,0.109791685,0.0248676367679416,1.17198934,213.4275003819777,211.77745694434788
2024-03-16 00:46:35,0.109790479,0.0248674767818608,1.1719818,213.4291103297109,211.77669193690636
2024-03-16 00:46:39,0.109795908,0.0248676944817533,1.17199206,213.43832568075612,211.783532479796
2024-03-16 00:46:43,0.109795305,0.0248679951452499,1.17200623,213.43774468277735,211.7805768206723
2024-03-16 00:46:48,0.109797417,0.0248674383767141,1.17197999,213.44771012539576,211.7875741435802
2024-03-16 00:46:52,0.109793797,0.0248677519833818,1.17199477,213.44242202703083,211.7799117148131
2024-03-16 00:46:56,0.109800132,0.0248686800723968,1.17203851,213.4482216470894,211.7833371514524
2024-03-16 00:47:00,0.109800433,0.0248680785332204,1.17201016,213.45512282436928,211.78786429228737
2024-03-16 00:47:04,0.109798925,0.0248688720981304,1.17204756,213.44982365325774,211.78019123169676
2024-03-16 00:47:09,0.109797115,0.0248675088215136,1.17198331,213.45923511962025,211.7866355428681
2024-03-16 00:47:13,0.109796512,0.0248678481023401,1.1719993,213.45839191043473,211.78341877484544
2024-03-16 00:47:17,0.109797417,0.0248676240369538,1.17198874,213.46366560590224,211.78631905841388
2024-03-16 00:47:21,0.109800433,0.0248675726886361,1.17198632,213.471003686893,211.79128387443507
2024-03-16 00:47:25,0.109796813,0.0248678481023401,1.1719993,213.46597255132787,211.78387962082124
2024-03-16 00:47:29,0.109801942,0.0248688914067953,1.17204847,213.4691456001889,211.78467969854603
2024-03-16 00:47:34,0.109799227,0.0248682832899418,1.17201981,213.47206564224211,211.78463373326136
2024-03-16 00:47:38,0.109798623,0.0248675151870076,1.17198361,213.47870591496215,211.78890136536663
2024-03-16 00:47:42,0.10980164,0.0248672206768217,1.17196973,213.48768867402822,211.7955116307024
2024-03-16 00:47:46,0.109805562,0.0248693649995438,1.17207079,213.48156988705784,211.7870204968777
2024-03-16 00:47:50,0.109806165,0.0248692434186097,1.17206506,213.48568710350852,211.78876551334136
2024-03-16 00:47:54,0.109804355,0.0248687314207145,1.17204093,213.48874909171167,211.78945544841625
2024-03-16 00:47:59,0.109805562,0.024869454540825,1.17207501,213.4886737369774,211.78641523377868
2024-03-16 00:48:03,0.109800735,0.0248693072857321,1.17206807,213.48465090376337,211.78002067783711
2024-03-16 00:48:07,0.109804657,0.024869192070292,1.17206264,213.4938057181789,211.78680391635592
2024-03-16 00:48:11,0.109797417,0.0248677840230346,1.17199628,213.49461077952628,211.78523754862877
2024-03-16 00:48:15,0.10980345,0.0248678928729808,1.17200141,213.5054830480011,211.7937385348426
2024-03-16 00:48:19,0.109798925,0.0248680401280737,1.17200835,213.4999307551372,211.78581510652265
2024-03-16 00:48:24,0.109800132,0.0248676304024477,1.17198904,213.50751222522933,211.79043286372607
2024-03-16 00:48:28,0.109802243,0.0248681424003428,1.17201317,213.50965388518316,211.79020371850345
2024-03-16 00:48:32,0.109803752,0.0248681424003428,1.17201317,213.5143348703195,211.79251404524027
2024-03-16 00:48:36,0.109800132,0.0248670222855942,1.17196038,213.51873531163912,211.79454397492856
2024-03-16 00:48:40,0.10980164,0.0248678351591691,1.17199869,213.51791919811117,211.79135749652903
2024-03-16 00:48:45,0.10980345,0.0248677903885285,1.17199658,213.5239558139285,211.7944313626244
2024-03-16 00:48:49,0.109804355,0.0248684816811693,1.17202916,213.52303816393024,211.79114367793207
2024-03-16 00:48:53,0.109808578,0.0248690834325289,1.17205752,213.52780559585813,211.79354122189736
2024-03-16 00:48:57,0.109811293,0.0248684048708759,1.17202554,213.53891924256413,211.8022851273637
2024-03-16 00:49:01,0.109807372,0.0248695697562652,1.17208044,213.52741114802683,211.78840743830085
2024-03-16 00:49:05,0.109809785,0.0248700178870379,1.17210156,213.53044555616657,211.7890723986206
2024-03-16 00:49:10,0.109809785,0.0248690961635168,1.17205812,213.53963780629547,211.79530304526597
2024-03-16 00:49:14,0.10981069,0.0248695633907713,1.17208014,213.5402340181501,211.7935301393564
2024-03-16 00:49:18,0.109808578,0.0248692881892503,1.17206717,213.54122993563226,211.79215708575163
2024-03-16 00:49:22,0.109806165,0.0248681808054896,1.17201498,213.5473904680206,211.7959487937217
2024-03-16 00:49:26,0.109804958,0.0248687825568491,1.17204334,213.5438433147056,211.79003296264835
2024-03-16 00:49:31,0.109804958,0.024867591997301,1.17198723,213.55485240704218,211.79808141401435
2024-03-16 00:49:35,0.109803752,0.0248684560070105,1.17202795,213.5495333765591,211.79039403572605
2024-03-16 00:49:39,0.109806467,0.0248679183349565,1.17200261,213.55969311067022,211.79818556866363
2024-03-16 00:49:43,0.109809181,0.0248692304754387,1.17206445,213.5573459916147,211.7934703950576
2024-03-16 00:49:47,0.109804657,0.0248690450273822,1.17205571,213.55404138694936,211.78779788245592
2024-03-16 00:49:52,0.109809483,0.024868392139888,1.17202494,213.5688032163636,211.7996000331128
2024-03-16 00:49:56,0.109800433,0.0248675088215136,1.17198331,213.5632863965973,211.7917156352604
2024-03-16 00:50:00,0.10980526,0.0248677008472472,1.17199236,213.57174610439262,211.79780791155557
2024-03-16 00:50:04,0.109802847,0.0248671311355404,1.17196551,213.57427048902107,211.79796501126103
2024-03-16 00:50:08,0.109803752,0.0248676944817533,1.17199206,213.57421472436786,211.79554210825327
2024-03-16 00:50:12,0.10980164,0.0248671759061811,1.17196762,213.5768539131794,211.79581430527003
2024-03-16 00:50:17,0.109804958,0.0248680912642083,1.17201076,213.57870430473267,211.794706163166
2024-03-16 00:50:21,0.109799528,0.0248672143113278,1.17196943,213.57868580907464,211.79232100544053
2024-03-16 00:50:25,0.109802545,0.0248673104302861,1.17197396,213.5850217995292,211.7962904803589
2024-03-16 00:50:29,0.10979983,0.0248665677893276,1.17193896,213.58825196866525,211.7971542804813
2024-03-16 00:50:33,0.109798322,0.0248663309929533,1.1719278,213.58991017322387,211.79644626254003
2024-03-16 00:50:37,0.109802847,0.0248672847561273,1.17197275,213.59275642625386,211.79692643957512
2024-03-16 00:50:42,0.109808276,0.0248683089641007,1.17202102,213.59710176886063,211.79831439319756
2024-03-16 00:50:46,0.109803148,0.0248674958783426,1.1719827,213.59711311624494,211.79595999419112
2024-03-16 00:50:50,0.109800433,0.0248666255031392,1.17194168,213.60120608075172,211.7976873587837
2024-03-16 00:50:54,0.109807372,0.0248691088945046,1.17205872,213.5974069231207,211.791522747706
2024-03-16 00:50:58,0.109803752,0.0248673040647922,1.17197366,213.60643101451967,211.79818153211733
2024-03-16 00:51:02,0.10979983,0.0248678992384747,1.17200171,213.5987677564779,211.788153113538
2024-03-16 00:51:07,0.109800433,0.0248669391098068,1.17195646,213.60913804238484,211.79556715470503
2024-03-16 00:51:11,0.109801942,0.0248674192802323,1.17197909,213.61056707745854,211.7946313587217
2024-03-16 00:51:15,0.109803148,0.0248681808054896,1.17201498,213.60963008178558,211.7913296784132
2024-03-16 00:51:19,0.109806165,0.024868539394981,1.17203188,213.61418959643572,211.79352465484052
2024-03-16 00:51:23,0.109807372,0.0248676751730883,1.17199115,213.62424442715147,211.80121509373728
2024-03-16 00:51:27,0.109808276,0.024868270558954,1.17201921,213.6239676052042,211.79857402636608
2024-03-16 00:51:32,0.109808276,0.0248677392523939,1.17199417,213.63051464114912,211.80216596138573
2024-03-16 00:51:36,0.109804355,0.024867054325247,1.17196189,213.6315058023464,211.8007932065156
2024-03-16 00:51:40,0.10980526,0.0248682385193012,1.1720177,213.62724941899532,211.7941730534636
2024-03-16 00:51:44,0.109808276,0.0248685009898343,1.17203007,213.63245622825892,211.79701623938368
2024-03-16 00:51:49,0.109808578,0.0248672720251394,1.17197215,213.6441815276557,211.8057872154029
2024-03-16 00:51:53,0.10980345,0.02486852645181,1.17203127,213.63021307175816,211.78945546543395
2024-03-16 00:51:57,0.109804053,0.0248685841656216,1.17203399,213.63310927368474,211.78998851961785
2024-03-16 00:52:01,0.109809483,0.0248688720981304,1.17204756,213.6418391448864,211.79635538939675
2024-03-16 00:52:05,0.109804958,0.0248676815385823,1.17199145,213.64532267853585,211.79747606793447
2024-03-16 00:52:09,0.10981069,0.0248673552009268,1.17197607,213.65866785734485,211.8084585379339
2024-03-16 00:52:14,0.109803148,0.0248662671258309,1.17192479,213.6574299161202,211.80426741642117
2024-03-16 00:52:18,0.109801037,0.0248674574731959,1.17198089,213.64851241477336,211.7929875354122
2024-03-16 00:52:22,0.109808276,0.0248675726886361,1.17198632,213.6611791760643,211.8032920633143
2024-03-16 00:52:26,0.109802847,0.0248669902459414,1.17195887,213.65916672462538,211.79891752475103
2024-03-16 00:52:30,0.109804657,0.0248666702737798,1.17194379,213.66646331359658,211.80385217285337
2024-03-16 00:52:35,0.109802847,0.0248671695406871,1.17196732,213.66326872830746,211.79770536713653
2024-03-16 00:52:39,0.10980526,0.0248673358922618,1.17197516,213.6682002049045,211.8002752319072
2024-03-16 00:52:43,0.109798925,0.0248675726886361,1.17198632,213.65926146443286,211.78897502583575
2024-03-16 00:52:47,0.109799528,0.0248675792663131,1.17198663,213.66250155047203,211.7898537924929
2024-03-16 00:52:51,0.109801037,0.0248663823412711,1.17193022,213.67526508498887,211.8002561538365
2024-03-16 00:52:55,0.109801942,0.0248673615664207,1.17197637,213.6723914895331,211.79502153140737
2024-03-16 00:53:00,0.10980526,0.0248682001141545,1.17201589,213.67475371723435,211.79443268097188
2024-03-16 00:53:04,0.109807975,0.0248681937486605,1.17201559,213.68131418985712,211.79863245553844
2024-03-16 00:53:08,0.109807372,0.024867464050873,1.1719812,213.68768473023025,211.80264244402613
2024-03-16 00:53:12,0.109805562,0.0248674127025553,1.17197878,213.68762101808431,211.8002183261568
2024-03-16 00:53:16,0.109807673,0.0248678992384747,1.17200171,213.6899240651608,211.80016111366285
2024-03-16 00:53:21,0.109809181,0.0248679696832742,1.17200503,213.69470676982806,211.80199369938111
2024-03-16 00:53:25,0.10980888,0.0248673872405796,1.17197758,213.700543637266,211.80547063606016
2024-03-16 00:53:29,0.109807372,0.0248668750305013,1.17195344,213.70405759358323,211.8066248077424
2024-03-16 00:53:33,0.109807673,0.0248669327443129,1.17195616,213.70648788849456,211.80669546413367
2024-03-16 00:53:37,0.109810388,0.0248689682170888,1.17205209,213.6992430694511,211.79709115267613
2024-03-16 00:53:41,0.109814913,0.0248699667509033,1.17209915,213.7017798728433,211.7972686097513
2024-03-16 00:53:46,0.109811595,0.0248686289362623,1.1720361,213.70869294014423,211.8012326995912
2024-03-16 00:53:50,0.109809483,0.0248694161356783,1.1720732,213.70249696237218,211.7926777041876
2024-03-16 00:53:54,0.109815516,0.0248688593671425,1.17204696,213.71785608625336,211.8056779565051
2024-03-16 00:53:58,0.1098125,0.0248690834325289,1.17205752,213.71408255600718,211.79954570075407
2024-03-16 00:54:02,0.109814611,0.0248694290788493,1.17207381,213.71733637362632,211.80044093891823
2024-03-16 00:54:07,0.109811293,0.0248687632481842,1.17204243,213.719705784362,211.7998623307041
2024-03-16 00:54:11,0.10981069,0.0248682001141545,1.17201589,213.7249478952407,211.8027461907071
2024-03-16 00:54:15,0.109806768,0.0248684112363698,1.17202584,213.7198740369266,211.7953142275379
2024-03-16 00:54:19,0.1098125,0.0248691472996513,1.17206053,213.7260317153897,211.79911394715757
2024-03-16 00:54:23,0.10980707,0.0248690129877294,1.1720542,213.72098429356637,211.7917087124933
2024-03-16 00:54:28,0.109814913,0.0248694034046905,1.1720726,213.73329949637366,211.80107685455187
2024-03-16 00:54:32,0.109811595,0.0248692688805854,1.17206626,213.73148664893782,211.796906522748
2024-03-16 00:54:36,0.10980888,0.0248681617090078,1.17201408,213.73717210640976,211.8002346418251
2024-03-16 00:54:40,0.109813103,0.0248693138634092,1.17206838,213.7382057812893,211.79891112427407
2024-03-16 00:54:44,0.109809785,0.0248684048708759,1.17202554,213.74162803684007,211.79997633334943
2024-03-16 00:54:48,0.109815215,0.0248680528590615,1.17200895,213.7546783509599,211.81066974694
2024-03-16 00:54:53,0.109817628,0.0248705171539452,1.17212509,213.74465891685063,211.79770439239215
2024-03-16 00:54:57,0.109810388,0.0248693072857321,1.17206807,213.7441101305945,211.7947990339525
2024-03-16 00:55:01,0.109809483,0.0248693009202382,1.17206777,213.74512406821754,211.79345654530871
2024-03-16 00:55:05,0.109810388,0.0248675856318071,1.17198693,213.76046200333104,211.80643820006307
2024-03-16 00:55:09,0.109808276,0.024867988779756,1.17200593,213.75685892623542,211.8004789885069
2024-03-16 00:55:13,0.109815215,0.024869205013463,1.17206325,213.76161632115313,211.8028803948536
2024-03-16 00:55:18,0.109812198,0.0248686480327441,1.172037,213.76370750799958,211.80202680112956
2024-03-16 00:55:22,0.109811293,0.0248688400584776,1.17204605,213.7633794387001,211.79934307147727
2024-03-16 00:55:26,0.109812198,0.0248691025290107,1.17205842,213.76534613277482,211.7989542510592
2024-03-16 00:55:30,0.109810086,0.0248692370531158,1.17206476,213.76355870350625,211.79481145314875
2024-03-16 00:55:34,0.109810086,0.0248686930155678,1.17203912,213.76959168467766,211.79848921152012
2024-03-16 00:55:38,0.109810388,0.0248680528590615,1.17200895,213.77673690741398,211.8032793572891
2024-03-16 00:55:43,0.109810388,0.0248688914067953,1.17204847,213.7740115935423,211.7976104022717
2024-03-16 00:55:47,0.10980526,0.0248681487658368,1.17201347,213.7735357486542,211.7947798085066
2024-03-16 00:55:51,0.109811293,0.0248689425429299,1.17205088,213.7797607959188,211.7986502526973
2024-03-16 00:55:55,0.109809785,0.024868667341409,1.17203791,213.78166694556305,211.79820194506172
2024-03-16 00:55:59,0.109810991,0.024868257615783,1.1720186,213.788637598822,211.8028182868257
2024-03-16 00:56:04,0.109804053,0.0248683473692474,1.17202283,213.78035126389648,211.7915892675275
2024-03-16 00:56:08,0.109801338,0.0248669070701541,1.17195495,213.78828539543187,211.79716941555057
2024-03-16 00:56:12,0.109800735,0.0248667343530854,1.17194681,213.79088366505812,211.7974138474196
2024-03-16 00:56:16,0.109799528,0.0248658830743638,1.17190669,213.79714473165066,211.80132122200104
2024-03-16 00:56:20,0.109804657,0.0248686225707683,1.1720358,213.7888306841582,211.7906536282344
2024-03-16 00:56:24,0.10980888,0.02486852645181,1.17203127,213.7982992952932,211.79776883882292
2024-03-16 00:56:29,0.109801338,0.0248688209619958,1.17204515,213.78770316696122,211.78423116472356
2024-03-16 00:56:33,0.109807975,0.0248678160626873,1.17199779,213.80701089229572,211.8011858173656
2024-03-16 00:56:37,0.109807372,0.0248678224281813,1.17199809,213.8083975511143,211.80021954918968
2024-03-16 00:56:41,0.109800735,0.0248667791237261,1.17194892,213.8076419478278,211.79711116459748
2024-03-16 00:56:45,0.109807975,0.0248680592245555,1.17200925,213.81242531715253,211.79954189829616
2024-03-16 00:56:50,0.109804958,0.0248676494989295,1.17198994,213.81351668085142,211.79769267231052
2024-03-16 00:56:54,0.109807673,0.0248683791967171,1.17202433,213.81509270963028,211.79691639320896
2024-03-16 00:56:58,0.109804958,0.0248682001141545,1.17201589,213.81449878914324,211.7939703104913
2024-03-16 00:57:02,0.109807372,0.0248692434186097,1.17206506,213.81349388195335,211.79061338671133
2024-03-16 00:57:06,0.109809483,0.0248695761217591,1.17208074,213.81682859763146,211.7915962314308
2024-03-16 00:57:11,0.109812198,0.0248685841656216,1.17203399,213.8306305752784,211.8024585751596
2024-03-16 00:57:15,0.109809483,0.0248680271849027,1.17200774,213.8325908724022,211.80206732896173
2024-03-16 00:57:19,0.109808578,0.0248687761913552,1.17204304,213.82849312720535,211.79561818604463
2024-03-16 00:57:23,0.109809181,0.024868539394981,1.17203188,213.83336836582563,211.79814217253696
2024-03-16 00:57:27,0.109810086,0.0248693202289031,1.17206868,213.83182648897224,211.79424918913867
2024-03-16 00:57:31,0.109806467,0.0248687184775436,1.17204032,213.83270466762391,211.79277640681917
2024-03-16 00:57:36,0.109807975,0.0248687377862085,1.17204123,213.837821377518,211.79495462019844
2024-03-16 00:57:40,0.109804657,0.0248678992384747,1.17200171,213.84076086628562,211.79554347550217
2024-03-16 00:57:44,0.109808578,0.0248683280605825,1.17202192,213.84621554093582,211.79864766223227
2024-03-16 00:57:48,0.109804958,0.0248687568826903,1.17204213,213.8401247387184,211.79020651762931
2024-03-16 00:57:52,0.109807673,0.0248685457604749,1.17203218,213.84805879962758,211.79579038167816
2024-03-16 00:57:56,0.109808276,0.0248699217680795,1.17209703,213.8420304277526,211.7874119584589
2024-03-16 00:58:01,0.109810086,0.0248698769974389,1.17209492,213.84804138840718,211.79048555955097
2024-03-16 00:58:05,0.109806467,0.0248688657326365,1.17204726,213.85168651670682,211.7917809638835
2024-03-16 00:58:09,0.109811595,0.0248700946973313,1.17210518,213.85357927994093,211.7913241486364
2024-03-16 00:58:13,0.109807673,0.0248693906737026,1.172072,213.85468335929514,211.790078794986
2024-03-16 00:58:17,0.109809181,0.0248692754582625,1.17206657,213.86012016722572,211.79316631537932
2024-03-16 00:58:21,0.109811595,0.0248691602428223,1.17206114,213.86694391619577,211.7976409222702
2024-03-16 00:58:26,0.109809181,0.0248695633907713,1.17208014,213.86345916161474,211.79121994462645
2024-03-16 00:58:30,0.109810086,0.0248704467091457,1.17212177,213.86122264330308,211.78663461148224
2024-03-16 00:58:34,0.10980345,0.0248701715076248,1.1721088,213.85527240956176,211.77833570833624
2024-03-16 00:58:38,0.109808276,0.0248700435611967,1.17210277,213.86587392869527,211.78658870348363
2024-03-16 00:58:42,0.10980707,0.024868520086316,1.17203097,213.87667434998954,211.79504074620104
2024-03-16 00:58:46,0.109806165,0.0248693202289031,1.17206868,213.87222813537898,211.78824629841347
2024-03-16 00:58:51,0.109805562,0.0248687441517024,1.17204153,213.87813422279697,211.79121729881467
2024-03-16 00:58:55,0.109804355,0.0248690513928761,1.17205601,213.87655732876712,211.7872924987236
2024-03-16 00:58:59,0.109802847,0.0248690450273822,1.17205571,213.87663940651228,211.7850268157771
2024-03-16 00:59:03,0.109801942,0.024868660975915,1.17203761,213.8801975528297,211.7862373467632
2024-03-16 00:59:07,0.109806165,0.0248692881892503,1.17206717,213.88477055267302,211.7884628766261
2024-03-16 00:59:12,0.109803752,0.0248687184775436,1.17204032,213.8878615613577,211.7886197522208
2024-03-16 00:59:16,0.109804053,0.0248689745825827,1.17205239,213.88893831234864,211.7873493602368
2024-03-16 00:59:20,0.109806768,0.0248688336929837,1.17204575,213.89639432808613,211.7924583783199
2024-03-16 00:59:24,0.109803148,0.0248699347112505,1.17209764,213.88575670700374,211.77947390489425
2024-03-16 00:59:28,0.109797718,0.0248680144539148,1.17200714,213.8927702067904,211.7841406976396
2024-03-16 00:59:33,0.109799227,0.0248676560766065,1.17199025,213.9004363785591,211.78887368992304
2024-03-16 00:59:37,0.109802545,0.0248685712224506,1.17203338,213.90167632779693,211.7877672590144
2024-03-16 00:59:41,0.109800132,0.0248665870979925,1.17193987,213.91374144287283,211.79748613921515
2024-03-16 00:59:45,0.109798623,0.0248680976297022,1.17201106,213.9035654210717,211.7849640278009
2024-03-16 00:59:49,0.109802545,0.0248674127025553,1.17197878,213.9165464036381,211.7955990660068
2024-03-16 00:59:54,0.109801942,0.0248681360348489,1.17201287,213.9136654729768,211.789785909142
2024-03-16 00:59:58,0.10979621,0.024867451107702,1.17198059,213.91186525485563,211.7856400734443
2024-03-16 01:00:02,0.10979983,0.0248683664657292,1.17202373,213.9135653392512,211.78499468548543
2024-03-16 01:00:06,0.109799227,0.0248692434186097,1.17206506,213.90905966704045,211.7781436861329
2024-03-16 01:00:10,0.109805863,0.0248692304754387,1.17206445,213.92165181719741,211.7883906543513
2024-03-16 01:00:14,0.109802847,0.0248690257187173,1.1720548,213.9207635348905,211.7851573352997
2024-03-16 01:00:19,0.109800132,0.0248682960209297,1.17202041,213.92447054053693,211.7859332491796
2024-03-16 01:00:23,0.109804958,0.0248706194262143,1.17212991,213.91849882400166,211.77761682255127
2024-03-16 01:00:27,0.109802847,0.0248685712224506,1.17203338,213.9314561889755,211.78822962259517
2024-03-16 01:00:31,0.109800132,0.0248691793393041,1.17206204,213.92553333043605,211.77996234427965
2024-03-16 01:00:35,0.109802545,0.0248691602428223,1.17206114,213.93170091385437,211.78378565306605
2024-03-16 01:00:39,0.109796813,0.0248680848987143,1.17201046,213.9325383044713,211.782278914186
2024-03-16 01:00:44,0.109799528,0.0248692241099448,1.17206415,213.9319243678226,211.7787350197476
2024-03-16 01:00:48,0.109802847,0.0248690961635168,1.17205812,213.94021430621657,211.78468115516344
2024-03-16 01:00:52,0.10979983,0.0248680208194088,1.17200744,213.94520803126233,211.78733122233515
2024-03-16 01:00:56,0.109803148,0.0248686546104211,1.17203731,213.94834708395703,211.78812676225056
2024-03-16 01:01:00,0.109798322,0.024869326594397,1.17206898,213.93875964976039,211.77619596035976
2024-03-16 01:01:04,0.109801942,0.0248700562921846,1.17210337,213.9417127533485,211.7768058413294
