time,voltage,current,shunt_voltage,temperature,temperature old
2024-02-16 10:20:50,0.169023552,0.0223541737482786,1.05353209,333.15393129326736,333.15393129326736
2024-02-16 10:20:55,0.169158695,0.0223704314319602,1.0542983,333.1735642638867,333.17529331470826
2024-02-16 10:20:59,0.169265784,0.0223683641317148,1.05420087,333.3868079675377,333.3899201431081
2024-02-16 10:21:03,0.169346629,0.0223666870362472,1.05412183,333.54902885469454,333.5535240519923
2024-02-16 10:21:07,0.169415709,0.0223657398507503,1.05407719,333.6810278720714,333.68690598808297
2024-02-16 10:21:11,0.169462768,0.0223653557992832,1.05405909,333.76705481416695,333.7743157458862
2024-02-16 10:21:15,0.169560505,0.0223642420500285,1.0540066,333.9514217560457,333.9600654004743
2024-02-16 10:21:20,0.169595196,0.0223632755558667,1.05396105,334.02320865668156,334.0335805471671
2024-02-16 10:21:24,0.169625664,0.022362955371522,1.05394596,334.0793823062678,334.09113667774443
2024-02-16 10:21:28,0.169665785,0.0223624881442675,1.05392394,334.15440031145994,334.16753706095426
2024-02-16 10:21:32,0.169685392,0.0223611248676507,1.05385969,334.20542583648984,334.2199448610361
2024-02-16 10:21:36,0.169718877,0.0223621234014653,1.05390675,334.2493761537484,334.2652773503885
2024-02-16 10:21:41,0.169767745,0.022362148863441,1.05390795,334.3328192363358,334.35044800332
2024-02-16 10:21:45,0.169779812,0.0223606256007434,1.05383616,334.3727904789206,334.39180118637097
2024-02-16 10:21:49,0.169808168,0.0223601904131417,1.05381565,334.4268138204757,334.447206365459
2024-02-16 10:21:53,0.169823854,0.0223602863199169,1.05382017,334.45160803714526,334.4733823167361
2024-02-16 10:21:57,0.169851003,0.0223603888043692,1.053825,334.4963751693071,334.5195310805876
2024-02-16 10:22:02,0.169860053,0.0223594991205009,1.05378307,334.5223138127934,334.5471966189695
2024-02-16 10:22:06,0.169890521,0.0223600304270609,1.05380811,334.56718971802394,334.5934539243526
2024-02-16 10:22:10,0.169898062,0.0223579181439917,1.05370856,334.6070968064408,334.6347423100291
2024-02-16 10:22:14,0.169912542,0.022357214120363,1.05367538,334.64042418415863,334.66945088212134
2024-02-16 10:22:18,0.169925212,0.0223569707463117,1.05366391,334.6644574239723,334.6948652134318
2024-02-16 10:22:23,0.169946328,0.0223569643808177,1.05366361,334.6997765344998,334.7319105436703
2024-02-16 10:22:27,0.169957188,0.022357214120363,1.05367538,334.714081579977,334.7475964491978
2024-02-16 10:22:31,0.169984639,0.0223563308019885,1.05363375,334.77250603600584,334.8074016624241
2024-02-16 10:22:35,0.169999118,0.0223563114933236,1.05363284,334.7967272209654,334.8330035017362
2024-02-16 10:22:39,0.170021441,0.0223568555308715,1.05365848,334.8271800247181,334.864836857004
2024-02-16 10:22:43,0.170035921,0.0223579308749795,1.05370916,334.8368304962417,334.87586777721305
2024-02-16 10:22:48,0.170038937,0.0223556074696949,1.05359966,334.8713165244744,334.9120792217099
2024-02-16 10:22:52,0.17005402,0.0223562155865484,1.05362832,334.88824237815174,334.93038529273383
2024-02-16 10:22:56,0.170064578,0.0223555179284136,1.05359544,334.9146345790634,334.9581576081872
2024-02-16 10:23:00,0.17007755,0.0223554795232669,1.05359363,334.9364745516446,334.98137759251307
2024-02-16 10:23:04,0.1700866,0.0223548266357728,1.05356286,334.9596334651916,335.0059164150151
2024-02-16 10:23:08,0.170097459,0.022354397813665,1.05354265,334.9829763020898,335.0306390580866
2024-02-16 10:23:13,0.170101682,0.0223540648983324,1.05352696,334.9930798394642,335.04246720865217
2024-02-16 10:23:17,0.170116765,0.0223552234182278,1.05358156,335.0026720140615,335.0534389581915
2024-02-16 10:23:21,0.170134865,0.0223543337343594,1.05353963,335.0448331311014,335.09697954741654
2024-02-16 10:23:25,0.170146026,0.0223545962048925,1.053552,335.0594961555188,335.1130219412697
2024-02-16 10:23:29,0.170167444,0.0223554858887608,1.05359393,335.08375748594955,335.13866253839456
2024-02-16 10:23:33,0.170180416,0.0223549482167068,1.05356859,335.1122534053087,335.1685376217138
2024-02-16 10:23:38,0.17018856,0.02235532590268,1.05358639,335.119753555636,335.1777615825332
2024-02-16 10:23:42,0.170200023,0.0223546857461738,1.05355622,335.14697527668625,335.20636223642
2024-02-16 10:23:46,0.170208772,0.0223549993528414,1.053571,335.15673332541513,335.21749911527627
2024-02-16 10:23:50,0.17021209,0.0223548330012667,1.05356316,335.16338097494247,335.2255254922295
2024-02-16 10:23:54,0.170225966,0.0223544873549463,1.05354687,335.1909035533393,335.2544266953584
2024-02-16 10:23:59,0.170231698,0.0223533672401976,1.05349408,335.21415039850723,335.27939667703987
2024-02-16 10:24:03,0.170237128,0.022352784797503,1.05346663,335.23004577168615,335.29667044391766
2024-02-16 10:24:07,0.170248289,0.0223538344674521,1.0535161,335.23421202066277,335.30221498392416
2024-02-16 10:24:11,0.170262467,0.02235305363353,1.0534793,335.2680707093283,335.33745186095825
2024-02-16 10:24:15,0.170271215,0.0223535592659312,1.05350313,335.2752659658884,335.34602520323324
2024-02-16 10:24:19,0.170285695,0.0223538792380928,1.05351821,335.2949731159908,335.36711033640444
2024-02-16 10:24:24,0.170289918,0.0223532327160926,1.05348774,335.30926821526623,335.38312777018155
2024-02-16 10:24:28,0.170299269,0.0223536231330536,1.05350614,335.3190554294962,335.39429273655463
2024-02-16 10:24:32,0.170301381,0.0223535079176135,1.05350071,335.32291253582383,335.3995274924043
2024-02-16 10:24:36,0.170317369,0.0223536104020658,1.05350554,335.3481614095579,335.42615391304673
2024-02-16 10:24:40,0.170320386,0.0223526566388918,1.05346059,335.36479096556553,335.4441609133569
2024-02-16 10:24:45,0.17033034,0.0223518821704636,1.05342409,335.3908327063133,335.4719243152048
2024-02-16 10:24:49,0.170333055,0.0223520871393682,1.05343375,335.3914745448322,335.4739433671908
2024-02-16 10:24:53,0.170340295,0.0223520871393682,1.05343375,335.40277501093,335.48662094417466
2024-02-16 10:24:57,0.170358696,0.0223525286924638,1.05345456,335.4277264043838,335.5129493459411
2024-02-16 10:25:01,0.170365936,0.0223532774867332,1.05348985,335.42903391817015,335.51563376547426
2024-02-16 10:25:06,0.170378304,0.0223525350579578,1.05345486,335.4588777849586,335.54719862022466
2024-02-16 10:25:10,0.170382527,0.0223525286924638,1.05345456,335.4649807310158,335.5546782412836
2024-02-16 10:25:14,0.170387656,0.0223513381329157,1.05339845,335.4884775301726,335.5795516129011
2024-02-16 10:25:18,0.170400929,0.0223531238661463,1.05348261,335.4865058646773,335.57895641733325
2024-02-16 10:25:22,0.17040304,0.0223516326431016,1.05341233,335.50873254725565,335.60255946731326
2024-02-16 10:25:26,0.170414202,0.0223519910204098,1.05342922,335.52211786614623,335.6173210510875
2024-02-16 10:25:31,0.170413598,0.0223520230600626,1.05343073,335.518912256717,335.6158356286084
2024-02-16 10:25:35,0.17042295,0.022351837399823,1.05342198,335.53639145181404,335.6346908579514
2024-02-16 10:25:39,0.170428983,0.0223511781468349,1.05339091,335.55438274175106,335.6540580796411
2024-02-16 10:25:43,0.170437429,0.0223512165519816,1.05339272,335.5672846802887,335.6683358474458
2024-02-16 10:25:47,0.170441653,0.0223518501308109,1.05342258,335.5648454741826,335.6672723681288
2024-02-16 10:25:51,0.170452814,0.0223521382755028,1.05343616,335.5791665320563,335.6829690503213
2024-02-16 10:25:56,0.170458546,0.0223522407599551,1.05344099,335.58611599322603,335.69163789780214
2024-02-16 10:26:00,0.170473629,0.0223514662915268,1.05340449,335.62149652755403,335.7283938259185
2024-02-16 10:26:04,0.170478153,0.0223520805616911,1.05343344,335.6198392823966,335.7281118721039
2024-02-16 10:26:08,0.170485695,0.0223519205756103,1.0534259,335.6338081126704,335.7434558912827
2024-02-16 10:26:12,0.170491125,0.022351837399823,1.05342198,335.6430528612331,335.75407572632
2024-02-16 10:26:16,0.170502588,0.0223521703151556,1.05343767,335.6573046173229,335.7697024664618
2024-02-16 10:26:21,0.170504398,0.0223516262776076,1.05341203,335.66602306526926,335.78013950045295
2024-02-16 10:26:25,0.170503191,0.0223517158188889,1.05341625,335.6613384721292,335.77682966094187
2024-02-16 10:26:29,0.170513749,0.0223509413504607,1.05337975,335.68879970931056,335.8056655493543
2024-02-16 10:26:33,0.170509526,0.0223508709056612,1.05337643,335.6809706779687,335.7992110668532
2024-02-16 10:26:37,0.170522196,0.0223507940953678,1.05337281,335.70281123533147,335.8224260706743
2024-02-16 10:26:41,0.170539089,0.0223511397416882,1.0533891,335.7264027584973,335.84739193792336
2024-02-16 10:26:46,0.170536374,0.0223516133344366,1.05341142,335.7136023362569,335.8363093018338
2024-02-16 10:26:50,0.170545424,0.0223521830461434,1.05343827,335.72046447847396,335.8445455578183
2024-02-16 10:26:54,0.170559602,0.0223525095959821,1.05345366,335.7395554035187,335.8650104942803
2024-02-16 10:26:58,0.170560808,0.0223511333761943,1.0533888,335.7586840393575,335.88551303919377
2024-02-16 10:27:02,0.170561411,0.0223512229174756,1.05339302,335.75716962851527,335.88537243509126
2024-02-16 10:27:07,0.170565936,0.0223503075594484,1.05334988,335.77561068173753,335.9055306028413
2024-02-16 10:27:11,0.170575288,0.0223506277437931,1.05336497,335.78633627620474,335.9176297738224
2024-02-16 10:27:15,0.170585544,0.0223518567084879,1.05342289,335.78649829313986,335.9191652649613
2024-02-16 10:27:19,0.170587958,0.0223515942379548,1.05341052,335.79286048642416,335.9269008301468
2024-02-16 10:27:23,0.170594896,0.0223525480011288,1.05345547,335.79088980571663,335.9263034190455
2024-02-16 10:27:28,0.170600929,0.0223514917535026,1.05340569,335.8138563292602,335.95098638575627
2024-02-16 10:27:32,0.170623553,0.0223517158188889,1.05341625,335.84910909384774,335.9876121898143
2024-02-16 10:27:36,0.170620235,0.0223525480011288,1.05345547,335.8308010303704,335.9706770635373
2024-02-16 10:27:40,0.170631095,0.0223528807042782,1.05347115,335.8439987979769,335.98524766608153
2024-02-16 10:27:44,0.17063381,0.0223521382755028,1.05343616,335.8573055782,335.99992717898743
2024-02-16 10:27:49,0.170635318,0.0223511845123289,1.05339121,335.8709821747922,336.01531954764874
2024-02-16 10:27:53,0.170638335,0.0223521573719846,1.05343706,335.8618864579348,336.0075963334284
2024-02-16 10:27:57,0.170649496,0.0223516901447301,1.05341504,335.88630690926203,336.03338918516243
2024-02-16 10:28:01,0.170660959,0.0223531559057991,1.05348412,335.88541143231896,336.0338660064036
2024-02-16 10:28:05,0.170660054,0.0223523878028648,1.05344792,335.8927241406705,336.04255091072446
2024-02-16 10:28:09,0.170657641,0.0223518567084879,1.05342289,335.8942274726043,336.0454263364202
2024-02-16 10:28:14,0.170666389,0.022352515961476,1.05345396,335.899017593232,336.0519314305328
2024-02-16 10:28:18,0.170676042,0.0223536167675597,1.05350584,335.8998313650399,336.054117066164
2024-02-16 10:28:22,0.170692633,0.0223523493977181,1.05344611,335.94446135943684,336.1001188222015
2024-02-16 10:28:26,0.17069022,0.0223535208607845,1.05350132,335.92319842787083,336.08022755010114
2024-02-16 10:28:30,0.170698063,0.0223524966528111,1.05345305,335.94925824216097,336.1076589216895
2024-02-16 10:28:34,0.170698365,0.0223523493977181,1.05344611,335.9503850568413,336.1101571915083
2024-02-16 10:28:39,0.170708923,0.0223530343248651,1.05347839,335.95800041477673,336.1194867247161
2024-02-16 10:28:43,0.170715258,0.0223532136196108,1.05348684,335.9653252748058,336.128182810052
2024-02-16 10:28:47,0.170723101,0.0223526118682512,1.05345848,335.98573757142424,336.1499662298421
2024-02-16 10:28:51,0.170718576,0.0223536231330536,1.05350614,335.9629166909563,336.1285163704185
2024-02-16 10:28:55,0.170734564,0.0223543080602005,1.05353842,335.98038285896155,336.1473534573481
2024-02-16 10:28:59,0.170736374,0.0223539369519044,1.05352093,335.98714519515045,336.1554866103492
2024-02-16 10:29:04,0.170746329,0.0223546984771616,1.05355682,335.992678960741,336.16273375337124
2024-02-16 10:29:08,0.170755077,0.022354788230626,1.05356105,336.0054266619451,336.1768520416628
2024-02-16 10:29:12,0.170751155,0.0223533799711855,1.05349468,336.0160255632947,336.1888214280124
2024-02-16 10:29:16,0.170753569,0.0223532199851047,1.05348714,336.0210228345116,336.19518908214934
2024-02-16 10:29:20,0.170768048,0.0223538281019582,1.0535158,336.0368733142458,336.21240984273123
2024-02-16 10:29:24,0.170767445,0.0223536297107307,1.05350645,336.03710125826575,336.2140079655343
2024-02-16 10:29:29,0.170775288,0.0223539240087334,1.05352032,336.0451862192297,336.2238055064601
2024-02-16 10:29:33,0.170782226,0.0223541417086258,1.05353058,336.0530535221668,336.2330427585624
2024-02-16 10:29:37,0.170790974,0.0223535463227602,1.05350252,336.0749692757823,336.25632835930315
2024-02-16 10:29:41,0.170798214,0.0223547114203326,1.05355743,336.07068934638494,336.25341817499867
2024-02-16 10:29:45,0.170790371,0.0223547498254793,1.05355924,336.0550716574783,336.2391701291601
2024-02-16 10:29:50,0.170802437,0.0223540839948142,1.05352786,336.08339803285696,336.269208414913
2024-02-16 10:29:54,0.170807867,0.0223543210033715,1.05353903,336.08836630570244,336.27554610129846
2024-02-16 10:29:58,0.170810884,0.0223540712638263,1.05352726,336.09562213229714,336.28417123943314
2024-02-16 10:30:02,0.17081571,0.0223545064514281,1.05354777,336.09688085183797,336.2867991685214
2024-02-16 10:30:07,0.170822649,0.0223543400998533,1.05353993,336.1095469891513,336.30117667435354
2024-02-16 10:30:11,0.170827777,0.0223544041791589,1.05354295,336.116300677678,336.30929934297234
2024-02-16 10:30:15,0.170838637,0.0223552490923866,1.05358277,336.12264266790504,336.3170102113236
2024-02-16 10:30:19,0.170835318,0.0223545000859341,1.05354747,336.1254853478675,336.32122166745006
2024-02-16 10:30:23,0.170844971,0.0223556779144944,1.05360298,336.12525824814225,336.3223632419362
2024-02-16 10:30:27,0.170849798,0.022354775287455,1.05356044,336.14442219424694,336.3428957603072
2024-02-16 10:30:31,0.170852211,0.0223546216668682,1.0535532,336.14933535406396,336.3491773904532
2024-02-16 10:30:35,0.170857339,0.0223537512916648,1.05351218,336.1685972056949,336.3698076104831
2024-02-16 10:30:40,0.170847988,0.0223533799711855,1.05349468,336.1554808667267,336.3584015886865
2024-02-16 10:30:44,0.170864579,0.0223537576571587,1.05351248,336.17811277548526,336.38240163652966
2024-02-16 10:30:48,0.170861261,0.0223544425843056,1.05354476,336.16176592470777,336.36742282293164
2024-02-16 10:30:52,0.170873327,0.0223550697976409,1.05357432,336.17313257236754,336.3801574058733
2024-02-16 10:30:56,0.170871819,0.022354384870494,1.05354204,336.1782921058308,336.3866847727285
2024-02-16 10:31:01,0.170874534,0.0223543337343594,1.05353963,336.18202155524966,336.39212387061593
2024-02-16 10:31:05,0.170875439,0.0223535399572663,1.05350222,336.1928649926723,336.40433491220574
2024-02-16 10:31:09,0.170886902,0.0223542632895599,1.05353631,336.20188889192303,336.41472631375825
2024-02-16 10:31:13,0.170894444,0.0223550057183353,1.0535713,336.2037901222635,336.41799494454284
2024-02-16 10:31:17,0.17089384,0.0223534631469728,1.0534986,336.2220170921193,336.4375892129925
2024-02-16 10:31:21,0.170891427,0.0223535847279069,1.05350433,336.21479615495554,336.43173547258004
2024-02-16 10:31:26,0.17090108,0.0223536744813713,1.05350856,336.2287909465263,336.44743911688545
2024-02-16 10:31:30,0.170905303,0.022353578362413,1.05350403,336.23610679518123,336.4561219331736
2024-02-16 10:31:34,0.170909225,0.0223539687793741,1.05352243,336.23638098243873,336.4577629862465
2024-02-16 10:31:38,0.17091918,0.0223547305168144,1.05355833,336.24224870817125,336.46499747598403
2024-02-16 10:31:42,0.170914956,0.0223528936474492,1.05347176,336.25808112362233,336.4821965536374
2024-02-16 10:31:46,0.170916163,0.0223547689219611,1.05356014,336.2337177794185,336.4591997698406
2024-02-16 10:31:51,0.170924609,0.022352771854332,1.05346602,336.27354369847126,336.5007337462643
2024-02-16 10:31:55,0.170920085,0.0223533608747037,1.05349378,336.2563661123494,336.4849224915381
2024-02-16 10:31:59,0.170924609,0.0223532583902514,1.05348895,336.26429541380776,336.4942180226216
2024-02-16 10:32:03,0.170931246,0.0223534183763322,1.05349649,336.2724105022746,336.5036992389507
2024-02-16 10:32:07,0.170935771,0.0223534760901438,1.05349921,336.2781964515019,336.5108512142848
2024-02-16 10:32:11,0.170951155,0.0223543210033715,1.05353903,336.2924572889798,336.52647797612167
2024-02-16 10:32:16,0.170948441,0.0223535656314251,1.05350343,336.2961136906017,336.53184164012106
2024-02-16 10:32:20,0.170947837,0.0223526055027573,1.05345818,336.30655008750415,336.54364373247773
2024-02-16 10:32:24,0.17095568,0.0223527911629969,1.05346693,336.31643405528354,336.55489329398813
2024-02-16 10:32:28,0.170954474,0.0223537703881466,1.05351308,336.2998403410642,336.53966507178427
2024-02-16 10:32:32,0.170959904,0.0223536488072125,1.05350735,336.30961317562634,336.5508032966538
2024-02-16 10:32:36,0.170963825,0.0223531238661463,1.05348261,336.32214656203075,336.5647019716652
2024-02-16 10:32:41,0.170972272,0.0223536167675597,1.05350584,336.32863146548493,336.57289334287344
2024-02-16 10:32:45,0.170974987,0.0223538217364643,1.0535155,336.3292757111171,336.5749026483143
2024-02-16 10:32:49,0.170974685,0.022353860141611,1.05351731,336.3268673971069,336.573859292437
2024-02-16 10:32:53,0.170980115,0.0223536360762246,1.05350675,336.3380138962816,336.58637064807635
2024-02-16 10:32:58,0.170987053,0.0223542248844132,1.0535345,336.3405711699727,336.59063384938884
2024-02-16 10:33:02,0.170989768,0.0223533927021733,1.05349528,336.3551097864675,336.6065370936224
2024-02-16 10:33:06,0.170988863,0.0223533158918799,1.05349166,336.3531892784204,336.6059811116705
2024-02-16 10:33:10,0.170993086,0.0223537383484938,1.05351157,336.3535612938899,336.6077175515991
2024-02-16 10:33:14,0.171002739,0.0223537383484938,1.05351157,336.36910300783836,336.6246235883781
2024-02-16 10:33:18,0.171008471,0.0223539944535329,1.05352364,336.3743463651511,336.6312311669005
2024-02-16 10:33:23,0.171008772,0.0223536104020658,1.05350554,336.3783139737391,336.6369039091077
2024-02-16 10:33:27,0.171002438,0.0223539176432395,1.05352002,336.361740370456,336.6216942984148
2024-02-16 10:33:31,0.171004248,0.0223528552423025,1.05346995,336.3777808189309,336.63909863788365
2024-02-16 10:33:35,0.171005756,0.0223526182337451,1.05345878,336.3822339354747,336.6449155438326
2024-02-16 10:33:39,0.171012091,0.0223528102594787,1.05346783,336.3893927201444,336.6534380163263
2024-02-16 10:33:44,0.171019029,0.0223534567814789,1.0534983,336.3911766024127,336.6569263655375
2024-02-16 10:33:48,0.171014202,0.0223527527578502,1.05346512,336.39079266498857,336.65790588740737
2024-02-16 10:33:52,0.171017521,0.0223526950440386,1.0534624,336.3960158302192,336.6644924103753
2024-02-16 10:33:56,0.171016917,0.0223518117256641,1.05342077,336.4054318633356,336.67527169968
2024-02-16 10:34:00,0.171023554,0.0223518821704636,1.05342409,336.4147496401372,336.68595263112843
2024-02-16 10:34:04,0.171040447,0.022353040690359,1.05347869,336.42744843090793,336.7000144750121
2024-02-16 10:34:09,0.171041653,0.0223532520247575,1.05348865,336.4250247715557,336.6992944892804
2024-02-16 10:34:13,0.171038938,0.0223525864062755,1.05345728,336.4278272858344,336.7034598282484
2024-02-16 10:34:17,0.171051005,0.0223528552423025,1.05346995,336.4439967638565,336.72099202945043
2024-02-16 10:34:21,0.171051608,0.0223527654888381,1.05346572,336.4448932548644,336.72325114213646
2024-02-16 10:34:25,0.17105191,0.0223532840644103,1.05349016,336.4371093310746,336.71682973853063
2024-02-16 10:34:29,0.171052815,0.0223524902873171,1.05345275,336.44797098349704,336.72905380965034
2024-02-16 10:34:34,0.171052513,0.0223521189668378,1.05343525,336.45071621052426,336.73350191734505
2024-02-16 10:34:38,0.171058848,0.0223522662219308,1.05344219,336.4584761919225,336.74262408912324
2024-02-16 10:34:42,0.17106096,0.0223516453740894,1.05341293,336.46913571420953,336.7546457003281
2024-02-16 10:34:46,0.171066389,0.0223526118682512,1.05345848,336.4643271731843,336.75119914676617
2024-02-16 10:34:50,0.171061563,0.022351440617368,1.05340328,336.4702129150695,336.75844677466773
2024-02-16 10:34:54,0.171071819,0.0223510372572359,1.05338427,336.49222340985233,336.78181905402744
2024-02-16 10:34:59,0.171075138,0.0223518501308109,1.05342258,336.48543713036605,336.77673486262466
2024-02-16 10:35:03,0.171071216,0.022351043834913,1.05338458,336.4880153359101,336.7806746245346
2024-02-16 10:35:07,0.171082377,0.0223512869967811,1.05339604,336.50294381312165,336.79696455669705
2024-02-16 10:35:11,0.171083584,0.0223516069689427,1.05341112,336.4994067099491,336.7947888070682
2024-02-16 10:35:15,0.171083584,0.0223512422261405,1.05339393,336.5029356864385,336.7996790357015
2024-02-16 10:35:19,0.171091125,0.0223506788799276,1.05336738,336.5223374422405,336.8204419422552
2024-02-16 10:35:24,0.171090221,0.0223512038209938,1.05339212,336.51201389531246,336.8118196911955
2024-02-16 10:35:28,0.171101382,0.0223519462497692,1.05342711,336.5202481870308,336.8214149055607
2024-02-16 10:35:32,0.171095952,0.0223515110621675,1.0534066,336.5152112308712,336.8177387706803
2024-02-16 10:35:36,0.171094444,0.0223508068263556,1.05337341,336.52065190797185,336.8245401677
2024-02-16 10:35:40,0.171105002,0.0223518885359576,1.05342439,336.52328066719315,336.8285295454878
2024-02-16 10:35:45,0.171108018,0.0223518630739818,1.05342319,336.52720428182505,336.83415379081225
2024-02-16 10:35:49,0.171106812,0.0223510372572359,1.05338427,336.53480506295176,336.84311496248984
2024-02-16 10:35:53,0.171115258,0.0223513829035564,1.05340056,336.54360420283774,336.85327439159863
2024-02-16 10:35:57,0.17111918,0.0223517989946763,1.05342017,336.5435341510718,336.854564527735
2024-02-16 10:36:01,0.171125213,0.0223525670976106,1.05345637,336.54244138310787,336.8548318463604
2024-02-16 10:36:06,0.171133358,0.0223530790955057,1.0534805,336.5481421173526,336.8622325463821
2024-02-16 10:36:10,0.171137883,0.0223531879454519,1.05348563,336.55324826146125,336.8686985491536
2024-02-16 10:36:14,0.171137883,0.0223533479315327,1.05349317,336.549743141443,336.8665531865098
2024-02-16 10:36:18,0.171132754,0.0223518117256641,1.05342077,336.560000691762,336.8781703929224
2024-02-16 10:36:22,0.171148441,0.0223514278863801,1.05340268,336.5912672753974,336.910796531378
2024-02-16 10:36:27,0.171149647,0.0223520935048621,1.05343405,336.582752844939,336.90398140204087
2024-02-16 10:36:31,0.171149647,0.0223522918960896,1.0534434,336.57873268530795,336.9013205693926
2024-02-16 10:36:35,0.171146932,0.0223518310343291,1.05342168,336.5787989143012,336.90274602411995
2024-02-16 10:36:39,0.171158094,0.0223527527578502,1.05346512,336.584628957827,336.9099351921385
2024-02-16 10:36:43,0.171159904,0.0223524071115298,1.05344883,336.5910762246162,336.9177414821867
2024-02-16 10:36:47,0.171165937,0.0223533288350509,1.05349227,336.5879220785881,336.9159462581915
2024-02-16 10:36:52,0.171168049,0.0223531175006524,1.05348231,336.5927572665391,336.9224799563457
2024-02-16 10:36:56,0.171173177,0.0223525607321166,1.05345607,336.60784849500146,336.9389298791096
2024-02-16 10:37:00,0.171176495,0.0223535463227602,1.05350252,336.5990818280637,336.9315218052716
2024-02-16 10:37:04,0.171177098,0.022353040690359,1.05347869,336.60556148309917,336.9393599522127
2024-02-16 10:37:08,0.171170764,0.0223524839218232,1.05345245,336.60057671642375,336.9357335762564
2024-02-16 10:37:12,0.171183735,0.0223524839218232,1.05345245,336.6219384549216,336.95845360429416
2024-02-16 10:37:17,0.171189165,0.0223533158918799,1.05349166,336.6185915819057,336.95680445093166
2024-02-16 10:37:21,0.171194896,0.0223534695124668,1.0534989,336.62521093496304,336.9647818659036
2024-02-16 10:37:25,0.171187657,0.0223521894116373,1.05343857,336.6283454003904,336.969274292091
2024-02-16 10:37:29,0.171193388,0.0223530215938772,1.05347779,336.6258623398474,336.96814909116097
2024-02-16 10:37:33,0.171194595,0.0223535656314251,1.05350343,336.6193207909506,336.9629653007376
2024-02-16 10:37:37,0.171197913,0.0223528295681436,1.05346874,336.63364883365995,336.97865100078843
2024-02-16 10:37:42,0.171202438,0.0223530022852123,1.05347688,336.6375607562738,336.9842598528737
2024-02-16 10:37:46,0.171212996,0.0223547561909733,1.05355954,336.6311675502204,336.9792240766424
2024-02-16 10:37:50,0.171215711,0.0223541544396137,1.05353118,336.64263766225946,336.992051517396
2024-02-16 10:37:54,0.171222347,0.022354378505,1.05354174,336.6498973581881,337.00066844093925
2024-02-16 10:37:58,0.171222046,0.0223537512916648,1.05351218,336.6564275902846,337.0085557995579
2024-02-16 10:38:02,0.171223554,0.0223546664375088,1.05355531,336.6454345470588,336.9989197817693
2024-02-16 10:38:07,0.171228984,0.0223536551727064,1.05350765,336.66681618013047,337.02199755449834
2024-02-16 10:38:11,0.171234715,0.0223544680462813,1.05354596,336.66459132980964,337.02112950220123
2024-02-16 10:38:15,0.171235922,0.0223549352735358,1.05356798,336.6590802991302,337.01697516848503
2024-02-16 10:38:19,0.171235319,0.0223539049122516,1.05351942,336.6704913156861,337.02974278095127
2024-02-16 10:38:24,0.17125191,0.022354788230626,1.05356105,336.6860030583912,337.0469501264501
2024-02-16 10:38:28,0.171251608,0.0223551082027876,1.05357613,336.67982467291523,337.04212810954294
2024-02-16 10:38:32,0.171253117,0.0223546089358803,1.0535526,336.68781012266413,337.0514698268322
2024-02-16 10:38:36,0.17125734,0.0223555563335603,1.05359725,336.6811388472302,337.0461547179177
2024-02-16 10:38:40,0.17126096,0.0223551272992694,1.05357703,336.6918794006091,337.0582513368026
2024-02-16 10:38:44,0.171258546,0.0223544169101468,1.05354355,336.69582740357936,337.063555304273
2024-02-16 10:38:49,0.171268803,0.0223553961352964,1.0535897,336.69895793822286,337.06838065251355
2024-02-16 10:38:53,0.171273328,0.0223546600720149,1.05355501,336.71540448584193,337.08618293739704
2024-02-16 10:38:57,0.171280568,0.022356804394737,1.05365607,336.6979559632939,337.070090051132
2024-02-16 10:39:01,0.171288109,0.022356785086072,1.05365516,336.7100661808846,337.08355580403173
2024-02-16 10:39:05,0.171285696,0.0223564651139105,1.05364008,336.7087781550379,337.0836232125277
2024-02-16 10:39:10,0.171282378,0.0223557801867635,1.0536078,336.7104635320955,337.0870027405411
2024-02-16 10:39:14,0.171290824,0.0223561962778835,1.05362741,336.71831708403624,337.0962114996776
2024-02-16 10:39:18,0.171298667,0.0223563242243115,1.05363344,336.7289810634962,337.10823058539137
2024-02-16 10:39:22,0.171305304,0.02235558816103,1.05359875,336.7491281411603,337.1297326683749
2024-02-16 10:39:26,0.17130108,0.0223567212189496,1.05365215,336.7251698169139,337.10712924852095
2024-02-16 10:39:30,0.17130289,0.0223565035190572,1.05364189,336.7299063363927,337.1132205714728
2024-02-16 10:39:35,0.17131375,0.0223577197527642,1.05369921,336.73091135126697,337.11591894878205
2024-02-16 10:39:39,0.171317068,0.0223572525255097,1.05367719,336.7416373889769,337.1279995629239
2024-02-16 10:39:43,0.171322498,0.022356945284336,1.05366271,336.75391574864767,337.1416323981316
2024-02-16 10:39:47,0.171332453,0.0223573995684195,1.05368412,336.7638988966426,337.15296992077606
2024-02-16 10:39:51,0.171326722,0.0223581676713537,1.05372032,336.74220014655543,337.1326254444584
2024-02-16 10:39:55,0.171341804,0.0223586094366325,1.05374114,336.7613294319347,337.15310890273486
2024-02-16 10:40:00,0.171327626,0.0223568364343897,1.05365758,336.7586020410593,337.15207408614043
2024-02-16 10:40:04,0.171329436,0.0223568875705243,1.05365999,336.7597317312852,337.15455772232804
2024-02-16 10:40:08,0.171336375,0.0223572395823387,1.05367658,336.7658059380488,337.1619857742052
2024-02-16 10:40:12,0.171348139,0.0223583342351116,1.05372817,336.7703626966525,337.1678962770821
2024-02-16 10:40:16,0.171351156,0.0223580717645785,1.0537158,336.77781524988654,337.1767024737562
2024-02-16 10:40:20,0.171348743,0.022357732483752,1.05369981,336.7767896025629,337.1770303690473
2024-02-16 10:40:25,0.171343313,0.0223569964204705,1.05366512,336.77546762695823,337.17740017993657
2024-02-16 10:40:29,0.171353268,0.0223580781300725,1.0537161,336.7770298227761,337.18031569153925
2024-02-16 10:40:33,0.171352061,0.0223569003015122,1.05366059,336.78937202538316,337.19401110913003
2024-02-16 10:40:37,0.171360507,0.0223577515802338,1.05370071,336.79138393848064,337.1973761364177
2024-02-16 10:40:41,0.171366239,0.0223574061460965,1.05368443,336.8047062793974,337.2120514907386
2024-02-16 10:40:45,0.171363826,0.0223583790057522,1.05373028,336.78606886990013,337.1947669938669
2024-02-16 10:40:50,0.171371669,0.0223588719071656,1.05375351,336.79149684608564,337.20188596912595
2024-02-16 10:40:54,0.171374384,0.0223584942211924,1.05373571,336.79996830139584,337.21171011033744
2024-02-16 10:40:58,0.171380417,0.0223593134602612,1.05377432,336.7981843304996,337.2112787245884
2024-02-16 10:41:02,0.171374082,0.0223580781300725,1.0537161,336.80231964473165,337.2167665232209
2024-02-16 10:41:06,0.171378909,0.0223573741064437,1.05368292,336.81887168303774,337.2346709451883
2024-02-16 10:41:11,0.171384942,0.022358135631701,1.05371881,336.8175238599416,337.23501346001586
2024-02-16 10:41:15,0.171389768,0.0223583342351116,1.05372817,336.82195718226944,337.24079893936937
2024-02-16 10:41:19,0.17139007,0.0223585964934615,1.05374053,336.8176133780925,337.2378071915034
2024-02-16 10:41:23,0.17139731,0.0223591150690337,1.05376497,336.8219788159083,337.2435245849229
2024-02-16 10:41:27,0.171399421,0.0223594223102074,1.05377945,336.8201993155237,337.2430969394422
2024-02-16 10:41:32,0.171405455,0.0223591150690337,1.05376497,336.83320085304814,337.2577881539989
2024-02-16 10:41:36,0.171396707,0.0223586158021265,1.05374144,336.8232319991131,337.2491709284207
2024-02-16 10:41:40,0.171402438,0.0223591471086865,1.05376648,336.8247841633022,337.2520746202913
2024-02-16 10:41:44,0.171415711,0.0223603247250637,1.05382198,336.83086718472055,337.2595090687233
2024-02-16 10:41:48,0.171416013,0.0223593709618897,1.05377703,336.84284877213474,337.2728419824907
2024-02-16 10:41:52,0.171422951,0.0223593518654079,1.05377613,336.8539037220834,337.28524815813967
2024-02-16 10:41:57,0.171426269,0.0223600879286894,1.05381082,336.8481430966049,337.2811764232549
2024-02-16 10:42:01,0.171428381,0.0223596975117284,1.05379242,336.8557321266248,337.2901164525336
2024-02-16 10:42:05,0.171423253,0.0223596079704471,1.0537882,336.84660337865625,337.2823386031953
2024-02-16 10:42:09,0.171427777,0.0223589741794347,1.05375833,336.8616844232275,337.2987704457757
2024-02-16 10:42:13,0.171429889,0.0223593134602612,1.05377432,336.8594768830652,337.2979136030091
2024-02-16 10:42:18,0.171437431,0.0223590253155693,1.05376074,336.87486536839015,337.3149903186022
2024-02-16 10:42:22,0.171436526,0.0223595502566354,1.05378548,336.8648815206055,337.30635694186014
2024-02-16 10:42:26,0.17144105,0.0223592941515963,1.05377341,336.87489241098314,337.31771820269125
2024-02-16 10:42:30,0.171440145,0.0223595886617822,1.05378729,336.86800280214527,337.3121788637251
2024-02-16 10:42:34,0.171438034,0.0223601263338362,1.05381263,336.8557367144456,337.30126294532295
2024-02-16 10:42:38,0.171446179,0.0223593709618897,1.05377703,336.87879250980455,337.3256688094127
2024-02-16 10:42:43,0.171455832,0.0223603376682347,1.05382259,336.8810285487574,337.3295922928686
2024-02-16 10:42:47,0.171454927,0.0223597231858872,1.05379363,336.88634505745114,337.3362586440455
2024-02-16 10:42:51,0.171467898,0.0223607215075187,1.05384068,336.8943039367877,337.3455672653228
2024-02-16 10:42:55,0.171456737,0.0223604335750099,1.05382711,336.8772763160728,337.3298892860138
2024-02-16 10:42:59,0.171457943,0.0223594927550069,1.05378277,336.8906720586777,337.3446345694972
2024-02-16 10:43:03,0.171470311,0.0223598574978092,1.05379996,336.9060833708046,337.3613953219827
2024-02-16 10:43:08,0.171475138,0.0223602608579412,1.05381897,336.9074328203261,337.36443143060774
2024-02-16 10:43:12,0.171469708,0.022359204610315,1.05376919,336.91075960085095,337.3691074253488
2024-02-16 10:43:16,0.171467898,0.022359332556743,1.05377522,336.9045224265466,337.36421936476506
2024-02-16 10:43:20,0.171473328,0.0223593775395668,1.05377734,336.91207850505685,337.3731244565079
2024-02-16 10:43:24,0.171476043,0.0223598895374619,1.05380147,336.90860802984787,337.3710028940509
2024-02-16 10:43:28,0.171482679,0.0223602095096235,1.05381655,336.9145828879099,337.3783265643917
2024-02-16 10:43:33,0.171482679,0.0223602158751174,1.05381685,336.9128115259943,337.3782410765458
2024-02-16 10:43:37,0.171489919,0.0223609776125578,1.05385275,336.91391127182646,337.3806894086197
2024-02-16 10:43:41,0.171486601,0.0223598063616746,1.05379755,336.9224824788776,337.3906091014637
2024-02-16 10:43:45,0.171488713,0.0223600622545306,1.05380961,336.921395810699,337.3908708186367
2024-02-16 10:43:49,0.171492936,0.0223596079704471,1.0537882,336.9335443634304,337.4043676562859
2024-02-16 10:43:54,0.171496254,0.0223596654720756,1.05379091,336.93689739896405,337.4094059067431
2024-02-16 10:43:58,0.171498969,0.0223604526714917,1.05382801,336.9297306660628,337.4035872328108
2024-02-16 10:44:02,0.171502287,0.0223599086339437,1.05380237,336.9415003891877,337.4167049144952
2024-02-16 10:44:06,0.171495651,0.0223602735889291,1.05381957,336.92362970348955,337.4001820869545
2024-02-16 10:44:10,0.171512544,0.0223602542802642,1.05381866,336.9521240514896,337.43002419271744
2024-02-16 10:44:14,0.171505907,0.0223600622545306,1.05380961,336.9417330526665,337.42098085127014
2024-02-16 10:44:19,0.171506209,0.0223590062190875,1.05375984,336.9547628865755,337.43569511574094
2024-02-16 10:44:23,0.171512544,0.0223591471086865,1.05376648,336.9626171580263,337.4448968187239
2024-02-16 10:44:27,0.171516465,0.0223603376682347,1.05382259,336.95214348210726,337.4357704739743
2024-02-16 10:44:31,0.171516465,0.0223602672234352,1.05381927,336.9517425063618,337.4367167290429
2024-02-16 10:44:35,0.171520085,0.0223595629876233,1.05378608,336.9661949191517,337.4525162722991
2024-02-16 10:44:40,0.171520387,0.0223591789361562,1.05376798,336.9701994342384,337.45820455936587
2024-02-16 10:44:44,0.171526722,0.0223600942941834,1.05381112,336.9676497242918,337.45700175413026
2024-02-16 10:44:48,0.171530643,0.0223607792213303,1.0538434,336.9639683541319,337.45466718835775
2024-02-16 10:44:52,0.171535168,0.022360420844022,1.05382651,336.97536004893476,337.46740558723195
2024-02-16 10:44:56,0.1715228,0.0223585646659919,1.05373903,336.9772909633777,337.4706831054377
2024-02-16 10:45:01,0.17153004,0.0223591341655155,1.05376587,336.9806360007318,337.4757112564476
2024-02-16 10:45:05,0.171535168,0.0223595502566354,1.05378548,336.9826799238429,337.4791015576544
2024-02-16 10:45:09,0.171533962,0.0223586542072732,1.05374325,336.991260533902,337.4890284455249
2024-02-16 10:45:13,0.171539995,0.0223602479147702,1.05381836,336.9790677258724,337.47818181502987
2024-02-16 10:45:17,0.17154633,0.0223600942941834,1.05381112,336.9908794633169,337.4913396297395
2024-02-16 10:45:21,0.171547838,0.0223606831023719,1.05383887,336.98426363649094,337.4860697799168
2024-02-16 10:45:26,0.171547235,0.0223613680295189,1.05387115,336.9723238542126,337.4758123279106
2024-02-16 10:45:30,0.171555379,0.0223601199683422,1.05381233,337.002007292695,337.50684151783423
2024-02-16 10:45:34,0.171555078,0.0223602735889291,1.05381957,336.9980704684395,337.50425034478235
2024-02-16 10:45:38,0.171556586,0.0223606256007434,1.05383616,336.99463618588265,337.5021616131989
2024-02-16 10:45:42,0.171558698,0.0223604015353571,1.0538256,336.9999997889806,337.5088706670476
2024-02-16 10:45:47,0.171558999,0.022361214408932,1.05386391,336.98792380102464,337.4984763516032
2024-02-16 10:45:51,0.171572272,0.0223616752706926,1.05388563,337.00362948769805,337.5155272635535
2024-02-16 10:45:55,0.171572272,0.0223615600552524,1.0538802,337.0038323593875,337.5170752603214
2024-02-16 10:45:59,0.171572876,0.0223622193082405,1.05391127,336.9946876906058,337.5092756164272
2024-02-16 10:46:03,0.171569859,0.0223599343081026,1.05380358,337.0187613481077,337.534694198633
2024-02-16 10:46:08,0.171564127,0.0223599663477554,1.05380509,337.00661164945586,337.5242255149894
2024-02-16 10:46:12,0.171566842,0.0223591982448211,1.05376889,337.0203431180802,337.539301682932
2024-02-16 10:46:16,0.171567144,0.0223591789361562,1.05376798,337.0197868873531,337.5400900513639
2024-02-16 10:46:20,0.171576194,0.0223602863199169,1.05382017,337.01941044428196,337.54105810729993
2024-02-16 10:46:24,0.171578305,0.0223599790787432,1.05380569,337.0258915610677,337.5488836229485
2024-02-16 10:46:28,0.171574686,0.0223593391344201,1.05377553,337.02680922274385,337.55114558335055
2024-02-16 10:46:33,0.171581322,0.0223606831023719,1.05383887,337.0186899232337,337.5447065164417
2024-02-16 10:46:37,0.171589769,0.0223600238493839,1.0538078,337.04099778443555,337.5683584510887
2024-02-16 10:46:41,0.171587054,0.0223609071677583,1.05384943,337.02302877595764,337.5517334159433
2024-02-16 10:46:45,0.171590674,0.022359345499914,1.05377583,337.049011568705,337.579060081918
2024-02-16 10:46:49,0.171584339,0.0223595566221294,1.05378578,337.0337358574275,337.56512814377004
2024-02-16 10:46:54,0.171584037,0.0223589485052759,1.05375712,337.0397002293591,337.57277209136254
2024-02-16 10:46:58,0.171593388,0.0223591662051683,1.05376738,337.0518075222058,337.58622293214614
2024-02-16 10:47:02,0.171589769,0.0223597679565279,1.05379574,337.03603860487357,337.5717974626773
2024-02-16 10:47:06,0.171600025,0.0223596718375695,1.05379121,337.05394828188207,337.5910504874831
2024-02-16 10:47:10,0.171603343,0.0223607792213303,1.0538434,337.04353265540976,337.5819781087495
2024-02-16 10:47:14,0.17160455,0.0223599536167675,1.05380449,337.0553992170865,337.5951878181138
2024-02-16 10:47:19,0.17160998,0.0223610160177045,1.05385456,337.04895099528926,337.5904183902404
2024-02-16 10:47:23,0.171610885,0.0223602415492763,1.05381806,337.0596018068663,337.6024121244171
2024-02-16 10:47:27,0.171614203,0.0223597806875157,1.05379634,337.0702642159989,337.6144173561225
2024-02-16 10:47:31,0.171614505,0.0223602288182884,1.05381746,337.0634269608823,337.6089228235591
2024-02-16 10:47:35,0.171614203,0.0223603631302104,1.05382379,337.0597501894039,337.606588674622
2024-02-16 10:47:39,0.171630493,0.0223599536167675,1.05380449,337.0924404323113,337.640621440066
2024-02-16 10:47:44,0.171624459,0.0223608817057826,1.05384823,337.06772023065366,337.61757925095907
2024-02-16 10:47:48,0.171625063,0.0223602992630879,1.05382078,337.07526448120626,337.6264657990652
2024-02-16 10:47:52,0.171634414,0.0223606446972252,1.05383706,337.0856549270022,337.6381984424343
2024-02-16 10:47:56,0.171628984,0.0223600879286894,1.05381082,337.08228766647846,337.6361732795108
2024-02-16 10:48:00,0.171629588,0.0223608560316237,1.05384702,337.0716787217893,337.6269063324564
2024-02-16 10:48:04,0.171634112,0.0223611439641325,1.05386059,337.07438907063505,337.63095857897883
2024-02-16 10:48:09,0.171633811,0.0223598511323152,1.05379966,337.08956315930425,337.6478098991892
2024-02-16 10:48:13,0.171632906,0.0223597870530097,1.05379664,337.08749797408757,337.64708638677087
2024-02-16 10:48:17,0.171632906,0.0223593775395668,1.05377734,337.091661590552,337.6525915760998
2024-02-16 10:48:21,0.171632604,0.0223591278000216,1.05376557,337.09314863191787,337.6554200904037
2024-02-16 10:48:25,0.171631096,0.0223597359168751,1.05379423,337.08099111313396,337.6446039446389
2024-02-16 10:48:30,0.171641956,0.0223607599126654,1.05384249,337.0845680570305,337.64985746430955
2024-02-16 10:48:34,0.171653117,0.0223609328419172,1.05385064,337.10044780032496,337.6670783558327
2024-02-16 10:48:38,0.171649195,0.022360152007995,1.05381384,337.1027355204885,337.67070712433014
2024-02-16 10:48:42,0.171649195,0.0223599406735965,1.05380388,337.1042357608406,337.6735483131287
2024-02-16 10:48:46,0.171643766,0.0223595054859948,1.05378337,337.09923771853016,337.66989111938494
2024-02-16 10:48:50,0.171653117,0.0223597743220218,1.05379604,337.11065932575053,337.6826534752995
2024-02-16 10:48:55,0.171654927,0.0223594477721832,1.05378065,337.1165438916469,337.6902138366293
2024-02-16 10:48:59,0.171655832,0.0223594030015425,1.05377854,337.11739029273406,337.6924007617248
2024-02-16 10:49:03,0.171660055,0.0223606512749023,1.05383737,337.1066628944079,337.6830137875587
2024-02-16 10:49:07,0.171646481,0.022359332556743,1.05377522,337.09927976155785,337.6769709790279
2024-02-16 10:49:11,0.171652514,0.0223588973691413,1.05375471,337.1143567556523,337.69338819760816
2024-02-16 10:49:16,0.171663072,0.022359063720716,1.05376255,337.12893608095004,337.70964266313376
2024-02-16 10:49:20,0.171665183,0.0223588335020189,1.0537517,337.1343889799065,337.716435561978
2024-02-16 10:49:24,0.171666088,0.0223591725706622,1.05376768,337.1300747318815,337.71346121403167
2024-02-16 10:49:28,0.171672122,0.0223599599822614,1.05380479,337.1287148311949,337.7134411136218
2024-02-16 10:49:32,0.171672122,0.0223602992630879,1.05382078,337.1228131974129,337.70887918032224
2024-02-16 10:49:37,0.171671518,0.0223586348986082,1.05374234,337.14246103850616,337.730201506694
2024-02-16 10:49:41,0.171671217,0.0223590702983931,1.05376286,337.1347394053023,337.7238193494624
2024-02-16 10:49:45,0.171677551,0.022358935774288,1.05375652,337.14630241705373,337.73672173741585
2024-02-16 10:49:49,0.171679361,0.0223600815631955,1.05381052,337.13272553007045,337.7244841268718
2024-02-16 10:49:53,0.171683886,0.0223597359168751,1.05379423,337.1439590020925,337.7370567755778
2024-02-16 10:49:57,0.171682378,0.0223599022684498,1.05380207,337.1377419552764,337.73217880569763
2024-02-16 10:50:02,0.171695349,0.0223610223831984,1.05385486,337.143722250078,337.73983280640994
2024-02-16 10:50:06,0.171694143,0.022360011118396,1.0538072,337.15387004201745,337.7513194508797
2024-02-16 10:50:10,0.17168811,0.0223592493809557,1.0537713,337.15220919954004,337.7509973612088
2024-02-16 10:50:14,0.171687506,0.0223599343081026,1.05380358,337.14060197479716,337.74072878955604
2024-02-16 10:50:18,0.171702891,0.0223596847807405,1.05379182,337.16956368574006,337.77102905388017
2024-02-16 10:50:22,0.171693841,0.0223592750551145,1.05377251,337.15788554606144,337.7606893678813
2024-02-16 10:50:27,0.171693238,0.0223591278000216,1.05376557,337.15713693064816,337.76161367937374
2024-02-16 10:50:31,0.171708321,0.0223600495235427,1.05380901,337.1698185138012,337.7756334919053
2024-02-16 10:50:35,0.171707416,0.0223606062920785,1.05383525,337.15940767969244,337.76656078749767
2024-02-16 10:50:39,0.171703796,0.0223594477721832,1.05378065,337.1673104815694,337.7758016194058
2024-02-16 10:50:43,0.171707717,0.0223601774699707,1.05381504,337.1630258812853,337.77285494949035
2024-02-16 10:50:47,0.171707114,0.0223595759307943,1.05378669,337.16872215256507,337.7798890514837
2024-02-16 10:50:52,0.171708924,0.0223597934185036,1.05379694,337.1672949053898,337.7801339525717
2024-02-16 10:50:56,0.171716767,0.0223595375256476,1.05378488,337.18313500622685,337.7973116599255
2024-02-16 10:51:00,0.171711639,0.0223594159447135,1.05377915,337.17445167281494,337.7899658333994
2024-02-16 10:51:04,0.171713449,0.0223589166778062,1.05375562,337.18299964205454,337.79985120990125
2024-02-16 10:51:08,0.17172099,0.0223592239189799,1.0537701,337.19073721958034,337.8089260950731
2024-02-16 10:51:12,0.171723705,0.0223601136028483,1.05381203,337.1821881781935,337.80171426172365
2024-02-16 10:51:17,0.171724912,0.0223598959029559,1.05380177,337.1855588631713,337.80675631668475
2024-02-16 10:51:21,0.171726119,0.0223602672234352,1.05381927,337.1813413455517,337.80387578301
2024-02-16 10:51:25,0.171722499,0.0223591918793272,1.05376859,337.18812864757035,337.811999969389
2024-02-16 10:51:29,0.171727325,0.0223588973691413,1.05375471,337.19920595373344,337.8244140603352
2024-02-16 10:51:33,0.171721895,0.022358404467728,1.05373148,337.1949893384047,337.8215341302198
2024-02-16 10:51:38,0.17172461,0.0223583790057522,1.05373028,337.1984164406832,337.8266319490063
2024-02-16 10:51:42,0.17172642,0.022358679881432,1.05374446,337.19620268634753,337.8257546558791
2024-02-16 10:51:46,0.17172642,0.0223587437485545,1.05374747,337.1940071741485,337.8248955053429
2024-02-16 10:51:50,0.171735168,0.0223589037346352,1.05375501,337.20584046411744,337.83806505743644
2024-02-16 10:51:54,0.17173547,0.0223587053434077,1.05374566,337.20770214793464,337.84126290384734
2024-02-16 10:51:59,0.17173547,0.0223588335020189,1.0537517,337.20430799296116,337.8395388121621
2024-02-16 10:52:03,0.17174452,0.0223596654720756,1.05379091,337.2076302976216,337.844197055499
2024-02-16 10:52:07,0.17174814,0.0223595822962882,1.05378699,337.2137534558077,337.8516560528548
2024-02-16 10:52:11,0.171744218,0.0223584685470335,1.0537345,337.22053229027745,337.85977062699493
2024-02-16 10:52:15,0.17174633,0.0223587757882072,1.05374898,337.2187622117291,337.85933618862504
2024-02-16 10:52:19,0.171750553,0.0223593198257552,1.05377462,337.2175038025864,337.85941332017626
2024-02-16 10:52:24,0.171757491,0.0223604335750099,1.05382711,337.21300234239095,337.85658114595947
2024-02-16 10:52:28,0.171768351,0.0223613743950128,1.05387145,337.2180298818794,337.86294400232873
2024-02-16 10:52:32,0.171764429,0.0223601263338362,1.05381263,337.22661611647436,337.8728654543442
2024-02-16 10:52:36,0.171763223,0.0223609008022644,1.05384913,337.212749898052,337.86033435388924
2024-02-16 10:52:40,0.171772273,0.022360407900851,1.0538259,337.2338955512864,337.88281502564547
2024-02-16 10:52:45,0.171763826,0.0223595311601537,1.05378458,337.2292286724603,337.8798167801375
2024-02-16 10:52:49,0.171772876,0.0223597679565279,1.05379574,337.2405581869904,337.8924810894639
2024-02-16 10:52:53,0.171775289,0.0223602031441296,1.05381625,337.2375943490049,337.8908519468531
2024-02-16 10:52:57,0.171774686,0.0223602672234352,1.05381927,337.2343415383296,337.8889337321384
2024-02-16 10:53:01,0.171776194,0.0223593007292734,1.05377372,337.24865225019295,337.9045789405556
2024-02-16 10:53:05,0.171775591,0.0223611696382914,1.0538618,337.22111676782026,337.8783778553374
2024-02-16 10:53:10,0.171780116,0.0223601904131417,1.05381565,337.24054815077807,337.8994770949693
2024-02-16 10:53:14,0.171780116,0.022360279954423,1.05381987,337.23800922772887,337.8982723454532
2024-02-16 10:53:18,0.17179188,0.0223608496661298,1.05384672,337.2496127212003,337.91120991308253
2024-02-16 10:53:22,0.171788562,0.0223605551559439,1.05383284,337.2464304227418,337.90936158941395
2024-02-16 10:53:26,0.171788562,0.0223597934185036,1.05379694,337.2553461591382,337.91961120123983
2024-02-16 10:53:30,0.171797009,0.0223596718375695,1.05379121,337.2704427187625,337.9360415369406
2024-02-16 10:53:35,0.171798517,0.0223608944367704,1.05384883,337.25496523212104,337.92223113069065
2024-02-16 10:53:39,0.17179731,0.0223618352567734,1.05389317,337.2388592525037,337.9074587036324
2024-02-16 10:53:43,0.171806058,0.0223602095096235,1.05381655,337.27472175152093,337.94465465587973
2024-02-16 10:53:47,0.171804248,0.0223607535471714,1.05384219,337.26289758250863,337.93416384077585
2024-02-16 10:53:51,0.17179912,0.022360420844022,1.05382651,337.2570602491952,337.92965976205664
2024-02-16 10:53:55,0.171803947,0.0223603247250637,1.05382198,337.26547439220343,337.9394070603523
2024-02-16 10:54:00,0.171807567,0.022361624134558,1.05388322,337.25266310069844,337.9282620733176
2024-02-16 10:54:04,0.171805455,0.0223608303574649,1.05384581,337.25831223932784,337.93524414382114
2024-02-16 10:54:08,0.171814807,0.022360420844022,1.05382651,337.2788688701474,337.957133607232
2024-02-16 10:54:12,0.171812695,0.0223609071677583,1.05384943,337.26729276323226,337.9468902336328
2024-02-16 10:54:16,0.171816013,0.0223606062920785,1.05383525,337.27582001999497,337.95675012444343
2024-02-16 10:54:21,0.171818728,0.0223598127271685,1.05379785,337.28958918666734,337.97218494409134
2024-02-16 10:54:25,0.171826873,0.022360817626477,1.05384521,337.28899775431927,337.97292592246527
2024-02-16 10:54:29,0.171813298,0.0223602224527945,1.05381716,337.27190012472505,337.95716060434904
2024-02-16 10:54:33,0.171814203,0.0223595375256476,1.05378488,337.28137074435597,337.9679634362214
2024-02-16 10:54:37,0.171818426,0.0223602735889291,1.05381957,337.2775288253921,337.9654536302698
2024-02-16 10:54:42,0.171822951,0.0223605935610907,1.05383465,337.27948270288283,337.969072509496
2024-02-16 10:54:46,0.171820538,0.0223604783456505,1.05382922,337.2754752838722,337.966396980259
2024-02-16 10:54:50,0.171826571,0.0223596079704471,1.0537882,337.29642386711646,337.98867735407174
2024-02-16 10:54:54,0.171830191,0.0223598768064741,1.05380087,337.2978140433967,337.99139922172265
2024-02-16 10:54:58,0.171827175,0.0223600558890367,1.05380931,337.2887898543728,337.983706624879
2024-02-16 10:55:03,0.171829588,0.0223593518654079,1.05377613,337.30082748839527,337.9974086096516
2024-02-16 10:55:07,0.171823856,0.0223586094366325,1.05374114,337.29944969970285,337.9973621899881
2024-02-16 10:55:11,0.171840146,0.0223609969212227,1.05385366,337.29451486087544,337.99375862102323
2024-02-16 10:55:15,0.171840146,0.0223607535471714,1.05384219,337.2964592421026,337.997034172954
2024-02-16 10:55:19,0.171847687,0.0223609519383989,1.05385154,337.30566504834314,338.00757105074644
2024-02-16 10:55:23,0.171853419,0.0223613937036777,1.05387236,337.30842687485296,338.011663849664
2024-02-16 10:55:28,0.171864279,0.0223624945097614,1.05392424,337.31096630406915,338.01586685497955
2024-02-16 10:55:32,0.171858849,0.0223623408891746,1.053917,337.3021938037102,338.00842510398087
2024-02-16 10:55:36,0.171871217,0.0223631539749326,1.05395532,337.3115792217215,338.01914117223214
2024-02-16 10:55:40,0.171874535,0.0223636212021871,1.05397734,337.3097708518877,338.01866335352554
2024-02-16 10:55:44,0.171876647,0.0223631794369084,1.05395652,337.31808452253,338.0283074761895
2024-02-16 10:55:48,0.171872725,0.0223634803125881,1.0539707,337.305836595293,338.0173899018762
2024-02-16 10:55:53,0.17187544,0.0223643379568037,1.05401112,337.2973858897816,338.0106019981739
2024-02-16 10:55:57,0.171883585,0.0223643763619504,1.05401293,337.3098016389743,338.0243478773466
2024-02-16 10:56:01,0.171879663,0.0223634291764536,1.05396829,337.31435150633087,338.03022777560903
2024-02-16 10:56:05,0.17188087,0.0223630771646392,1.0539517,337.3198731114366,338.03707931255394
2024-02-16 10:56:09,0.171891126,0.0223640179846421,1.05399604,337.3238403243581,338.0423763582553
2024-02-16 10:56:13,0.171887808,0.0223642804551752,1.05400841,337.3131677871726,338.0330335547976
2024-02-16 10:56:18,0.171889316,0.0223631410317616,1.05395471,337.3294825249059,338.0510103204103
2024-02-16 10:56:22,0.17189716,0.0223643636309626,1.05401233,337.32543312495505,338.04829043134737
2024-02-16 10:56:26,0.17189173,0.0223636466641629,1.05397854,337.32424513010506,338.0484318483574
2024-02-16 10:56:30,0.171888411,0.0223629619491991,1.05394627,337.3263199573729,338.05183598846463
2024-02-16 10:56:34,0.171902589,0.0223636914348035,1.05398065,337.3399999874545,338.06684523237243
2024-02-16 10:56:39,0.171898969,0.0223632051110672,1.05395773,337.3385456308319,338.0670522538064
2024-02-16 10:56:43,0.171905908,0.0223641395655762,1.05400177,337.3367896071323,338.06662522118023
2024-02-16 10:56:47,0.171906813,0.0223639923104833,1.05399483,337.3390276395915,338.0701921457236
2024-02-16 10:56:51,0.17189535,0.0223630835301331,1.053952,337.3298578929399,338.0623511921742
2024-02-16 10:56:55,0.171908924,0.0223631987455733,1.05395743,337.3507492786872,338.08457127204923
2024-02-16 10:56:59,0.171909226,0.0223640947949356,1.05399966,337.33788756085653,338.0730381493792
2024-02-16 10:57:04,0.171911036,0.0223646324669896,1.054025,337.33215914883516,338.0689703421473
2024-02-16 10:57:08,0.171922499,0.0223651701390436,1.05405034,337.34366614021513,338.0818057060387
2024-02-16 10:57:12,0.171917371,0.0223645620221901,1.05402168,337.3415439730823,338.08101181247423
2024-02-16 10:57:16,0.171921292,0.0223642740896813,1.05400811,337.3509578392473,338.0917538532717
2024-02-16 10:57:20,0.171921292,0.0223644147670971,1.05401474,337.3477360478979,338.0898601376264
2024-02-16 10:57:25,0.171924912,0.0223638770950431,1.0539894,337.35965328235477,338.1034373276064
2024-02-16 10:57:29,0.17193909,0.0223645492912022,1.05402108,337.37410381546636,338.11921571385994
2024-02-16 10:57:33,0.17193185,0.0223649588046451,1.05404038,337.3545850701024,338.10102472273354
2024-02-16 10:57:37,0.171930945,0.0223643443222976,1.05401142,337.3599448000626,338.10771210803404
2024-02-16 10:57:41,0.171928532,0.0223651444648847,1.05404913,337.3436205821228,338.0927154465449
2024-02-16 10:57:46,0.171943615,0.0223648499546989,1.05403525,337.3723376003705,338.1230917713033
2024-02-16 10:57:50,0.171936375,0.0223647156427769,1.05402892,337.3601404067183,338.11222191162665
2024-02-16 10:57:54,0.171936979,0.0223648756288577,1.05403646,337.35771707345356,338.11112581347163
2024-02-16 10:57:58,0.17193909,0.0223635571228816,1.05397432,337.37783769951864,338.132573575788
2024-02-16 10:58:02,0.17193728,0.0223639986759772,1.05399513,337.36739613356286,338.1234590472324
2024-02-16 10:58:06,0.171947537,0.0223642931861631,1.05400901,337.38006571395886,338.1374555661848
2024-02-16 10:58:11,0.171951157,0.0223653301251243,1.05405788,337.37078567968916,338.12983406612284
2024-02-16 10:58:15,0.171958095,0.022365778255897,1.054079,337.37557468728386,338.1359497899025
2024-02-16 10:58:19,0.171947838,0.0223648244927231,1.05403405,337.36912776046165,338.1308294804454
2024-02-16 10:58:23,0.17195538,0.022365502842193,1.05406602,337.3718753033861,338.13490354192254
2024-02-16 10:58:27,0.171959301,0.0223652853544837,1.05405577,337.3803428589802,338.1446975172642
2024-02-16 10:58:31,0.171961715,0.0223643059171509,1.05400961,337.39643107967214,338.162112058906
2024-02-16 10:58:36,0.17196443,0.0223656310008041,1.05407206,337.3816863729148,338.1490251144129
2024-02-16 10:58:40,0.171958095,0.0223646772376302,1.05402711,337.3821083815744,338.1507732217543
2024-02-16 10:58:44,0.171958095,0.0223650933287501,1.05404672,337.3751802100576,338.1451710501455
2024-02-16 10:58:48,0.171965938,0.0223642868206691,1.05400871,337.39844763433376,338.16976437556326
2024-02-16 10:58:52,0.17196805,0.0223649397081633,1.05403948,337.3920291375911,338.1646716812031
2024-02-16 10:58:56,0.171975893,0.0223644147670971,1.05401474,337.41150608499703,338.1854743322397
2024-02-16 10:59:01,0.171975893,0.0223660341487531,1.05409106,337.3880442389351,338.16366947685776
2024-02-16 10:59:05,0.171981624,0.0223655605560046,1.05406874,337.4031306964982,338.18008141588706
2024-02-16 10:59:09,0.171983736,0.0223662773106212,1.05410252,337.3958526814271,338.17412878355424
2024-02-16 10:59:13,0.171983132,0.0223652980854716,1.05405637,337.40665487167996,338.186256257825
2024-02-16 10:59:17,0.171984641,0.0223650869632562,1.05404642,337.4108149777609,338.19174154921063
2024-02-16 10:59:21,0.171994294,0.0223657462162443,1.05407749,337.41751572367343,338.1997673817221
2024-02-16 10:59:26,0.171998517,0.0223665654553131,1.0541161,337.41222267906517,338.1961305565687
2024-02-16 10:59:30,0.171994294,0.0223668854274747,1.05413118,337.399195099734,338.1844278417753
2024-02-16 10:59:34,0.171998819,0.0223659318764839,1.05408624,337.41863335505235,338.2051908629495
2024-02-16 10:59:38,0.171993087,0.02236577167822,1.05407869,337.4094288228815,338.19731099796
2024-02-16 10:59:42,0.171994294,0.0223659446074718,1.05408684,337.40788917730544,338.1970959208981
2024-02-16 10:59:47,0.171996707,0.0223661493641932,1.05409649,337.4077016962111,338.19856401170694
2024-02-16 10:59:51,0.171997009,0.0223659893781124,1.05408895,337.4090604752329,338.2012471372685
2024-02-16 10:59:55,0.172000327,0.0223658998368311,1.05408473,337.41475200173915,338.20826291167134
2024-02-16 10:59:59,0.171992182,0.0223645108860555,1.05401927,337.4178695895424,338.21270464873515
2024-02-16 11:00:03,0.171996104,0.0223645299825373,1.05402017,337.4231564482826,338.2193155581073
2024-02-16 11:00:08,0.172004249,0.0223658998368311,1.05408473,337.4173165421603,338.2151305765896
2024-02-16 11:00:12,0.17200636,0.0223660150522713,1.05409016,337.4181376469197,338.2172755100935
2024-02-16 11:00:16,0.172001835,0.0223643699964565,1.05401263,337.4310446149748,338.23150620828824
2024-02-16 11:00:20,0.172001232,0.0223643827274444,1.05401323,337.42849355882595,338.2302787836817
2024-02-16 11:00:24,0.172001232,0.0223642291068575,1.05400599,337.42923901406783,338.23234777187577
2024-02-16 11:00:28,0.172006964,0.0223642740896813,1.05400811,337.43734755709363,338.2417797492711
2024-02-16 11:00:33,0.172014807,0.0223654389750706,1.05406301,337.43373863963313,338.23982498615175
2024-02-16 11:00:37,0.172013298,0.0223644211325911,1.05401504,337.44348170241796,338.2508912615218
2024-02-16 11:00:41,0.17201179,0.022365374895765,1.05405999,337.42667224928397,338.2354049224142
2024-02-16 11:00:45,0.17201179,0.022364312494828,1.05400992,337.43965802050184,338.249713709107
2024-02-16 11:00:49,0.172012393,0.0223646899686181,1.05402771,337.4343069465652,338.2456855521011
2024-02-16 11:00:54,0.172018125,0.0223654453405645,1.05406331,337.43251728498467,338.2455493981175
2024-02-16 11:00:58,0.172019633,0.022365106059738,1.05404732,337.4384048606255,338.2527596689915
2024-02-16 11:01:02,0.172022348,0.0223640691207767,1.05399845,337.45580381174835,338.2714812168272
2024-02-16 11:01:06,0.17200998,0.0223627633457884,1.05393691,337.45041105385644,338.2674109571352
2024-02-16 11:01:10,0.172013902,0.0223642484155224,1.0540069,337.4359530565859,338.25427535955896
2024-02-16 11:01:14,0.172025063,0.0223648181272292,1.05403375,337.44650205458265,338.26614665875167
2024-02-16 11:01:19,0.172025063,0.0223650612890973,1.05404521,337.4415740658265,338.2628714079884
2024-02-16 11:01:23,0.172031398,0.0223643188603219,1.05401022,337.4613461865771,338.2839656083406
2024-02-16 11:01:27,0.172032001,0.0223649140340044,1.05403827,337.4530629795594,338.27700438245006
2024-02-16 11:01:31,0.17202989,0.0223644340757621,1.05401565,337.4545094971341,338.27977278268486
2024-02-16 11:01:35,0.17203713,0.0223642675120042,1.0540078,337.46811017019115,338.29469523994214
2024-02-16 11:01:39,0.172036828,0.0223653044509655,1.05405667,337.45229149938433,338.2801982548831
2024-02-16 11:01:44,0.172030493,0.022364312494828,1.05400992,337.4529077900298,338.28246651427577
2024-02-16 11:01:48,0.172041353,0.0223653364906183,1.05405818,337.45681034080354,338.287690529306
2024-02-16 11:01:52,0.172043766,0.0223640820639477,1.05399906,337.4766131344976,338.308814688828
2024-02-16 11:01:56,0.172039543,0.0223648819943516,1.05403676,337.457120395841,338.2906432175781
2024-02-16 11:02:00,0.172055229,0.0223656246353102,1.05407176,337.47326361819006,338.30810760891984
2024-02-16 11:02:04,0.172045878,0.0223650165184567,1.0540431,337.46375958449653,338.2999246458124
2024-02-16 11:02:09,0.172053721,0.0223650676545913,1.05404551,337.47515392673404,338.31297018790934
2024-02-16 11:02:13,0.172054626,0.0223653876267528,1.05406059,337.47110736359224,338.31024447396544
2024-02-16 11:02:17,0.172054324,0.0223653428561122,1.05405848,337.4698608892411,338.3103187504294
2024-02-16 11:02:21,0.172057039,0.0223650101529628,1.0540428,337.47777670597003,338.319555219598
2024-02-16 11:02:25,0.172065787,0.0223657014456036,1.05407538,337.4824621208763,338.32556118857576
2024-02-16 11:02:29,0.17206639,0.0223665270501664,1.05411429,337.4710755395884,338.31549506299854
2024-02-16 11:02:34,0.17207001,0.0223666422656066,1.05411972,337.4742118382553,338.320281792995
2024-02-16 11:02:38,0.17207725,0.0223669301981153,1.05413329,337.48169029407865,338.3290804832439
2024-02-16 11:02:42,0.17207001,0.0223670006429148,1.05413661,337.4667438274007,338.31545415265447
2024-02-16 11:02:46,0.172076345,0.0223661623073642,1.0540971,337.4878102084668,338.33784057147943
2024-02-16 11:02:50,0.172079362,0.022366712710406,1.05412304,337.48435823688345,338.3357085393326
2024-02-16 11:02:55,0.172080267,0.0223658166610438,1.05408081,337.4963649908559,338.34936507934594
2024-02-16 11:02:59,0.172073329,0.0223656948679266,1.05407507,337.4845369259274,338.33885673265536
2024-02-16 11:03:03,0.172070312,0.0223646708721363,1.05402681,337.4917303038414,338.3473697305087
2024-02-16 11:03:07,0.172078759,0.0223665143191785,1.05411369,337.48036639540516,338.3373253437205
2024-02-16 11:03:11,0.172080267,0.0223662070780048,1.05409921,337.48582677229257,338.3441051439721
2024-02-16 11:03:16,0.172087808,0.0223659893781124,1.05408895,337.500315716405,338.3602432290891
2024-02-16 11:03:20,0.172084188,0.0223661239022175,1.05409529,337.4908450336092,338.35209174854543
2024-02-16 11:03:24,0.172087205,0.0223656116921392,1.05407115,337.50171026294856,338.3642760818767
2024-02-16 11:03:28,0.172084792,0.0223656821369387,1.05407447,337.4952166041286,338.35910142879584
2024-02-16 11:03:32,0.1720863,0.0223658293920316,1.05408141,337.49455436587573,338.3597580980366
2024-02-16 11:03:37,0.172092333,0.0223655732869925,1.05406934,337.50692120030413,338.3737734286854
2024-02-16 11:03:41,0.172087808,0.0223657909868849,1.0540796,337.49474533845006,338.3629162532993
2024-02-16 11:03:45,0.172095048,0.0223656053266453,1.05407085,337.5086065743358,338.3780960774313
2024-02-16 11:03:49,0.172096255,0.0223661239022175,1.05409529,337.5024143290811,338.37322232220845
2024-02-16 11:03:53,0.172092635,0.0223660214177652,1.05409046,337.4961377807386,338.36826416569073
2024-02-16 11:03:57,0.172099875,0.0223664245657141,1.05410946,337.5020655060552,338.37551018463233
2024-02-16 11:04:02,0.1721044,0.0223661302677114,1.05409559,337.51230688597155,338.38739929349765
2024-02-16 11:04:06,0.172110131,0.0223663029847801,1.05410373,337.51869705088177,338.39510753111006
2024-02-16 11:04:10,0.172106813,0.0223654773802173,1.05406482,337.52269397573554,338.40042243049004
2024-02-16 11:04:14,0.172099271,0.0223666997672351,1.05412243,337.49169824896035,338.3707445800724
2024-02-16 11:04:18,0.17210621,0.0223665461466482,1.05411519,337.50460096223117,338.3849650715394
2024-02-16 11:04:22,0.172108019,0.0223661750383521,1.0540977,337.51145147431384,338.39313326366414
2024-02-16 11:04:27,0.172100478,0.0223642868206691,1.05400871,337.52204380135083,338.4053725527357
2024-02-16 11:04:31,0.172104098,0.022364312494828,1.05400992,337.52671992524716,338.41136613585417
2024-02-16 11:04:35,0.172099875,0.0223637875537619,1.05398518,337.52508150224645,338.4110450739453
2024-02-16 11:04:39,0.172099573,0.0223637682450969,1.05398427,337.52349556975753,338.41077640442523
2024-02-16 11:04:43,0.172109528,0.0223652917199776,1.05405607,337.5190808207518,338.4076788202726
2024-02-16 11:04:47,0.172110734,0.0223641522965641,1.05400237,337.53523153348067,338.42514659974626
2024-02-16 11:04:52,0.172114958,0.0223654710147233,1.05406452,337.52321026964466,338.4147715313874
2024-02-16 11:04:56,0.172123404,0.022366578186301,1.0541167,337.52176329684585,338.4146414046162
2024-02-16 11:05:00,0.172133057,0.0223662198089927,1.05409981,337.5421795075539,338.4363743632672
2024-02-16 11:05:04,0.172124007,0.0223658100833667,1.0540805,337.530536853616,338.42604835919497
2024-02-16 11:05:08,0.172124309,0.0223652596803248,1.05405456,337.53716689708386,338.4339949544584
2024-02-16 11:05:12,0.172128532,0.0223660854970708,1.05409348,337.53211610782745,338.4302606189349
2024-02-16 11:05:17,0.172128532,0.0223653492216061,1.05405878,337.54039349981974,338.44018344020367
2024-02-16 11:05:21,0.172133962,0.0223655094198701,1.05406633,337.5464270759306,338.447533249433
2024-02-16 11:05:25,0.172137884,0.0223661750383521,1.0540977,337.5430080772903,338.4454303858722
2024-02-16 11:05:29,0.172141504,0.0223664566053669,1.05411097,337.5442363191876,338.44797466481725
2024-02-16 11:05:33,0.172145425,0.0223663477554207,1.05410584,337.5512535374717,338.4563078221248
2024-02-16 11:05:38,0.172145124,0.0223660086867773,1.05408986,337.55365161165054,338.4603506822472
2024-02-16 11:05:42,0.172149347,0.0223666679397654,1.05412093,337.5508455446589,338.4588603337508
2024-02-16 11:05:46,0.17214633,0.0223665143191785,1.05411369,337.5463172795011,338.45564768908764
2024-02-16 11:05:50,0.172138487,0.0223653685302711,1.05405969,337.5467103883005,338.4573563203882
2024-02-16 11:05:54,0.172144219,0.0223658677971783,1.05408322,337.54870346549546,338.46066482209835
2024-02-16 11:05:59,0.17214452,0.0223659957436063,1.05408925,337.5458619358831,338.45946743534824
2024-02-16 11:06:03,0.172142409,0.0223654196664056,1.0540621,337.5486145878801,338.46353529141845
2024-02-16 11:06:07,0.172156285,0.0223667063449121,1.05412274,337.5542560328872,338.47049184253643
2024-02-16 11:06:11,0.17215719,0.0223659766471246,1.05408835,337.56436114255337,338.48191196035845
2024-02-16 11:06:15,0.172152665,0.0223654517060584,1.05406361,337.56219798509915,338.48106371311235
2024-02-16 11:06:20,0.172148442,0.0223650165184567,1.0540431,337.55902522551,338.47953445355546
2024-02-16 11:06:24,0.172155078,0.022366040514247,1.05409136,337.5555287415351,338.4773526594329
2024-02-16 11:06:28,0.172147235,0.0223660150522713,1.05409016,337.54082306025833,338.46396157008445
2024-02-16 11:06:32,0.172152665,0.0223647731444054,1.05403163,337.56575759957366,338.49021060341136
2024-02-16 11:06:36,0.172156587,0.0223649588046451,1.05404038,337.5688088257531,338.49457622569287
2024-02-16 11:06:40,0.172162922,0.0223658166610438,1.05408081,337.5670244466585,338.49410614479825
2024-02-16 11:06:45,0.172161413,0.0223664438743791,1.05411037,337.55428481482215,338.48300924804806
2024-02-16 11:06:49,0.17216262,0.0223658934713372,1.05408443,337.56250340068834,338.49254191186105
2024-02-16 11:06:53,0.172172876,0.0223668726964868,1.05413058,337.56594950769687,338.49730199893787
2024-02-16 11:06:57,0.172181323,0.0223661045935526,1.05409438,337.58978163871893,338.5224480121571
2024-02-16 11:07:01,0.172176496,0.0223674871788343,1.05415954,337.56137804225204,338.4953582000235
2024-02-16 11:07:05,0.172170463,0.0223655862301635,1.05406995,337.57512430181686,338.510418146065
2024-02-16 11:07:10,0.172184943,0.0223656310008041,1.05407206,337.5982362003451,338.53517201508936
2024-02-16 11:07:14,0.172183434,0.0223662389054745,1.05410071,337.5860847677703,338.5243340488405
2024-02-16 11:07:18,0.172179513,0.0223662389054745,1.05410071,337.5779051210197,338.51746777058304
2024-02-16 11:07:22,0.172186149,0.0223666679397654,1.05412093,337.582428711189,338.5233046314198
2024-02-16 11:07:26,0.172188261,0.0223666359001126,1.05411942,337.5852458300541,338.527434923134
2024-02-16 11:07:30,0.172193087,0.0223671990341423,1.05414596,337.58479208869016,338.52829425680824
2024-02-16 11:07:35,0.172190674,0.0223664693363548,1.05411157,337.5887624923221,338.5339058667021
2024-02-16 11:07:39,0.172184038,0.0223657141765915,1.05407598,337.5860095917716,338.5324658211415
2024-02-16 11:07:43,0.172192484,0.0223661429986993,1.05409619,337.5937060091492,338.5414749957216
2024-02-16 11:07:47,0.172187658,0.0223670967618732,1.05414114,337.57108465603443,338.52016630202934
2024-02-16 11:07:51,0.172192786,0.0223653812612589,1.05406029,337.60187966318995,338.5522738708345
2024-02-16 11:07:55,0.172194596,0.0223667063449121,1.05412274,337.5858719277548,338.53757859928345
2024-02-16 11:08:00,0.172197009,0.0223661302677114,1.05409559,337.59622353347424,338.5495706473864
2024-02-16 11:08:04,0.172199121,0.0223661045935526,1.05409438,337.5989559370059,338.5536152948564
2024-02-16 11:08:08,0.172198216,0.0223677687458491,1.05417281,337.57362393761105,338.52959544165805
2024-02-16 11:08:13,0.172197009,0.0223671735721666,1.05414476,337.57789369360324,338.5355052429574
2024-02-16 11:08:17,0.172195802,0.0223658677971783,1.05408322,337.59207223113,338.55099570678806
2024-02-16 11:08:21,0.172205757,0.0223658357575256,1.05408171,337.6086256400434,338.5688609442872
2024-02-16 11:08:25,0.172207265,0.0223666934017411,1.05412213,337.5983910987834,338.55993813390205
2024-02-16 11:08:29,0.172212695,0.0223664950105136,1.05411278,337.6092630687976,338.5721217370874
2024-02-16 11:08:33,0.17221541,0.0223678455561425,1.05417643,337.5944971053218,338.55866730908645
2024-02-16 11:08:38,0.172213299,0.0223669047361396,1.05413209,337.6018456336415,338.5676551193752
2024-02-16 11:08:42,0.172220237,0.0223674871788343,1.05415954,337.60483058600903,338.57195138742736
2024-02-16 11:08:46,0.17222627,0.0223680696215289,1.05418699,337.6062307288381,338.57466274826834
2024-02-16 11:08:50,0.17222265,0.0223667765775285,1.05412605,337.61601475732584,338.5857578971025
2024-02-16 11:08:54,0.172221745,0.0223684216333433,1.05420358,337.59093942963614,338.5619935921011
2024-02-16 11:08:58,0.172225968,0.0223677176097145,1.0541704,337.60651485382857,338.5788799413309
2024-02-16 11:09:03,0.172232002,0.0223673399237413,1.0541526,337.62053472626917,338.5945383327578
2024-02-16 11:09:07,0.172237431,0.0223681207576635,1.0541894,337.61820222137527,338.59351653321335
2024-02-16 11:09:11,0.172229588,0.022367109492861,1.05414174,337.6167933242846,338.5934182438449
2024-02-16 11:09:15,0.172235923,0.0223677176097145,1.0541704,337.6183763041647,338.5963117338273
2024-02-16 11:09:19,0.172236828,0.0223679800802476,1.05418277,337.61511159987845,338.59435744203057
2024-02-16 11:09:23,0.172233811,0.0223675383149688,1.05416195,337.6144748517536,338.5950310087898
2024-02-16 11:09:28,0.17224075,0.0223674487736875,1.05415773,337.62619527514903,338.6083891885438
2024-02-16 11:09:32,0.172247989,0.0223692217759303,1.05424129,337.6136545113248,338.597158520018
2024-02-16 11:09:36,0.172245576,0.0223684857126488,1.0542066,337.61804378688754,338.6028577932974
2024-02-16 11:09:40,0.172250403,0.022368191202463,1.05419272,337.6291572430097,338.6152811495616
2024-02-16 11:09:44,0.172245275,0.0223682873214213,1.05419725,337.61757205258374,338.60500576171046
2024-02-16 11:09:49,0.172254324,0.02236804394737,1.05418578,337.63506183818527,338.6241326633376
2024-02-16 11:09:53,0.172251911,0.0223673910598759,1.05415501,337.63833109343113,338.6287115016585
2024-02-16 11:09:57,0.172253118,0.0223686968348642,1.05421655,337.6215273213443,338.61321721510296
2024-02-16 11:10:01,0.172255833,0.0223682807437443,1.05419694,337.6305825972684,338.623581879022
2024-02-16 11:10:05,0.172248894,0.0223678712303014,1.05417764,337.62264485489146,338.6169534271109
2024-02-16 11:10:10,0.172254626,0.0223677176097145,1.0541704,337.63311707283304,338.6290621209955
2024-02-16 11:10:14,0.172269407,0.022367922366436,1.05418005,337.6549293427388,338.6521834619531
2024-02-16 11:10:18,0.172258849,0.0223682423385975,1.05419513,337.6308177930089,338.6293808857695
2024-02-16 11:10:22,0.172260961,0.0223682489162746,1.05419544,337.63311840902503,338.63299037783366
2024-02-16 11:10:26,0.172271519,0.0223685495797713,1.05420961,337.6462424475784,338.6474231949441
2024-02-16 11:10:31,0.172270312,0.02236940743617,1.05425004,337.6309250887318,338.6337416722081
2024-02-16 11:10:35,0.17227725,0.0223688313589692,1.05422289,337.6495331579519,338.6536583006571
2024-02-16 11:10:39,0.17227544,0.0223678839612893,1.05417824,337.6578320980611,338.6632657025277
2024-02-16 11:10:43,0.172279664,0.0223687609141698,1.05421957,337.65209328811295,338.65883525688093
2024-02-16 11:10:47,0.172271519,0.022367781476837,1.05417341,337.6497316120272,338.6577818476436
2024-02-16 11:10:51,0.172270312,0.0223684409420082,1.05420449,337.6374163415157,338.6467747465349
2024-02-16 11:10:56,0.172275742,0.022368594562595,1.05421173,337.64321766735105,338.65421114710193
2024-02-16 11:11:00,0.172282982,0.0223688249934753,1.05422259,337.6514795155217,338.6637809454493
2024-02-16 11:11:04,0.172284792,0.022368581619424,1.05421112,337.6566232467692,338.6702325294514
2024-02-16 11:11:08,0.172285999,0.0223687929538225,1.05422108,337.65457881118334,338.6694958492054
2024-02-16 11:11:12,0.172287809,0.0223686777383824,1.05421565,337.65799435982257,338.67421905577703
2024-02-16 11:11:16,0.172282077,0.0223678903267832,1.05417854,337.6572695497143,338.67480180620083
2024-02-16 11:11:21,0.17228087,0.0223686968348642,1.05421655,337.6426445940944,338.661811164288
2024-02-16 11:11:25,0.172285697,0.0223684920781428,1.0542069,337.6525509194277,338.6730248310293
2024-02-16 11:11:29,0.172289317,0.0223684025368615,1.05420268,337.6587900870779,338.6805712427108
2024-02-16 11:11:33,0.172284792,0.0223681400663284,1.05419031,337.65309939334566,338.67618769564046
2024-02-16 11:11:37,0.172281172,0.0223678966922771,1.05417884,337.6487358700727,338.6731312216672
2024-02-16 11:11:41,0.172298065,0.0223693624533462,1.05424792,337.6572404268475,338.6829427303868
2024-02-16 11:11:46,0.17229897,0.0223679928112355,1.05418337,337.6756647085026,338.70300056507847
2024-02-16 11:11:50,0.172288412,0.02236804394737,1.05418578,337.6551803658265,338.683822955325
2024-02-16 11:11:54,0.17229173,0.0223682039334508,1.05419332,337.65752594840524,338.6874751734951
2024-02-16 11:11:58,0.172303193,0.0223690361156907,1.05423254,337.66506735297503,338.69632311633205
2024-02-16 11:12:02,0.17229897,0.0223681464318223,1.05419061,337.66836625292376,338.7009284572311
2024-02-16 11:12:06,0.172303193,0.0223683384575559,1.05419966,337.67186458366876,338.7057331316168
2024-02-16 11:12:11,0.172299875,0.022367794420008,1.05417402,337.6717600191694,338.70726135983773
2024-02-16 11:12:15,0.172307718,0.0223683641317148,1.05420087,337.6765029444015,338.7133104097903
2024-02-16 11:12:19,0.172313148,0.0223679544060888,1.05418156,337.6902322022746,338.7283456950979
2024-02-16 11:12:23,0.172294143,0.022366847022328,1.05412937,337.67058400884935,338.71000343182834
2024-02-16 11:12:27,0.172301082,0.0223676280684333,1.05416618,337.670893625931,338.71161888179404
2024-02-16 11:12:32,0.172298668,0.0223674167340348,1.05415622,337.6678849678389,338.71024237802993
2024-02-16 11:12:36,0.172312545,0.0223680375818761,1.05418548,337.68250474691246,338.72616777115303
2024-02-16 11:12:40,0.172310131,0.0223682423385975,1.05419513,337.6742100719634,338.71917861300545
2024-02-16 11:12:44,0.172307718,0.0223675639891277,1.05416316,337.6778298044102,338.72410376501296
2024-02-16 11:12:48,0.172313751,0.0223670454135555,1.05413872,337.6940849275047,338.74166421043464
2024-02-16 11:12:53,0.172302891,0.0223669942774209,1.05413631,337.6741255193732,338.72333631848846
2024-02-16 11:12:57,0.172301685,0.0223662261744866,1.05410011,337.68107055289136,338.7315864555848
2024-02-16 11:13:01,0.17231526,0.0223678007855019,1.05417432,337.68229544899077,338.7341163580524
2024-02-16 11:13:05,0.172320689,0.022368332092062,1.05419936,337.6833299060399,338.7364557242669
2024-02-16 11:13:09,0.172317974,0.0223669111016335,1.05413239,337.6964408267998,338.75087145699666
2024-02-16 11:13:13,0.17231345,0.0223672183428073,1.05414687,337.68306881890106,338.73880416387954
2024-02-16 11:13:18,0.172324611,0.0223676983010496,1.05416949,337.6945075324952,338.75187363429063
2024-02-16 11:13:22,0.172325214,0.022367781476837,1.05417341,337.69313684240296,338.7518074403328
2024-02-16 11:13:26,0.172324309,0.0223672951531007,1.05415049,337.6968087852906,338.7567837821901
2024-02-16 11:13:30,0.172321594,0.0223679480405948,1.05418126,337.681942061666,338.7432213603776
2024-02-16 11:13:34,0.172328533,0.0223677430716903,1.0541716,337.69555408548786,338.7581375888613
2024-02-16 11:13:39,0.172324913,0.0223678839612893,1.05417824,337.6856841152906,338.74989773788474
2024-02-16 11:13:43,0.172331851,0.0223677496493673,1.05417191,337.69834150821004,338.7638591169043
2024-02-16 11:13:47,0.172327628,0.0223682039334508,1.05419332,337.6835138309331,338.7503353286007
2024-02-16 11:13:51,0.172334566,0.0223681655283041,1.05419151,337.69487730936413,338.7630025988856
2024-02-16 11:13:55,0.172335169,0.0223677687458491,1.05417281,337.69998275566724,338.7694117399302
2024-02-16 11:13:59,0.172326723,0.0223672887876068,1.05415019,337.6903644104121,338.7610969923115
2024-02-16 11:14:04,0.172334566,0.0223670647222204,1.05413963,337.70549269463385,338.77785463703583
2024-02-16 11:14:08,0.172339091,0.0223674294650226,1.05415682,337.70719206049364,338.7808573820721
2024-02-16 11:14:12,0.172344219,0.0223689336312384,1.05422771,337.69457446483364,338.769543068507
2024-02-16 11:14:16,0.172345124,0.0223689402089155,1.05422802,337.69476723338835,338.7710390220823
2024-02-16 11:14:20,0.172348442,0.0223687161435291,1.05421746,337.70229710394517,338.7798719805926
2024-02-16 11:14:24,0.172352967,0.022367788054514,1.05417372,337.7214400344288,338.8003179019698
2024-02-16 11:14:29,0.172343616,0.0223673015185946,1.05415079,337.7100012948541,338.7905077645327
2024-02-16 11:14:33,0.172349347,0.0223680887180107,1.05418789,337.70811278191445,338.7899220241283
2024-02-16 11:14:37,0.172353269,0.0223693817620111,1.05424883,337.6962321066476,338.7793440243604
2024-02-16 11:14:41,0.17236262,0.0223690233847028,1.05423194,337.71613852888186,338.80055302506446
2024-02-16 11:14:45,0.17236443,0.0223696312893732,1.05426059,337.70980342243564,338.7955204000661
2024-02-16 11:14:49,0.172358397,0.0223691576966248,1.05423827,337.70432688652903,338.7913462485926
2024-02-16 11:14:54,0.172356285,0.0223674294650226,1.05415682,337.7223197662117,338.8109669724008
2024-02-16 11:14:58,0.17236443,0.0223683064179031,1.05419815,337.72344723442535,338.81339660679095
2024-02-16 11:15:02,0.172363827,0.0223681080266756,1.0541888,337.72376627528797,338.81501771683884
2024-02-16 11:15:06,0.172364732,0.0223680055422233,1.05418397,337.7254319937853,338.8179854075375
2024-02-16 11:15:10,0.172369257,0.0223690424811846,1.05423284,337.718061825695,338.81191711467164
2024-02-16 11:15:15,0.172370463,0.0223681143921695,1.0541891,337.73106980739004,338.8265523040348
2024-02-16 11:15:19,0.172377401,0.0223694008584929,1.05424973,337.7245577749515,338.8213419286495
2024-02-16 11:15:23,0.17237529,0.0223685111746245,1.0542078,337.73156491535053,338.8296506291484
2024-02-16 11:15:27,0.172374385,0.0223682873214213,1.05419725,337.73169945010386,338.8310866270555
2024-02-16 11:15:31,0.172383435,0.0223686713728885,1.05421535,337.7410629280219,338.84175147118856
2024-02-16 11:15:35,0.172383736,0.0223696185583853,1.05425999,337.72750729752227,338.82949710997224
2024-02-16 11:15:40,0.17238434,0.0223691897362775,1.05423978,337.73272492148465,338.8363411842397
2024-02-16 11:15:44,0.17238434,0.0223693560878523,1.05424762,337.729179119499,338.8340964334676
2024-02-16 11:15:48,0.172378306,0.0223683384575559,1.05419966,337.7310444096738,338.8372626779478
2024-02-16 11:15:52,0.172381625,0.0223685688884362,1.05421052,337.7324458694389,338.8399649951174
2024-02-16 11:15:56,0.172379211,0.0223681721059812,1.05419182,337.73227243448446,338.8410923206736
2024-02-16 11:16:01,0.172383736,0.0223686200245708,1.05421293,337.7325257782931,338.84297147887486
2024-02-16 11:16:05,0.17238253,0.022369125656972,1.05423676,337.72229023974495,338.8340364828529
2024-02-16 11:16:09,0.172386753,0.0223686713728885,1.05421535,337.73451487873524,338.8475615674991
2024-02-16 11:16:13,0.172384038,0.0223693560878523,1.05424762,337.71922058476656,338.8335676223233
2024-02-16 11:16:17,0.172393088,0.0223684857126488,1.0542066,337.7455131061115,338.8611603956052
2024-02-16 11:16:22,0.172390071,0.0223692154104364,1.05424099,337.72875748397416,338.8460299521966
2024-02-16 11:16:26,0.172400629,0.0223690297501968,1.05423224,337.748450709978,338.8670232122381
2024-02-16 11:16:30,0.172400327,0.0223689018037687,1.05422621,337.748348686179,338.8682211256444
2024-02-16 11:16:34,0.172396406,0.0223680696215289,1.05418699,337.75141402297817,338.8725863028237
2024-02-16 11:16:38,0.172402741,0.022368063256035,1.05418669,337.7612937357919,338.88376575919966
2024-02-16 11:16:42,0.172398819,0.0223683895936905,1.05420207,337.7487216358121,338.8724933059712
2024-02-16 11:16:47,0.172404249,0.0223698810289184,1.05427236,337.7364775755881,338.8618736680572
2024-02-16 11:16:51,0.172405154,0.0223686968348642,1.05421655,337.7527444312589,338.87943995268154
2024-02-16 11:16:55,0.172406361,0.0223686904693703,1.05421625,337.75364459142486,338.88163944501366
2024-02-16 11:16:59,0.172405154,0.0223684279988372,1.05420388,337.75377425102926,338.88306834000406
2024-02-16 11:17:03,0.172413902,0.022369656963532,1.0542618,337.75120689181966,338.8818001194076
2024-02-16 11:17:07,0.172410886,0.0223691065604902,1.05423586,337.7520550568495,338.88394732628484
2024-02-16 11:17:12,0.172413902,0.0223698233151068,1.05426964,337.74603911627565,338.87955505195447
2024-02-16 11:17:16,0.172412092,0.0223686584297175,1.05421474,337.7572926936229,338.89210745345264
2024-02-16 11:17:20,0.172419332,0.0223697721789722,1.05426723,337.75363971593896,338.8897532031773
2024-02-16 11:17:24,0.172422952,0.0223694201671578,1.05425064,337.7634308122055,338.9008429301174
2024-02-16 11:17:28,0.172416617,0.0223694842464634,1.05425366,337.75017455253254,338.8888852043901
2024-02-16 11:17:32,0.172423555,0.0223690040760379,1.05423103,337.76750590885854,338.90751499794106
2024-02-16 11:17:37,0.172413601,0.0223696442325442,1.0542612,337.73981287824313,338.88144487785445
2024-02-16 11:17:41,0.172421444,0.0223684857126488,1.0542066,337.76788501023617,338.9108152294773
2024-02-16 11:17:45,0.172420237,0.0223689402089155,1.05422802,337.7583385600034,338.90256690217706
2024-02-16 11:17:49,0.172425365,0.0223697017341727,1.05426391,337.75574151923274,338.90126788764894
2024-02-16 11:17:53,0.172425365,0.022369125656972,1.05423676,337.7622191133779,338.90904341135376
2024-02-16 11:17:58,0.17243351,0.0223695801532386,1.05425818,337.7687246254159,338.91717119939204
2024-02-16 11:18:02,0.172425667,0.0223690617898495,1.05423375,337.7606900179148,338.91043430394046
2024-02-16 11:18:06,0.172435923,0.0223699385305469,1.05427507,337.7655172920604,338.91655919347613
2024-02-16 11:18:10,0.172438337,0.0223702841768673,1.05429136,337.7637813722461,338.91612079239974
2024-02-16 11:18:14,0.172447085,0.0223706939024933,1.05431067,337.7722712948662,338.9259081371126
2024-02-16 11:18:18,0.172437733,0.0223696826376909,1.05426301,337.76824838431713,338.92318255201843
2024-02-16 11:18:23,0.172439242,0.0223695417480919,1.05425637,337.77117094706944,338.9277266357034
2024-02-16 11:18:27,0.172440448,0.0223693113172116,1.05424551,337.77509608999327,338.93294888667333
2024-02-16 11:18:31,0.172441353,0.0223697721789722,1.05426723,337.7691628756336,338.9283126837452
2024-02-16 11:18:35,0.172445576,0.0223696185583853,1.05425999,337.77733425602554,338.93778097896154
2024-02-16 11:18:39,0.172447386,0.022370469837107,1.05430011,337.7677159989771,338.9294595401374
2024-02-16 11:18:44,0.172446481,0.0223696185583853,1.05425999,337.7760012506837,338.9393656787914
2024-02-16 11:18:48,0.172452213,0.022369529017104,1.05425577,337.78595041482515,338.9506114438333
2024-02-16 11:18:52,0.172449498,0.0223697594479843,1.05426663,337.7767892043559,338.94274673768774
2024-02-16 11:18:56,0.172460358,0.0223693240481995,1.05424611,337.80038715004105,338.9676410911271
2024-02-16 11:19:00,0.172454325,0.0223691961017715,1.05424008,337.79025377078244,338.9588040230604
2024-02-16 11:19:05,0.172457944,0.0223701755391042,1.05428624,337.781748608889,338.9519191143771
2024-02-16 11:19:09,0.172447386,0.0223693817620111,1.05424883,337.7726802895273,338.9441468889684
2024-02-16 11:19:13,0.172446783,0.0223682680127564,1.05419634,337.7853638283964,338.95812642525163
2024-02-16 11:19:17,0.1724498,0.022368863398622,1.0542244,337.7813132436186,338.9553717413562
2024-02-16 11:19:21,0.172454325,0.0223680312163822,1.05418518,337.7991765475467,338.9745308496421
2024-02-16 11:19:25,0.172454626,0.0223681655283041,1.05419151,337.7965945506008,338.97324456053667
2024-02-16 11:19:30,0.172451006,0.022368581619424,1.05421112,337.783018213674,338.96128772269384
2024-02-16 11:19:34,0.172461263,0.0223692922207298,1.05424461,337.7900905154285,338.96965551515103
2024-02-16 11:19:38,0.172464883,0.0223700153408403,1.05427869,337.78537173133606,338.96623212526725
2024-02-16 11:19:42,0.172463374,0.0223698810289184,1.05427236,337.78324730719146,338.9654029988445
2024-02-16 11:19:46,0.172465788,0.022369925799559,1.05427447,337.7855747302606,338.9690256231559
2024-02-16 11:19:50,0.172464581,0.0223693113172116,1.05424551,337.79046183433354,338.97520783199866
2024-02-16 11:19:55,0.172465788,0.0223693240481995,1.05424611,337.79078478037115,338.97714952334513
2024-02-16 11:19:59,0.172470916,0.0223694458413167,1.05425185,337.79682515168946,338.9844847823965
2024-02-16 11:20:03,0.172461263,0.0223680312163822,1.05418518,337.79772620953815,338.9866806315292
2024-02-16 11:20:07,0.172466994,0.0223683575540377,1.05420056,337.80206131379913,338.9923104306323
2024-02-16 11:20:11,0.172467899,0.0223689145347566,1.05422681,337.79483128822784,338.9863750034684
2024-02-16 11:20:15,0.172467598,0.0223696249238793,1.05426029,337.78341873617194,338.9762569533924
2024-02-16 11:20:20,0.172471821,0.0223678135164898,1.05417492,337.8136532093785,339.0081094184835
2024-02-16 11:20:24,0.172480569,0.0223692538155831,1.0542428,337.8082302525637,339.00398074671284
2024-02-16 11:20:28,0.172480569,0.0223697401393194,1.05426572,337.800369802871,338.9974144856601
2024-02-16 11:20:32,0.172485094,0.0223692985862237,1.05424491,337.8129612639824,339.0113000390145
2024-02-16 11:20:36,0.172481172,0.0223689593053973,1.05422892,337.8093804972643,339.00901326814954
2024-02-16 11:20:41,0.172489015,0.0223697914876371,1.05426814,337.81026062953447,339.0115107596988
2024-02-16 11:20:45,0.172485697,0.0223687929538225,1.05422108,337.81663952415585,339.01918343332244
2024-02-16 11:20:49,0.172483586,0.0223691640621187,1.05423857,337.80663817153913,339.01047576334145
