time,voltage,current,shunt_voltage,temperature,temperature old
2024-01-24 22:37:57,0.181117231,0.0229621444075953,1.0821852,344.9496103359334,344.9496103359334
2024-01-24 22:38:01,0.181200791,0.0229603330002058,1.08209983,345.1187236488175,345.1162323014067
2024-01-24 22:38:05,0.181259312,0.0229586304427625,1.08201959,345.24376205225377,345.2387794555039
2024-01-24 22:38:09,0.181323566,0.0229588672391367,1.08203075,345.3524987841003,345.34502503608473
2024-01-24 22:38:13,0.181398377,0.0229576766795886,1.08197464,345.4984238720876,345.488459070881
2024-01-24 22:38:18,0.181431258,0.0229567999388912,1.08193332,345.5693441180509,345.5562656382753
2024-01-24 22:38:22,0.181468664,0.022956409309747,1.08191491,345.6408100809311,345.62524076863826
2024-01-24 22:38:26,0.181496115,0.0229563324994536,1.08191129,345.6910951901351,345.6730351434047
2024-01-24 22:38:30,0.181521153,0.0229563645391064,1.0819128,345.7358044897734,345.7152538066865
2024-01-24 22:38:34,0.181547397,0.0229562686323311,1.08190828,345.78429195229916,345.76125073093846
2024-01-24 22:38:38,0.181568513,0.0229550460331302,1.08185066,345.83922588966135,345.81369422811105
2024-01-24 22:38:42,0.181595361,0.0229531450844594,1.08176107,345.9130746999053,345.885052696251
2024-01-24 22:38:47,0.181621002,0.0229535802720612,1.08178158,345.95400630756274,345.9228715142137
2024-01-24 22:38:51,0.181637895,0.0229530171380314,1.08175504,345.9928696763902,345.9592447616354
2024-01-24 22:38:55,0.181645436,0.022951730459525,1.0816944,346.0255575180021,345.98944257993185
2024-01-24 22:38:59,0.181661123,0.02295038627939,1.08163105,346.072905085212,346.0343002219184
2024-01-24 22:39:03,0.181674999,0.0229505783051235,1.0816401,346.0964493464269,346.0553546560033
2024-01-24 22:39:08,0.181705165,0.022949983131441,1.08161205,346.15899396041686,346.114787124027
2024-01-24 22:39:12,0.181716628,0.0229510071272313,1.08166031,346.16720139664574,346.12050495384153
2024-01-24 22:39:16,0.181738649,0.0229503287777615,1.08162834,346.21636772501,346.16718177388964
2024-01-24 22:39:20,0.181754939,0.0229515447992853,1.08168565,346.2302065131643,346.1785311518275
2024-01-24 22:39:24,0.181765195,0.022950399222561,1.08163166,346.2656315683116,346.2114668948594
2024-01-24 22:39:29,0.18177877,0.0229498231453602,1.08160451,346.29965127469285,346.2423750990533
2024-01-24 22:39:33,0.181795663,0.0229494581903749,1.08158731,346.33585473205324,346.27608946503113
2024-01-24 22:39:37,0.181809841,0.0229488821131742,1.08156016,346.37028288734666,346.30802862704786
2024-01-24 22:39:41,0.181821304,0.0229485878151715,1.08154629,346.39628094738055,346.33153779191235
2024-01-24 22:39:46,0.181827035,0.022948376480773,1.08153633,346.41201259805376,346.34415846158925
2024-01-24 22:39:50,0.181844532,0.0229485494100248,1.08154448,346.4419854958161,346.3716426849287
2024-01-24 22:39:54,0.181854486,0.0229483060359735,1.08153301,346.46472513918775,346.39189375198947
2024-01-24 22:39:58,0.181859011,0.0229474547572518,1.08149289,346.4864233283571,346.4111034629613
2024-01-24 22:40:03,0.181874698,0.0229472052298898,1.08148113,346.5196407850878,346.4412104599192
2024-01-24 22:40:07,0.181876809,0.0229467570991171,1.08146001,346.5317807738607,346.4508621912548
2024-01-24 22:40:11,0.181884652,0.0229464818975961,1.08144704,346.5513547849914,346.46794804306614
2024-01-24 22:40:15,0.181898529,0.0229463987218088,1.08144312,346.5786193265768,346.49272452345167
2024-01-24 22:40:19,0.18191512,0.0229462835063686,1.08143769,346.6109430602797,346.52256029407545
2024-01-24 22:40:23,0.181917835,0.0229461298857818,1.08143045,346.62013451005157,346.5292638788904
2024-01-24 22:40:27,0.181931108,0.022946097846129,1.08142894,346.6456790726674,346.5523206746729
2024-01-24 22:40:32,0.181935633,0.0229464562234373,1.08144583,346.6516582544796,346.555190285932
2024-01-24 22:40:36,0.181953431,0.0229464050873027,1.08144342,346.6851734738875,346.5862179592897
2024-01-24 22:40:40,0.181955844,0.0229455922137278,1.08140511,346.70276104149184,346.60131807897204
2024-01-24 22:40:44,0.181963385,0.0229450865813266,1.08138128,346.7249376903103,346.6210073779981
2024-01-24 22:40:48,0.181965195,0.0229441328181526,1.08133633,346.74340414309916,346.63698657912545
2024-01-24 22:40:53,0.181972133,0.0229455154034343,1.08140149,346.73964872716306,346.6301222366111
2024-01-24 22:40:57,0.181978167,0.022944484829967,1.08135292,346.76635400798693,346.65434048657306
2024-01-24 22:41:01,0.181991138,0.0229448050143117,1.08136801,346.7866230888551,346.6721226347147
2024-01-24 22:41:05,0.182001093,0.0229446641247127,1.08136137,346.8079847861628,346.6909974974327
2024-01-24 22:41:09,0.182017684,0.0229450481761798,1.08137947,346.8335603274936,346.7140863023118
2024-01-24 22:41:14,0.182014366,0.0229444593679913,1.08135172,346.8389748555244,346.7163925477868
2024-01-24 22:41:18,0.182024622,0.022943409485859,1.08130224,346.8731438107553,346.74807498738176
2024-01-24 22:41:22,0.182023416,0.0229428143121765,1.08127419,346.881624230864,346.75406898999705
2024-01-24 22:41:26,0.182031862,0.0229435887806047,1.08131069,346.8880341574211,346.75799259720463
2024-01-24 22:41:30,0.182041817,0.0229427886380177,1.08127298,346.9183147989585,346.78578701753776
2024-01-24 22:41:35,0.182046945,0.0229431151878563,1.08128837,346.92574748388137,346.79011206397405
2024-01-24 22:41:39,0.182060218,0.0229433008480959,1.08129712,346.94834999077176,346.81022857049174
2024-01-24 22:41:43,0.182062028,0.0229436208202575,1.0813122,346.9495930094127,346.8089856869097
2024-01-24 22:41:47,0.182068664,0.0229441584923115,1.08133754,346.9561181839001,346.8130250573249
2024-01-24 22:41:52,0.182081033,0.0229435056048174,1.08130677,346.9891443989309,346.8429441552923
2024-01-24 22:41:56,0.182082239,0.0229427184054013,1.08126967,347.00433684694553,346.8556510200792
2024-01-24 22:42:00,0.182090384,0.0229431022446853,1.08128776,347.0155148834303,346.8643435714915
2024-01-24 22:42:04,0.182095512,0.0229438001150032,1.08132065,347.01730006945684,346.863643370602
2024-01-24 22:42:08,0.182096115,0.0229428974879639,1.08127811,347.0330267110192,346.8768847234062
2024-01-24 22:42:13,0.18210969,0.0229426222864429,1.08126514,347.06300103444835,346.9037525739243
2024-01-24 22:42:17,0.182110293,0.0229425711503084,1.08126273,347.06720618802274,346.90547265960043
2024-01-24 22:42:21,0.182118438,0.0229417773732152,1.08122532,347.0943207365324,346.93010223837405
2024-01-24 22:42:25,0.182123868,0.0229419182628142,1.08123196,347.10415668567816,346.93745331594704
2024-01-24 22:42:29,0.182130806,0.0229420398437483,1.08123769,347.11682485966486,346.94763671652566
2024-01-24 22:42:33,0.182125376,0.0229411117547332,1.08119395,347.12261362967905,346.95094081129776
2024-01-24 22:42:38,0.182140158,0.0229425454761495,1.08126152,347.13151601624907,346.9567374918631
2024-01-24 22:42:42,0.182144683,0.0229418989541493,1.08123105,347.15046671493593,346.97320373618606
2024-01-24 22:42:46,0.182154939,0.0229417132939097,1.0812223,347.172950731981,346.9932033970374
2024-01-24 22:42:50,0.182160067,0.0229423277762571,1.08125126,347.17585964355015,346.99362805058405
2024-01-24 22:42:54,0.182165799,0.0229417901042031,1.08122592,347.1953956558119,347.0106799029961
2024-01-24 22:42:58,0.182157051,0.0229413294546257,1.08120421,347.1892005606702,347.0020007461787
2024-01-24 22:43:03,0.182165195,0.0229404845413979,1.08116439,347.21763097542083,347.0273262218938
2024-01-24 22:43:07,0.182178167,0.0229422509659637,1.08124764,347.21831644574513,347.0255278514385
2024-01-24 22:43:11,0.182183597,0.0229420398437483,1.08123769,347.23291664979956,347.0376443128911
2024-01-24 22:43:15,0.18218782,0.0229416941974279,1.0812214,347.24728049725326,347.0495245159224
2024-01-24 22:43:19,0.182194155,0.0229418478180147,1.08122864,347.2584853205114,347.05824579293875
2024-01-24 22:43:24,0.182193551,0.0229408556496941,1.08118188,347.27399483685247,347.07065101454594
2024-01-24 22:43:28,0.182192043,0.0229411244857211,1.08119455,347.27026645135464,347.06443930371705
2024-01-24 22:43:32,0.182194155,0.0229409772306282,1.08118761,347.2783448606991,347.0700344859152
2024-01-24 22:43:36,0.182198981,0.0229408876893469,1.08118339,347.2902693212087,347.079475817464
2024-01-24 22:43:40,0.182209238,0.02293994050385,1.08113875,347.32306972818947,347.10979319367124
2024-01-24 22:43:44,0.182206824,0.0229403179776401,1.08115654,347.31632395447036,347.1005644873669
2024-01-24 22:43:48,0.182204713,0.022939671667823,1.08112608,347.32396062047087,347.1057183189715
2024-01-24 22:43:53,0.182216176,0.0229405804481732,1.08116891,347.3343019280973,347.1129562216841
2024-01-24 22:43:57,0.182227036,0.0229399916399846,1.08114116,347.36327775475013,347.13944943487184
2024-01-24 22:44:02,0.182236689,0.0229404779637209,1.08116408,347.3762533707846,347.14932192215974
2024-01-24 22:44:06,0.182231862,0.0229402668415055,1.08115413,347.37336472930696,347.14395088815417
2024-01-24 22:44:10,0.182236387,0.0229402795724934,1.08115473,347.383390446803,347.1514943113183
2024-01-24 22:44:14,0.182244834,0.0229408813238529,1.08118309,347.3921248937285,347.15774656210925
2024-01-24 22:44:18,0.182234879,0.0229386985959842,1.08108022,347.4072003156638,347.1703398861084
2024-01-24 22:44:23,0.182244834,0.022938602689209,1.0810757,347.42857842060965,347.1886155067278
2024-01-24 22:44:27,0.18224785,0.0229392171715564,1.08110466,347.4278782863495,347.1854334954827
2024-01-24 22:44:31,0.182258408,0.0229395564523829,1.08112065,347.44376742465516,347.19884085500587
2024-01-24 22:44:35,0.182255693,0.0229397932487571,1.08113181,347.43841127619845,347.1910030259702
2024-01-24 22:44:39,0.182259615,0.0229401643570532,1.0811493,347.44255296219575,347.1926631295932
2024-01-24 22:44:43,0.182262631,0.0229397228039576,1.08112849,347.45615959066345,347.2037882738926
2024-01-24 22:44:47,0.182268665,0.0229390378768107,1.08109621,347.4782108003946,347.2233580976626
2024-01-24 22:44:52,0.182270173,0.0229387817717715,1.08108414,347.4873542338626,347.2293999367846
2024-01-24 22:44:56,0.182274999,0.022938730635637,1.08108173,347.49875815649244,347.2383226944234
2024-01-24 22:45:00,0.182278318,0.0229397484781164,1.0811297,347.4931070309999,347.23019050215083
2024-01-24 22:45:04,0.182283144,0.0229390315113167,1.08109591,347.51353276761296,347.2481352701956
2024-01-24 22:45:08,0.182282541,0.0229390058371579,1.0810947,347.5153332557853,347.247454888013
2024-01-24 22:45:13,0.182290987,0.0229393323869965,1.08111009,347.5284119982939,347.25743268069186
2024-01-24 22:45:17,0.182295512,0.022939537143718,1.08111974,347.5358343062375,347.2623743392642
2024-01-24 22:45:21,0.182296719,0.0229392426335321,1.08110586,347.5443642363353,347.2684237182077
2024-01-24 22:45:26,0.182295512,0.0229387115391552,1.08108083,347.5526039391578,347.27356287020643
2024-01-24 22:45:30,0.182300037,0.0229385579185683,1.08107359,347.5648829045209,347.2833615054073
2024-01-24 22:45:34,0.182293099,0.0229382313687297,1.0810582,347.55995704615054,347.27595541509515
2024-01-24 22:45:38,0.182298529,0.0229373737245141,1.08101778,347.5833216035722,347.2968398387967
2024-01-24 22:45:42,0.182308182,0.0229384874737688,1.08107027,347.5871681297791,347.2982063295063
2024-01-24 22:45:47,0.182299132,0.0229368360524601,1.08099244,347.597217899176,347.30515619265884
2024-01-24 22:45:51,0.182308484,0.0229378986655802,1.08104252,347.6012436420419,347.3067021210326
2024-01-24 22:45:55,0.18231512,0.022938186598089,1.08105609,347.61113761695657,347.31411637968154
2024-01-24 22:45:59,0.182316327,0.0229378793569153,1.08104161,347.6198402720989,347.3203394167856
2024-01-24 22:46:03,0.182320852,0.0229381481929423,1.08105428,347.6263926527507,347.32441227762763
2024-01-24 22:46:07,0.182321455,0.0229372137384333,1.08101024,347.64256762380603,347.33810782710293
2024-01-24 22:46:12,0.18232598,0.0229370985229932,1.08100481,347.6549459307699,347.3473869952286
2024-01-24 22:46:16,0.182314517,0.0229367528766727,1.08098852,347.6425608961337,347.33252276003304
2024-01-24 22:46:20,0.182315724,0.0229362279356066,1.08096378,347.6542150011912,347.3416977627643
2024-01-24 22:46:24,0.182330203,0.0229357095722175,1.08093935,347.6884169331847,347.37342069066574
2024-01-24 22:46:28,0.182341666,0.0229374762089664,1.08102261,347.68649387542405,347.36901872704834
2024-01-24 22:46:33,0.182343778,0.02293804570849,1.08104945,347.6854733622537,347.36489971970207
2024-01-24 22:46:37,0.182342571,0.0229380073033433,1.08104764,347.68641426150964,347.3633619341346
2024-01-24 22:46:41,0.182344984,0.0229377257363285,1.08103437,347.6968253547263,347.3712944407666
2024-01-24 22:46:45,0.182336538,0.0229370985229932,1.08100481,347.6934029638713,347.36539356156675
2024-01-24 22:46:50,0.182346794,0.0229364776751518,1.08097555,347.72241042675523,347.391303052171
2024-01-24 22:46:54,0.182341968,0.0229355495861368,1.08093181,347.7292420550235,347.3956564131379
2024-01-24 22:46:58,0.182346794,0.0229363688252056,1.08097042,347.7288427850873,347.3927789741435
2024-01-24 22:47:02,0.182355543,0.0229362215701127,1.08096348,347.74823958277597,347.4096977010182
2024-01-24 22:47:07,0.182347096,0.0229357927480049,1.08094327,347.7427448061647,347.40110547404714
2024-01-24 22:47:11,0.182361877,0.0229362983804061,1.0809671,347.7635764088338,347.4194592269556
2024-01-24 22:47:15,0.182364894,0.0229369064972596,1.08099576,347.76295348877653,347.4163585553854
2024-01-24 22:47:19,0.182365196,0.0229375146141131,1.08102442,347.7577002532095,347.4086276665541
2024-01-24 22:47:23,0.182365497,0.0229367849163255,1.08099003,347.7705858008346,347.4190356591645
2024-01-24 22:47:27,0.182360067,0.0229362920149122,1.0809668,347.77048606002995,347.41645846159577
2024-01-24 22:47:32,0.182376659,0.0229366056215798,1.08098158,347.7976285953902,347.44050431416747
2024-01-24 22:47:36,0.18237515,0.0229364135958463,1.08097253,347.80013629438315,347.440534777464
2024-01-24 22:47:40,0.182377564,0.0229364072303523,1.08097223,347.8068169881188,347.4447383337572
2024-01-24 22:47:44,0.182376357,0.0229363560942177,1.08096982,347.80792890158733,347.44337320803817
2024-01-24 22:47:48,0.182374547,0.0229360872581907,1.08095715,347.8109646361188,347.443932001638
2024-01-24 22:47:53,0.182381485,0.0229369512679003,1.08099787,347.81417646676624,347.4440477942948
2024-01-24 22:47:57,0.182391138,0.022936842417954,1.08099274,347.8345929729124,347.46198758058887
2024-01-24 22:48:01,0.18239325,0.0229362024736309,1.08096258,347.84935120287497,347.4742691889584
2024-01-24 22:48:05,0.182387518,0.0229364713096579,1.08097525,347.8384051041779,347.4608465669283
2024-01-24 22:48:10,0.18239144,0.0229361063546725,1.08095805,347.85313978827577,347.47248573503964
2024-01-24 22:48:14,0.182398378,0.0229370408091815,1.08100209,347.85477538805804,347.4716450325777
2024-01-24 22:48:18,0.182399585,0.0229365031371275,1.08097675,347.86660264792033,347.48099608845905
2024-01-24 22:48:22,0.182401395,0.0229366056215798,1.08098158,347.8707758033781,347.4826931382
2024-01-24 22:48:27,0.182401998,0.0229373096452085,1.08101476,347.8653505736344,347.47417291449574
2024-01-24 22:48:31,0.182402601,0.0229371944297684,1.08100933,347.87041751770386,347.4767639739464
2024-01-24 22:48:35,0.182404713,0.0229358695582983,1.08094689,347.8944655538831,347.49833622377406
2024-01-24 22:48:39,0.182395965,0.022936035909873,1.08095473,347.87976410249365,347.48115908430134
2024-01-24 22:48:43,0.182405618,0.0229352743846158,1.08091884,347.909033993408,347.5079533854016
2024-01-24 22:48:47,0.182408333,0.0229363431510468,1.08096921,347.90164263346946,347.4980865339189
2024-01-24 22:48:52,0.182407428,0.0229354727758433,1.08092819,347.91499973845544,347.5083494126686
2024-01-24 22:48:56,0.1824023,0.0229350503192295,1.08090828,347.9144590314449,347.5053334352252
2024-01-24 22:49:00,0.182405015,0.0229354855068312,1.08092879,347.9156616982883,347.50406092990886
2024-01-24 22:49:04,0.182411953,0.0229361704339781,1.08096107,347.9206795120341,347.5066036697689
2024-01-24 22:49:08,0.182413763,0.0229358502496334,1.08094598,347.93058501090377,347.5140341930278
2024-01-24 22:49:12,0.182415271,0.0229345190126694,1.08088324,347.95369189051456,347.5346661953036
2024-01-24 22:49:17,0.182411953,0.022934167000855,1.08086665,347.95590143937187,347.53378228569403
2024-01-24 22:49:21,0.182413159,0.0229341990405078,1.08086816,347.9599985616034,347.5354047517146
2024-01-24 22:49:25,0.182414366,0.0229352743846158,1.08091884,347.9499430959395,347.5228747281185
2024-01-24 22:49:29,0.182419796,0.0229349989709118,1.08090586,347.965415870743,347.53587304326953
2024-01-24 22:49:33,0.182412858,0.0229347237693908,1.08089289,347.95978954748296,347.52777235863755
2024-01-24 22:49:38,0.182419494,0.0229347621745376,1.0808947,347.97368052032425,347.53857051797235
2024-01-24 22:49:42,0.182417383,0.0229332325463461,1.08082261,347.9933076466759,347.5557235040866
2024-01-24 22:49:46,0.182414969,0.0229338788561631,1.08085307,347.9828945003412,347.5428363157979
2024-01-24 22:49:50,0.182414668,0.0229338597596813,1.08085217,347.98511409771623,347.5425819695033
2024-01-24 22:49:54,0.182419796,0.0229338086235468,1.08084976,347.9970290885317,347.5520231149342
2024-01-24 22:49:58,0.182424019,0.0229337445442412,1.08084674,348.0075759636734,347.56009624297747
2024-01-24 22:50:03,0.182426734,0.0229333093566395,1.08082623,348.0212044624883,347.57063269613525
2024-01-24 22:50:07,0.182429147,0.022934314255948,1.08087359,348.0141586714312,347.5611133791263
2024-01-24 22:50:11,0.182440007,0.0229352359794691,1.08091703,348.0226502211066,347.5671315011388
2024-01-24 22:50:15,0.182432164,0.0229350630502173,1.08090888,348.0140919331803,347.5560998838392
2024-01-24 22:50:19,0.182434276,0.0229331875635223,1.08082049,348.0456162539951,347.5851509735712
2024-01-24 22:50:24,0.182432767,0.0229340645164028,1.08086182,348.034233657954,347.5706769768988
2024-01-24 22:50:28,0.182432767,0.0229333157221334,1.08082653,348.04686740993554,347.5808377189542
2024-01-24 22:50:32,0.182436991,0.0229342181369896,1.08086906,348.04430034262896,347.57579774001465
2024-01-24 22:50:36,0.182435784,0.0229335332098427,1.08083678,348.05400837710636,347.58303296115315
2024-01-24 22:50:40,0.182436689,0.0229338340855225,1.08085096,348.05394205882203,347.5804939278247
2024-01-24 22:50:44,0.182439706,0.0229339493009626,1.08085639,348.05999766722135,347.5840769194756
2024-01-24 22:50:49,0.182449359,0.0229344037972293,1.08087781,348.0733868517562,347.59437547130443
2024-01-24 22:50:53,0.18244785,0.0229341606353611,1.08086635,348.0765849205862,347.5951011445542
2024-01-24 22:50:57,0.182446342,0.0229336677339478,1.08084312,348.083173667682,347.59921759436804
2024-01-24 22:51:01,0.182449962,0.0229334436685614,1.08083256,348.0948618182394,347.6084335459426
2024-01-24 22:51:05,0.182450867,0.0229339813406154,1.0808579,348.0915810059596,347.6026806329799
2024-01-24 22:51:09,0.182459313,0.0229348198883492,1.08089742,348.0970806421852,347.6057082668232
2024-01-24 22:51:14,0.182454185,0.0229344997040045,1.08088233,348.0957683019792,347.60130606187585
2024-01-24 22:51:18,0.182463537,0.0229343460834176,1.08087509,348.1162773493458,347.6193433280396
2024-01-24 22:51:22,0.182450867,0.0229335909236543,1.0808395,348.10738462953515,347.6079789253292
2024-01-24 22:51:26,0.182462028,0.0229340965560556,1.08086333,348.1220329529157,347.620155664114
2024-01-24 22:51:30,0.182456297,0.0229341413266962,1.08086544,348.1141208537188,347.6097720786262
2024-01-24 22:51:35,0.182463235,0.0229339493009626,1.08085639,348.1316510458828,347.62421305116857
2024-01-24 22:51:39,0.182465347,0.0229337509097351,1.08084704,348.14041754669245,347.63050828687585
2024-01-24 22:51:43,0.182470173,0.0229346149194446,1.08088776,348.1393949004466,347.62701447383466
2024-01-24 22:51:47,0.182471983,0.0229343974317353,1.08087751,348.1479050696691,347.6330535745699
2024-01-24 22:51:51,0.182472285,0.0229352039398163,1.08091552,348.1399458669178,347.62262340163994
2024-01-24 22:51:55,0.182473491,0.022934711038403,1.08089229,348.15116308905726,347.63136975191026
2024-01-24 22:52:00,0.182471078,0.0229340581509088,1.08086152,348.1589962875315,347.63611449879687
2024-01-24 22:52:04,0.182474698,0.0229350823588823,1.08090979,348.1537417444821,347.6283893050773
2024-01-24 22:52:08,0.182463235,0.0229343526610947,1.0808754,348.14656190378,347.61873891201697
2024-01-24 22:52:12,0.182470475,0.022933366858268,1.08082894,348.17476183952346,347.64446839371465
2024-01-24 22:52:16,0.18247681,0.0229340901905616,1.08086303,348.1782211752316,347.6454573736903
2024-01-24 22:52:20,0.182483446,0.0229344869730166,1.08088173,348.186625817413,347.6513917584532
2024-01-24 22:52:25,0.182477413,0.0229346726332563,1.08089048,348.176902735558,347.63858099308027
2024-01-24 22:52:29,0.182474698,0.022934838984831,1.08089832,348.1724839710407,347.6316921923537
2024-01-24 22:52:33,0.182484954,0.0229340708818967,1.08086212,348.20287341311155,347.65961169653144
2024-01-24 22:52:37,0.182489178,0.0229346405936035,1.08088897,348.20481589027025,347.65908433411414
2024-01-24 22:52:41,0.182486161,0.0229349478347772,1.08090345,348.1979692508126,347.6497679533981
2024-01-24 22:52:45,0.182486764,0.0229344165282171,1.08087841,348.2086786901074,347.65800774975287
2024-01-24 22:52:50,0.182494608,0.0229349030641365,1.08090134,348.218542096345,347.66478424057675
2024-01-24 22:52:54,0.182488876,0.0229349221606183,1.08090224,348.21097485012643,347.65474757263706
2024-01-24 22:52:58,0.182497624,0.0229345381091512,1.08088414,348.23357912034214,347.67488251945224
2024-01-24 22:53:02,0.182495814,0.0229347558090436,1.0808944,348.23000593724555,347.6688401112765
2024-01-24 22:53:06,0.182491289,0.0229339493009626,1.08085639,348.2357034115317,347.67206845880526
2024-01-24 22:53:10,0.182498831,0.0229350950898701,1.08091039,348.2354853015845,347.66938132042327
2024-01-24 22:53:15,0.182490384,0.0229348837554716,1.08090043,348.22703126068626,347.65784113224885
2024-01-24 22:53:19,0.182502149,0.0229352614414448,1.08091823,348.2444420387206,347.6727831030767
2024-01-24 22:53:23,0.182493703,0.0229344997040045,1.08088233,348.24284301403384,347.66871536950816
2024-01-24 22:53:27,0.182494608,0.0229337509097351,1.08084704,348.25701940362296,347.68042314854085
2024-01-24 22:53:31,0.182490384,0.0229339493009626,1.08085639,348.24958943892227,347.67052467160977
2024-01-24 22:53:35,0.182491893,0.0229340965560556,1.08086333,348.25263316052946,347.6710999793132
2024-01-24 22:53:40,0.182500641,0.0229341158647205,1.08086424,348.27037904920667,347.68576048888355
2024-01-24 22:53:44,0.182496116,0.0229340581509088,1.08086152,348.2659117702686,347.67882501727894
2024-01-24 22:53:48,0.182500339,0.0229338917993341,1.08085368,348.27784173561486,347.6882868882874
2024-01-24 22:53:52,0.182500339,0.0229338724906692,1.08085277,348.28057183853434,347.68854899519835
2024-01-24 22:53:56,0.182494004,0.0229340133802682,1.08085941,348.2703207498163,347.6758300088017
2024-01-24 22:54:01,0.182498529,0.022933763640723,1.08084764,348.28451447061116,347.68693899577573
2024-01-24 22:54:05,0.182494306,0.0229330084809597,1.08081205,348.29002939418973,347.6899862429202
2024-01-24 22:54:09,0.182499736,0.0229335013823731,1.08083528,348.2950688046128,347.69255807524104
2024-01-24 22:54:13,0.182507277,0.022934435836882,1.08087932,348.29771508273797,347.6927368735965
2024-01-24 22:54:17,0.182505467,0.0229340517854149,1.08086122,348.30230827260465,347.6948626820265
2024-01-24 22:54:22,0.182507579,0.0229348453503249,1.08089862,348.2982228825048,347.6876932034125
2024-01-24 22:54:26,0.182509992,0.0229340006492803,1.08085881,348.31627263883496,347.7032757995576
2024-01-24 22:54:30,0.18251331,0.022934570148804,1.08088565,348.3166686578912,347.70120475676373
2024-01-24 22:54:34,0.182509087,0.0229332580083218,1.08082381,348.3297447168725,347.7118138522303
2024-01-24 22:54:39,0.182510897,0.0229336868304296,1.08084402,348.33009429731163,347.7090798665613
2024-01-24 22:54:43,0.182500339,0.0229334629772263,1.08083347,348.3175892428996,347.6941080698916
2024-01-24 22:54:47,0.182515724,0.0229340838250677,1.08086273,348.33787242388576,347.71192460695755
2024-01-24 22:54:51,0.18251874,0.0229343076782709,1.08087328,348.34244484776406,347.7140304852535
2024-01-24 22:54:56,0.182516327,0.0229342885817891,1.08087238,348.34167095514545,347.71017354894536
2024-01-24 22:55:00,0.182511199,0.0229341158647205,1.08086424,348.3377344129405,347.7037706824203
2024-01-24 22:55:04,0.182519645,0.0229346726332563,1.08089048,348.34704979650456,347.71061984000403
2024-01-24 22:55:08,0.182518439,0.0229346021884568,1.08088716,348.3484150210004,347.70951893685964
2024-01-24 22:55:12,0.182519042,0.0229341092870434,1.08086393,348.3586010668626,347.71723895342245
2024-01-24 22:55:17,0.182513612,0.0229336484252828,1.08084221,348.3586772319806,347.7142327202086
2024-01-24 22:55:21,0.182523868,0.022933776583894,1.08084825,348.37689861545664,347.7299882956538
2024-01-24 22:55:25,0.182516025,0.0229337061390945,1.08084493,348.36694151659316,347.7175654871019
2024-01-24 22:55:29,0.182501847,0.0229317347456242,1.08075202,348.37198522976115,347.7201435889245
2024-01-24 22:55:33,0.182501546,0.022931753842106,1.08075292,348.3736779493304,347.7193707954918
2024-01-24 22:55:37,0.182510595,0.0229329380361602,1.08080873,348.37550301306794,347.7187304445713
2024-01-24 22:55:42,0.182516629,0.0229335845581604,1.0808392,348.38010064619544,347.7202464476732
2024-01-24 22:55:46,0.182512104,0.0229325923898398,1.08079244,348.38831690876697,347.72599751686244
2024-01-24 22:55:50,0.182516629,0.0229334373030675,1.08083226,348.38703012543783,347.7222456384966
2024-01-24 22:55:54,0.182507277,0.0229327267017617,1.08079877,348.38318880910106,347.7159393254692
2024-01-24 22:55:58,0.182514819,0.0229319972161573,1.08076439,348.4084246663371,347.7387102843611
2024-01-24 22:56:03,0.18251331,0.0229329828068008,1.08081084,348.39554958772305,347.72275422111744
2024-01-24 22:56:07,0.182505769,0.0229321251625853,1.08077042,348.3967938032084,347.72153375954014
2024-01-24 22:56:11,0.182516327,0.0229328548603728,1.08080481,348.4073627800322,347.7296381576493
2024-01-24 22:56:15,0.182509389,0.0229322403780254,1.08077585,348.40633424409975,347.72614514135086
2024-01-24 22:56:19,0.182509087,0.0229317090714654,1.08075081,348.41549730470825,347.7328438199422
2024-01-24 22:56:24,0.182513009,0.022932829186214,1.0808036,348.410060239032,347.7243264150485
2024-01-24 22:56:28,0.182520852,0.0229328100897322,1.0808027,348.4261634065718,347.737965421858
2024-01-24 22:56:32,0.182522662,0.0229334245720796,1.08083166,348.42337222455825,347.73271017746464
2024-01-24 22:56:36,0.182520852,0.0229330789257592,1.08081537,348.4274413486734,347.7343153375509
2024-01-24 22:56:40,0.182526583,0.0229325219450403,1.08078912,348.4472445572591,347.75165468045896
2024-01-24 22:56:45,0.182525075,0.0229338661251753,1.08085247,348.42950118677436,347.7308316161843
2024-01-24 22:56:49,0.182522059,0.0229326116985047,1.08079335,348.4438514161673,347.7427182011917
2024-01-24 22:56:53,0.182528393,0.0229325923898398,1.08079244,348.45738274019897,347.75378597919035
2024-01-24 22:56:58,0.182526282,0.0229334373030675,1.08083226,348.4453887410676,347.73871268582684
2024-01-24 22:57:02,0.182529298,0.0229332836824806,1.08082502,348.45508284183614,347.7459434618576
2024-01-24 22:57:06,0.182528695,0.0229336868304296,1.08084402,348.45104374087737,347.73944113451483
2024-01-24 22:57:10,0.1825296,0.0229332773169867,1.08082472,348.4606108095636,347.74654507517164
2024-01-24 22:57:14,0.182526583,0.0229342245024836,1.08086936,348.4450673240582,347.72853855999153
2024-01-24 22:57:19,0.182528695,0.0229328100897322,1.0808027,348.47095258507284,347.7513451722249
2024-01-24 22:57:23,0.182537141,0.022933763640723,1.08084764,348.4748763538897,347.7528061326669
2024-01-24 22:57:27,0.182535935,0.0229338020458697,1.08084945,348.47476030391897,347.7502273726772
2024-01-24 22:57:32,0.1825296,0.0229327651069084,1.08080058,348.4811110438443,347.75349986339273
2024-01-24 22:57:36,0.18254046,0.0229337509097351,1.08084704,348.4887145265933,347.75864085742535
2024-01-24 22:57:40,0.182537443,0.0229334757082142,1.08083407,348.48976690550325,347.7572308459762
2024-01-24 22:57:44,0.182536538,0.0229341797318429,1.08086725,348.4811264103883,347.74612805885977
2024-01-24 22:57:48,0.182541365,0.0229327844155733,1.08080149,348.5107689321136,347.7733083869415
2024-01-24 22:57:53,0.182537443,0.0229332836824806,1.08082502,348.5003763652732,347.7598382163632
2024-01-24 22:57:57,0.182544683,0.0229350119140828,1.08090647,348.49172359294954,347.7487234717028
2024-01-24 22:58:01,0.182538348,0.0229344742420288,1.08088113,348.4906790592508,347.7452170640264
2024-01-24 22:58:05,0.18254408,0.0229340645164028,1.08086182,348.50848178561444,347.76055801477173
2024-01-24 22:58:09,0.18254227,0.0229345381091512,1.08088414,348.50142562817075,347.75104018006965
2024-01-24 22:58:13,0.182541063,0.0229332964134685,1.08082562,348.518687840938,347.7658408139385
2024-01-24 22:58:18,0.182538046,0.0229340070147743,1.08085911,348.50696937425823,347.7510455119552
2024-01-24 22:58:22,0.182532315,0.0229326051208276,1.08079304,348.5186891870726,347.76030396718267
2024-01-24 22:58:26,0.182531108,0.0229323299193067,1.08078007,348.5228282461227,347.761981767007
2024-01-24 22:58:31,0.182541666,0.0229345894574689,1.08088656,348.5132356136149,347.7493126987878
2024-01-24 22:58:35,0.182535935,0.0229333348186152,1.08082743,348.52295528968307,347.7565713369438
2024-01-24 22:58:39,0.18254046,0.0229331427928816,1.08081838,348.5357429909023,347.76689809861307
2024-01-24 22:58:43,0.18253865,0.0229336550029599,1.08084252,348.52816113702,347.7568554035432
2024-01-24 22:58:47,0.182543476,0.0229335525185076,1.08083769,348.54024614154366,347.76647966524206
2024-01-24 22:58:52,0.182535332,0.022932688296615,1.08079696,348.54116373741044,347.7643214709007
2024-01-24 22:58:56,0.182538046,0.0229334629772263,1.08083347,348.5377351647401,347.7584323767226
2024-01-24 22:59:00,0.182546795,0.0229344037972293,1.08087781,348.5423459409918,347.7605827298302
2024-01-24 22:59:04,0.182542873,0.0229327396449327,1.08079938,348.5607124784437,347.77648894250177
2024-01-24 22:59:08,0.182540158,0.02293403247675,1.08086031,348.5409863703756,347.75430260801755
2024-01-24 22:59:12,0.182541063,0.0229333541272801,1.08082834,348.5542010334354,347.76505714302573
2024-01-24 22:59:17,0.1825477,0.0229331491583756,1.08081868,348.57138158123405,347.77916266908505
2024-01-24 22:59:21,0.182544985,0.0229333157221334,1.08082653,348.56694809657097,347.77226927769107
2024-01-24 22:59:25,0.182546493,0.0229336550029599,1.08084252,348.56737342334367,347.7702347960981
2024-01-24 22:59:29,0.182549208,0.0229339429354687,1.08085609,348.5705549343003,347.7709565970546
2024-01-24 22:59:33,0.182550414,0.0229340838250677,1.08086273,348.5731587762146,347.77110082733435
2024-01-24 22:59:37,0.182547398,0.022934039054427,1.08086062,348.5710812872891,347.7665638251402
2024-01-24 22:59:42,0.182553129,0.0229342822162952,1.08087208,348.5806301358537,347.7730384204466
2024-01-24 22:59:46,0.182556448,0.0229341029215495,1.08086363,348.59118574996523,347.7811347426137
2024-01-24 22:59:50,0.182551018,0.0229347367125618,1.0808935,348.57577645220965,347.7632662512803
2024-01-24 22:59:54,0.182562783,0.0229346662677623,1.08089018,348.59926108111733,347.7842917849771
2024-01-24 22:59:59,0.182561576,0.0229348135228553,1.08089712,348.5982763870922,347.78023336026683
2024-01-24 23:00:03,0.182558861,0.0229347301348848,1.08089319,348.5972362266853,347.7767343259752
2024-01-24 23:00:07,0.182558861,0.0229349287382954,1.08090255,348.59699834311203,347.77403766688474
2024-01-24 23:00:11,0.182557956,0.0229347814832025,1.08089561,348.5999126958874,347.7744933425105
2024-01-24 23:00:16,0.182556448,0.0229346599022684,1.08088988,348.60206436273535,347.77357180125136
2024-01-24 23:00:20,0.182557956,0.022934570148804,1.08088565,348.6083139058848,347.7773628885792
2024-01-24 23:00:25,0.182560369,0.0229349094296305,1.08090164,348.610896148899,347.7768722001467
2024-01-24 23:00:29,0.182560068,0.0229354471016845,1.08092698,348.60554053799984,347.76905835475486
2024-01-24 23:00:33,0.182562481,0.0229353959655499,1.08092457,348.6128090050008,347.7738686856318
2024-01-24 23:00:37,0.182560671,0.0229350950898701,1.08091039,348.6162648093351,347.77486645221086
2024-01-24 23:00:41,0.182575151,0.022935242344963,1.08091733,348.64142309933254,347.797566802822
2024-01-24 23:00:45,0.182568514,0.0229362792839243,1.0809662,348.61848037675975,347.7721662392321
2024-01-24 23:00:50,0.182568514,0.0229362472442715,1.08096469,348.6219875462613,347.772601245794
2024-01-24 23:00:54,0.182571229,0.0229360999891786,1.08095775,348.6310755145651,347.77923159441167
2024-01-24 23:00:58,0.182565799,0.0229349287382954,1.08090255,348.6401740019238,347.78587256045387
2024-01-24 23:01:02,0.182563687,0.02293551118099,1.08093,348.63112034797365,347.77436148355696
2024-01-24 23:01:06,0.182570324,0.022935645492912,1.08093633,348.64307513295614,347.78385894396257
2024-01-24 23:01:11,0.182570927,0.0229357479773643,1.08094116,348.6457836882587,347.7834959818766
2024-01-24 23:01:15,0.182573039,0.0229352678069388,1.08091853,348.65836325638315,347.79361844675674
2024-01-24 23:01:19,0.182568816,0.0229352166708042,1.08091612,348.6543110869527,347.7871092724522
2024-01-24 23:01:23,0.182575754,0.0229350630502173,1.08090888,348.67068876389027,347.8010300428859
2024-01-24 23:01:27,0.182584804,0.0229374312261426,1.08102049,348.6564270805075,347.7843115513697
2024-01-24 23:01:31,0.182587519,0.0229375914244065,1.08102804,348.6613395302876,347.7867672913869
2024-01-24 23:01:36,0.182588122,0.0229368808231008,1.08099455,348.67508690648,347.7974439187093
2024-01-24 23:01:40,0.182580279,0.0229364840406458,1.08097585,348.6695532016211,347.78945372542154
2024-01-24 23:01:44,0.182573341,0.022936035909873,1.08095473,348.6662599934259,347.7837041271682
2024-01-24 23:01:48,0.182573944,0.0229355816257895,1.08093332,348.6759131398809,347.79090098193603
2024-01-24 23:01:52,0.18257877,0.0229358054789928,1.08094387,348.68356172064955,347.7960933693884
2024-01-24 23:01:57,0.182569721,0.022935639127418,1.08093603,348.67345525905426,347.78291680448194
2024-01-24 23:02:01,0.182576056,0.0229364840406458,1.08097585,348.67524501468387,347.78225058813007
2024-01-24 23:02:05,0.182579977,0.0229370985229932,1.08100481,348.67604585960174,347.78059555943764
2024-01-24 23:02:10,0.182579072,0.0229364904061397,1.08097615,348.68582853057205,347.78730852672965
2024-01-24 23:02:14,0.1825842,0.0229373160107025,1.08101506,348.6858212901292,347.7848456340117
2024-01-24 23:02:18,0.182583597,0.0229370792143283,1.0810039,348.69046336811795,347.78703215809674
2024-01-24 23:02:22,0.182586312,0.0229372969142207,1.08101416,348.6945938675165,347.7887072019628
2024-01-24 23:02:27,0.182586614,0.0229375657502477,1.08102683,348.69452813728657,347.785572290652
2024-01-24 23:02:31,0.1825842,0.0229374953054482,1.08102351,348.69382243994266,347.7824113591112
2024-01-24 23:02:35,0.182574849,0.0229355302774718,1.0809309,348.707008140611,347.79314192395407
2024-01-24 23:02:39,0.182579374,0.0229364263268341,1.08097313,348.70501494975434,347.78869369564325
2024-01-24 23:02:43,0.182582692,0.0229366697008854,1.0809846,348.7098248931877,347.791048699994
2024-01-24 23:02:47,0.182579374,0.0229362343011005,1.08096408,348.7125320279234,347.79130099401846
2024-01-24 23:02:52,0.182574849,0.022936842417954,1.08099274,348.6996255295645,347.77532608310537
2024-01-24 23:02:56,0.182574849,0.0229361320288314,1.08095926,348.7117253414132,347.7849712755785
2024-01-24 23:03:00,0.182573944,0.0229362920149122,1.0809668,348.71046396118913,347.78125537435034
2024-01-24 23:03:04,0.182589027,0.0229368296869662,1.08099214,348.73134487689447,347.799681867423
2024-01-24 23:03:08,0.182589932,0.0229373225883795,1.08101537,348.7286503313925,347.7945329976596
2024-01-24 23:03:12,0.182587519,0.0229378602604335,1.08104071,348.71968891460966,347.7831173549867
2024-01-24 23:03:17,0.182583597,0.0229377834501401,1.08103709,348.7171100438457,347.7774708401949
2024-01-24 23:03:21,0.182589329,0.0229379625327027,1.08104553,348.7269091577226,347.7848159495171
2024-01-24 23:03:25,0.18259506,0.022938589746038,1.08107509,348.73062225352885,347.78607513914
2024-01-24 23:03:29,0.18258963,0.0229374057641669,1.08101929,348.7398895089514,347.7928885867503
2024-01-24 23:03:33,0.182596267,0.0229374953054482,1.08102351,348.75244770220866,347.80299307056646
2024-01-24 23:03:37,0.18258963,0.0229367465111788,1.08098822,348.7537480150503,347.80183977233804
2024-01-24 23:03:42,0.182592043,0.0229375848467295,1.08102773,348.7495478948184,347.79457277660293
2024-01-24 23:03:46,0.182590535,0.0229378089121158,1.08103829,348.74638707274175,347.78895856479085
2024-01-24 23:03:50,0.182592647,0.0229378345862747,1.0810395,348.7520939974025,347.7922121980871
2024-01-24 23:03:54,0.182585105,0.0229373673590202,1.08101748,348.7480270609556,347.7856920686464
2024-01-24 23:03:59,0.182588122,0.0229371753332866,1.08100843,348.75884649779323,347.79344515257566
2024-01-24 23:04:03,0.182582994,0.0229369321714185,1.08099697,348.75585441932657,347.7880001024491
2024-01-24 23:04:07,0.182586614,0.02293725214358,1.08101205,348.76013735636855,347.7898301662018
2024-01-24 23:04:11,0.182592647,0.022937776872463,1.08103678,348.7657557493353,347.7929957842496
2024-01-24 23:04:15,0.18258963,0.0229364329045112,1.08097344,348.7813107118351,347.8060980702007
2024-01-24 23:04:19,0.182583899,0.0229373544158492,1.08101687,348.761476032249,347.783810812436
2024-01-24 23:04:23,0.182588725,0.0229371560246217,1.08100752,348.7748535181354,347.794735818514
2024-01-24 23:04:27,0.182592647,0.0229374312261426,1.08102049,348.78025882231526,347.7976887412554
2024-01-24 23:04:32,0.182591742,0.0229376168863822,1.08102924,348.7792597963098,347.79362437678435
2024-01-24 23:04:36,0.182584804,0.022937380090008,1.08101808,348.7730934057849,347.7850058261528
2024-01-24 23:04:40,0.182586915,0.0229373737245141,1.08101778,348.7792324681224,347.7886928267532
2024-01-24 23:04:44,0.182593853,0.0229379882068615,1.08104674,348.7851750297013,347.79218342496443
2024-01-24 23:04:48,0.18259868,0.0229381225187835,1.08105307,348.7940361431633,347.79859267342795
2024-01-24 23:04:53,0.18259144,0.0229370280781937,1.08100149,348.7996120496525,347.80110388700064
2024-01-24 23:04:57,0.18257877,0.0229363495165407,1.08096951,348.7896661720677,347.78870636574754
2024-01-24 23:05:01,0.182581184,0.0229364135958463,1.08097253,348.79536521746394,347.79195386584433
2024-01-24 23:05:05,0.182590535,0.0229368360524601,1.08099244,348.808030403799,347.8021676052484
2024-01-24 23:05:09,0.182592948,0.0229377514104873,1.08103558,348.8021690173167,347.7938548702036
2024-01-24 23:05:14,0.182590234,0.0229371496591278,1.08100722,348.80877425553484,347.79739606104886
2024-01-24 23:05:18,0.182588122,0.0229374312261426,1.08102049,348.80380012542213,347.7899708037018
2024-01-24 23:05:22,0.182597473,0.0229383913548105,1.08106574,348.8091644344778,347.7928840838909
2024-01-24 23:05:26,0.182594758,0.0229375784812355,1.08102743,348.8180212168391,347.79928993575334
2024-01-24 23:05:30,0.182593552,0.0229372264694212,1.08101084,348.8231945963322,347.8020124831149
2024-01-24 23:05:34,0.182583899,0.0229374889399542,1.08102321,348.8056172386047,347.78198439162315
2024-01-24 23:05:39,0.182590837,0.0229381609239302,1.08105488,348.811390602499,347.78469447664065
2024-01-24 23:05:43,0.182590234,0.0229376936966757,1.08103286,348.81915609769635,347.7900094593992
2024-01-24 23:05:47,0.18258963,0.022938730635637,1.08108173,348.8064984362084,347.77490138383894
2024-01-24 23:05:51,0.182599887,0.0229390378768107,1.08109621,348.82227110411145,347.78822373603595
2024-01-24 23:05:55,0.182592647,0.0229383722583287,1.08106484,348.8214099460115,347.7849123605961
2024-01-24 23:05:59,0.182597172,0.0229386474598496,1.08107781,348.8278413842827,347.7888936798932
2024-01-24 23:06:04,0.182601093,0.0229384427031282,1.08106816,348.84037123396894,347.7983610191884
2024-01-24 23:06:08,0.182599887,0.0229384938392627,1.08107057,348.8400699749159,347.7956098624834
2024-01-24 23:06:13,0.182600792,0.0229385322444095,1.08107238,348.84415430305995,347.7966319568885
2024-01-24 23:06:17,0.182588424,0.0229382186377418,1.0810576,348.8297674234456,347.7797954009432
2024-01-24 23:06:21,0.18258782,0.0229375530192598,1.08102623,348.840223707689,347.78780210722016
2024-01-24 23:06:25,0.1825842,0.022937130562646,1.08100632,348.8422345721835,347.7873634921124
2024-01-24 23:06:29,0.18258782,0.0229376041553944,1.08102864,348.8444282927469,347.78710783143737
2024-01-24 23:06:33,0.18258601,0.0229371432936338,1.08100692,348.85004759809954,347.7902778539153
2024-01-24 23:06:38,0.182579675,0.022937258509074,1.08101235,348.84073955230326,347.7779083428492
2024-01-24 23:06:42,0.182583597,0.022936861726619,1.08099365,348.8552653500724,347.7899850790606
2024-01-24 23:06:46,0.182588122,0.022937117619475,1.08100571,348.86195799856876,347.7942287643622
2024-01-24 23:06:51,0.182583899,0.0229370601178465,1.081003,348.85859684264216,347.78780654276403
2024-01-24 23:06:55,0.182587519,0.0229372457780861,1.08101175,348.8646992342349,347.7914601924769
2024-01-24 23:06:59,0.182590535,0.0229375977899005,1.08102834,348.86751266982156,347.79182498454537
2024-01-24 23:07:03,0.182597775,0.0229377257363285,1.08103437,348.88057264077077,347.80243641033786
2024-01-24 23:07:08,0.18259868,0.0229388906217177,1.08108927,348.86936112972046,347.7881643561617
2024-01-24 23:07:12,0.18259687,0.0229384297599572,1.08106755,348.87497931948434,347.7913342220808
2024-01-24 23:07:16,0.182592647,0.0229379304930499,1.08104402,348.8770033938669,347.7909100709789
2024-01-24 23:07:21,0.182592948,0.0229377705069691,1.08103648,348.88274906035576,347.79359559393083
2024-01-24 23:07:25,0.182594457,0.0229376873311817,1.08103256,348.88890011409086,347.797298643491
2024-01-24 23:07:29,0.182590837,0.0229378666259275,1.08104101,348.88273945422986,347.7886900778142
2024-01-24 23:07:33,0.182584804,0.0229382570428885,1.08105941,348.8695970582667,347.7730998743942
2024-01-24 23:07:37,0.182588122,0.0229375016709421,1.08102381,348.8879592560299,347.789014363059
2024-01-24 23:07:41,0.182598077,0.0229385195134216,1.08107178,348.8935667645134,347.7921742608023
2024-01-24 23:07:46,0.182600792,0.0229379113965681,1.08104312,348.9095132756354,347.8050613968145
2024-01-24 23:07:50,0.182591742,0.022937111253981,1.08100541,348.90738890230284,347.8004896340462
2024-01-24 23:07:54,0.182592948,0.0229382761393703,1.08106031,348.8960772507775,347.786730691442
2024-01-24 23:07:58,0.18258963,0.0229381225187835,1.08105307,348.8949510155739,347.78315726351605
2024-01-24 23:08:02,0.182592043,0.0229386665563314,1.08107871,348.8941276024463,347.7798867560223
2024-01-24 23:08:07,0.182598982,0.0229385322444095,1.08107238,348.9108445061163,347.79354493004723
2024-01-24 23:08:11,0.182593552,0.0229381034223017,1.08105217,348.90985222797593,347.79010577884054
2024-01-24 23:08:15,0.182590837,0.0229377450449934,1.08103528,348.9125340017204,347.7903407778736
2024-01-24 23:08:20,0.182590535,0.0229386922304902,1.08107992,348.90221782112746,347.77696626720206
2024-01-24 23:08:24,0.182588122,0.0229377450449934,1.08103528,348.91340818603635,347.7857100786964
2024-01-24 23:08:28,0.182598077,0.0229389290268645,1.08109108,348.91675909838733,347.78661453598625
2024-01-24 23:08:32,0.182589329,0.0229376298295532,1.08102985,348.92192393406367,347.7893330149544
2024-01-24 23:08:36,0.182587519,0.0229384042979815,1.08106635,348.91076849828147,347.7757313208167
2024-01-24 23:08:41,0.182586915,0.0229381738671012,1.08105549,348.9159243841275,347.7778295220261
2024-01-24 23:08:45,0.182585709,0.022937917762062,1.08104342,348.91979046687595,347.77924956771074
2024-01-24 23:08:49,0.182579374,0.0229378218552868,1.0810389,348.9127335561001,347.7697467182222
2024-01-24 23:08:53,0.182588122,0.022938333853182,1.08106303,348.92314881059895,347.7777161323593
2024-01-24 23:08:57,0.18258601,0.0229385770150501,1.08107449,348.9186912957642,347.7708128755128
2024-01-24 23:09:01,0.182586614,0.0229388394855832,1.08108686,348.91860389299535,347.7682798290821
2024-01-24 23:09:06,0.182576056,0.0229372328349151,1.08101114,348.9254651980922,347.772084217905
2024-01-24 23:09:10,0.182587519,0.0229376168863822,1.08102924,348.9422479978062,347.7864215952424
2024-01-24 23:09:14,0.182582994,0.0229382697738764,1.08106001,348.92811170325496,347.7698399766627
2024-01-24 23:09:18,0.182593552,0.0229381993290769,1.08105669,348.94952062807357,347.78880367580047
2024-01-24 23:09:22,0.182583597,0.0229379113965681,1.08104312,348.93889587083356,347.77573379122697
2024-01-24 23:09:26,0.182585105,0.0229380393429961,1.08104915,348.9421758793523,347.77656877075884
2024-01-24 23:09:31,0.182587217,0.022937386455502,1.08101838,348.9576983311197,347.7890350745919
2024-01-24 23:09:35,0.182583597,0.0229370921574992,1.08100451,348.95796448929,347.78685642505366
2024-01-24 23:09:39,0.182583899,0.0229373289538735,1.08101567,348.9577092832382,347.78415650963825
2024-01-24 23:09:43,0.182584502,0.0229375593847537,1.08102653,348.95805384658684,347.7820564619679
2024-01-24 23:09:47,0.18258601,0.0229378793569153,1.08104161,348.95872625352854,347.7802843562346
2024-01-24 23:09:51,0.18259144,0.0229399532348379,1.08113935,348.9422776775036,347.761391365878
2024-01-24 23:09:56,0.182592647,0.0229388969872117,1.08108957,348.9617302704583,347.77778857921294
2024-01-24 23:10:00,0.182595965,0.0229393130783316,1.08110918,348.9641845810077,347.77779869670155
2024-01-24 23:10:04,0.182592948,0.0229390571854756,1.08109712,348.9649571082959,347.7761271292706
2024-01-24 23:10:08,0.182586614,0.0229391019561162,1.08109923,348.9559906956321,347.7647167202289
2024-01-24 23:10:12,0.18259144,0.0229390571854756,1.08109712,348.9672731077137,347.77355523427315
2024-01-24 23:10:16,0.182592043,0.0229391978628915,1.08110375,348.96883555946425,347.7726738863263
2024-01-24 23:10:21,0.182590234,0.0229386985959842,1.08108022,348.97558277070704,347.776366486237
2024-01-24 23:10:25,0.182593552,0.0229394603334245,1.08111612,348.9733442010355,347.77168433813097
2024-01-24 23:10:29,0.182592043,0.0229389803751822,1.0810935,348.97972974142596,347.77562639842506
2024-01-24 23:10:33,0.182588424,0.0229386090547029,1.081076,348.9810417994186,347.77449507465883
2024-01-24 23:10:37,0.18259144,0.0229390058371579,1.0810947,348.9832423245591,347.7742523163775
2024-01-24 23:10:42,0.182599585,0.0229399596003318,1.08113965,348.9872396883127,347.77519571413904
2024-01-24 23:10:46,0.182588725,0.022937776872463,1.08103678,349.00079347363805,347.7863064372983
2024-01-24 23:10:50,0.18259687,0.0229386731340085,1.08107902,349.0049600469658,347.78803004679503
2024-01-24 23:10:54,0.182583899,0.0229376105208883,1.08102894,348.99970658309365,347.7803337174262
2024-01-24 23:10:58,0.182581787,0.0229380777481428,1.08105096,348.9922039132997,347.7703882804692
2024-01-24 23:11:02,0.182579675,0.0229378345862747,1.0810395,348.9943455659589,347.77008726429847
2024-01-24 23:11:07,0.18259325,0.0229391019561162,1.08109923,349.0033458999473,347.77603440052934
2024-01-24 23:11:11,0.182583597,0.0229386474598496,1.08107781,348.99549504187524,347.76574109487444
2024-01-24 23:11:15,0.18258601,0.0229377514104873,1.08103558,349.0142177292645,347.7820214330119
2024-01-24 23:11:19,0.182591742,0.0229396203195053,1.08112366,349.00106417567383,347.7664256284997
2024-01-24 23:11:23,0.182594155,0.0229392362680382,1.08110556,349.0128352107558,347.77575451098994
2024-01-24 23:11:28,0.182592647,0.0229398059797449,1.08113241,349.00558201256973,347.7654487603392
2024-01-24 23:11:32,0.182589027,0.0229395948575296,1.08112246,349.00471613007625,347.76214094649333
2024-01-24 23:11:36,0.182598982,0.0229402604760116,1.08115383,349.01510001419547,347.7700829975877
2024-01-24 23:11:40,0.182593853,0.0229402732069994,1.08115443,349.00862188089184,347.761163129586
2024-01-24 23:11:44,0.182585709,0.0229389803751822,1.0810935,349.0147241087409,347.7648237210632
2024-01-24 23:11:48,0.182582994,0.022939530778224,1.08111944,349.0050636597387,347.75272173401453
2024-01-24 23:11:53,0.182586915,0.0229389737975051,1.08109319,349.0223635656133,347.7669698556003
2024-01-24 23:11:57,0.182588424,0.0229392299025442,1.08110526,349.0239018020253,347.76606677519555
2024-01-24 23:12:01,0.182588424,0.022938730635637,1.08108173,349.03312076608404,347.7728445207607
2024-01-24 23:12:05,0.182587519,0.022939389888625,1.0811128,349.02506887312506,347.7623515076307
2024-01-24 23:12:10,0.182583899,0.0229383529496637,1.08106393,349.0360229531352,347.77025432569195
2024-01-24 23:12:14,0.182584804,0.0229396012230235,1.08112276,349.0230619046758,347.75485237828434
2024-01-24 23:12:18,0.182581184,0.0229390187803289,1.08109531,349.0272352882557,347.7565849612362
2024-01-24 23:12:22,0.182585407,0.0229388201769182,1.08108595,349.03957442143906,347.7664833921108
2024-01-24 23:12:26,0.182577262,0.0229381034223017,1.08105217,349.03785365118694,347.76232201786854
2024-01-24 23:12:31,0.182579675,0.0229393644266493,1.0811116,349.0279016400183,347.7493193899718
2024-01-24 23:12:35,0.182574849,0.0229382250032357,1.0810579,349.03757860253216,347.7565559697097
2024-01-24 23:12:39,0.182575754,0.0229389162958766,1.08109048,349.0321781807886,347.7487152635065
2024-01-24 23:12:43,0.182566402,0.0229386410943557,1.08107751,349.0224041483817,347.7365010449552
2024-01-24 23:12:47,0.182586312,0.0229393578489722,1.08111129,349.0490711204358,347.7607279291796
2024-01-24 23:12:51,0.182579675,0.0229386474598496,1.08107781,349.0498351825752,347.75905200180307
2024-01-24 23:12:56,0.182581485,0.0229394539679306,1.08111582,349.045023859969,347.75119083055466
2024-01-24 23:13:00,0.182577865,0.022939133995769,1.08110074,349.0456332083995,347.74936041067264
2024-01-24 23:13:04,0.18257877,0.0229390635509695,1.08109742,349.05057259969743,347.7518601319693
2024-01-24 23:13:08,0.182584502,0.0229383849893165,1.08106544,349.07199984879594,347.7708478093771
2024-01-24 23:13:13,0.182579072,0.0229389353923584,1.08109138,349.0583162705783,347.75411490479377
2024-01-24 23:13:17,0.182584804,0.0229392939818498,1.08110828,349.06566376228,347.75902304600027
2024-01-24 23:13:21,0.182589027,0.0229394666989185,1.08111642,349.0729606409934,347.7638806725264
2024-01-24 23:13:25,0.182584502,0.0229390571854756,1.08109712,349.07324159303136,347.76172247068405
2024-01-24 23:13:29,0.182575151,0.0229399211951851,1.08113784,349.0480047908349,347.7340466129136
2024-01-24 23:13:34,0.182577564,0.0229384490686221,1.08106846,349.07515166530914,347.7581448061621
2024-01-24 23:13:38,0.182579977,0.0229394219282778,1.08111431,349.06849959767226,347.7490539041369
2024-01-24 23:13:42,0.182579072,0.0229390635509695,1.08109742,349.0742596226463,347.7523751930262
2024-01-24 23:13:47,0.182576659,0.0229384811082749,1.08106997,349.0810990561745,347.7561663446864
2024-01-24 23:13:51,0.182573642,0.0229383211221941,1.08106243,349.08056375446284,347.75319252806975
2024-01-24 23:13:55,0.182575754,0.0229390315113167,1.08109591,349.0769609366004,347.7471512936028
2024-01-24 23:13:59,0.182577262,0.0229390571854756,1.08109712,349.08162261421876,347.7493746529165
2024-01-24 23:14:03,0.182579072,0.0229388458510771,1.08108716,349.0900165916205,347.7553304103126
2024-01-24 23:14:07,0.182573642,0.0229389737975051,1.08109319,349.08145702967823,347.7443327266626
2024-01-24 23:14:12,0.18258058,0.0229392108060625,1.08110436,349.09311997137746,347.7529481544575
2024-01-24 23:14:16,0.182582692,0.0229401068554247,1.08114659,349.08699680550126,347.744387088041
2024-01-24 23:14:20,0.182573039,0.0229397034952927,1.08112758,349.0784471568291,347.7333996371236
2024-01-24 23:14:24,0.182573341,0.0229386985959842,1.08108022,349.0950402642831,347.74755504062654
2024-01-24 23:14:28,0.182567609,0.0229394860075834,1.08111733,349.0770139164591,347.7270910871449
2024-01-24 23:14:32,0.182574547,0.0229395882798525,1.08112215,349.089895635401,347.73753529872147
2024-01-24 23:14:37,0.182576961,0.0229402157053709,1.08115172,349.0885430838508,347.73313600118706
2024-01-24 23:14:41,0.1825842,0.022940068450278,1.08114478,349.10532450215095,347.74748013327644
2024-01-24 23:14:45,0.182572737,0.0229397484781164,1.0811297,349.0925555924236,347.7322740356276
2024-01-24 23:14:49,0.182572737,0.0229395691833707,1.08112125,349.0974262986598,347.73470765223084
2024-01-24 23:14:54,0.182575151,0.0229401773002242,1.08114991,349.09633537181134,347.73057050155785
2024-01-24 23:14:58,0.182573039,0.0229396266849992,1.08112396,349.102643944133,347.73444220539204
2024-01-24 23:15:02,0.182581184,0.0229400491416131,1.08114387,349.1132372215036,347.7425987125605
2024-01-24 23:15:06,0.182576357,0.0229397548436104,1.08113,349.1114364719097,347.7383612910489
2024-01-24 23:15:11,0.182573944,0.0229395498747058,1.08112034,349.1131490908079,347.7370282082609
2024-01-24 23:15:15,0.182574246,0.022939537143718,1.08111974,349.1162733902885,347.7377160569599
2024-01-24 23:15:19,0.182577865,0.0229396012230235,1.08112276,349.12401195408177,347.74301826825297
2024-01-24 23:15:23,0.182571531,0.0229389547010233,1.08109229,349.1244215979047,347.74099165785594
2024-01-24 23:15:28,0.182567609,0.0229394860075834,1.08111733,349.1135662067638,347.7270910871449
2024-01-24 23:15:32,0.182567307,0.0229385579185683,1.08107359,349.12808472483107,347.73917357211894
2024-01-24 23:15:36,0.18257877,0.02293994050385,1.08113875,349.1313035213345,347.7399564338061
2024-01-24 23:15:40,0.182575452,0.0229399468693439,1.08113905,349.12799438838425,347.7342114643156
2024-01-24 23:15:45,0.182570022,0.02293994050385,1.08113875,349.1218650375699,347.7250374560248
2024-01-24 23:15:49,0.182569419,0.0229392876163559,1.08110798,349.13213398124105,347.73287078427273
2024-01-24 23:15:53,0.182570626,0.022939537143718,1.08111974,349.1332410571783,347.73154234305946
2024-01-24 23:15:57,0.182564894,0.0229392362680382,1.08110556,349.12998464988124,347.7258505168834
2024-01-24 23:16:01,0.182563386,0.0229393514834783,1.08111099,349.12828430411696,347.7217148505106
2024-01-24 23:16:05,0.182561576,0.0229385131479277,1.08107148,349.1390116272913,347.730006951346
2024-01-24 23:16:10,0.182558559,0.0229383722583287,1.08106484,349.1388223445707,347.7267737788915
2024-01-24 23:16:14,0.182560671,0.0229394666989185,1.08111642,349.13000431316016,347.7155207462444
2024-01-24 23:16:18,0.182551018,0.0229381993290769,1.08105669,349.1331780464312,347.7162595765451
2024-01-24 23:16:22,0.182545588,0.0229375593847537,1.08102653,349.1350379353565,347.7156846607648
2024-01-24 23:16:26,0.182552224,0.0229384297599572,1.08106755,349.1369767287152,347.7151887476819
2024-01-24 23:16:30,0.182550414,0.0229379561672087,1.08104523,349.1427525703233,347.7185299811113
2024-01-24 23:16:35,0.182554638,0.0229376809656878,1.08103226,349.15673560657956,347.7294698953245
2024-01-24 23:16:39,0.182553129,0.022937655291529,1.08103105,349.15694477309455,347.7272446747479
2024-01-24 23:16:44,0.182547398,0.0229379754758737,1.08104614,349.14586686190853,347.7131239178744
2024-01-24 23:16:48,0.182550716,0.022937937070727,1.08104433,349.1544813804924,347.71930427044856
2024-01-24 23:16:52,0.182551621,0.0229379113965681,1.08104312,349.15880747915895,347.7211963013621
2024-01-24 23:16:56,0.182553733,0.0229391851319036,1.08110315,349.1475549732257,347.7075098259314
2024-01-24 23:17:00,0.182548001,0.0229377130053406,1.08103377,349.1601940554982,347.7177150369611
2024-01-24 23:17:04,0.182551923,0.0229385258789155,1.08107208,349.1582835407355,347.7133707492088
2024-01-24 23:17:09,0.182554034,0.0229385258789155,1.08107208,349.16492597366795,347.7169711040714
2024-01-24 23:17:13,0.182556749,0.0229378536827565,1.0810404,349.18111428700564,347.7307258654855
2024-01-24 23:17:18,0.18254589,0.0229384681651039,1.08106936,349.1572948936824,347.7038646704211
2024-01-24 23:17:22,0.182545286,0.0229386731340085,1.08107902,349.155916142661,347.7000525885361
2024-01-24 23:17:26,0.182543778,0.0229386474598496,1.08107781,349.15612594791145,347.6978291611699
2024-01-24 23:17:30,0.182548303,0.0229379050310742,1.08104282,349.1763535543636,347.71562363325137
2024-01-24 23:17:34,0.182545588,0.0229382506773946,1.08105911,349.1694644745958,347.7063015173576
2024-01-24 23:17:39,0.182540761,0.0229375657502477,1.08102683,349.17356947693344,347.7073653626925
2024-01-24 23:17:43,0.182548001,0.0229388842562238,1.08108897,349.1704545265112,347.7018175971903
2024-01-24 23:17:47,0.18254951,0.0229384874737688,1.08107027,349.1808462427588,347.7097765965989
2024-01-24 23:17:51,0.182556146,0.0229387947149425,1.08108475,349.19042645825147,347.71692419349216
2024-01-24 23:17:55,0.182553129,0.0229378986655802,1.08104252,349.19987589011487,347.72394110499465
2024-01-24 23:17:59,0.182550414,0.022939127418092,1.08110043,349.1809998754919,347.702632668248
2024-01-24 23:18:04,0.182548303,0.022938314544517,1.08106212,349.1914727853146,347.7100651885602
2024-01-24 23:18:08,0.182546191,0.0229386347288617,1.08107721,349.18595712642446,347.7021173285754
2024-01-24 23:18:12,0.182542571,0.022938333853182,1.08106303,349.1862988837661,347.7000269830557
2024-01-24 23:18:16,0.1825477,0.0229378920879032,1.08104221,349.2034747656509,347.71477086031126
2024-01-24 23:18:20,0.1825477,0.0229387115391552,1.08108083,349.19478424558173,347.70364843384345
2024-01-24 23:18:24,0.182536236,0.0229382506773946,1.08105911,349.18391902171606,347.6903514018087
2024-01-24 23:18:28,0.182541968,0.0229384874737688,1.08107027,349.19291290007357,347.6969135702254
2024-01-24 23:18:33,0.182540158,0.0229381225187835,1.08105307,349.197818714703,347.6987798855602
2024-01-24 23:18:37,0.18253322,0.0229372457780861,1.08101175,349.20031680405435,347.69884648597963
2024-01-24 23:18:41,0.182543778,0.0229391978628915,1.08110375,349.1942608884033,347.6903591796207
2024-01-24 23:18:45,0.182540761,0.0229373544158492,1.08101687,349.2165669110074,347.71023390973994
2024-01-24 23:18:49,0.18254408,0.0229384747427809,1.08106967,349.20945258931096,347.70068839378007
2024-01-24 23:18:54,0.182536236,0.022938852216571,1.08108746,349.19399053218217,347.682187481944
2024-01-24 23:18:58,0.182539856,0.0229385322444095,1.08107238,349.206937939018,347.6927039155103
2024-01-24 23:19:02,0.18254408,0.0229396075885174,1.08112306,349.20197861790876,347.6853137193487
2024-01-24 23:19:06,0.182546493,0.0229395819143586,1.08112185,349.2088730070026,347.6897773316063
2024-01-24 23:19:10,0.182544683,0.022939133995769,1.08110074,349.2142957478357,347.69276939381785
2024-01-24 23:19:15,0.18254227,0.022938852216571,1.08108746,349.21704289796986,347.69247833378745
2024-01-24 23:19:19,0.182533522,0.0229376041553944,1.08102864,349.22149239704925,347.6944973752236
2024-01-24 23:19:23,0.182538951,0.0229379625327027,1.08104553,349.2283181044333,347.6988927231747
2024-01-24 23:19:27,0.182537443,0.0229381545584362,1.08105458,349.22557015740506,347.69371451492265
2024-01-24 23:19:31,0.182532617,0.0229374569003015,1.0810217,349.2292382823364,347.6949524768379
2024-01-24 23:19:35,0.182528997,0.0229381675016072,1.08105519,349.21584982323077,347.6791339529225
2024-01-24 23:19:39,0.182522963,0.0229368744576068,1.08099425,349.2255377595441,347.6863919226312
2024-01-24 23:19:43,0.182535332,0.0229390442423046,1.08109651,349.2196154195308,347.67803971421665
2024-01-24 23:19:48,0.18253141,0.0229389035648887,1.08108988,349.21787290314967,347.67326000043096
2024-01-24 23:19:52,0.182533522,0.0229388010804365,1.08108505,349.2252953441121,347.6782527939454
2024-01-24 23:19:56,0.182530505,0.0229382443119007,1.08105881,349.2301355430387,347.68066344362325
2024-01-24 23:20:00,0.182529298,0.0229381161532895,1.08105277,349.2322457507416,347.68034420027504
2024-01-24 23:20:04,0.182528695,0.0229374762089664,1.08102261,349.2423320244036,347.68800112108244
2024-01-24 23:20:09,0.182528695,0.0229378666259275,1.08104101,349.2400697609522,347.6827023046492
2024-01-24 23:20:13,0.182525377,0.0229381161532895,1.08105277,349.23345339623756,347.67365680801663
2024-01-24 23:20:17,0.182528092,0.0229382186377418,1.0810576,349.239122075666,347.6768964537189
2024-01-24 23:20:21,0.182533522,0.0229392108060625,1.08110436,349.2373469739367,347.67269241645386
2024-01-24 23:20:25,0.182535633,0.0229385642840622,1.08107389,349.2521501461613,347.6850667513316
2024-01-24 23:20:29,0.182530807,0.0229392362680382,1.08110556,349.2372287189198,347.6677165849308
2024-01-24 23:20:34,0.182530505,0.0229390251458228,1.08109561,349.24261451561836,347.6700665957543
2024-01-24 23:20:38,0.182525075,0.0229388267545953,1.08108626,349.2384746174866,347.6634981793798
2024-01-24 23:20:42,0.182530505,0.022938871525236,1.08108837,349.24955621155124,347.67215135338466
2024-01-24 23:20:46,0.182533823,0.0229388138114243,1.08108565,349.25842654866045,347.6785933686154
2024-01-24 23:20:50,0.182531108,0.0229389867406761,1.0810938,349.2538775832501,347.6716161795064
2024-01-24 23:20:54,0.182531712,0.0229401068554247,1.08114659,349.24213562600545,347.6574460967417
2024-01-24 23:20:59,0.182532013,0.0229392939818498,1.08110828,349.2567146958856,347.6689901477828
2024-01-24 23:21:03,0.182528393,0.0229393003473437,1.08110858,349.2528825091324,347.6627300564055
2024-01-24 23:21:07,0.182534125,0.0229398636935566,1.08113513,349.2574411218293,347.66486086265195
2024-01-24 23:21:11,0.182532013,0.022940055507107,1.08114417,349.2536641606901,347.6586561932344
2024-01-24 23:21:15,0.182532315,0.0229380009378494,1.08104734,349.2844890739079,347.6870534963444
2024-01-24 23:21:19,0.182523868,0.0229390571854756,1.08109712,349.25817573065757,347.6583126411555
2024-01-24 23:21:24,0.182520852,0.0229382634083825,1.08105971,349.26683821648106,347.66394087510355
2024-01-24 23:21:28,0.182521154,0.0229389226613705,1.08109078,349.26083415127863,347.65550951883745
2024-01-24 23:21:32,0.182527488,0.0229388778907299,1.08108867,349.27467137302335,347.66691954768265
2024-01-24 23:21:36,0.182523567,0.0229390762819574,1.08109802,349.2677190746337,347.6575401545561
2024-01-24 23:21:40,0.182523265,0.0229390187803289,1.08109531,349.270411328666,347.6578054120126
2024-01-24 23:21:45,0.182520249,0.0229392876163559,1.08110798,349.2646532086291,347.6490136842926
2024-01-24 23:21:49,0.182529298,0.0229392746731849,1.08110737,349.2826881903688,347.66462189031324
2024-01-24 23:21:53,0.182529902,0.0229395948575296,1.08112246,349.281799991332,347.66130701371355
2024-01-24 23:21:58,0.182525678,0.0229406765671315,1.08117344,349.26295183418955,347.63942564764693
2024-01-24 23:22:02,0.182523868,0.0229401836657182,1.08115021,349.2689795515175,347.64302690825724
2024-01-24 23:22:06,0.182527488,0.0229395948575296,1.08112246,349.2855691258955,347.6571901240686
2024-01-24 23:22:10,0.182528092,0.0229401388950775,1.0811481,349.28164311357705,347.6508378513329
2024-01-24 23:22:14,0.182527187,0.0229397484781164,1.0811297,349.28782362817776,347.6545922036641
2024-01-24 23:22:18,0.182525678,0.0229401132209187,1.08114689,349.28272695531973,347.6470694666826
2024-01-24 23:22:23,0.182510595,0.0229392876163559,1.08110798,349.27123943170716,347.6325495009314
2024-01-24 23:22:27,0.182528092,0.0229403500172929,1.08115805,349.2890889077962,347.64797313372014
2024-01-24 23:22:31,0.182522662,0.02293994050385,1.08113875,349.2878111711495,347.64426965191404
2024-01-24 23:22:35,0.182534427,0.0229402475328406,1.08115322,349.30613443679033,347.6601672705348
2024-01-24 23:22:39,0.182523265,0.0229411758340388,1.08119697,349.27692946953374,347.6285367543958
2024-01-24 23:22:44,0.182527187,0.0229407917825717,1.08117887,349.2918602141991,347.6404357009618
2024-01-24 23:22:48,0.182525377,0.0229403563827868,1.08115835,349.2971065866579,347.6432567453419
2024-01-24 23:22:52,0.182518439,0.0229399852744907,1.08114086,349.2927354401513,347.6364603688891
2024-01-24 23:22:56,0.182526583,0.0229403820569457,1.08115956,349.30366523156766,347.6449650284899
2024-01-24 23:23:00,0.182524472,0.0229405613516914,1.08116801,349.3000575363612,347.63893229959683
2024-01-24 23:23:04,0.182518137,0.0229410222134519,1.08118973,349.2854264237232,347.6218762513998
2024-01-24 23:23:09,0.182526583,0.0229409581341464,1.08118671,349.3037298203466,347.63714861656325
2024-01-24 23:23:13,0.18252417,0.0229410476754277,1.08119093,349.3008247663279,347.6318188477658
2024-01-24 23:23:17,0.182517835,0.0229404715982269,1.08116378,349.3002623139545,347.6288317787356
2024-01-24 23:23:21,0.18252417,0.0229405163688676,1.08116589,349.31288268448156,347.63902763072616
2024-01-24 23:23:25,0.182515724,0.0229402411673467,1.08115292,349.30463774853575,347.62835827436226
2024-01-24 23:23:29,0.182515422,0.0229401452605714,1.0811484,349.3078483239335,347.62914452745883
2024-01-24 23:23:34,0.182517232,0.0229403884224396,1.08115986,349.310666044516,347.6289319831389
2024-01-24 23:23:38,0.182510897,0.0229399723313197,1.08114025,349.30793221235007,347.6237740494283
2024-01-24 23:23:42,0.18252055,0.022939665090146,1.08112577,349.3309871270155,347.64440496066027
2024-01-24 23:23:46,0.182516327,0.0229410540409216,1.08119123,349.3073639274324,347.6183578557532
2024-01-24 23:23:50,0.182507579,0.0229401132209187,1.08114689,349.3076339498564,347.61620407096103
2024-01-24 23:23:54,0.182516327,0.0229405740826792,1.08116861,349.31872323322983,347.6248696452243
2024-01-24 23:23:59,0.182506372,0.0229398252884099,1.08113332,349.31493535477426,347.6180522683399
2024-01-24 23:24:03,0.182513009,0.0229399468693439,1.08113905,349.3270278490865,347.6277212742741
2024-01-24 23:24:07,0.182508182,0.0229406445274787,1.08117193,349.3117539661003,347.6100240010102
2024-01-24 23:24:11,0.182509992,0.0229406508929727,1.08117223,349.31717753538936,347.61302427812
2024-01-24 23:24:15,0.182506071,0.0229418285093498,1.08122773,349.29693854776826,347.59036209641647
2024-01-24 23:24:19,0.182515422,0.0229416557922812,1.08121959,349.31765033032946,347.6086507829903
2024-01-24 23:24:24,0.18251331,0.0229408556496941,1.08118188,349.32793283810264,347.6159045587224
2024-01-24 23:24:28,0.182507881,0.0229401579915593,1.081149,349.33056281637784,347.6161116617173
2024-01-24 23:24:32,0.18251874,0.0229403116121462,1.08115624,349.3494197466649,347.6325458148133
2024-01-24 23:24:36,0.182509992,0.0229414510355597,1.08120994,349.3214656288435,347.60216901788806
2024-01-24 23:24:40,0.1825115,0.0229404909068919,1.08116469,349.33948568488734,347.6177664929136
2024-01-24 23:24:45,0.182508785,0.022940593179161,1.08116951,349.3364962390883,347.6117489587716
2024-01-24 23:24:49,0.182507881,0.0229412269701734,1.08119938,349.3287785503934,347.6016089097442
2024-01-24 23:24:53,0.182508785,0.0229414828630294,1.08121144,349.32927089537645,347.59967899247425
2024-01-24 23:24:58,0.182507277,0.0229413228769486,1.0812039,349.3318974307902,347.59927783799344
2024-01-24 23:25:02,0.182505166,0.0229407724739067,1.08117796,349.3381865633107,347.60314492893326
2024-01-24 23:25:06,0.182500641,0.0229405804481732,1.08116891,349.33549707427744,347.5980334963929
2024-01-24 23:25:10,0.182500641,0.0229406381619848,1.08117163,349.3371359549743,347.5972505316545
2024-01-24 23:25:15,0.182508182,0.0229414701320415,1.08121084,349.3417360295934,347.5988234373898
2024-01-24 23:25:19,0.182506372,0.0229402157053709,1.08115172,349.35808946143237,347.6127552444479
2024-01-24 23:25:23,0.182500641,0.022940196396706,1.08115081,349.35099954662223,347.6032438029225
2024-01-24 23:25:27,0.182497624,0.0229411821995327,1.08119727,349.33490251574136,347.5847253433902
2024-01-24 23:25:31,0.182498227,0.0229405420430264,1.0811671,349.34703639129117,347.59443788835034
2024-01-24 23:25:35,0.182503657,0.022941540576841,1.08121416,349.34517132198016,347.59015158650953
2024-01-24 23:25:40,0.182502451,0.0229408429187062,1.08118128,349.3556054812446,347.5975593430056
2024-01-24 23:25:44,0.182500037,0.0229402284363588,1.08115232,349.3622462374637,347.6017790873229
2024-01-24 23:25:48,0.182505769,0.0229411949305206,1.08119787,349.3613300907061,347.5984420267171
2024-01-24 23:25:52,0.182500037,0.0229403756914517,1.08115926,349.365090188727,347.5997813089416
2024-01-24 23:25:56,0.182496719,0.0229417389680685,1.08122351,349.3433590910804,347.5756294935486
2024-01-24 23:26:00,0.182497322,0.0229415789819877,1.08121597,349.34897814751093,347.57882793028057
2024-01-24 23:26:05,0.182507579,0.0229413805907602,1.08120662,349.37218573534415,347.5990098813673
2024-01-24 23:26:09,0.182503356,0.0229413485511074,1.08120511,349.3678394964562,347.59224324338146
2024-01-24 23:26:13,0.182500037,0.0229420078040955,1.08123618,349.35565727836604,347.5776407242349
2024-01-24 23:26:17,0.182500037,0.0229416430612933,1.08121899,349.3630251624245,347.5825884052766
2024-01-24 23:26:22,0.182500037,0.0229407917825717,1.08117887,349.3775983577558,347.59413648470223
2024-01-24 23:26:26,0.182492496,0.0229403627482807,1.08115865,349.3729788879789,347.5870970324903
2024-01-24 23:26:30,0.182498529,0.0229408172445474,1.08118007,349.37952122382774,347.5912194839374
2024-01-24 23:26:34,0.182490083,0.0229414764975354,1.08121114,349.3585953952225,347.56787386896167
2024-01-24 23:26:39,0.182499434,0.0229406829326254,1.08117374,349.3883309813969,347.59458486002615
2024-01-24 23:26:43,0.182493099,0.0229415021716943,1.08121235,349.3688343096253,347.5726686224468
2024-01-24 23:26:47,0.182489178,0.0229409517686524,1.08118641,349.3720336017759,347.57344844681427
2024-01-24 23:26:51,0.182493099,0.0229413612820953,1.08120571,349.37558428624595,347.5745797615238
2024-01-24 23:26:55,0.182488876,0.0229413101459607,1.0812033,349.3714959166567,347.56807212019464
2024-01-24 23:26:59,0.182493703,0.0229409901737992,1.08118822,349.38648684279957,347.5806438726162
2024-01-24 23:27:04,0.182488273,0.0229407788394007,1.08117826,349.38311776932983,347.57425096983025
2024-01-24 23:27:08,0.182491893,0.0229403947879335,1.08116016,349.3969198245239,347.58563407183726
2024-01-24 23:27:12,0.182475905,0.0229408172445474,1.08118007,349.3663435381264,347.5526389302646
2024-01-24 23:27:16,0.182484351,0.0229402411673467,1.08115292,349.3909798134092,347.5748564483822
2024-01-24 23:27:20,0.182480128,0.0229402925156644,1.08115534,349.38550028764934,347.5669582634648
2024-01-24 23:27:25,0.182484049,0.0229410413099337,1.08119063,349.38505266419924,347.5634874538882
2024-01-24 23:27:29,0.182485256,0.0229414380923887,1.08120933,349.3841472386592,347.5601635897005
2024-01-24 23:27:33,0.182484049,0.0229411181202272,1.08119425,349.3888475470061,347.5624455574009
2024-01-24 23:27:37,0.182486161,0.0229417326025746,1.08122321,349.38653230448307,347.5577120722302
2024-01-24 23:27:41,0.182471078,0.0229399916399846,1.08114116,349.38684466822576,347.55560629132214
2024-01-24 23:27:45,0.182489178,0.0229411374288921,1.08119516,349.4045863956749,347.57092997211515
2024-01-24 23:27:50,0.182474095,0.0229412206046794,1.08119908,349.3807601339132,347.5440812898353
2024-01-24 23:27:54,0.182481334,0.0229412590098262,1.08120089,349.39500136091937,347.5559046906657
2024-01-24 23:27:58,0.182494306,0.0229409581341464,1.08118671,349.4236211867732,347.5821067883316
2024-01-24 23:28:02,0.182479826,0.0229413869562542,1.08120692,349.395529728875,347.5515977002312
2024-01-24 23:28:06,0.182487066,0.022941540576841,1.08121416,349.40820951970426,347.56185995884186
2024-01-24 23:28:10,0.182474095,0.0229414189959069,1.08120843,349.3901574320396,347.54139043694
2024-01-24 23:28:15,0.182484954,0.0229415789819877,1.08121597,349.4095262142175,347.5577375641044
2024-01-24 23:28:19,0.182487669,0.0229417516990564,1.08122411,349.4142303904749,347.5600245265749
2024-01-24 23:28:23,0.182476206,0.0229418541835087,1.08122894,349.39571064163465,347.5390876619221
2024-01-24 23:28:27,0.182478921,0.0229413805907602,1.08120662,349.4091807860482,347.5501407884953
2024-01-24 23:28:31,0.182474396,0.0229407788394007,1.08117826,349.41204349370673,347.5505865762835
2024-01-24 23:28:36,0.18247862,0.022941130851215,1.08119485,349.4174928872428,347.5530149577488
2024-01-24 23:28:40,0.182477413,0.0229419630334549,1.08123407,349.40656414086527,347.5396695119254
2024-01-24 23:28:44,0.182475603,0.0229422639091346,1.08124825,349.4018137120084,347.53250248158565
2024-01-24 23:28:48,0.182479223,0.0229418605490026,1.08122924,349.41587363926527,347.5441459053204
2024-01-24 23:28:52,0.182472888,0.0229420973453768,1.0812404,349.4042760747503,347.53013193524174
2024-01-24 23:28:56,0.182470776,0.0229407917825717,1.08117887,349.4207983564188,347.54423790930275
2024-01-24 23:29:01,0.18247138,0.0229413742252663,1.08120632,349.4169486606801,347.53736796680226
2024-01-24 23:29:05,0.182470173,0.0229416173871344,1.08121778,349.4140085600702,347.5320117789784
2024-01-24 23:29:09,0.18247319,0.0229418798576675,1.08123015,349.4180093484887,347.53359657813184
2024-01-24 23:29:13,0.182476508,0.0229424111642276,1.08125519,349.4188771949907,347.5320485333155
2024-01-24 23:29:17,0.182472285,0.0229422959487874,1.08124976,349.41565466921554,347.52641021416656
2024-01-24 23:29:22,0.182474396,0.0229428079466826,1.08127389,349.41533019414766,347.52306613511234
2024-01-24 23:29:26,0.182480731,0.0229429231621227,1.08127932,349.42698518550566,347.5323055534633
2024-01-24 23:29:30,0.182474396,0.0229426222864429,1.08126514,349.4226791179325,347.52558401082024
2024-01-24 23:29:34,0.182473793,0.022942078248895,1.0812395,349.4314446012131,347.5319341169658
2024-01-24 23:29:38,0.182474095,0.0229428079466826,1.08127389,349.4244786556068,347.5225528921569
2024-01-24 23:29:42,0.182477413,0.0229438703476196,1.08132396,349.4181439866142,347.513803041892
2024-01-24 23:29:47,0.182484351,0.0229433392532426,1.08129893,349.4401948402175,347.53283505661585
2024-01-24 23:29:51,0.182483748,0.0229442353026049,1.08134116,349.4294301593176,347.5196554147782
2024-01-24 23:29:55,0.182477413,0.0229432558652721,1.081295,349.434325620427,347.5221360128727
2024-01-24 23:29:59,0.182479525,0.022943691265057,1.08131552,349.43443698772677,347.5198326150778
2024-01-24 23:30:03,0.182471983,0.0229427184054013,1.08126967,349.43718502000223,347.52016598017684
2024-01-24 23:30:08,0.182470776,0.0229428143121765,1.08127419,349.43684449000807,347.5168072539058
2024-01-24 23:30:12,0.182467458,0.0229428270431644,1.08127479,349.43342868387333,347.5109770009017
2024-01-24 23:30:17,0.182473491,0.0229436144547636,1.0813119,349.4360554750203,347.5105858711483
2024-01-24 23:30:21,0.182474396,0.0229435056048174,1.08130677,349.4414888723049,347.5136050418588
2024-01-24 23:30:25,0.182461727,0.0229434862961524,1.08130586,349.4225633252617,347.49226536614657
2024-01-24 23:30:29,0.182467458,0.0229439216959373,1.08132638,349.4288450565725,347.4961330666912
2024-01-24 23:30:33,0.182470776,0.0229426800002546,1.08126786,349.45375463865645,347.5186287159092
2024-01-24 23:30:37,0.182477715,0.0229435951460986,1.08131099,349.45558967185065,347.5180499141356
2024-01-24 23:30:42,0.182462028,0.0229426734225775,1.08126755,349.4443583023698,347.50380138861027
2024-01-24 23:30:46,0.182464442,0.0229433135790838,1.08129772,349.4422071729964,347.49923664453087
2024-01-24 23:30:50,0.18247138,0.0229434351600179,1.08130345,349.45480185850187,347.5094178132204
2024-01-24 23:30:55,0.182466855,0.022943281539431,1.08129621,349.4521862915927,347.5037854879458
2024-01-24 23:30:59,0.182468665,0.0229436719563921,1.08131461,349.45239158758113,347.50157748736245
2024-01-24 23:31:03,0.182463838,0.022941937359296,1.08123286,349.47009706089824,347.5168697619901
2024-01-24 23:31:07,0.18246052,0.0229426670570836,1.08126725,349.4569567640355,347.5013163643178
2024-01-24 23:31:11,0.182457503,0.0229428336208414,1.0812751,349.45196676015735,347.4939133575076
2024-01-24 23:31:16,0.182462028,0.0229431726894848,1.08129108,349.4581005948159,347.4970310761375
2024-01-24 23:31:20,0.182455392,0.0229432174601254,1.08129319,349.4485913954365,347.48510909404126
2024-01-24 23:31:24,0.182447549,0.0229434478910057,1.08130405,349.4345067848358,347.46861179859326
2024-01-24 23:31:28,0.182451169,0.0229426031899611,1.08126424,349.4545454050965,347.48623783187367
2024-01-24 23:31:32,0.182452375,0.022941668523269,1.08122019,349.47168895608735,347.50096889374873
2024-01-24 23:31:36,0.182451169,0.0229421293850296,1.08124191,349.46579520956925,347.4926627559768
2024-01-24 23:31:41,0.18244423,0.0229416237526284,1.08121808,349.4638350191941,347.4876872141492
2024-01-24 23:31:45,0.182447549,0.0229416237526284,1.08121808,349.47190673233723,347.493346756219
2024-01-24 23:31:49,0.182446945,0.0229417901042031,1.08122592,349.47103301763633,347.49006096829874
2024-01-24 23:31:53,0.182442119,0.0229415212681761,1.08121325,349.46886131665315,347.48547729194763
2024-01-24 23:31:57,0.182453582,0.0229424943400149,1.08125911,349.4776242248789,347.49182832265427
2024-01-24 23:32:02,0.18244966,0.0229426863657485,1.08126816,349.47134756440386,347.4825369528765
2024-01-24 23:32:06,0.182445135,0.0229425518416434,1.08126182,349.46786765498126,347.4766453860856
2024-01-24 23:32:10,0.182447247,0.0229429615672694,1.08128113,349.46832475785527,347.47469092943203
2024-01-24 23:32:14,0.182456297,0.0229437296702037,1.08131733,349.47575224522984,347.47970695511697
2024-01-24 23:32:18,0.182454487,0.0229437103615388,1.08131642,349.4753392941243,347.47688264015744
2024-01-24 23:32:23,0.182448152,0.0229437617098565,1.08131884,349.4668557311743,347.4653850099673
2024-01-24 23:32:27,0.18244785,0.0229431022446853,1.08128776,349.4776934882327,347.4738116232923
2024-01-24 23:32:31,0.182443024,0.0229431472275091,1.08128988,349.47126588177133,347.46497297092475
2024-01-24 23:32:35,0.18245328,0.0229438769252966,1.08132427,349.48127012084973,347.4725662619216
2024-01-24 23:32:40,0.182450264,0.0229434735651646,1.08130526,349.484610327639,347.4728929211709
2024-01-24 23:32:44,0.182453883,0.0229436848995631,1.08131522,349.4903261669255,347.47619803247176
2024-01-24 23:32:48,0.182450565,0.022943281539431,1.08129621,349.4925485912592,347.476009826636
2024-01-24 23:32:52,0.182448454,0.0229435247012991,1.08130767,349.4880627229737,347.46911342599464
2024-01-24 23:32:57,0.182447549,0.0229433008480959,1.08129712,349.4925678506603,347.4706055257828
2024-01-24 23:33:01,0.182442119,0.02294421599394,1.08134025,349.4733121371531,347.4489394999907
2024-01-24 23:33:05,0.182435784,0.0229428270431644,1.08127479,349.4837522168068,347.4569693651646
2024-01-24 23:33:09,0.182436991,0.0229428783914821,1.08127721,349.48752418229225,347.4583312139726
2024-01-24 23:33:13,0.182442722,0.0229438512511378,1.08132306,349.4865156557702,347.45491266857283
2024-01-24 23:33:17,0.18244785,0.0229444720989791,1.08135232,349.4892515722339,347.4552386639559
2024-01-24 23:33:21,0.182444532,0.0229438832907906,1.08132457,349.49398710958593,347.45756437802186
2024-01-24 23:33:26,0.182445437,0.0229440496423653,1.08133241,349.49628691340695,347.45685204025455
2024-01-24 23:33:30,0.182447247,0.0229443184783923,1.08134508,349.49813775932586,347.456293282915
2024-01-24 23:33:34,0.182436086,0.0229432047291376,1.08129259,349.49661747748496,347.4523634956015
2024-01-24 23:33:38,0.182443627,0.0229434478910057,1.08130405,349.5085879452532,347.4619245556801
2024-01-24 23:33:42,0.182442722,0.0229436335512454,1.0813128,349.5069369472112,347.457864247729
2024-01-24 23:33:47,0.182434577,0.0229440112372186,1.0813306,349.4909405668776,347.43885636750827
2024-01-24 23:33:51,0.182436689,0.0229428399863354,1.0812754,349.51283028309695,347.4583369938144
2024-01-24 23:33:55,0.182429751,0.0229436271857514,1.0813125,349.4927368401335,347.4358345587092
2024-01-24 23:33:59,0.182443024,0.0229434608341767,1.08130466,349.52003209221976,347.46072091642253
2024-01-24 23:34:03,0.182430656,0.0229436271857514,1.0813125,349.49909758046596,347.4373776080619
2024-01-24 23:34:07,0.182433974,0.022942487974521,1.08125881,349.5226091086581,347.45848043741074
2024-01-24 23:34:11,0.182435482,0.0229439728320719,1.08132879,349.5074573232082,347.44092005087805
2024-01-24 23:34:16,0.182431862,0.0229428783914821,1.08127721,349.51913363816664,347.4495857519546
2024-01-24 23:34:20,0.182420701,0.0229431215533502,1.08128867,349.4992150214041,347.4272587540607
2024-01-24 23:34:24,0.182434577,0.0229443057474044,1.08134448,349.50922831163024,347.434863760907
2024-01-24 23:34:28,0.182438499,0.0229447345695122,1.08136469,349.51251003100555,347.4357372946514
2024-01-24 23:34:32,0.182436387,0.0229438703476196,1.08132396,349.5230333017605,347.44385247752155
2024-01-24 23:34:37,0.182432164,0.0229441391836466,1.08133663,349.5151984732498,347.433007676606
2024-01-24 23:34:41,0.182430957,0.0229438512511378,1.08132306,349.5194518323121,347.434853167702
2024-01-24 23:34:45,0.182431259,0.0229442609767638,1.08134237,349.5168200113671,347.4298135765277
2024-01-24 23:34:49,0.182427941,0.0229432688084431,1.08129561,349.527021129949,347.4376070226146
2024-01-24 23:34:53,0.182422511,0.0229427247708952,1.08126997,349.52754591449207,347.4357242323939
2024-01-24 23:34:57,0.182425528,0.0229430190688979,1.08128384,349.5311076804014,347.4368785212682
2024-01-24 23:35:02,0.182432767,0.0229450288675149,1.08137856,349.519213481102,347.42197511310144
2024-01-24 23:35:06,0.182429449,0.0229437233047098,1.08131703,349.5336621849478,347.43401655979096
2024-01-24 23:35:10,0.182431862,0.0229440623733531,1.08133301,349.5355868437214,347.43353405912785
2024-01-24 23:35:14,0.182418891,0.0229442032629521,1.08133965,349.51396857306617,347.4095087267523
2024-01-24 23:35:18,0.182429147,0.0229445168696198,1.08135443,349.52961056204373,347.42274375172315
2024-01-24 23:35:23,0.182425829,0.0229447984366346,1.0813677,349.52314527981696,347.41326990189344
2024-01-24 23:35:27,0.182427036,0.0229452529329013,1.08138912,349.52144910583974,347.40916698375463
2024-01-24 23:35:31,0.182424019,0.0229459058203954,1.08141989,349.5098626680875,347.3951738995452
2024-01-24 23:35:35,0.182425226,0.0229449136520748,1.08137313,349.527775366348,347.4106800490499
2024-01-24 23:35:39,0.182430957,0.0229458930894076,1.08141929,349.52667647710757,347.4071747087522
2024-01-24 23:35:43,0.182427941,0.0229453361086886,1.08139304,349.5314906032106,347.40958248149354
2024-01-24 23:35:48,0.182429449,0.0229456626585273,1.08140843,349.5326430776502,347.407727151611
2024-01-24 23:35:52,0.182429751,0.0229464307614616,1.08144463,349.52515310295985,347.39783104336345
2024-01-24 23:35:56,0.182426131,0.0229451249864733,1.08138309,349.53908644329925,347.4093583478318
2024-01-24 23:36:00,0.182422511,0.0229451056778084,1.08138218,349.5355823109526,347.40344827729723
2024-01-24 23:36:05,0.182421003,0.0229448241107935,1.08136891,349.5398351681472,347.40469384911944
2024-01-24 23:36:09,0.182421606,0.0229452529329013,1.08138912,349.53745638207704,347.39990934463776
2024-01-24 23:36:13,0.182414366,0.022945291338048,1.08139093,349.5269980856531,347.387045427476
2024-01-24 23:36:17,0.182425829,0.0229452977035419,1.08139123,349.54886048627753,347.4065023050333
2024-01-24 23:36:22,0.182424321,0.0229465780165545,1.08145157,349.5319431696264,347.38657822189305
2024-01-24 23:36:26,0.182421304,0.0229452465674073,1.08138882,349.54725099990804,347.39948074885564
2024-01-24 23:36:30,0.182420399,0.0229446641247127,1.08136137,349.55600813840124,347.4058326816908
2024-01-24 23:36:34,0.182428846,0.0229452529329013,1.08138912,349.5648334285102,347.4122528637997
2024-01-24 23:36:38,0.182422813,0.0229462323702341,1.08143528,349.54367755099395,347.3886919759383
2024-01-24 23:36:42,0.182421003,0.0229460787496472,1.08142804,349.54507880804584,347.3876883202972
2024-01-24 23:36:47,0.182426734,0.0229458930894076,1.08141929,349.56037158272306,347.3999750914265
2024-01-24 23:36:51,0.182416478,0.0229449009210869,1.08137253,349.5587391025247,347.3959379182411
2024-01-24 23:36:55,0.182412858,0.0229454258621531,1.08139727,349.5478569579913,347.3826511783627
2024-01-24 23:36:59,0.182405618,0.0229444720989791,1.08135232,349.5508450259556,347.38323474862125
2024-01-24 23:37:03,0.182408333,0.0229434544686828,1.08130436,349.5716722444239,347.4016575670198
2024-01-24 23:37:08,0.182411048,0.0229445232351137,1.08135473,349.56481951691586,347.39179947672085
2024-01-24 23:37:12,0.182409841,0.0229451186209793,1.08138279,349.5570959756405,347.3816717550459
2024-01-24 23:37:16,0.18240773,0.0229451506606321,1.0813843,349.55546677256876,347.37763846920075
2024-01-24 23:37:20,0.182412254,0.0229451761226079,1.0813855,349.5652385948744,347.3850063063561
2024-01-24 23:37:24,0.182415874,0.0229458737807426,1.08141838,349.5643584057343,347.3817222296857
2024-01-24 23:37:28,0.182413461,0.0229459121858893,1.08142019,349.56212790985086,347.37708794388897
2024-01-24 23:37:33,0.182413763,0.0229455858482338,1.08140481,349.5700702876324,347.38202572154785
2024-01-24 23:37:37,0.182408031,0.0229445041386319,1.08135383,349.5773626435864,347.38691450721524
2024-01-24 23:37:41,0.182407126,0.0229457778739674,1.08141386,349.56095967809307,347.36810806904225
2024-01-24 23:37:45,0.1824023,0.0229450672726616,1.08138037,349.56476604105245,347.3695110569257
2024-01-24 23:37:49,0.182398378,0.0229445489092726,1.08135594,349.56750815948595,347.3698498978839
