time,voltage,current,shunt_voltage,temperature,temperature old
2024-06-05 19:35:20,0.139587924,0.0336108571986309,1.58404945,201.81249482167976,201.81249482167976
2024-06-05 19:35:24,0.140109192,0.0336001572277,1.58354517,202.45137903125786,202.4523186133545
2024-06-05 19:35:28,0.140527895,0.0335911871858363,1.58312242,202.96650028523916,202.96837938828148
2024-06-05 19:35:32,0.140872692,0.0335845878660954,1.5828114,203.38703786519235,203.38985642807847
2024-06-05 19:35:37,0.141157458,0.0335779885463545,1.58250038,203.73957803553074,203.74357083737203
2024-06-05 19:35:41,0.141401199,0.0335729269177641,1.58226183,204.03872527116283,204.0436573955487
2024-06-05 19:35:45,0.141785513,0.0335687621872685,1.58206555,204.4929035095395,204.4987748955285
2024-06-05 19:35:49,0.141948711,0.0335656868049676,1.58192061,204.69153506411553,204.69834565081572
2024-06-05 19:35:53,0.142076614,0.0335642131931227,1.58185116,204.84254465919005,204.85029438575936
2024-06-05 19:35:57,0.14219034,0.0335576777405042,1.58154315,205.00180952209138,205.01049832773757
2024-06-05 19:36:02,0.142295619,0.0335554994684812,1.58144049,205.1303931586046,205.14025572768415
2024-06-05 19:36:06,0.142382799,0.0335531928256639,1.58133178,205.23933780074898,205.2501393123061
2024-06-05 19:36:10,0.14246485,0.0335512065793745,1.58123817,205.34094494981528,205.35268534322088
2024-06-05 19:36:14,0.142541773,0.0335507580242355,1.58121703,205.4293491371784,205.44202835185385
2024-06-05 19:36:19,0.142604519,0.0335485797522125,1.58111437,205.50978746841443,205.5236401245657
2024-06-05 19:36:23,0.142720959,0.0335474904040178,1.58106303,205.6460881789431,205.66087952024768
2024-06-05 19:36:27,0.142773448,0.0335485797522125,1.58111437,205.6993943704578,205.71512433650207
2024-06-05 19:36:31,0.142808139,0.0335461449507841,1.58099962,205.74952896298163,205.766197493403
2024-06-05 19:36:35,0.142849768,0.0335434538321334,1.58087279,205.80877488466376,205.8263819191509
2024-06-05 19:36:39,0.142889888,0.0335433258857054,1.58086676,205.85394012849974,205.8724856067926
2024-06-05 19:36:44,0.142922769,0.0335423006168163,1.58081844,205.89499918297795,205.9147176313656
2024-06-05 19:36:48,0.142953539,0.0335401862119157,1.58071879,205.93916565276626,205.9598224095628
2024-06-05 19:36:52,0.142988229,0.0335405706877491,1.58073691,205.9757032156477,205.99729822076085
2024-06-05 19:36:56,0.143017189,0.0335392893138209,1.58067652,206.01379764164002,206.03633083502925
2024-06-05 19:37:01,0.143043735,0.0335396737896543,1.58069464,206.0408668759528,206.06457272033464
2024-06-05 19:37:05,0.143091699,0.0335389689172931,1.58066142,206.09772641537552,206.1223703131329
2024-06-05 19:37:09,0.143119451,0.0335385844414597,1.5806433,206.13011845175126,206.1557003430133
2024-06-05 19:37:13,0.143138456,0.0335381360985038,1.58062217,206.1529016559816,206.17942148092988
2024-06-05 19:37:17,0.143151729,0.0335362780108255,1.5805346,206.1760094436702,206.2034671425389
2024-06-05 19:37:21,0.143174957,0.0335360216936033,1.58052252,206.2026547650536,206.2310502781296
2024-06-05 19:37:26,0.143193961,0.0335369185916981,1.58056479,206.2186916032849,206.24825930022897
2024-06-05 19:37:30,0.143209346,0.0335362780108255,1.5805346,206.23830354982383,206.26880892681413
2024-06-05 19:37:34,0.143230764,0.0335365341158647,1.58054667,206.2604151849189,206.2918581824145
2024-06-05 19:37:39,0.143265153,0.0335357012970754,1.58050742,206.30227794717086,206.33489288665007
2024-06-05 19:37:43,0.143283856,0.0335365341158647,1.58054667,206.31851635142175,206.3520687776344
2024-06-05 19:37:47,0.143288079,0.0335345480817584,1.58045307,206.3319921341369,206.36648198771576
2024-06-05 19:37:51,0.143300749,0.0335333946542582,1.58039871,206.35101487349786,206.38644209512944
2024-06-05 19:37:55,0.143315832,0.0335340354473138,1.58042891,206.36407858891357,206.4004431193382
2024-06-05 19:37:59,0.143328501,0.0335328822319967,1.58037456,206.38310095131763,206.4204027313297
2024-06-05 19:38:04,0.143339059,0.0335330742577303,1.58038361,206.392973639765,206.4314468985857
2024-06-05 19:38:08,0.143352332,0.0335331383370359,1.58038663,206.40678032939002,206.4461907047833
2024-06-05 19:38:12,0.143364399,0.0335332024163414,1.58038965,206.41921925000034,206.4595666829369
2024-06-05 19:38:16,0.143385817,0.0335323695975522,1.5803504,206.44661430475955,206.48789873626447
2024-06-05 19:38:20,0.143398486,0.0335322414389411,1.58034436,206.46066891770562,206.5028902888588
2024-06-05 19:38:25,0.143414172,0.0335320492010244,1.5803353,206.47822258134775,206.52161504428813
2024-06-05 19:38:29,0.143423524,0.0335323695975522,1.5803504,206.48633913399743,206.5306684042162
2024-06-05 19:38:33,0.143433479,0.0335325618354689,1.58035946,206.49576131681232,206.5410273355677
2024-06-05 19:38:38,0.143443132,0.0335317928838021,1.58032322,206.50927061125333,206.55570748315824
2024-06-05 19:38:42,0.143449768,0.0335313443286631,1.58030208,206.51803785426452,206.5654113427395
2024-06-05 19:38:46,0.14346274,0.0335319210424132,1.58032926,206.5290167828546,206.5773268293379
2024-06-05 19:38:50,0.143474203,0.0335302551926516,1.58025075,206.54916801356433,206.59841455954984
2024-06-05 19:38:54,0.143476616,0.0335307678270962,1.58027491,206.54848051760118,206.59866350463855
2024-06-05 19:38:58,0.143488984,0.0335303192719572,1.58025377,206.56375108682653,206.61487045652132
2024-06-05 19:39:03,0.143489889,0.0335292301359457,1.58020244,206.56889453558114,206.62118430156585
2024-06-05 19:39:07,0.143501654,0.0335296784789015,1.58022357,206.57912772086698,206.63235373832663
2024-06-05 19:39:11,0.143510704,0.033529486453168,1.58021452,206.5893900048341,206.64355221555672
2024-06-05 19:39:15,0.143522468,0.0335292942152513,1.58020546,206.60273232324883,206.65783066907895
2024-06-05 19:39:20,0.143530613,0.0335309600650129,1.58028397,206.60271282037309,206.65898125339265
2024-06-05 19:39:24,0.143534535,0.0335291019773345,1.5801964,206.61524863789782,206.67245307538207
2024-06-05 19:39:28,0.143548109,0.0335286534221956,1.58017526,206.6318897234479,206.69003010742563
2024-06-05 19:39:32,0.143556556,0.0335288456601123,1.58018432,206.63960259963133,206.69867887218837
2024-06-05 19:39:36,0.143565907,0.0335285252635844,1.58016922,206.65083114188667,206.7108432451659
2024-06-05 19:39:41,0.143565002,0.0335280767084455,1.58014808,206.6508136673112,206.7119954777189
2024-06-05 19:39:45,0.143573147,0.0335295503202904,1.58021753,206.65195970569135,206.7140772168522
2024-06-05 19:39:49,0.14357918,0.0335286534221956,1.58017526,206.66222492827924,206.72527808252264
2024-06-05 19:39:53,0.143591247,0.0335287175015011,1.58017828,206.67466726499387,206.73865600470683
2024-06-05 19:39:57,0.143592453,0.0335268594138228,1.58009071,206.68412771301968,206.74905198064704
2024-06-05 19:40:02,0.143600598,0.0335268594138228,1.58009071,206.69219894333722,206.7582925400088
2024-06-05 19:40:06,0.143608441,0.0335267312552117,1.58008467,206.70078428547268,206.76781328077132
2024-06-05 19:40:10,0.143613569,0.0335269234931284,1.58009373,206.70473250206493,206.7726968386241
2024-06-05 19:40:14,0.143620206,0.0335264749379894,1.58007259,206.7135069028175,206.7824065233289
2024-06-05 19:40:19,0.143624731,0.0335266671759061,1.58008165,206.71653727757447,206.78660592252555
2024-06-05 19:40:23,0.143625636,0.0335264749379894,1.58007259,206.7175631728652,206.7885669730388
2024-06-05 19:40:27,0.143632876,0.0335262186207672,1.58006051,206.72608784021492,206.7980267384932
2024-06-05 19:40:31,0.143636194,0.0335251294847557,1.58000918,206.73421132965285,206.8070852689768
2024-06-05 19:40:36,0.143643735,0.0335251935640612,1.5800122,206.74128695226963,206.8153296127512
2024-06-05 19:40:40,0.14365912,0.0335260263828505,1.58005145,206.75375860273192,206.8287361760922
2024-06-05 19:40:44,0.143660025,0.0335255780398946,1.58003032,206.7560301915913,206.83194262096328
2024-06-05 19:40:49,0.143667868,0.0335252576433668,1.58001522,206.76531784689607,206.84239876640407
2024-06-05 19:40:53,0.143673901,0.0335255139605891,1.5800273,206.7699817278415,206.84799737562795
2024-06-05 19:40:57,0.143673901,0.0335258984364225,1.58004542,206.76717768406985,206.84612800346125
2024-06-05 19:41:01,0.143682046,0.0335266671759061,1.58008165,206.77174621246948,206.85163114685216
2024-06-05 19:41:06,0.143689286,0.0335258343571169,1.5800424,206.78284168536453,206.8638948089645
2024-06-05 19:41:10,0.143693811,0.0335260263828505,1.58005145,206.78610732333843,206.868094934768
2024-06-05 19:41:14,0.143697431,0.0335242964537833,1.57996992,206.79769286937596,206.8806149122166
2024-06-05 19:41:18,0.143701051,0.0335246168503111,1.57998502,206.79930757185753,206.88316398975095
2024-06-05 19:41:23,0.143706179,0.033523912190133,1.57995181,206.8073851908677,206.89240949841545
2024-06-05 19:41:27,0.14370829,0.0335241044280497,1.57996087,206.80791113263365,206.89386968864915
2024-06-05 19:41:31,0.143716134,0.0335254498812835,1.58002428,206.8093328063931,206.89622555471504
2024-06-05 19:41:35,0.143718547,0.0335252576433668,1.58001522,206.81207141201358,206.8998982965414
2024-06-05 19:41:39,0.143723675,0.0335245527710056,1.579982,206.82038413675986,206.90914510145396
2024-06-05 19:41:43,0.143727898,0.0335255139605891,1.5800273,206.81956614443098,206.90926113331275
2024-06-05 19:41:47,0.143737853,0.0335251935640612,1.5800122,206.8314855545518,206.9221145117039
2024-06-05 19:41:52,0.14373544,0.0335244246123944,1.57997596,206.83132100742958,206.9231173463793
2024-06-05 19:41:56,0.143744791,0.0335233995556885,1.57992765,206.8459840816052,206.9387142632356
2024-06-05 19:42:00,0.143751428,0.0335250013261445,1.58000314,206.84478794889134,206.93845191748483
2024-06-05 19:42:04,0.143756254,0.0335248731675334,1.5799971,206.84995333923806,206.9445510391388
2024-06-05 19:42:08,0.143757763,0.0335244886917,1.57997898,206.85260240192582,206.94813377753968
2024-06-05 19:42:12,0.143758668,0.0335232073177718,1.57991859,206.85893036410002,206.955395359895
2024-06-05 19:42:17,0.143770131,0.0335250654054501,1.58000616,206.86172877800368,206.9593607210276
2024-06-05 19:42:21,0.143771337,0.0335243605330888,1.57997294,206.86559343590542,206.9641588743904
2024-06-05 19:42:25,0.143772846,0.0335235917936052,1.57993671,206.8701129450366,206.9696118236527
2024-06-05 19:42:29,0.143778275,0.0335248731675334,1.5799971,206.8691041798008,206.96953644328076
2024-06-05 19:42:33,0.143784309,0.0335253217226724,1.58001824,206.87283439130437,206.9741999844433
2024-06-05 19:42:38,0.143785817,0.0335240403487441,1.57995785,206.87961441577804,206.98214659345456
2024-06-05 19:42:42,0.143785817,0.0335245527710056,1.579982,206.8761875221946,206.9796529055488
2024-06-05 19:42:46,0.143787325,0.0335226306040217,1.57989141,206.88632005489552,206.99071858892685
2024-06-05 19:42:51,0.143793962,0.0335228869212439,1.57990349,206.89143712220732,206.99700201733685
2024-06-05 19:42:55,0.143793962,0.0335221181817603,1.57986726,206.89424576281877,207.0007436851052
2024-06-05 19:42:59,0.14379547,0.0335216696266213,1.57984612,206.8972073152541,207.00463820990248
2024-06-05 19:43:03,0.143798788,0.0335216055473157,1.5798431,206.90035138250562,207.00871519478443
2024-06-05 19:43:07,0.14380995,0.0335204523319987,1.57978875,206.91769868059382,207.02699535583528
2024-06-05 19:43:12,0.143810553,0.0335217977852324,1.57985216,206.91066691295958,207.0211295901247
2024-06-05 19:43:16,0.143809045,0.0335217337059269,1.57984914,206.90833493339417,207.0197303507524
2024-06-05 19:43:20,0.143819904,0.0335221181817603,1.57986726,206.9178525885767,207.0301806916678
2024-06-05 19:43:24,0.143819603,0.0335209006749545,1.57980988,206.92250580205072,207.0357665364785
2024-06-05 19:43:29,0.143826541,0.0335219259438436,1.5798582,206.92422132803657,207.03864777523853
2024-06-05 19:43:33,0.143828954,0.0335219900231491,1.57986122,206.92571494306824,207.04107389945068
2024-06-05 19:43:37,0.143829859,0.0335210929128712,1.57981894,206.9301772756669,207.0464686870428
2024-06-05 19:43:41,0.143833177,0.0335217337059269,1.57984914,206.929890008938,207.04711382118515
2024-06-05 19:43:45,0.143835591,0.0335209006749545,1.57980988,206.93575303965716,207.05390919871792
2024-06-05 19:43:49,0.143836496,0.0335207086492209,1.57980083,206.9367827492258,207.0558712011076
2024-06-05 19:43:54,0.143844037,0.0335210288335656,1.57981592,206.94261570711168,207.06286944919145
2024-06-05 19:43:58,0.143846752,0.0335211569921768,1.57982196,206.94414036512666,207.06532627878164
2024-06-05 19:44:02,0.143852785,0.0335207086492209,1.57980083,206.9522376442023,207.0743556756514
2024-06-05 19:44:07,0.143861533,0.0335215414680102,1.57984008,206.95694378223664,207.08022688539836
2024-06-05 19:44:11,0.143858215,0.0335231432384662,1.57991557,206.9444467147026,207.06866181489025
2024-06-05 19:44:15,0.143870282,0.033521413309399,1.57983404,206.96563197211148,207.0907790157568
2024-06-05 19:44:19,0.14387541,0.0335224385782881,1.57988236,206.9655257718173,207.0916047054179
2024-06-05 19:44:24,0.14387722,0.0335221822610658,1.57987028,206.96766316053416,207.09490688144132
2024-06-05 19:44:28,0.143881141,0.0335222463403714,1.5798733,206.9708685862316,207.09904407695447
2024-06-05 19:44:32,0.143881745,0.0335217977852324,1.57985216,206.97280694143808,207.10191414868865
2024-06-05 19:44:37,0.143883253,0.0335217337059269,1.57984914,206.97366569156517,207.10393746964007
2024-06-05 19:44:41,0.143886873,0.0335226306040217,1.57989141,206.97247344761462,207.1036768225616
2024-06-05 19:44:45,0.143891398,0.0335213492300935,1.57983102,206.98291793990592,207.11505285865277
2024-06-05 19:44:49,0.143891699,0.0335216696266213,1.57984612,206.9807673618783,207.11383377141928
2024-06-05 19:44:53,0.143894414,0.0335205804906098,1.57979479,206.9882222111486,207.12222005854488
2024-06-05 19:44:58,0.143896526,0.0335212210714823,1.57982498,206.98633418999023,207.121496260362
2024-06-05 19:45:02,0.143901051,0.0335210288335656,1.57981592,206.99147420857847,207.12756759793743
2024-06-05 19:45:06,0.143904671,0.0335211569921768,1.57982196,206.99402652308473,207.13105117870967
2024-06-05 19:45:10,0.143907989,0.0335205164113042,1.57979177,206.9999812568466,207.13793712608344
2024-06-05 19:45:14,0.143907386,0.0335194911424151,1.57974345,207.00336089601564,207.1422479262777
2024-06-05 19:45:18,0.143910101,0.0335209647542601,1.5798129,206.99833142438519,207.13814956315323
2024-06-05 19:45:23,0.143914324,0.0335204523319987,1.57978875,207.00445633374326,207.1454382843915
2024-06-05 19:45:27,0.143914927,0.0335203882526931,1.57978573,207.0045218303972,207.14643477163025
2024-06-05 19:45:31,0.143926089,0.033519811538943,1.57975855,207.0190677810409,207.16191166055955
2024-06-05 19:45:35,0.143923374,0.0335210288335656,1.57981592,207.0091246187871,207.15289938436
2024-06-05 19:45:40,0.143925184,0.0335197474596374,1.57975553,207.01625857357928,207.16119687337343
2024-06-05 19:45:44,0.143932725,0.033520260094082,1.57977969,207.02138760657667,207.16725667515365
2024-06-05 19:45:48,0.143933932,0.0335205804906098,1.57979479,207.02026538915567,207.16706517450567
2024-06-05 19:45:52,0.143939965,0.0335205164113042,1.57979177,207.02649328413864,207.1742237343204
2024-06-05 19:45:57,0.143937552,0.0335206445699154,1.57979781,207.0219672253085,207.17086093359185
2024-06-05 19:46:01,0.14393906,0.0335197474596374,1.57975553,207.02711961961182,207.1769438761097
2024-06-05 19:46:05,0.14394268,0.0335192989044984,1.57973439,207.03248320377796,207.18323795677213
2024-06-05 19:46:09,0.1439463,0.0335198756182485,1.57976157,207.03285033282165,207.18453553066288
2024-06-05 19:46:13,0.143949015,0.0335196193010263,1.57974949,207.0362501748261,207.1888657659341
2024-06-05 19:46:17,0.143949015,0.033519362983804,1.57973741,207.03656901588587,207.1901149487495
2024-06-05 19:46:22,0.14394992,0.0335187224029315,1.57970722,207.03955522669523,207.1942640144213
2024-06-05 19:46:26,0.143956556,0.0335185942443203,1.57970118,207.04678069016182,207.20241970399672
2024-06-05 19:46:30,0.143956255,0.0335191707458873,1.57972835,207.04269902334522,207.19926821200323
2024-06-05 19:46:34,0.143962891,0.0335189787201537,1.5797193,207.05023585176156,207.20773516402656
2024-06-05 19:46:38,0.143963193,0.0335191066665818,1.57972533,207.04902486987376,207.20745425459936
2024-06-05 19:46:42,0.143967416,0.0335184020064036,1.57969212,207.05632224705815,207.2156816531677
2024-06-05 19:46:47,0.143968623,0.0335187224029315,1.57970722,207.05496781603136,207.21548967715097
2024-06-05 19:46:51,0.143973147,0.0335183379270981,1.5796891,207.06104633457252,207.2224981024097
2024-06-05 19:46:55,0.143972242,0.0335183379270981,1.5796891,207.05908939771368,207.22147102141943
2024-06-05 19:47:00,0.143976164,0.0335184660857092,1.57969514,207.06175345596594,207.22529732810827
2024-06-05 19:47:04,0.143979784,0.0335176330547368,1.57965588,207.06899312336645,207.23346673722452
2024-06-05 19:47:08,0.143984309,0.033517184711781,1.57963475,207.07538480968185,207.24078811463568
2024-06-05 19:47:12,0.143988532,0.0335186583236259,1.5797042,207.07206351877915,207.23839646427928
2024-06-05 19:47:17,0.143985214,0.0335169283945587,1.57962267,207.0755699964271,207.24306492163288
2024-06-05 19:47:21,0.14399547,0.0335181456891814,1.57968004,207.08034520473566,207.2487696570105
2024-06-05 19:47:25,0.143995169,0.0335189146408482,1.57971628,207.07532512074533,207.24467904977024
2024-06-05 19:47:29,0.143993359,0.0335173767375146,1.5796438,207.0798396496701,207.2501230051972
2024-06-05 19:47:34,0.144003615,0.0335189787201537,1.5797193,207.08250676060058,207.25395182870284
2024-06-05 19:47:38,0.144001202,0.0335182097684869,1.57968306,207.0825881490558,207.25496253086308
2024-06-05 19:47:43,0.144007235,0.0335192348251929,1.57973137,207.08327545406118,207.25681140767315
2024-06-05 19:47:47,0.14400995,0.0335181456891814,1.57968004,207.0907380405869,207.2652031954686
2024-06-05 19:47:51,0.144007235,0.0335184020064036,1.57969212,207.0854777952512,207.26087210154787
2024-06-05 19:47:55,0.144008442,0.033517761213348,1.57966192,207.08904309403778,207.26536650196647
2024-06-05 19:48:00,0.144007537,0.033517761213348,1.57966192,207.08685467820976,207.2643393932808
2024-06-05 19:48:04,0.144007235,0.0335170565531699,1.57962871,207.0890190420142,207.26743274696884
2024-06-05 19:48:08,0.144007537,0.0335170565531699,1.57962871,207.08843285675607,207.2677755020455
2024-06-05 19:48:12,0.144014173,0.0335175689754313,1.57965286,207.0925366624938,207.2728081986416
2024-06-05 19:48:17,0.144014475,0.0335178252926535,1.57966494,207.09046845916927,207.27190103942405
2024-06-05 19:48:21,0.144013871,0.0335169924738643,1.57962569,207.09291540749035,207.2752767675463
2024-06-05 19:48:25,0.144023223,0.033517312658209,1.57964078,207.1010392578876,207.284329348504
2024-06-05 19:48:29,0.144025033,0.033517761213348,1.57966192,207.09997729924393,207.2841960712527
2024-06-05 19:48:34,0.144030764,0.0335180175305702,1.579674,207.1040707455049,207.2894503002226
2024-06-05 19:48:38,0.144028049,0.0335173767375146,1.5796438,207.10318593913954,207.2894940648881
2024-06-05 19:48:42,0.144030161,0.0335178252926535,1.57966494,207.10246681814132,207.28970346598987
2024-06-05 19:48:46,0.144028351,0.0335174408168201,1.57964682,207.10135918285135,207.28952430394224
2024-06-05 19:48:50,0.144032273,0.0335169924738643,1.57962569,207.1070686225944,207.29616216814327
2024-06-05 19:48:55,0.144037099,0.0335180175305702,1.579674,207.10638599841099,207.2966400060412
2024-06-05 19:48:59,0.144033781,0.0335162235221975,1.57958945,207.1104418437292,207.3016241663212
2024-06-05 19:49:03,0.144037401,0.0335163516808086,1.57959549,207.11299712795807,207.3051077169665
2024-06-05 19:49:07,0.144041322,0.0335169924738643,1.57962569,207.11339361145357,207.3064324184068
2024-06-05 19:49:12,0.144042831,0.0335172487910866,1.57963777,207.11269585713072,207.30689486846427
2024-06-05 19:49:16,0.144042529,0.0335165439187253,1.57960455,207.11486310883146,207.309990229319
2024-06-05 19:49:20,0.144043736,0.0335169283945587,1.57962267,207.11342959723203,207.30948477864231
2024-06-05 19:49:24,0.144049467,0.0335183379270981,1.5796891,207.11213084608542,207.30911404026156
2024-06-05 19:49:28,0.144045546,0.0335166079980309,1.57960757,207.11519073352792,207.31310189238727
2024-06-05 19:49:33,0.144054294,0.0335171206324754,1.57963173,207.12145896471588,207.3205300119264
2024-06-05 19:49:37,0.144053992,0.0335163516808086,1.57959549,207.12393935794756,207.3239382619276
2024-06-05 19:49:41,0.144054294,0.0335161594428919,1.57958643,207.1242920954503,207.32521880835952
2024-06-05 19:49:45,0.144051579,0.0335160953635864,1.57958341,207.12059542099252,207.3224498950653
2024-06-05 19:49:50,0.144056707,0.0335160312842808,1.57958039,207.12556863933554,207.3285827478063
2024-06-05 19:49:54,0.144062137,0.0335172487910866,1.57963777,207.12486455021997,207.32880631265544
2024-06-05 19:49:58,0.144070282,0.0335181456891814,1.57968004,207.12880576899528,207.3336751378736
2024-06-05 19:50:02,0.144072695,0.0335169283945587,1.57962267,207.13655533124003,207.3423522591144
2024-06-05 19:50:06,0.144076013,0.0335176330547368,1.57965588,207.13595583432365,207.34268027382265
2024-06-05 19:50:10,0.144076617,0.0335168643152532,1.57961965,207.13946432203565,207.3471162258632
2024-06-05 19:50:15,0.14407722,0.0335160953635864,1.57958341,207.14274112896294,207.3515522968063
2024-06-05 19:50:19,0.144078427,0.0335165439187253,1.57960455,207.1409951873867,207.3507337134188
2024-06-05 19:50:23,0.144073902,0.0335165439187253,1.57960455,207.1349320890101,207.3455979261808
2024-06-05 19:50:28,0.144075712,0.0335156468084474,1.57956227,207.1402043508944,207.35202926093945
2024-06-05 19:50:32,0.144076315,0.0335162235221975,1.57958945,207.13714770993522,207.34989982553327
2024-06-05 19:50:36,0.144078728,0.0335159031256697,1.57957435,207.14052257380646,207.35420184815416
2024-06-05 19:50:40,0.144082348,0.0335157749670585,1.57956831,207.14432953510868,207.3589359214789
2024-06-05 19:50:44,0.144085968,0.0335159672049752,1.57957737,207.14657321049884,207.36210666224065
2024-06-05 19:50:49,0.144089286,0.0335165439187253,1.57960455,207.14636635297032,207.3630585709402
2024-06-05 19:50:53,0.144091398,0.033517312658209,1.57964078,207.1440855513012,207.3617047299576
2024-06-05 19:50:57,0.14409351,0.0335162876015031,1.57959247,207.1505573912377,207.3691034841784
2024-06-05 19:51:01,0.144102559,0.0335176330547368,1.57965588,207.15333570968266,207.37280867058212
2024-06-05 19:51:06,0.144104973,0.0335178252926535,1.57966494,207.15397892945123,207.37461041027083
2024-06-05 19:51:10,0.144106783,0.033517184711781,1.57963475,207.1582322559975,207.3797905008244
2024-06-05 19:51:14,0.144107688,0.0335162235221975,1.57958945,207.1630232466709,207.3855082094296
2024-06-05 19:51:18,0.144104973,0.0335156468084474,1.57956227,207.1618294605867,207.3852410952788
2024-06-05 19:51:22,0.144110403,0.0335157749670585,1.57956831,207.1664405386496,207.390778799354
2024-06-05 19:51:26,0.144112212,0.0335162876015031,1.57959247,207.1650653905309,207.39033023140385
2024-06-05 19:51:30,0.144109799,0.0335162876015031,1.57959247,207.16140010406716,207.3875914793423
2024-06-05 19:51:35,0.144112514,0.0335170565531699,1.57962871,207.15957093939932,207.3869204184365
2024-06-05 19:51:39,0.144115229,0.0335168643152532,1.57961965,207.16266410586627,207.3909400166151
2024-06-05 19:51:43,0.144123977,0.0335162235221975,1.57958945,207.17479398201448,207.40399627896107
2024-06-05 19:51:47,0.144123676,0.0335154547827138,1.57955322,207.17727806343623,207.40740670114457
2024-06-05 19:51:51,0.144122167,0.0335150062275748,1.57953208,207.1768283584317,207.4078832915437
2024-06-05 19:51:56,0.144125787,0.0335160312842808,1.57958039,207.17477618375412,207.4069889224549
2024-06-05 19:52:00,0.144128804,0.0335155827291418,1.57955925,207.17946372941663,207.41260266175095
2024-06-05 19:52:04,0.144130312,0.0335153266241027,1.57954718,207.18149929451485,207.4155643753789
2024-06-05 19:52:08,0.144134535,0.0335160953635864,1.57958341,207.1816141029007,207.4166052872688
2024-06-05 19:52:12,0.144137854,0.0335159031256697,1.57957435,207.18539352113595,207.42131076406108
2024-06-05 19:52:17,0.144139965,0.0335153907034082,1.5795502,207.1891333843624,207.4262081373968
2024-06-05 19:52:21,0.144141473,0.0335158390463641,1.57957133,207.18773049719402,207.425731207942
2024-06-05 19:52:25,0.14414811,0.0335158390463641,1.57957133,207.1943377454617,207.4332643692321
2024-06-05 19:52:29,0.144145395,0.0335152625447971,1.57954416,207.19314454318044,207.4329970353608
2024-06-05 19:52:33,0.144148713,0.0335157749670585,1.57956831,207.19348328625082,207.4342616023079
2024-06-05 19:52:38,0.144149618,0.0335155827291418,1.57955925,207.19429172051994,207.43622725391836
2024-06-05 19:52:42,0.144152635,0.033515710887753,1.57956529,207.19616474439508,207.43902600175957
2024-06-05 19:52:46,0.14415173,0.0335148139896581,1.57952302,207.19859044277,207.44237737982465
2024-06-05 19:52:50,0.144159875,0.0335149421482693,1.57952906,207.20628416977237,207.4509967423208
2024-06-05 19:52:54,0.14416078,0.0335154547827138,1.57955322,207.20388298970812,207.44952115363336
2024-06-05 19:52:59,0.144160176,0.0335148139896581,1.57952302,207.20516902259513,207.45196411382332
2024-06-05 19:53:03,0.144167114,0.033515134386186,1.57953812,207.21055429426738,207.45827487790064
2024-06-05 19:53:07,0.144169528,0.033515134386186,1.57953812,207.21236888057015,207.4610149127506
2024-06-05 19:53:11,0.144167718,0.0335159672049752,1.57957737,207.20532284652776,207.45489428347767
2024-06-05 19:53:15,0.144173449,0.0335153266241027,1.57954718,207.21403004360852,207.46452684163
2024-06-05 19:53:20,0.144173751,0.0335160312842808,1.57958039,207.20977562552383,207.4614290635569
2024-06-05 19:53:24,0.144177673,0.0335157749670585,1.57956831,207.21455345698251,207.46713215806025
2024-06-05 19:53:28,0.144178879,0.0335157749670585,1.57956831,207.2149970935766,207.468501014262
2024-06-05 19:53:32,0.144184912,0.0335156468084474,1.57956227,207.22154539619464,207.4759744931311
2024-06-05 19:53:37,0.144189136,0.033515710887753,1.57956529,207.22487050074528,207.4804560071481
2024-06-05 19:53:41,0.144184912,0.0335150062275748,1.57953208,207.22259190712546,207.4791024925217
2024-06-05 19:53:45,0.144190342,0.0335156468084474,1.57956227,207.2247021534264,207.4821377747215
2024-06-05 19:53:49,0.144189739,0.0335150703068804,1.5795351,207.22590791452495,207.4842685287054
2024-06-05 19:53:54,0.144191851,0.033515134386186,1.57953812,207.22683606230083,207.48635285722332
2024-06-05 19:53:58,0.144199392,0.0335143654345192,1.57950188,207.23822600228692,207.4986676936101
2024-06-05 19:54:02,0.144194565,0.0335157749670585,1.57956831,207.2249386802183,207.48630522519204
2024-06-05 19:54:07,0.144193661,0.0335138528000746,1.57947772,207.23214352559535,207.49466607763864
2024-06-05 19:54:11,0.144196677,0.0335141091172969,1.5794898,207.23339042288012,207.4968377326832
2024-06-05 19:54:15,0.144201202,0.0335133403778132,1.57945357,207.24135665667401,207.50572868175112
2024-06-05 19:54:19,0.14419909,0.0335133403778132,1.57945357,207.23803458533035,207.50333128327728
2024-06-05 19:54:23,0.144206029,0.033515134386186,1.57953812,207.23622443335802,207.50244576185227
2024-06-05 19:54:28,0.144199392,0.0335133403778132,1.57945357,207.23629703581017,207.50367409309692
2024-06-05 19:54:32,0.144205727,0.0335146217517415,1.57951396,207.2363050587007,207.504606651608
2024-06-05 19:54:36,0.14420814,0.0335139809586858,1.57948376,207.24124929518518,207.5104753816565
2024-06-05 19:54:41,0.144210252,0.0335145576724359,1.57951094,207.23967425780907,207.5100559022184
2024-06-05 19:54:45,0.144214777,0.033515134386186,1.57953812,207.24106932011404,207.51237536376036
2024-06-05 19:54:49,0.144220508,0.0335141091172969,1.5794898,207.25165800739495,207.52388840848872
2024-06-05 19:54:53,0.144213872,0.0335136607743411,1.57946867,207.24539106770303,207.51854578453708
2024-06-05 19:54:58,0.144220508,0.0335147499103526,1.57952,207.24644834940838,207.5207584023927
2024-06-05 19:55:02,0.14422081,0.0335132762985077,1.57945055,207.25306509415051,207.5282993693356
2024-06-05 19:55:06,0.144223223,0.0335134044571188,1.57945659,207.25425393809388,207.53041239404087
2024-06-05 19:55:10,0.144225033,0.0335137889329522,1.57947471,207.25350622749136,207.53058882284412
2024-06-05 19:55:15,0.144230161,0.0335132762985077,1.57945055,207.26067629601087,207.53891400759005
2024-06-05 19:55:19,0.144230463,0.0335133403778132,1.57945357,207.25978201666916,207.5389437749059
2024-06-05 19:55:23,0.144231066,0.0335139168793802,1.57948074,207.25672618579594,207.53681194960365
2024-06-05 19:55:27,0.14422986,0.0335127636640631,1.57942639,207.26006698177414,207.54107671014947
2024-06-05 19:55:32,0.144231971,0.0335135326157299,1.57946263,207.25755179507567,207.53971642162625
2024-06-05 19:55:36,0.144234385,0.0335135966950355,1.57946565,207.25905506815334,207.54214356731836
2024-06-05 19:55:40,0.144237099,0.0335135326157299,1.57946263,207.2615250133326,207.5455373443794
2024-06-05 19:55:44,0.144238306,0.0335127636640631,1.57942639,207.26572808297678,207.5506642052564
2024-06-05 19:55:49,0.144239513,0.0335139809586858,1.57948376,207.25999638830845,207.5460871925937
2024-06-05 19:55:53,0.144238306,0.0335133403778132,1.57945357,207.26083210966655,207.5478466140301
2024-06-05 19:55:57,0.144244943,0.0335134685364244,1.57945961,207.26681622094105,207.554754385006
2024-06-05 19:56:01,0.144244339,0.0335132122192021,1.57944753,207.26645928076232,207.55532106423556
2024-06-05 19:56:06,0.144246753,0.0335126995847576,1.57942337,207.27054976385583,207.56056601505537
2024-06-05 19:56:10,0.144248864,0.0335129559019798,1.57943545,207.2707701868277,207.56170996708352
2024-06-05 19:56:14,0.144249468,0.0335128918226743,1.57943243,207.27084542664574,207.5627086959381
2024-06-05 19:56:18,0.144250976,0.033512635505452,1.57942035,207.27288619968482,207.56567291807835
2024-06-05 19:56:23,0.144257914,0.0335136607743411,1.57946867,207.27459799104903,207.5685389647884
2024-06-05 19:56:27,0.144259121,0.033512635505452,1.57942035,207.2800545185225,207.57491885181705
2024-06-05 19:56:31,0.144254897,0.0335129559019798,1.57943545,207.27277070983828,207.56855836302717
2024-06-05 19:56:35,0.144260931,0.0335129559019798,1.57943545,207.2786969606197,207.57540789412676
2024-06-05 19:56:40,0.144258216,0.0335118667659683,1.57938412,207.279783025141,207.57764800352103
2024-06-05 19:56:44,0.144260026,0.0335124432675353,1.57941129,207.27809738208157,207.5768855520435
2024-06-05 19:56:48,0.144259422,0.0335119308452739,1.57938714,207.27899258845343,207.57870391069696
2024-06-05 19:56:52,0.144260327,0.0335119949245795,1.57939016,207.27878368678125,207.57941812209103
2024-06-05 19:56:57,0.144262439,0.0335123151089242,1.57940525,207.27846271963023,207.580250991256
2024-06-05 19:57:01,0.144267567,0.0335128277433687,1.57942941,207.28085576141646,207.5835670581856
2024-06-05 19:57:05,0.144271489,0.033513084060591,1.57944149,207.28313230653987,207.586766589514
2024-06-05 19:57:09,0.144275109,0.0335133403778132,1.57945357,207.28506602840577,207.5896232587321
2024-06-05 19:57:14,0.144272092,0.0335123151089242,1.57940525,207.2854980013097,207.59120886131973
2024-06-05 19:57:18,0.144278728,0.0335117386073572,1.57937808,207.29492573265028,207.6015594529064
2024-06-05 19:57:22,0.144279633,0.033512635505452,1.57942035,207.2906468516755,207.59820339360317
2024-06-05 19:57:26,0.144280237,0.0335128918226743,1.57943243,207.28915705153378,207.59763637664412
2024-06-05 19:57:31,0.144280538,0.0335119949245795,1.57939016,207.29272869019726,207.602361440292
2024-06-05 19:57:35,0.144287477,0.0335123791882297,1.57940827,207.29780501657171,207.60836046356349
2024-06-05 19:57:39,0.144284158,0.0335126995847576,1.57942337,207.2915487726196,207.60302687829903
2024-06-05 19:57:44,0.144295018,0.0335136607743411,1.57946867,207.29802563459387,207.6106570100323
2024-06-05 19:57:48,0.144289588,0.033511033734996,1.57934486,207.30377921537297,207.61733316384317
2024-06-05 19:57:52,0.144284158,0.0335112900522182,1.57935694,207.2954395458246,207.6099160293976
2024-06-05 19:57:56,0.144298638,0.0335112900522182,1.57935694,207.31095508466817,207.62635406550143
2024-06-05 19:58:00,0.144297733,0.0335130199812854,1.57943847,207.30054943029768,207.61687087063515
2024-06-05 19:58:05,0.14429351,0.0335119949245795,1.57939016,207.29961278788,207.61708724963532
2024-06-05 19:58:09,0.14430256,0.0335123151089242,1.57940525,207.30739887005836,207.62579570668368
2024-06-05 19:58:13,0.144298638,0.0335111618936071,1.5793509,207.30766136382854,207.62698053784965
2024-06-05 19:58:17,0.144301353,0.0335135966950355,1.57946565,207.29791986522224,207.61816133925183
2024-06-05 19:58:21,0.14430437,0.033512059003885,1.57939318,207.30793854702154,207.62910228375927
2024-06-05 19:58:26,0.144305275,0.0335113541315238,1.57935996,207.31125878220388,207.6335752950059
2024-06-05 19:58:30,0.144303163,0.0335117386073572,1.57937808,207.30605957563935,207.62929826754225
2024-06-05 19:58:34,0.144305576,0.033512059003885,1.57939318,207.3063104978846,207.63047133187132
2024-06-05 19:58:38,0.144305576,0.0335114182108294,1.57936298,207.30852080924166,207.6336037483825
2024-06-05 19:58:43,0.144306179,0.0335121228710075,1.57939619,207.30460813797617,207.63084365676048
2024-06-05 19:58:47,0.14430256,0.0335112900522182,1.57935694,207.30364887085446,207.6308064120208
2024-06-05 19:58:51,0.144311308,0.0335134685364244,1.57945961,207.30200862545874,207.63008815236185
2024-06-05 19:58:55,0.144311006,0.033511033734996,1.57934486,207.31264609039644,207.64164756647875
2024-06-05 19:59:00,0.144308291,0.033512059003885,1.57939318,207.30339953163875,207.6335533929197
2024-06-05 19:59:04,0.144311911,0.0335121228710075,1.57939619,207.30627486755634,207.63735059608305
2024-06-05 19:59:08,0.144317039,0.033512059003885,1.57939318,207.3114865406204,207.64348410012087
2024-06-05 19:59:12,0.144319453,0.0335123791882297,1.57940827,207.31173983579097,207.64465919008128
2024-06-05 19:59:16,0.144321866,0.0335128277433687,1.57942941,207.3113644564514,207.64520556943572
2024-06-05 19:59:20,0.144321866,0.0335129559019798,1.57943545,207.309816222862,207.6445790585328
2024-06-05 19:59:25,0.144319754,0.0335116104487461,1.57937204,207.31284411705136,207.64875905557912
2024-06-05 19:59:29,0.144330916,0.0335116104487461,1.57937204,207.32459383019724,207.66143041071743
2024-06-05 19:59:33,0.144326391,0.0335111618936071,1.5793509,207.32072841194852,207.65848659874084
2024-06-05 19:59:37,0.144324882,0.0335101368369011,1.57930259,207.32310564012195,207.66178539755464
2024-06-05 19:59:41,0.144324581,0.0335101368369011,1.57930259,207.32184238765575,207.66144368018576
2024-06-05 19:59:45,0.144327296,0.0335112900522182,1.57935694,207.3183645949037,207.65888738707667
2024-06-05 19:59:50,0.144338759,0.0335109055763848,1.57933882,207.33210593645094,207.67378055345532
2024-06-05 19:59:54,0.144333329,0.0335114182108294,1.57936298,207.32251359582565,207.6651096330256
2024-06-05 19:59:58,0.144332726,0.0335112900522182,1.57935694,207.32153428863242,207.6650517108625
2024-06-05 20:00:02,0.144334535,0.0335109055763848,1.57933882,207.3245464953762,207.66898526756017
2024-06-05 20:00:06,0.144338155,0.0335109696556904,1.57934184,207.3274214463394,207.6727815334901
2024-06-05 20:00:11,0.144336949,0.0335102009162067,1.57930561,207.3286597207378,207.67517140253216
2024-06-05 20:00:15,0.144343585,0.0335113541315238,1.57935996,207.32963296982572,207.6770658881921
2024-06-05 20:00:19,0.144336949,0.0335102649955123,1.57930863,207.32650394132088,207.67485806156245
2024-06-05 20:00:23,0.144345395,0.0335109696556904,1.57934184,207.3317254229442,207.68100071045365
2024-06-05 20:00:27,0.144346904,0.0335113541315238,1.57935996,207.33063730430882,207.68083372456843
2024-06-05 20:00:32,0.144346904,0.0335105211005514,1.5793207,207.33355947900827,207.6849072668016
2024-06-05 20:00:36,0.144346602,0.0335107133384681,1.57932976,207.3313555106674,207.68362435387397
2024-06-05 20:00:40,0.144347808,0.0335092397266232,1.57926031,207.33901006311044,207.6921999275042
2024-06-05 20:00:44,0.14435173,0.0335098164403733,1.57928749,207.33972126234832,207.69383211379312
2024-06-05 20:00:48,0.14435173,0.0335098164403733,1.57928749,207.33880030934338,207.69383211379312
2024-06-05 20:00:53,0.144360478,0.0335099445989844,1.57929353,207.34695386806357,207.70313681602943
2024-06-05 20:00:57,0.14435716,0.0335103288626347,1.57931164,207.3403868189173,207.69749064361383
2024-06-05 20:01:01,0.144361685,0.0335103929419403,1.57931466,207.34428969012023,207.70231435779448
2024-06-05 20:01:05,0.144366511,0.0335110978143015,1.57934788,207.3454003382575,207.70434581524665
2024-06-05 20:01:09,0.144365003,0.0335116745280516,1.57937506,207.33994715373856,207.69981340647035
2024-06-05 20:01:14,0.144365003,0.0335106492591626,1.57932674,207.34381043028088,207.70482760561788
2024-06-05 20:01:18,0.144369528,0.0335103288626347,1.57931164,207.34959386452175,207.7115317403948
2024-06-05 20:01:22,0.144368925,0.0335097523610677,1.57928447,207.3508083401106,207.71366688324173
2024-06-05 20:01:27,0.144366511,0.0335084709871395,1.57922408,207.3531844897138,207.7171938202588
2024-06-05 20:01:31,0.144374656,0.0335101368369011,1.57930259,207.35336276381247,207.7182926870723
2024-06-05 20:01:35,0.144377673,0.0335090474887065,1.57925125,207.36119591345727,207.72704639644925
2024-06-05 20:01:39,0.144379784,0.0335094319645399,1.57926937,207.36079131700063,207.72756232683315
2024-06-05 20:01:43,0.144383706,0.0335096242024566,1.57927843,207.36338312722975,207.73107463110216
2024-06-05 20:01:47,0.144384309,0.0335100727575956,1.57929957,207.36095307479354,207.72956503999652
2024-06-05 20:01:52,0.144389437,0.0335098164403733,1.57928749,207.36687814881188,207.73664064481935
2024-06-05 20:01:56,0.144389136,0.033509560123151,1.57927541,207.36686990683378,207.7375527909093
2024-06-05 20:02:00,0.144390041,0.0335084709871395,1.57922408,207.37230515869493,207.74390839842584
2024-06-05 20:02:04,0.144394867,0.0335085350664451,1.5792271,207.376550489801,207.74907405286623
2024-06-05 20:02:08,0.144394264,0.0335091115680121,1.57925427,207.3721251738305,207.7455690280005
2024-06-05 20:02:12,0.144392152,0.0335078942733894,1.5791969,207.37476251066406,207.74912662380083
2024-06-05 20:02:17,0.144396074,0.0335082146699173,1.579212,207.37649757071236,207.75201196250345
2024-06-05 20:02:21,0.144396074,0.0335077020354727,1.57918784,207.37808552783045,207.75452010661348
2024-06-05 20:02:25,0.144402107,0.0335078942733894,1.5791969,207.38307450789364,207.76042924182903
2024-06-05 20:02:30,0.144403012,0.0335085989335675,1.57923011,207.37950410374552,207.75800898698708
2024-06-05 20:02:34,0.144415682,0.0335100727575956,1.57929957,207.3857575778776,207.7651825449688
2024-06-05 20:02:38,0.14441538,0.0335102649955123,1.57930863,207.3835541098727,207.7638991292732
2024-06-05 20:02:42,0.144415079,0.0335098164403733,1.57928749,207.38448700843256,207.76575204869408
2024-06-05 20:02:47,0.144415984,0.0335091115680121,1.57925427,207.38781334272983,207.77022836498423
2024-06-05 20:02:51,0.144412364,0.0335094960438455,1.57927239,207.380902326346,207.7642372990405
2024-06-05 20:02:55,0.144419603,0.0335082787492228,1.57921502,207.39415741516697,207.77841230715356
2024-06-05 20:02:59,0.14442081,0.0335093038059288,1.57926333,207.38959204514472,207.77476682536792
2024-06-05 20:03:04,0.144423827,0.0335089834094009,1.57924823,207.39343528155052,207.77975987853875
2024-06-05 20:03:08,0.14442624,0.0335094960438455,1.57927239,207.39274654979567,207.7799909654843
2024-06-05 20:03:12,0.144422922,0.0335080865113061,1.57920596,207.3949570757131,207.78312127934788
2024-06-05 20:03:16,0.144429558,0.033509560123151,1.57927541,207.39436042688823,207.7834443878077
2024-06-05 20:03:20,0.144429257,0.0335085989335675,1.57923011,207.39780250640368,207.78780619403935
2024-06-05 20:03:25,0.144433781,0.0335098805196789,1.57929051,207.39551768697024,207.78667099015587
2024-06-05 20:03:29,0.144431971,0.0335102649955123,1.57930863,207.3906617891997,207.78273475066248
2024-06-05 20:03:33,0.144429558,0.0335089834094009,1.57924823,207.39327389353275,207.7862664830066
2024-06-05 20:03:37,0.144434385,0.0335090474887065,1.57925125,207.3975209759779,207.79143316329004
2024-06-05 20:03:42,0.14443348,0.0335083428285284,1.57921804,207.39879244630217,207.79385408862385
2024-06-05 20:03:46,0.144433178,0.033508406907834,1.57922106,207.3972164475296,207.79319762014197
2024-06-05 20:03:50,0.144439211,0.0335089193300954,1.57924521,207.4006387911124,207.7975394641462
2024-06-05 20:03:54,0.14444434,0.0335088552507898,1.57924219,207.40585610581655,207.80367624949596
2024-06-05 20:03:58,0.144446451,0.0335096242024566,1.57927843,207.40357011178224,207.8023096964251
2024-06-05 20:04:02,0.144442831,0.0335106492591626,1.57932674,207.3935246221411,207.79318361815888
2024-06-05 20:04:07,0.144443435,0.0335092397266232,1.57926031,207.3999589174847,207.8007671362552
2024-06-05 20:04:11,0.144448563,0.0335098164403733,1.57928749,207.40203913127664,207.8037666951909
2024-06-05 20:04:15,0.144444641,0.0335086630128731,1.57923313,207.40231194480788,207.80495882458237
2024-06-05 20:04:19,0.144449166,0.0335084709871395,1.57922408,207.4074699844382,207.81103615088333
2024-06-05 20:04:23,0.144451579,0.0335080224320006,1.57920294,207.4114858121083,207.8159712361286
2024-06-05 20:04:28,0.144456406,0.0335096242024566,1.57927843,207.40797739480317,207.81361185002032
2024-06-05 20:04:32,0.144452786,0.0335089834094009,1.57924823,207.40608451861303,207.8126381662848
2024-06-05 20:04:36,0.144459121,0.0335098805196789,1.57929051,207.40796694666008,207.81543975799715
2024-06-05 20:04:40,0.144454596,0.0335087911714842,1.57923917,207.40724208856003,207.81563403486743
2024-06-05 20:04:45,0.144454596,0.0335077661147783,1.57919086,207.4111104459065,207.8206512707184
2024-06-05 20:04:49,0.144457311,0.0335073175596393,1.57916972,207.41546958447879,207.8259294800428
2024-06-05 20:04:53,0.144457613,0.0335069330838059,1.5791516,207.41677545541762,207.82815439334587
2024-06-05 20:04:57,0.144457311,0.0335071894010282,1.57916368,207.4142588625182,207.82655681451763
2024-06-05 20:05:02,0.144463042,0.0335087270921787,1.57923615,207.4120901939948,207.82553687394025
2024-06-05 20:05:06,0.144465154,0.0335080865113061,1.57920596,207.41670470051932,207.8310703312228
2024-06-05 20:05:10,0.144466964,0.0335085350664451,1.5792271,207.41564513025241,207.83092968372895
2024-06-05 20:05:14,0.144472092,0.0335086630128731,1.57923313,207.41992205808714,207.83612550644665
2024-06-05 20:05:19,0.144474204,0.0335084709871395,1.57922408,207.42211135160116,207.8394633794888
2024-06-05 20:05:23,0.144476014,0.033509560123151,1.57927541,207.41791609296232,207.83618695332785
2024-06-05 20:05:27,0.144478729,0.0335097523610677,1.57928447,207.41913869321715,207.8383283584796
2024-06-05 20:05:31,0.144477824,0.0335084709871395,1.57922408,207.4234649522937,207.8435733949674
2024-06-05 20:05:35,0.144478729,0.0335087270921787,1.57923615,207.42231999064984,207.8433471833443
2024-06-05 20:05:40,0.144481745,0.0335077020354727,1.57918784,207.42961403680914,207.8517896286572
2024-06-05 20:05:44,0.144481142,0.0335091115680121,1.57925427,207.42111038693233,207.8442046675216
2024-06-05 20:05:48,0.14448989,0.0335094319645399,1.57926937,207.42855521854452,207.85256816079493
2024-06-05 20:05:52,0.14448627,0.033507958352695,1.57919992,207.43074084968111,207.8556724266081
2024-06-05 20:05:57,0.144486873,0.0335081505906117,1.57920898,207.4293360769434,207.8554159094148
2024-06-05 20:06:01,0.144484159,0.0335078301940839,1.57919388,207.42690464080098,207.85390304758369
2024-06-05 20:06:05,0.144487175,0.0335078301940839,1.57919388,207.42941044813048,207.85732740255108
2024-06-05 20:06:09,0.144482047,0.0335068690045004,1.57914858,207.42737544855706,207.85621092403815
2024-06-05 20:06:14,0.144482047,0.0335073816389449,1.57917274,207.4237175231294,207.85370111270777
2024-06-05 20:06:18,0.144486572,0.0335080224320006,1.57920294,207.42479954371865,207.8557015949092
2024-06-05 20:06:22,0.144489287,0.0335069971631115,1.57915462,207.4319834503916,207.863803936929
2024-06-05 20:06:26,0.144492002,0.033507958352695,1.57919992,207.42944159707335,207.86218049278847
2024-06-05 20:06:31,0.144494113,0.0335075738768616,1.5791818,207.4325728781824,207.866459748716
2024-06-05 20:06:35,0.144493812,0.0335076379561672,1.57918482,207.43099902769748,207.86580424888024
2024-06-05 20:06:39,0.144495622,0.0335070612424171,1.57915764,207.43495954706796,207.87068309304377
2024-06-05 20:06:43,0.14449532,0.0335073175596393,1.57916972,207.43244333436206,207.86908517937135
2024-06-05 20:06:48,0.14450075,0.0335078942733894,1.5791969,207.4346369701424,207.87242665286607
2024-06-05 20:06:52,0.14450618,0.0335087911714842,1.57923917,207.43549237300488,207.87420029715588
2024-06-05 20:06:56,0.14450256,0.0335073816389449,1.57917274,207.43736566680028,207.8769918069329
2024-06-05 20:07:00,0.144509196,0.0335082787492228,1.57921502,207.4395892559533,207.8801335867187
2024-06-05 20:07:05,0.144499543,0.0335068690045004,1.57914858,207.43438435241129,207.87607638596813
2024-06-05 20:07:09,0.144507085,0.0335064206615445,1.57912745,207.4442251117571,207.88683527926565
2024-06-05 20:07:13,0.144508895,0.0335070612424171,1.57915764,207.4422252763475,207.8857535527737
2024-06-05 20:07:17,0.14450799,0.0335073175596393,1.57916972,207.43902450902297,207.88347086942977
2024-06-05 20:07:22,0.14451161,0.0335083428285284,1.57921804,207.43696669760863,207.88256062807136
2024-06-05 20:07:26,0.144513118,0.033507509797556,1.57917878,207.44183994613005,207.88835190482013
2024-06-05 20:07:30,0.144514626,0.033506356582239,1.57912443,207.4482815109243,207.8957114732204
2024-06-05 20:07:34,0.144515531,0.0335068690045004,1.57914858,207.44588167992015,207.89422962129836
2024-06-05 20:07:39,0.144517341,0.0335080224320006,1.57920294,207.44114101955785,207.89063640045012
2024-06-05 20:07:43,0.144514325,0.0335072534803338,1.5791667,207.44056420281137,207.8909775079628
2024-06-05 20:07:47,0.144516738,0.0335064847408501,1.57913047,207.44615070038788,207.89748190559112
2024-06-05 20:07:51,0.144516436,0.0335067410580724,1.57914255,207.44363467827708,207.8958837594224
2024-06-05 20:07:56,0.144521866,0.0335071253217226,1.57916066,207.44677091082002,207.90016730313727
2024-06-05 20:08:00,0.144523978,0.0335070612424171,1.57915764,207.44856494060076,207.90287915497012
2024-06-05 20:08:04,0.144529407,0.0335073175596393,1.57916972,207.45255608563173,207.907788098261
2024-06-05 20:08:08,0.144524279,0.0335075738768616,1.5791818,207.4445605925213,207.900710379716
2024-06-05 20:08:13,0.144530011,0.0335073816389449,1.57917274,207.4508630931083,207.90816006533868
2024-06-05 20:08:17,0.144526391,0.0335077661147783,1.57919086,207.44395223775544,207.9021669315969
2024-06-05 20:08:21,0.144523676,0.0335066128994612,1.57913651,207.44559959980734,207.9047319918838
2024-06-05 20:08:25,0.144526693,0.0335071253217226,1.57916066,207.44559796251426,207.9056480295479
2024-06-05 20:08:30,0.144533027,0.0335080865113061,1.57920596,207.4469352549167,207.90813238306168
2024-06-05 20:08:34,0.144535742,0.0335077020354727,1.57918784,207.4509832293094,207.9130979803952
2024-06-05 20:08:38,0.144536949,0.0335073175596393,1.57916972,207.4533191201863,207.91635147125425
2024-06-05 20:08:42,0.144535441,0.0335077661147783,1.57919086,207.44849245927387,207.9124423874636
2024-06-05 20:08:47,0.144533631,0.0335077020354727,1.57918784,207.4456042587875,207.91070112638224
2024-06-05 20:08:51,0.144529709,0.0335064206615445,1.57912745,207.44650929257824,207.91252368621903
2024-06-05 20:08:55,0.144536044,0.0335058439477944,1.57910027,207.45560968505023,207.92254158219697
2024-06-05 20:08:59,0.144534536,0.0335055876305721,1.57908819,207.45423538771956,207.9220847659306
2024-06-05 20:09:04,0.144534234,0.033504882970394,1.57905498,207.45619727285185,207.9251934709852
2024-06-05 20:09:08,0.144536044,0.0335049470496996,1.579058,207.457021221792,207.92693485085704
2024-06-05 20:09:12,0.144537552,0.0335071894010282,1.57916368,207.44683278968196,207.91766382755804
2024-06-05 20:09:17,0.1445463,0.0335069971631115,1.57915462,207.45656040159705,207.9285381695305
2024-06-05 20:09:21,0.144540871,0.0335061002650167,1.57911235,207.4538718755879,207.92676700292265
2024-06-05 20:09:25,0.14454449,0.0335053313133499,1.57907611,207.4608304870099,207.9346429519469
2024-06-05 20:09:29,0.1445463,0.0335061643443223,1.57911537,207.45788777905196,207.93261755989124
2024-06-05 20:09:33,0.144545999,0.033505459471961,1.57908215,207.4600815327039,207.93572860784457
2024-06-05 20:09:37,0.14454449,0.0335059721064055,1.57910631,207.4549396771717,207.9315040251122
2024-06-05 20:09:42,0.144550222,0.0335059080271,1.57910329,207.46061553163727,207.9383264404921
2024-06-05 20:09:46,0.144551429,0.033506356582239,1.57912443,207.4588715308733,207.93749966451225
2024-06-05 20:09:50,0.144555652,0.0335069971631115,1.57915462,207.45961142549885,207.939156762743
2024-06-05 20:09:54,0.14455535,0.0335059721064055,1.57910631,207.46337271259594,207.94383523236604
2024-06-05 20:09:58,0.144552937,0.0335053313133499,1.57907611,207.46285477153114,207.9442344528472
2024-06-05 20:10:02,0.14455897,0.0335058439477944,1.57910027,207.4662766514527,207.9485734734345
2024-06-05 20:10:07,0.144556255,0.0335056517098777,1.57909121,207.46298919052032,207.94643240912305
2024-06-05 20:10:11,0.144558668,0.0335052672340443,1.57907309,207.4666955852392,207.95105589789125
2024-06-05 20:10:15,0.144564702,0.0335055876305721,1.57908819,207.4710604313489,207.95633781749396
2024-06-05 20:10:19,0.144567417,0.0335066128994612,1.57913651,207.46820325145913,207.95439769064063
2024-06-05 20:10:23,0.144577673,0.0335065488201557,1.57913349,207.47924544361948,207.96635691548084
2024-06-05 20:10:27,0.144572846,0.0335070612424171,1.57915764,207.47033711061678,207.95836559490127
2024-06-05 20:10:32,0.144574053,0.0335060361857111,1.57910933,207.47558340567974,207.96475812715943
2024-06-05 20:10:36,0.144569528,0.0335062284236278,1.57911839,207.46858657163418,207.95867826032503
2024-06-05 20:10:40,0.144573148,0.0335062925029334,1.57912141,207.47146608896622,207.96247472493667
2024-06-05 20:10:44,0.144578276,0.0335066128994612,1.57913651,207.47480208384377,207.96672764726247
2024-06-05 20:10:48,0.144579483,0.0335065488201557,1.57913349,207.47556963028907,207.9684121014249
2024-06-05 20:10:53,0.144577975,0.0335064206615445,1.57912745,207.47333915249087,207.9673277306789
2024-06-05 20:10:57,0.144583706,0.0335065488201557,1.57913349,207.4783017149301,207.9732071568069
2024-06-05 20:11:01,0.144583405,0.0335075738768616,1.5791818,207.4720208746801,207.9678431608407
2024-06-05 20:11:06,0.144577975,0.0335059080271,1.57910329,207.4728710872135,207.9698394015935
2024-06-05 20:11:10,0.144579483,0.0335056517098777,1.57909121,207.47492247281423,207.9728075881841
2024-06-05 20:11:14,0.144584008,0.0335069971631115,1.57915462,207.47255148469577,207.97135338197728
2024-06-05 20:11:18,0.144584913,0.0335069971631115,1.57915462,207.47266230098404,207.97238096119952
2024-06-05 20:11:22,0.144582801,0.0335067410580724,1.57914255,207.47060227854953,207.9712376828221
2024-06-05 20:11:26,0.14458069,0.0335050111290052,1.57906102,207.47576476180853,207.977316891362
2024-06-05 20:11:30,0.144580991,0.0335055876305721,1.57908819,207.47236504995868,207.97483388611772
2024-06-05 20:11:35,0.144586421,0.0335053953926554,1.57907913,207.47832689696284,207.9819415902703
2024-06-05 20:11:39,0.144595471,0.0335065488201557,1.57913349,207.4820345071805,207.9865658654429
2024-06-05 20:11:43,0.144589438,0.0335046907324773,1.57904592,207.48337240447398,207.98882040934404
2024-06-05 20:11:47,0.144591248,0.0335044984945606,1.57903686,207.48545312736056,207.991817760592
2024-06-05 20:11:51,0.144593661,0.0335052031547387,1.57907007,207.48382340102313,207.9911046444708
2024-06-05 20:11:55,0.144590644,0.0335043703359495,1.57903082,207.48356210164818,207.9917599372681
2024-06-05 20:12:00,0.144593661,0.033504882970394,1.57905498,207.48333012379376,207.9926736744089
2024-06-05 20:12:04,0.144596074,0.0335047548117829,1.57904894,207.48578162428606,207.9960417268446
2024-06-05 20:12:08,0.144599694,0.0335042421773384,1.57902478,207.49148800614373,208.0026646429309
2024-06-05 20:12:12,0.144601202,0.0335052031547387,1.57907007,207.4875743527559,207.99966750615823
2024-06-05 20:12:16,0.144602409,0.0335056517098777,1.57909121,207.48583023098803,207.9988398834935
2024-06-05 20:12:21,0.144604219,0.0335039858601161,1.5790127,207.4949039893437,208.00905924125647
2024-06-05 20:12:25,0.144608744,0.033506356582239,1.57912443,207.48750722462592,208.002578936611
2024-06-05 20:12:29,0.144606934,0.0335050752083107,1.57906404,207.49081518863497,208.00680334351043
2024-06-05 20:12:33,0.144611459,0.0335067410580724,1.57914255,207.4868730180399,208.00377759872543
2024-06-05 20:12:37,0.144613269,0.033505459471961,1.57908215,207.4942925991086,208.0121135886257
2024-06-05 20:12:41,0.144614777,0.0335046266531718,1.5790429,207.4991703334806,208.01790771495243
2024-06-05 20:12:46,0.144618095,0.0335056517098777,1.57909121,207.49676853003695,208.0166513778744
2024-06-05 20:12:50,0.144623525,0.033506356582239,1.57912443,207.49856325652905,208.0193624587209
2024-06-05 20:12:54,0.144621112,0.0335067410580724,1.57914255,207.49302271631996,208.01473825632056
2024-06-05 20:12:58,0.144626843,0.0335059721064055,1.57910631,207.50238252659548,208.0250143879612
2024-06-05 20:13:03,0.144622922,0.0335065488201557,1.57913349,207.49395836208296,208.0177356021867
2024-06-05 20:13:07,0.14462262,0.0335057157891833,1.57909423,207.4967819378467,208.0214754626905
2024-06-05 20:13:11,0.14462805,0.0335061643443223,1.57911537,207.49983291649974,208.02544270997188
2024-06-05 20:13:15,0.144620207,0.0335071894010282,1.57916368,207.48498738252218,208.01151342861303
2024-06-05 20:13:19,0.144625034,0.033504882970394,1.57905498,207.5008562842437,208.028298567046
2024-06-05 20:13:24,0.144628653,0.0335043703359495,1.57903082,207.50633329805873,208.03492085453652
2024-06-05 20:13:28,0.144632877,0.0335059080271,1.57910329,207.5026762773224,208.0321800350943
2024-06-05 20:13:32,0.144628955,0.0335046907324773,1.57904592,207.5032733297989,208.0336932732904
2024-06-05 20:13:36,0.144628352,0.0335043703359495,1.57903082,207.50324294121407,208.03457905495304
2024-06-05 20:13:40,0.144623827,0.033503409146366,1.57898552,207.5018999994126,208.03415226802943
2024-06-05 20:13:45,0.144624732,0.0335029608034102,1.57896439,207.5039803218056,208.03737776256267
2024-06-05 20:13:49,0.144632273,0.0335036654635883,1.5789976,207.50817329351455,208.0424868549431
2024-06-05 20:13:53,0.144627748,0.0335036654635883,1.5789976,207.50211873055397,208.03734839761808
2024-06-05 20:13:57,0.144631972,0.0335035373049771,1.57899156,207.50662754490233,208.0427733026688
2024-06-05 20:14:02,0.144635592,0.0335033452792436,1.57898251,207.5105346081036,208.04782545840465
2024-06-05 20:14:06,0.144643736,0.0335049470496996,1.579058,207.5110142022184,208.04922110999792
2024-06-05 20:14:10,0.14464072,0.033503409146366,1.57898552,207.51421269227106,208.05333564293005
2024-06-05 20:14:15,0.144640418,0.033503857701505,1.57900666,207.51052567424145,208.0507936581269
2024-06-05 20:14:19,0.144643736,0.0335037295428938,1.57900062,207.51400580715017,208.055189801444
2024-06-05 20:14:23,0.144641625,0.0335029608034102,1.57896439,207.51446143531516,208.05656142575316
2024-06-05 20:14:27,0.144648563,0.0335045625738662,1.57903988,207.51357124198114,208.05658721440227
2024-06-05 20:14:31,0.144650373,0.0335052672340443,1.57907309,207.51125606005172,208.0551880003981
2024-06-05 20:14:36,0.144649166,0.0335043062566439,1.5790278,207.51345167943552,208.0585285600768
2024-06-05 20:14:40,0.144646451,0.0335040499394217,1.57901572,207.5107093009841,208.0567021182978
2024-06-05 20:14:44,0.144644641,0.0335037295428938,1.57900062,207.50930876073892,208.0562175010028
2024-06-05 20:14:48,0.144650071,0.033502832644799,1.57895835,207.51895646742676,208.06678111702195
2024-06-05 20:14:53,0.144649468,0.033502832644799,1.57895835,207.51712682691263,208.06609634417788
2024-06-05 20:14:57,0.144653993,0.0335037295428938,1.57900062,207.51695204530486,208.06683744163703
2024-06-05 20:15:01,0.144652485,0.033503409146366,1.57898552,207.51589460284197,208.0666958649585
2024-06-05 20:15:05,0.144653993,0.0335032171206324,1.57897647,207.51763273101906,208.0693498457409
2024-06-05 20:15:10,0.144655501,0.0335021918517434,1.57892815,207.5232275859065,208.07608949800976
2024-06-05 20:15:14,0.14465339,0.0335014871915652,1.57889494,207.52336971231585,208.0771474477505
2024-06-05 20:15:18,0.144656104,0.0335027685654935,1.57895533,207.51925290412632,208.0739464500502
2024-06-05 20:15:23,0.144660629,0.0335030889620213,1.57897043,207.5216757781913,208.07751406932567
2024-06-05 20:15:27,0.144658518,0.0335025763275768,1.57894627,207.52087636099466,208.07763043410296
2024-06-05 20:15:31,0.144660328,0.0335030889620213,1.57897043,207.51950241074607,208.0771722533237
2024-06-05 20:15:35,0.144662741,0.0335034732256716,1.57898854,207.51944268114485,208.078028280791
2024-06-05 20:15:39,0.144668171,0.0335025122482712,1.57894325,207.529405445883,208.08890679030085
2024-06-05 20:15:43,0.144672997,0.0335027685654935,1.57895533,207.53271326987056,208.09313034686735
2024-06-05 20:15:48,0.144674204,0.0335042421773384,1.57902478,207.52571319695934,208.08727492269227
2024-06-05 20:15:52,0.144672997,0.0335031530413269,1.57897345,207.5287675269433,208.0912449582019
2024-06-05 20:15:56,0.144671187,0.0335025122482712,1.57894325,207.52893869795602,208.09233182288588
2024-06-05 20:16:00,0.144672696,0.0335028967241046,1.57896137,207.52785125435656,208.0921600612075
2024-06-05 20:16:05,0.144677522,0.0335025763275768,1.57894627,207.5337583392102,208.0992117320975
2024-06-05 20:16:09,0.144679634,0.0335043703359495,1.57903082,207.5264435357038,208.09281258445537
2024-06-05 20:16:13,0.14468446,0.0335027685654935,1.57895533,207.5388632364475,208.1061479296521
2024-06-05 20:16:17,0.144682349,0.0335030889620213,1.57897043,207.5339790253144,208.10217935166523
2024-06-05 20:16:22,0.144676617,0.0335029608034102,1.57896439,207.52695368764236,208.0962985396848
2024-06-05 20:16:26,0.144679332,0.0335026404068823,1.57894929,207.53069249934939,208.1009529594795
2024-06-05 20:16:30,0.144686572,0.0335036013842827,1.57899458,207.5332859720279,208.1044620292785
2024-06-05 20:16:34,0.14468265,0.0335026404068823,1.57894929,207.53262932853835,208.10472097204675
2024-06-05 20:16:39,0.144687779,0.0335019996138267,1.57891909,207.54045228158304,208.11368839279743
2024-06-05 20:16:43,0.144687779,0.0335020636931322,1.57892211,207.539222435324,208.1133741087378
2024-06-05 20:16:47,0.144685667,0.0335016151379933,1.57890097,207.53810837829917,208.1131756033899
2024-06-05 20:16:51,0.144685969,0.0335025122482712,1.57894325,207.53313589371012,208.1091186600601
2024-06-05 20:16:55,0.14468627,0.0335014871915652,1.57889494,207.5375896494271,208.1144879467234
2024-06-05 20:16:59,0.14468989,0.0335011027157318,1.57887682,207.5426710571265,208.12048487516108
2024-06-05 20:17:04,0.14469713,0.0335022559310489,1.57893117,207.5440924351022,208.1230506398644
2024-06-05 20:17:08,0.144695019,0.0335020636931322,1.57892211,207.54172249159615,208.12159619451216
2024-06-05 20:17:12,0.144692907,0.0335017432966044,1.57890701,207.53998000442482,208.12076919562776
2024-06-05 20:17:16,0.144698035,0.0335030248827157,1.57896741,207.5386021859769,208.12030685570477
2024-06-05 20:17:20,0.14469713,0.033500782319204,1.57886172,207.54765868223095,208.1302788208269
2024-06-05 20:17:24,0.144701353,0.0335019355345211,1.57891607,207.5458824142965,208.12941801220884
2024-06-05 20:17:29,0.144703163,0.0335019355345211,1.57891607,207.54679363272973,208.1314735415156
2024-06-05 20:17:33,0.144704068,0.0335029608034102,1.57896439,207.54187697314921,208.12747232014465
2024-06-05 20:17:37,0.144701655,0.03350180737591,1.57891003,207.54387883739489,208.13038961339004
2024-06-05 20:17:41,0.144699543,0.0335008463985096,1.57886474,207.54527871400518,208.1327049098956
2024-06-05 20:17:45,0.144701052,0.0335014231122597,1.57889192,207.54324808952722,208.13158969631377
2024-06-05 20:17:50,0.14470437,0.0335016151379933,1.57890097,207.54493003956287,208.13441589747495
2024-06-05 20:17:54,0.144705577,0.0335019996138267,1.57891909,207.54349943149154,208.13390068043697
2024-06-05 20:17:58,0.144701353,0.0334995009452758,1.57880133,207.5500441504365,208.14136078175872
2024-06-05 20:18:02,0.144702258,0.033499180548748,1.57878623,207.5517284459996,208.1439604511476
2024-06-05 20:18:06,0.144698638,0.0334984115970812,1.57874999,207.55047410431143,208.14362147483973
2024-06-05 20:18:10,0.144703465,0.033499180548748,1.57878623,207.55126856773006,208.1453312952988
2024-06-05 20:18:14,0.144701353,0.0334994368659702,1.57879831,207.54669706702077,208.14167514339573
2024-06-05 20:18:19,0.144704068,0.0334995009452758,1.57880133,207.5483220488342,208.1444442997985
2024-06-05 20:18:23,0.144712213,0.0335006541605929,1.57885568,207.55099958474244,208.14803716637232
2024-06-05 20:18:27,0.144708292,0.0334990523901368,1.57878019,207.5534894125307,208.1514423169355
2024-06-05 20:18:31,0.144712515,0.0335000133675372,1.57882548,207.55265563832464,208.1515238577195
2024-06-05 20:18:35,0.144714023,0.0335000774468428,1.5788285,207.55313862716577,208.15292215387169
2024-06-05 20:18:40,0.144721263,0.0335009745571207,1.57887078,207.55581572365347,208.15674337386088
2024-06-05 20:18:44,0.144718246,0.0334998852089261,1.57881944,207.55681855810082,208.15866149872863
2024-06-05 20:18:48,0.144714325,0.0334989883108313,1.57877717,207.5558505371131,208.1586087608266
2024-06-05 20:18:52,0.144720056,0.0335001415261483,1.57883152,207.55578609388883,208.15945959345925
2024-06-05 20:18:56,0.14472066,0.0334994368659702,1.57879831,207.55901416820612,208.16360293651076
2024-06-05 20:19:01,0.144719151,0.0334995650245814,1.57880435,207.55552744378903,208.1612602881567
2024-06-05 20:19:05,0.144721263,0.033498731993609,1.57876509,207.5610982617731,208.1677463592368
2024-06-05 20:19:09,0.144727598,0.033500333764065,1.57884058,207.55951865431848,208.1670819981004
2024-06-05 20:19:13,0.144728503,0.0335005900812873,1.57885266,207.55837361829524,208.16685220172377
2024-06-05 20:19:17,0.144728201,0.0335005900812873,1.57885266,207.55711540131293,208.1665092178227
2024-06-05 20:19:21,0.144730614,0.0335007182398984,1.5788587,207.55831182670144,208.16862086983343
2024-06-05 20:19:26,0.144729106,0.0334989883108313,1.57877717,207.5639434001223,208.1753964676109
2024-06-05 20:19:30,0.144732123,0.033499180548748,1.57878623,207.5655114670236,208.17787974699027
2024-06-05 20:19:34,0.144730011,0.0334991164694424,1.57878321,207.562511976832,208.1757954631634
2024-06-05 20:19:38,0.144736949,0.0335014231122597,1.57889192,207.55815833580414,208.1723570224932
2024-06-05 20:19:43,0.144733933,0.0334993727866647,1.57879529,207.56364946930972,208.17899214816092
2024-06-05 20:19:47,0.144743887,0.0335009104778151,1.57886776,207.56649390651665,208.1827517725993
2024-06-05 20:19:51,0.144736044,0.0334994368659702,1.57879831,207.56390222652468,208.18107527417797
2024-06-05 20:19:55,0.144737553,0.0334997572624981,1.57881341,207.56312868853138,208.1812169122012
2024-06-05 20:20:00,0.144734536,0.033498731993609,1.57876509,207.56358926534602,208.18282145138835
2024-06-05 20:20:04,0.144741776,0.0334980914127365,1.5787349,207.5740407680078,208.19418811795967
2024-06-05 20:20:08,0.144752032,0.0334998213418036,1.57881643,207.57628426375933,208.19734677241323
2024-06-05 20:20:12,0.144749016,0.0335006541605929,1.57885568,207.5678568768355,208.18983453909075
2024-06-05 20:20:16,0.144748412,0.0334992446280535,1.57878925,207.5731727949619,208.1960656058245
2024-06-05 20:20:21,0.144750524,0.0334995650245814,1.57880435,207.57285521457732,208.1968919543391
2024-06-05 20:20:25,0.144757462,0.0335012949536486,1.57888588,207.57133025191752,208.19628212944087
2024-06-05 20:20:29,0.144759272,0.0335019996138267,1.57891909,207.5690128026396,208.19487981327785
2024-06-05 20:20:33,0.144758367,0.0335016792172988,1.57890399,207.56864212168912,208.1954242609026
2024-06-05 20:20:37,0.144760177,0.0335016792172988,1.57890399,207.56978256270804,208.1974798260639
2024-06-05 20:20:42,0.144761685,0.033501230874343,1.57888286,207.57255143788402,208.20139260034733
2024-06-05 20:20:46,0.144763495,0.0335001415261483,1.57883152,207.57903809517566,208.208794372199
2024-06-05 20:20:50,0.144763797,0.033500782319204,1.57886172,207.57532112844515,208.2059925159436
2024-06-05 20:20:55,0.144767115,0.0335009745571207,1.57887078,207.57700208869693,208.20881735870807
2024-06-05 20:20:59,0.14476621,0.0335002696847595,1.57883756,207.5785185302516,208.21124890193863
2024-06-05 20:21:03,0.144765607,0.0335005900812873,1.57885266,207.5753461402398,208.208991609866
2024-06-05 20:21:07,0.144769528,0.0335006541605929,1.57885568,207.57856970746224,208.21313027139823
2024-06-05 20:21:11,0.144772243,0.0335011667950374,1.57887984,207.57822213106434,208.21369778578796
2024-06-05 20:21:15,0.144772847,0.0334997572624981,1.57881341,207.58491106331857,208.22130180541504
2024-06-05 20:21:19,0.144766512,0.0334990523901368,1.57878019,207.58026063408838,208.21756646025003
2024-06-05 20:21:24,0.144767718,0.0334999492882316,1.57882246,207.57608440615508,208.2145340829107
2024-06-05 20:21:28,0.144772243,0.0334988601522201,1.57877113,207.58565440744974,208.2250191612212
2024-06-05 20:21:32,0.144778578,0.0335015512708708,1.57889796,207.57872561607002,208.21900544389888
2024-06-05 20:21:36,0.144776467,0.0334998852089261,1.57881944,207.5835903055739,208.22478520460908
2024-06-05 20:21:41,0.144779483,0.0335003978433706,1.5788436,207.5833556729824,208.22569440718
2024-06-05 20:21:45,0.144780991,0.0334996291038869,1.57880737,207.58792660800185,208.231180407384
2024-06-05 20:21:49,0.144770735,0.0334994368659702,1.57879831,207.5763068249462,208.2204756870113
2024-06-05 20:21:53,0.144774053,0.0334991164694424,1.57878321,207.58073285809937,208.22581678045356
2024-06-05 20:21:57,0.144777673,0.0334993087073591,1.57879227,207.58298566995143,208.2289846503083
2024-06-05 20:22:01,0.144783103,0.0335012949536486,1.57888588,207.57848842539016,208.2254024615711
2024-06-05 20:22:06,0.144781293,0.0335000774468428,1.5788285,207.5812648531892,208.2293227062505
2024-06-05 20:22:10,0.14478793,0.0335003978433706,1.5788436,207.58631497966383,208.23528788404096
2024-06-05 20:22:14,0.144792153,0.0335005260019817,1.57884964,207.58956700792143,208.23945496178584
2024-06-05 20:22:18,0.144790645,0.0335001415261483,1.57883152,207.5888265652689,208.23962956689985
2024-06-05 20:22:23,0.144782801,0.0334998213418036,1.57881643,207.580345689605,208.2322924986886
2024-06-05 20:22:27,0.144783405,0.0334993727866647,1.57879529,207.58231844111168,208.2351802944844
2024-06-05 20:22:31,0.144783706,0.0334990523901368,1.57878019,207.58331801976476,208.23709491605644
2024-06-05 20:22:35,0.144789136,0.0334991164694424,1.57878321,207.58825565182812,208.2429475897764
2024-06-05 20:22:39,0.144793058,0.0334995009452758,1.57880133,207.58990767856625,208.24551465701688
2024-06-05 20:22:44,0.144793661,0.0335001415261483,1.57883152,207.5863041648682,208.243054942488
2024-06-05 20:22:48,0.14479155,0.0334988601522201,1.57877113,207.5892818122043,208.246947628124
2024-06-05 20:22:52,0.144798789,0.0335000774468428,1.5788285,207.59061270360507,208.2491935570215
2024-06-05 20:22:57,0.144800298,0.0335003978433706,1.5788436,207.58960989291884,208.2493345422412
2024-06-05 20:23:01,0.144803314,0.0335003978433706,1.5788436,207.5921202332493,208.25275991865624
2024-06-05 20:23:05,0.144809347,0.033500782319204,1.57886172,207.59616959259165,208.2577243136313
2024-06-05 20:23:09,0.144807537,0.0335015512708708,1.57889796,207.58942406073461,208.2518938170632
2024-06-05 20:23:14,0.144803616,0.0335003978433706,1.5788436,207.58948936112316,208.2531029112444
2024-06-05 20:23:18,0.144804823,0.0334989883108313,1.57877717,207.59686513118845,208.261393716221
2024-06-05 20:23:22,0.144805728,0.0334999492882316,1.57882246,207.59226005872688,208.2577036786788
2024-06-05 20:23:26,0.144809347,0.0334999492882316,1.57882246,207.595455311099,208.26181396608663
2024-06-05 20:23:30,0.144810856,0.0335002056054539,1.57883454,207.59499573661265,208.26226942686068
2024-06-05 20:23:34,0.144814777,0.0335020636931322,1.57892211,207.58941199900647,208.25760072484792
2024-06-05 20:23:39,0.144816587,0.0334997572624981,1.57881341,207.6016470916882,208.27097961265488
2024-06-05 20:23:43,0.144815079,0.0335002696847595,1.57883756,207.59650351071713,208.26675106842288
2024-06-05 20:23:47,0.144817191,0.0335002696847595,1.57883756,207.59798715911222,208.26914975424245
2024-06-05 20:23:51,0.144819302,0.0335001415261483,1.57883152,207.60009889754383,208.2721765308924
2024-06-05 20:23:56,0.144819906,0.0335004619226762,1.57884662,207.59806802495086,208.271289457354
2024-06-05 20:24:00,0.144822017,0.0334998213418036,1.57881643,207.60269568293793,208.2768321557423
2024-06-05 20:24:04,0.144821715,0.0335000774468428,1.5788285,207.60018019133634,208.27523170568855
2024-06-05 20:24:08,0.144824732,0.0335016792172988,1.57890399,207.5948274305703,208.27079398772548
2024-06-05 20:24:13,0.144823525,0.0335002696847595,1.57883756,207.59923317762892,208.2763435402184
2024-06-05 20:24:17,0.144823525,0.0335000133675372,1.57882548,207.5995766262598,208.27760203487355
2024-06-05 20:24:21,0.144833782,0.0335011027157318,1.57887682,207.6049621191272,208.28390257537347
2024-06-05 20:24:25,0.144830162,0.0335002056054539,1.57883454,207.60434058651725,208.284196092113
2024-06-05 20:24:29,0.144831067,0.0334999492882316,1.57882246,207.60571194827648,208.2864825050474
2024-06-05 20:24:34,0.144833179,0.0335005260019817,1.57884964,207.60413505485442,208.2860494283274
2024-06-05 20:24:38,0.144832575,0.0334991164694424,1.57878321,207.60945526024562,208.2922846893992
2024-06-05 20:24:42,0.144828352,0.0334995650245814,1.57880435,207.60154125702752,208.28528574404095
2024-06-05 20:24:46,0.144835592,0.0334998213418036,1.57881643,207.60759050431707,208.2922500514784
2024-06-05 20:24:50,0.144831067,0.0334987960729146,1.57876811,207.60657063428403,208.29214524399015
2024-06-05 20:24:54,0.144832274,0.0334986038349979,1.57875905,207.6079704786518,208.2944601534085
2024-06-05 20:24:58,0.144837703,0.0334993727866647,1.57879529,207.60944554407365,208.2968502864956
2024-06-05 20:25:03,0.144841927,0.0334992446280535,1.57878925,207.6137285866158,208.3022771674623
2024-06-05 20:25:07,0.144843737,0.0334999492882316,1.57882246,207.6114088398628,208.300872494656
2024-06-05 20:25:11,0.144842228,0.0335005900812873,1.57885266,207.60563328536932,208.29601201707808
2024-06-05 20:25:16,0.144844943,0.0335000774468428,1.5788285,207.6100902917318,208.30161287392596
2024-06-05 20:25:20,0.14484615,0.0334993727866647,1.57879529,207.61400654783625,208.30644421402445
2024-06-05 20:25:24,0.144839513,0.0334981552798589,1.57873791,207.6115323290472,208.30488508255263
2024-06-05 20:25:28,0.144842832,0.0334994368659702,1.57879831,207.60809315948555,208.3023610037405
2024-06-05 20:25:32,0.144848262,0.0334996291038869,1.57880737,207.6124012789338,208.30758421747973
2024-06-05 20:25:37,0.144843737,0.0334993727866647,1.57879529,207.60737675826448,208.3037035698205
2024-06-05 20:25:41,0.144845547,0.0334984756763867,1.57875301,207.612923187127,208.31016510134123
2024-06-05 20:25:45,0.144844943,0.0334993727866647,1.57879529,207.60691630326238,208.305073324031
2024-06-05 20:25:50,0.144840418,0.0334984115970812,1.57874999,207.6053533004352,208.30465421004232
2024-06-05 20:25:54,0.14484796,0.0334974506196808,1.5787047,207.6177242836479,208.3179403089753
2024-06-05 20:25:58,0.14484434,0.0334986038349979,1.57875905,207.60703362521554,208.30816477051437
2024-06-05 20:26:02,0.144850373,0.0334978350955142,1.57872282,207.6167464486866,208.3187927183174
2024-06-05 20:26:07,0.144848262,0.0334971943024585,1.57869262,207.61635208757764,208.3195422689219
2024-06-05 20:26:11,0.144850675,0.0334977069369031,1.57871678,207.61565988515795,208.31976520104507
2024-06-05 20:26:15,0.14485339,0.0334971302231529,1.5786896,207.620661235018,208.32568169016383
2024-06-05 20:26:20,0.144849468,0.0334968098266251,1.5786745,207.61663617877468,208.32280056479223
2024-06-05 20:26:24,0.144852786,0.0334981552798589,1.57873791,207.61288134097921,208.31996087726608
2024-06-05 20:26:28,0.144855501,0.0334968098266251,1.5786745,207.62165857585046,208.3296532674781
2024-06-05 20:26:32,0.144855803,0.0334971943024585,1.57869262,207.61919791284802,208.32810776499724
2024-06-05 20:26:36,0.144854295,0.0334970020645418,1.57868356,207.61751412732792,208.32733914528916
2024-06-05 20:26:41,0.144856708,0.0334964253507917,1.57865638,207.62194386985306,208.33291285268564
2024-06-05 20:26:45,0.14485882,0.0334969379852362,1.57868054,207.62090952884498,208.3327936897932
2024-06-05 20:26:49,0.144862138,0.0334963614836693,1.57865337,207.6265950906928,208.33939443540288
2024-06-05 20:26:54,0.144864853,0.0334978991748198,1.57872584,207.62098151826572,208.3349248507852
2024-06-05 20:26:58,0.144866964,0.0334975787782919,1.57871074,207.62403789595274,208.33889642533887
2024-06-05 20:27:02,0.144864853,0.0334971302231529,1.5786896,207.6229283092333,208.3387020414885
2024-06-05 20:27:06,0.144866964,0.0334987960729146,1.57876811,207.61622812745887,208.3329170686952
2024-06-05 20:27:11,0.144870283,0.0334978991748198,1.57872584,207.62325946216328,208.34109242338812
2024-06-05 20:27:15,0.144872696,0.0334983475177756,1.57874697,207.6228826456253,208.3416308299843
2024-06-05 20:27:19,0.144874506,0.0334971302231529,1.5786896,207.63000307412352,208.34966648808515
2024-06-05 20:27:23,0.144875109,0.0334980914127365,1.5787349,207.6250509653501,208.34562961549256
2024-06-05 20:27:28,0.144870886,0.0334982193591645,1.57874093,207.61848182428594,208.3402045290721
2024-06-05 20:27:32,0.144876919,0.0334976428575975,1.57871376,207.6272510034566,208.3498889596258
2024-06-05 20:27:36,0.144876919,0.0334971943024585,1.57869262,207.62853932305458,208.3520925375416
2024-06-05 20:27:40,0.144880237,0.0334979632541253,1.57872886,207.62761525307326,208.3520837329228
2024-06-05 20:27:45,0.144884461,0.0334984756763867,1.57875301,207.6287516129662,208.35436418459275
2024-06-05 20:27:49,0.144881444,0.0334977069369031,1.57871678,207.62818603681052,208.3547138900516
2024-06-05 20:27:53,0.144888684,0.033499180548748,1.57878623,207.6282548723091,208.35569801456631
2024-06-05 20:27:57,0.144884461,0.0334988601522201,1.57877113,207.62411700636744,208.35247544515235
2024-06-05 20:28:02,0.144883556,0.0334974506196808,1.5787047,207.62886946986157,208.35837204003647
2024-06-05 20:28:06,0.144885969,0.0334976428575975,1.57871376,207.62975054159043,208.36016842559556
2024-06-05 20:28:10,0.144891399,0.0334977069369031,1.57871678,207.63468807648056,208.3660212821847
2024-06-05 20:28:14,0.144889287,0.0334975787782919,1.57871074,207.63200346977845,208.3642520051602
2024-06-05 20:28:19,0.144889891,0.0334974506196808,1.5787047,207.63217499940555,208.36556770827175
2024-06-05 20:28:23,0.144889589,0.0334979632541253,1.57872886,207.62839806900175,208.3627061258996
2024-06-05 20:28:27,0.144891097,0.0334967457473195,1.57867148,207.63517731336995,208.3704007266355
2024-06-05 20:28:31,0.14489532,0.0334971943024585,1.57869262,207.63685486512406,208.37299364320336
2024-06-05 20:28:36,0.144895924,0.0334973865403752,1.57870168,207.63545218917326,208.37273518531475
2024-06-05 20:28:40,0.14489713,0.0334970661438474,1.57868658,207.63748087645732,208.3756792568186
2024-06-05 20:28:44,0.144896527,0.0334970661438474,1.57868658,207.6358805524553,208.3749943258401
2024-06-05 20:28:48,0.144895019,0.0334975787782919,1.57871074,207.6307335500468,208.37076272536908
2024-06-05 20:28:53,0.144897734,0.0334970661438474,1.57868658,207.63519188322238,208.3763653236693
2024-06-05 20:28:57,0.144896225,0.0334970661438474,1.57868658,207.6325624295717,208.3746512924148
2024-06-05 20:29:01,0.144901655,0.0334965535094028,1.57866242,207.64033368186523,208.38333797637625
2024-06-05 20:29:05,0.144895924,0.0334970020645418,1.57868356,207.63070450482408,208.3746242403849
2024-06-05 20:29:10,0.14489894,0.0334962333250581,1.57864733,207.6367632637436,208.38182731397785
2024-06-05 20:29:14,0.144901655,0.0334969379852362,1.57868054,207.635469283198,208.38144879599423
2024-06-05 20:29:18,0.144905275,0.0334985397556923,1.57875603,207.63079541197033,208.37769039706848
2024-06-05 20:29:22,0.144907387,0.0334971302231529,1.5786896,207.63920456220862,208.387015029459
2024-06-05 20:29:27,0.144901957,0.0334959770078359,1.57863525,207.63755899624314,208.38651383020357
2024-06-05 20:29:31,0.144904069,0.0334977069369031,1.57871678,207.6305421698573,208.380412508536
2024-06-05 20:29:35,0.144904069,0.0334959770078359,1.57863525,207.63812701683418,208.38891287043973
2024-06-05 20:29:39,0.144908292,0.0334973865403752,1.57870168,207.63508214032,208.3867835191712
2024-06-05 20:29:44,0.14490618,0.0334977069369031,1.57871678,207.62996448894035,208.3828102890275
2024-06-05 20:29:48,0.144907085,0.0334962333250581,1.57864733,207.63731787468345,208.3910792236369
2024-06-05 20:29:52,0.144908593,0.033496105166447,1.57864129,207.63874503173332,208.3934219402304
2024-06-05 20:29:56,0.144910102,0.0334958488492247,1.57862921,207.6408031266516,208.39639560548005
2024-06-05 20:30:01,0.144916437,0.0334970661438474,1.57868658,207.64087258564243,208.39760954272333
2024-06-05 20:30:05,0.14491161,0.0334950798975579,1.57859297,207.64423493897647,208.4018874910645
2024-06-05 20:30:09,0.144909498,0.0334961692457526,1.57864431,207.6355668840034,208.39413504224493
2024-06-05 20:30:13,0.144916738,0.0334952080561691,1.57859901,207.64759901215635,208.4070827878082
2024-06-05 20:30:18,0.144920961,0.0334971943024585,1.57869262,207.6414901399823,208.40211845339508
2024-06-05 20:30:22,0.144916135,0.0334961692457526,1.57864431,207.64013008820936,208.4016740447638
2024-06-05 20:30:26,0.144921565,0.0334975787782919,1.57871074,207.63845552684103,208.40091513815295
2024-06-05 20:30:30,0.144926995,0.0334977710162086,1.5787198,207.64276290061403,208.40613817840944
2024-06-05 20:30:35,0.14492428,0.0334968098266251,1.5786745,207.6432580233875,208.4077779009454
2024-06-05 20:30:39,0.14492428,0.0334963614836693,1.57865337,207.64454571793559,208.4099812887647
2024-06-05 20:30:43,0.144923375,0.033495656611308,1.57862015,207.64606621932967,208.41241749551511
2024-06-05 20:30:47,0.144923073,0.0334961692457526,1.57864431,207.6422880210877,208.40955501482512
2024-06-05 20:30:51,0.14492247,0.0334950158182524,1.57858995,207.64635613636028,208.41453885995588
2024-06-05 20:30:56,0.144925185,0.0334950158182524,1.57858995,207.64829556877666,208.41762297216889
2024-06-05 20:31:00,0.144925185,0.0334957847699192,1.57862619,207.64360049587071,208.4138436572141
2024-06-05 20:31:04,0.144926391,0.0334946954217245,1.57857485,207.64940877832936,208.4205677102894
2024-06-05 20:31:08,0.144928201,0.0334947595010301,1.57857787,207.6502341272926,208.4223088426452
2024-06-05 20:31:13,0.1449279,0.0334946954217245,1.57857485,207.64906241693404,208.42228187966208
2024-06-05 20:31:17,0.144935441,0.0334960410871414,1.57863827,207.6500986255308,208.42423390080165
2024-06-05 20:31:21,0.144941173,0.0334963614836693,1.57865337,207.65411906979674,208.4291701707458
2024-06-05 20:31:25,0.144934234,0.0334959770078359,1.57863525,207.64721085883517,208.42317779870845
2024-06-05 20:31:30,0.144931821,0.0334949517389468,1.57858693,207.64836436367457,208.42547612099884
2024-06-05 20:31:34,0.144933933,0.0334943752373798,1.57855976,207.65268137078547,208.43070899724185
2024-06-05 20:31:38,0.144940871,0.0334965535094028,1.57866242,207.64893978909612,208.4278832982902
2024-06-05 20:31:42,0.144944491,0.0334964894300973,1.5786594,207.65245081726934,208.43231022291724
2024-06-05 20:31:47,0.144945999,0.0334961692457526,1.57864431,207.65459267931806,208.43559697499023
2024-06-05 20:31:51,0.144943586,0.0334968739059307,1.57867752,207.64747225453095,208.42939247792293
2024-06-05 20:31:55,0.144945999,0.0334972583817641,1.57869564,207.64740747421922,208.4302436394069
2024-06-05 20:31:59,0.144947206,0.033496105166447,1.57864129,207.6535308787055,208.43728299987544
2024-06-05 20:32:03,0.144950524,0.0334968098266251,1.5786745,207.6529201616122,208.4375882530616
2024-06-05 20:32:07,0.144951731,0.0334971302231529,1.5786896,207.65180034328867,208.43738441942548
2024-06-05 20:32:12,0.144947809,0.0334954643733913,1.57861109,207.65438872826053,208.4411178056864
2024-06-05 20:32:16,0.144950222,0.0334961692457526,1.57864431,207.65274884410283,208.4403939390388
2024-06-05 20:32:20,0.144951731,0.033495656611308,1.57862015,207.65606683344967,208.44462796066347
2024-06-05 20:32:24,0.144956256,0.033495656611308,1.57862015,207.66029087497986,208.44976804935004
2024-06-05 20:32:28,0.144959272,0.0334973865403752,1.57870168,207.65429693509302,208.4446901716088
2024-06-05 20:32:32,0.144959272,0.0334970661438474,1.57868658,207.6549557710691,208.44626508483063
2024-06-05 20:32:37,0.144956256,0.0334968098266251,1.5786745,207.65164475482288,208.4440991865447
2024-06-05 20:32:41,0.144952334,0.0334952080561691,1.57859901,207.65414739299243,208.44751793634
2024-06-05 20:32:45,0.144960177,0.0334959129285303,1.57863223,207.65867534729935,208.45296201773272
2024-06-05 20:32:50,0.144961384,0.0334961692457526,1.57864431,207.65764118798722,208.45307303918733
2024-06-05 20:32:54,0.144962289,0.033496105166447,1.57864129,207.65806805056536,208.45441606404145
2024-06-05 20:32:58,0.1449644,0.0334955284526969,1.57861411,207.6623850251063,208.45964921667849
2024-06-05 20:33:02,0.144962892,0.0334947595010301,1.57857787,207.66353621666295,208.46171660226224
2024-06-05 20:33:06,0.144964702,0.0334948876596412,1.57858391,207.6640460318414,208.46314262750943
2024-06-05 20:33:11,0.144964099,0.0334954643733913,1.57861109,207.65938044450385,208.4596223254855
2024-06-05 20:33:15,0.144964099,0.0334948876596412,1.57858391,207.6612995110055,208.46245763855512
2024-06-05 20:33:19,0.144967115,0.0334955284526969,1.57861411,207.66065892140412,208.46273331192364
2024-06-05 20:33:23,0.14497345,0.0334957847699192,1.57862619,207.66567867989494,208.46866934989723
2024-06-05 20:33:28,0.144976165,0.033496105166447,1.57864129,207.6660421460867,208.4701781888324
2024-06-05 20:33:32,0.144976165,0.0334953362147802,1.57860505,207.6689064381761,208.47395879796355
2024-06-05 20:33:36,0.144979785,0.0334946315546021,1.57857184,207.67556700894536,208.48153570264776
2024-06-05 20:33:40,0.144979182,0.0334943752373798,1.57855976,207.67522598472647,208.48211102932768
2024-06-05 20:33:45,0.144981293,0.0334960410871414,1.57863827,207.6682877711284,208.47631827840576
2024-06-05 20:33:49,0.144984008,0.0334952080561691,1.57859901,207.674551334624,208.48349823141945
2024-06-05 20:33:53,0.144985215,0.0334952721354746,1.57860203,207.6746909490543,208.48455425271212
2024-06-05 20:33:57,0.144996678,0.0334964894300973,1.5786594,207.6808102703643,208.4915899983397
2024-06-05 20:34:01,0.144994566,0.033496105166447,1.57864129,207.67938421400635,208.49108038386532
2024-06-05 20:34:06,0.14499155,0.0334957206906136,1.57862317,207.6767031640371,208.48954491112187
2024-06-05 20:34:10,0.144994566,0.0334968098266251,1.5786745,207.67385735251324,208.48761558141075
2024-06-05 20:34:14,0.144993661,0.0334946315546021,1.57857184,207.682623792264,208.4972985209007
2024-06-05 20:34:18,0.14499336,0.0334949517389468,1.57858693,207.67979086074035,208.4953821071537
2024-06-05 20:34:23,0.144994868,0.0334946954217245,1.57857485,207.68161865821244,208.49835557738064
2024-06-05 20:34:27,0.144992756,0.0334959129285303,1.57863223,207.67231612200464,208.48996959993917
2024-06-05 20:34:31,0.144997885,0.0334948235803357,1.57858089,207.68258253786973,208.5011525929684
2024-06-05 20:34:35,0.1450006,0.0334947595010301,1.57857787,207.68506525701707,208.5045519077888
2024-06-05 20:34:40,0.144999996,0.0334939266822409,1.57853862,207.68732901873594,208.50796144029587
2024-06-05 20:34:44,0.144999695,0.0334946315546021,1.57857184,207.68260398816432,208.5041530474476
2024-06-05 20:34:48,0.144995773,0.0334934781271019,1.57851748,207.68290428618525,208.5053700020612
2024-06-05 20:34:52,0.144999091,0.0334939266822409,1.57853862,207.68355095785512,208.50693334930403
2024-06-05 20:34:57,0.145006331,0.0334938626029353,1.5785356,207.69094496822947,208.5154732310045
2024-06-05 20:35:01,0.145006029,0.0334952080561691,1.57859901,207.68306825461997,208.50851323607912
2024-06-05 20:35:05,0.145008443,0.0334946954217245,1.57857485,207.6874148527139,208.513776572198
2024-06-05 20:35:09,0.145008443,0.0334950798975579,1.57859297,207.68460725722127,208.51188573418204
2024-06-05 20:35:13,0.145009649,0.0334950798975579,1.57859297,207.68506046366025,208.5132557176604
2024-06-05 20:35:18,0.145012968,0.0334954002940858,1.57860807,207.6861090448234,208.51545029780183
