time,voltage,current,shunt_voltage,temperature,temperature old
2024-06-07 07:35:26,0.158908005,0.0331736332754073,1.56344348,226.0813931374699,226.0813931374699
2024-06-07 07:35:30,0.15919066,0.0331676104572334,1.56315963,226.43957884856889,226.4400326522879
2024-06-07 07:35:35,0.159391867,0.0331636379646545,1.56297241,226.69266110999325,226.69368217158257
2024-06-07 07:35:39,0.159549635,0.033160498503048,1.56282445,226.89128410081494,226.8927589712812
2024-06-07 07:35:43,0.159789454,0.0331581279931082,1.56271273,227.18019733003814,227.18212601167852
2024-06-07 07:35:47,0.159882667,0.0331556291123743,1.56259496,227.3009934203749,227.30337591548945
2024-06-07 07:35:51,0.15996864,0.0331530661523347,1.56247417,227.41382601202505,227.41666232291675
2024-06-07 07:35:56,0.160047675,0.0331498626114226,1.56232319,227.52213475001713,227.5255383338732
2024-06-07 07:36:00,0.160121883,0.0331484530788833,1.56225676,227.6150317266956,227.6188891315211
2024-06-07 07:36:04,0.160184628,0.0331470435463439,1.56219033,227.69472876771067,227.6990399958178
2024-06-07 07:36:08,0.160242848,0.0331456980931102,1.56212692,227.76886228439358,227.7736273380976
2024-06-07 07:36:12,0.160301672,0.0331447369035267,1.56208162,227.84155714438305,227.846776026002
2024-06-07 07:36:16,0.160349032,0.0331428788158483,1.56199405,227.90604596343186,227.9117186752867
2024-06-07 07:36:21,0.160457027,0.0331428147365428,1.56199103,228.0303092720349,228.03654927495265
2024-06-07 07:36:25,0.16050318,0.0331418537591424,1.56194574,228.0884157677907,228.0951096061767
2024-06-07 07:36:29,0.160550843,0.0331415333626146,1.56193064,228.14468988299913,228.1518375591835
2024-06-07 07:36:33,0.160598203,0.0331399956714641,1.56185817,228.207416401947,228.21501791826265
2024-06-07 07:36:37,0.160633799,0.0331389065354526,1.56180684,228.25408142963568,228.2621367884184
2024-06-07 07:36:42,0.160674523,0.0331374967907301,1.5617404,228.3083404692027,228.3169631343581
2024-06-07 07:36:46,0.16071585,0.0331379453458691,1.56176154,228.35302273670345,228.36209924959155
2024-06-07 07:36:50,0.160753859,0.0331359590995796,1.56166793,228.4074965374544,228.41702690041996
2024-06-07 07:36:54,0.160784629,0.0331351903600959,1.5616317,228.44681911952787,228.4568033349185
2024-06-07 07:36:59,0.160850692,0.0331342291705124,1.5615864,228.52780071634683,228.53835225057435
2024-06-07 07:37:03,0.160882065,0.0331335245103343,1.56155319,228.567465769251,228.57847116119572
2024-06-07 07:37:07,0.160912532,0.033131666422656,1.56146562,228.61254765290911,228.6240069049277
2024-06-07 07:37:11,0.160938475,0.033131666422656,1.56146562,228.64200944214184,228.6539225565935
2024-06-07 07:37:16,0.160965323,0.0331301928108111,1.56139617,228.68065770281692,228.6931381486319
2024-06-07 07:37:20,0.160998807,0.0331299364935888,1.56138409,228.72025407600154,228.733188389568
2024-06-07 07:37:24,0.16102294,0.0331287830660886,1.56132973,228.75409607374402,228.7674842574302
2024-06-07 07:37:28,0.161047676,0.0331280784059105,1.56129652,228.786120000841,228.79996205701767
2024-06-07 07:37:33,0.161101069,0.0331283347231328,1.5613086,228.84569345690298,228.86010285703097
2024-06-07 07:37:37,0.161123392,0.0331278861679938,1.56128746,228.87350088353858,228.88836416150136
2024-06-07 07:37:41,0.161153257,0.0331260921596211,1.56120291,228.91755694567507,228.9328741038523
2024-06-07 07:37:45,0.161171054,0.0331266047940656,1.56122707,228.93475332910407,228.950524369878
2024-06-07 07:37:50,0.161200315,0.0331273735335493,1.5612633,228.96362075851096,228.97995915588496
2024-06-07 07:37:54,0.161218113,0.0331248107856929,1.56114252,228.9980803067607,229.01487259210128
2024-06-07 07:37:58,0.161239229,0.0331250030236096,1.56115158,229.02090361755583,229.03814979325392
2024-06-07 07:38:02,0.161265474,0.0331246185477762,1.56113346,229.05288146160078,229.07058153005
2024-06-07 07:38:06,0.161304086,0.0331238495961094,1.56109722,229.10128534905468,229.11943931265117
2024-06-07 07:38:11,0.161324901,0.0331239136754149,1.56110024,229.12436852351405,229.14308985941835
2024-06-07 07:38:15,0.161343,0.0331223119049589,1.56102475,229.15379265658657,229.1729678930392
2024-06-07 07:38:19,0.1613611,0.0331218633498199,1.56100361,229.1767395476543,229.19636868706
2024-06-07 07:38:23,0.161383423,0.0331221837463477,1.56101871,229.20023685025762,229.2203198950237
2024-06-07 07:38:27,0.161402729,0.0331212868482529,1.56097644,229.22709641920775,229.2476333717441
2024-06-07 07:38:31,0.161417209,0.0331207742138084,1.56095228,229.24622953084358,229.26722039356264
2024-06-07 07:38:35,0.161437118,0.0331210946103362,1.56096738,229.26694229785087,229.2883870731677
2024-06-07 07:38:40,0.161450391,0.0331204538172806,1.56093718,229.28529102021457,229.3073031896788
2024-06-07 07:38:44,0.161467284,0.0331201334207527,1.56092208,229.30612841152293,229.32859449902824
2024-06-07 07:38:48,0.161496545,0.0331185316502967,1.56084659,229.34844435683166,229.37136436480148
2024-06-07 07:38:52,0.161514041,0.0331192365226579,1.56087981,229.3642106891627,229.3875846200229
2024-06-07 07:38:57,0.161527918,0.0331194287605746,1.56088887,229.37857207896215,229.40251341685075
2024-06-07 07:39:01,0.161542096,0.0331179551487297,1.56081942,229.4027690762553,229.4271643425019
2024-06-07 07:39:05,0.161552654,0.0331171221177573,1.56078016,229.41918566331017,229.44403486034892
2024-06-07 07:39:09,0.16156834,0.0331166094833128,1.560756,229.4397165927419,229.46501972300945
2024-06-07 07:39:14,0.1615792,0.0331157766645236,1.56071675,229.45636878478854,229.48223933502248
2024-06-07 07:39:18,0.161592473,0.033115264030079,1.56069259,229.47411684685233,229.50044133580667
2024-06-07 07:39:22,0.161608762,0.0331165454040072,1.56075298,229.48524349743943,229.51202192755895
2024-06-07 07:39:26,0.16164647,0.0331169298798406,1.5607711,229.5261343927689,229.5533667665009
2024-06-07 07:39:30,0.161666983,0.03311833941238,1.56083753,229.5414104532658,229.5690967730599
2024-06-07 07:39:35,0.161676032,0.0331172502763685,1.5607862,229.5574189235751,229.5856726793955
2024-06-07 07:39:39,0.161687194,0.0331169298798406,1.5607711,229.57164931844096,229.6003570258443
2024-06-07 07:39:43,0.161696545,0.0331154562679957,1.56070165,229.5902879459988,229.6194496074428
2024-06-07 07:39:47,0.161713136,0.0331165454040072,1.56075298,229.60284181498565,229.6324574329304
2024-06-07 07:39:52,0.161722186,0.0331158407438291,1.56071977,229.61668795515263,229.6468710221866
2024-06-07 07:39:56,0.161734253,0.0331153921886902,1.56069863,229.63268642712623,229.66332345620503
2024-06-07 07:40:00,0.16175567,0.0331153921886902,1.56069863,229.65694659099995,229.68803758459163
2024-06-07 07:40:04,0.161767737,0.0331160970610514,1.56073185,229.66644404136454,229.69798900193945
2024-06-07 07:40:09,0.161780708,0.033115264030079,1.56069259,229.6855404171812,229.7176528399628
2024-06-07 07:40:13,0.161793981,0.0331147513956345,1.56066843,229.70329332228718,229.73585971761912
2024-06-07 07:40:17,0.161805746,0.0331148154749401,1.56067145,229.71605464643045,229.7490750167908
2024-06-07 07:40:21,0.161812382,0.0331143671319842,1.56065032,229.72578674556746,229.7592610934369
2024-06-07 07:40:25,0.161820829,0.0331127012822226,1.56057181,229.74447542244653,229.77840375030777
2024-06-07 07:40:29,0.161838023,0.0331147513956345,1.56066843,229.75230153684038,229.7866838471787
2024-06-07 07:40:34,0.161843152,0.0331132777837896,1.56059898,229.76596440940887,229.80091420134195
2024-06-07 07:40:38,0.16185914,0.0331128935201393,1.56058087,229.78612921070595,229.8215329907165
2024-06-07 07:40:42,0.161868793,0.0331128294408337,1.56057785,229.79717699036524,229.833034760946
2024-06-07 07:40:47,0.161874223,0.0331115478547224,1.56051745,229.8101068183533,229.8465320806559
2024-06-07 07:40:51,0.161888702,0.0331121245684725,1.56054463,229.82310925025052,229.85998850874063
2024-06-07 07:40:55,0.161896545,0.0331122527270836,1.56055067,229.83098377121206,229.86831702839007
2024-06-07 07:40:59,0.161902579,0.0331112915375001,1.56050537,229.8429178153266,229.8807050736951
2024-06-07 07:41:04,0.161914042,0.0331100742428775,1.560448,229.86245057969415,229.90080534307364
2024-06-07 07:41:08,0.161925203,0.0331112274581946,1.56050235,229.86836932649084,229.90717809670008
2024-06-07 07:41:12,0.161942699,0.0331117400926391,1.56052651,229.88521472584856,229.92447750539765
2024-06-07 07:41:16,0.161953861,0.0331124449650003,1.56055973,229.8936642465137,229.93338103791493
2024-06-07 07:41:20,0.161956274,0.0331106509566276,1.56047518,229.90612261457383,229.9462934203417
2024-06-07 07:41:24,0.16197015,0.0331123168063892,1.56055369,229.91227908785748,229.95290391050884
2024-06-07 07:41:29,0.161964419,0.0331081520758936,1.56035741,229.92861121883394,229.9698035661323
2024-06-07 07:41:33,0.161977993,0.033109433662005,1.56041781,229.93658827316267,229.97823464301547
2024-06-07 07:41:37,0.16198825,0.0331087928689493,1.56038761,229.95159186003494,229.99369225496625
2024-06-07 07:41:41,0.161989155,0.033109433662005,1.56041781,229.9485637304582,229.99111815299423
2024-06-07 07:41:45,0.161995188,0.0331080879965881,1.56035439,229.9626729413875,230.0056813940568
2024-06-07 07:41:50,0.162007556,0.0331074474157155,1.5603242,229.9799998858776,230.0235758797725
2024-06-07 07:41:54,0.162016304,0.0331077037329378,1.56033628,229.98819588956965,230.03222591929483
2024-06-07 07:41:58,0.162022337,0.0331075755743266,1.56033024,229.99542971524812,230.0399137833392
2024-06-07 07:42:02,0.162030181,0.0331076396536322,1.56033326,230.00366805565,230.04860616464472
2024-06-07 07:42:06,0.162040437,0.0331075755743266,1.56033024,230.01541469093513,230.06080684337343
2024-06-07 07:42:11,0.162043454,0.0331057174866483,1.56024267,230.02882804581822,230.0747877561361
2024-06-07 07:42:15,0.162054615,0.0331066143847431,1.56028494,230.03619003209954,230.0826037915836
2024-06-07 07:42:19,0.162063966,0.0331074474157155,1.5603242,230.0418231532087,230.08869096440603
2024-06-07 07:42:23,0.162065173,0.033106037670993,1.56025776,230.05072855081352,230.098050416273
2024-06-07 07:42:28,0.162081161,0.0331061658296042,1.5602638,230.06789294979652,230.1157823866716
2024-06-07 07:42:32,0.162080859,0.0331066143847431,1.56028494,230.06455524623357,230.112898743114
2024-06-07 07:42:36,0.162091719,0.033106037670993,1.56025776,230.0798971225284,230.12869468197
2024-06-07 07:42:40,0.162103484,0.0331067425433543,1.56029098,230.0890402286918,230.13829185325264
2024-06-07 07:42:44,0.16210469,0.033106486226132,1.5602789,230.09142709555917,230.1411327877993
2024-06-07 07:42:48,0.162108914,0.0331052689315094,1.56022153,230.1027300845568,230.15288984703847
2024-06-07 07:42:52,0.162116757,0.0331050766935927,1.56021247,230.11241692286958,230.16303075815696
2024-06-07 07:42:56,0.162118265,0.0331049485349815,1.56020643,230.1144282546185,230.16549616527797
2024-06-07 07:43:01,0.162126108,0.0331053330108149,1.56022455,230.12074121754554,230.17237672603216
2024-06-07 07:43:05,0.162127918,0.0331050766935927,1.56021247,230.12382576136767,230.17591535100811
2024-06-07 07:43:09,0.162149336,0.0331044999798426,1.56018529,230.15135833902858,230.20390201239584
2024-06-07 07:43:13,0.162156576,0.0331045640591481,1.56018831,230.15890019585646,230.2118979555256
2024-06-07 07:43:17,0.162156576,0.0331043077419259,1.56017623,230.15989556861444,230.21334741716248
2024-06-07 07:43:22,0.162159291,0.0331041157161923,1.56016718,230.16354826623365,230.21756772950735
2024-06-07 07:43:26,0.162165927,0.0331041157161923,1.56016718,230.170755271733,230.22522882969136
2024-06-07 07:43:30,0.162175882,0.0331039875575812,1.56016114,230.18251881314671,230.2374464683733
2024-06-07 07:43:35,0.162176485,0.0331032826852199,1.56012792,230.1866340411776,230.24212932162567
2024-06-07 07:43:39,0.162182217,0.033104435900537,1.56018227,230.18627492294883,230.24222430648547
2024-06-07 07:43:43,0.162190663,0.0331040516368867,1.56016416,230.19774494221448,230.25414843142977
2024-06-07 07:43:47,0.162203333,0.0331034749231366,1.56013698,230.21518061804133,230.2720382155272
2024-06-07 07:43:51,0.162201523,0.0331036671610533,1.56014604,230.2115493780857,230.26886108643615
2024-06-07 07:43:56,0.162206651,0.0331031545266088,1.56012188,230.2198020578432,230.2776814084251
2024-06-07 07:44:00,0.162215098,0.0331032186059143,1.5601249,230.22873765499844,230.28707112228847
2024-06-07 07:44:04,0.162217511,0.0331027059714698,1.56010074,230.23396969146168,230.29275727806015
2024-06-07 07:44:08,0.162223846,0.0331036671610533,1.56014604,230.23539135728134,230.2946330657904
2024-06-07 07:44:13,0.162227164,0.0331031545266088,1.56012188,230.24155475315843,230.30136411771807
2024-06-07 07:44:17,0.162235007,0.0331023217078195,1.56008263,230.2548680417508,230.31513153408304
2024-06-07 07:44:21,0.162237119,0.0331015527561527,1.56004639,230.26120364037558,230.32192126308885
2024-06-07 07:44:25,0.16224828,0.0331016168354583,1.56004941,230.27327323797482,230.33444499367948
2024-06-07 07:44:29,0.162251599,0.0331019372319861,1.56006451,230.27483795864066,230.3364638499488
2024-06-07 07:44:34,0.162252504,0.0331015527561527,1.56004639,230.2774910547563,230.3396846192452
2024-06-07 07:44:38,0.162255218,0.0331011042010138,1.56002525,230.2827090994218,230.34535680539855
2024-06-07 07:44:42,0.162260347,0.0331015527561527,1.56004639,230.28563821292795,230.34874006301084
2024-06-07 07:44:46,0.162268492,0.0331012964389305,1.56003431,230.2960390532907,230.35959505009987
2024-06-07 07:44:50,0.162272111,0.0331011682803193,1.56002827,230.30048884932427,230.3644989954817
2024-06-07 07:44:54,0.162282368,0.0331026418921642,1.56009772,230.30353637437796,230.3680006725075
2024-06-07 07:44:59,0.162287496,0.0331020013112917,1.56006753,230.31251523843054,230.3775472302177
2024-06-07 07:45:03,0.162297451,0.0331023857871251,1.56008565,230.32137853722833,230.38686468689787
2024-06-07 07:45:07,0.162294736,0.0331026418921642,1.56009772,230.31634000296114,230.3822803131428
2024-06-07 07:45:11,0.162296847,0.0331001432236134,1.55997996,230.3324682440782,230.3988627174035
2024-06-07 07:45:15,0.162302881,0.0331012323596249,1.56003129,230.33281508030424,230.3996637194065
2024-06-07 07:45:20,0.162304691,0.0331007199373635,1.56000714,230.3372383352017,230.4046546852311
2024-06-07 07:45:24,0.16231917,0.0331020013112917,1.56006753,230.3462472070946,230.41411772883248
2024-06-07 07:45:28,0.162316154,0.033100207302919,1.55998298,230.35246825226687,230.42079294835253
2024-06-07 07:45:32,0.162319774,0.0331005917787524,1.5600011,230.35401694330213,230.42279581637632
2024-06-07 07:45:37,0.162325203,0.0331001432236134,1.55997996,230.36225772414522,230.4316043221716
2024-06-07 07:45:41,0.162328522,0.0331001432236134,1.55997996,230.36563586685116,230.43543664781453
2024-06-07 07:45:45,0.162334857,0.0330989259289907,1.55992259,230.37939011193495,230.44964507848192
2024-06-07 07:45:49,0.162338175,0.0331001432236134,1.55997996,230.3758734524908,230.44658260726965
2024-06-07 07:45:53,0.162343303,0.0330999509856967,1.5599709,230.38242909242086,230.4535924380816
2024-06-07 07:45:58,0.1623427,0.0331003995408357,1.55999204,230.3786248203639,230.4503559083563
2024-06-07 07:46:02,0.162353258,0.03309975874778,1.55996184,230.3939907818659,230.46617606670912
2024-06-07 07:46:06,0.162356878,0.0330996946684744,1.55995882,230.39807948936277,230.4707189737123
2024-06-07 07:46:10,0.162358084,0.0331003995408357,1.55999204,230.3950256028049,230.46811928931805
2024-06-07 07:46:15,0.162368341,0.0330999509856967,1.5599709,230.4088419129414,230.48250335589847
2024-06-07 07:46:19,0.162374072,0.0330996946684744,1.55995882,230.41645707172154,230.4905727228272
2024-06-07 07:46:23,0.16238282,0.0331000791443078,1.55997694,230.42392615479213,230.4984960167092
2024-06-07 07:46:27,0.162380106,0.0330989900082963,1.55992561,230.4265078170073,230.50153189240007
2024-06-07 07:46:31,0.162385837,0.0330989900082963,1.55992561,230.43267134285603,230.5081496343906
2024-06-07 07:46:36,0.162392775,0.033099310192641,1.5599407,230.43830110852917,230.5143471739925
2024-06-07 07:46:40,0.162389457,0.0330984132945462,1.55989843,230.43909676981576,230.51559705742545
2024-06-07 07:46:44,0.16240092,0.033099310192641,1.5599407,230.44679782420675,230.5237523366341
2024-06-07 07:46:48,0.162411478,0.033100207302919,1.55998298,230.453452242057,230.53086098197488
2024-06-07 07:46:52,0.162416305,0.033100207302919,1.55998298,230.45857167544443,230.5364346455275
2024-06-07 07:46:57,0.162416003,0.0331008478837915,1.56001317,230.45402583365802,230.5324565952111
2024-06-07 07:47:01,0.162416908,0.0330998228270856,1.55996486,230.4604243249229,230.53930932266476
2024-06-07 07:47:05,0.162420226,0.0330989900082963,1.55992561,230.4685203139048,230.54785955051517
2024-06-07 07:47:09,0.162426561,0.0330998228270856,1.55996486,230.47066215118974,230.55045562934995
2024-06-07 07:47:14,0.162423243,0.0330991179547243,1.55993164,230.47025708309388,230.55061836696436
2024-06-07 07:47:18,0.162437421,0.0331000791443078,1.55997694,230.48072778003362,230.56154331149267
2024-06-07 07:47:22,0.162441946,0.0330998228270856,1.55996486,230.4869510666382,230.56822084837216
2024-06-07 07:47:26,0.162440739,0.0330992461133355,1.55993768,230.48837129030375,230.57009532500055
2024-06-07 07:47:31,0.162444359,0.0330978365807961,1.55987125,230.49997201239975,230.58226386708236
2024-06-07 07:47:35,0.162448281,0.0330984773738518,1.55990145,230.50041498162955,230.58316109532848
2024-06-07 07:47:39,0.162449789,0.0330984132945462,1.55989843,230.50206527274327,230.5852656481514
2024-06-07 07:47:43,0.162453107,0.0330982210566295,1.55988937,230.5065320676044,230.59018670741617
2024-06-07 07:47:47,0.162463967,0.0330989900082963,1.55992561,230.51426007817497,230.59836898508627
2024-06-07 07:47:52,0.162462157,0.0330983492152406,1.55989541,230.51523417746355,230.59991092204268
2024-06-07 07:47:56,0.162463364,0.0330965552068679,1.55981086,230.52634308635095,230.6114741041009
2024-06-07 07:48:00,0.162465173,0.033096683365479,1.5598169,230.52725139555864,230.6128366891801
2024-06-07 07:48:04,0.16247905,0.0330973239463516,1.55984709,230.5391911274426,230.62523069963785
2024-06-07 07:48:09,0.162481161,0.033097708422185,1.55986521,230.5388814397611,230.62548886397573
2024-06-07 07:48:13,0.162480256,0.0330989259289907,1.55992259,230.5304802469626,230.6175419558364
2024-06-07 07:48:17,0.162484178,0.0330983492152406,1.55989541,230.537824201639,230.6253401978788
2024-06-07 07:48:21,0.162488703,0.0330982851359351,1.55989239,230.54295853604745,230.6309288223617
2024-06-07 07:48:25,0.1624881,0.0330978365807961,1.55987125,230.5443508502423,230.63277542934077
2024-06-07 07:48:29,0.162495641,0.0330976443428794,1.55986219,230.55369474167566,230.64257361626957
2024-06-07 07:48:34,0.162496546,0.0330966192861735,1.55981388,230.55998381403253,230.64943056181065
2024-06-07 07:48:38,0.162497753,0.0330965552068679,1.55981086,230.56128674057365,230.65118778995267
2024-06-07 07:48:42,0.162501674,0.0330958503345067,1.55977764,230.56935746645482,230.65971282015053
2024-06-07 07:48:46,0.162501976,0.0330969396827013,1.55982898,230.5630750128241,230.6538846735537
2024-06-07 07:48:51,0.162507707,0.033096683365479,1.5598169,230.5705788933539,230.6619564416991
2024-06-07 07:48:55,0.162505294,0.0330957862552011,1.55977462,230.57242496814465,230.66425682964243
2024-06-07 07:48:59,0.162514344,0.0330974521049627,1.55985313,230.57297583631026,230.66526201368237
2024-06-07 07:49:03,0.162517964,0.0330968756033957,1.55982596,230.57997105648425,230.67271155245368
2024-06-07 07:49:07,0.162514646,0.0330965552068679,1.55981086,230.57750183147863,230.6706966487697
2024-06-07 07:49:12,0.162526109,0.033096683365479,1.5598169,230.58944516211253,230.68320788488887
2024-06-07 07:49:16,0.1625246,0.0330964270482568,1.55980482,230.58870175556123,230.682918805794
2024-06-07 07:49:20,0.162534555,0.0330978365807961,1.55987125,230.59175028623332,230.6864216666512
2024-06-07 07:49:24,0.162533349,0.0330973880256571,1.55985011,230.5924470006023,230.68757271393525
2024-06-07 07:49:28,0.162536968,0.0330952738329397,1.55975047,230.60816270668664,230.70374275566604
2024-06-07 07:49:32,0.162539382,0.0330954019915508,1.55975651,230.60976939268136,230.7058037800398
2024-06-07 07:49:37,0.16254089,0.0330958503345067,1.55977764,230.60840006917596,230.7050023833529
2024-06-07 07:49:41,0.16254089,0.03309565809659,1.55976858,230.60903608378467,230.7060927424938
2024-06-07 07:49:45,0.162543303,0.0330950175157174,1.55973839,230.61500196361823,230.7125129695963
2024-06-07 07:49:49,0.162543303,0.0330948252778007,1.55972933,230.61563804381734,230.71360339980245
2024-06-07 07:49:54,0.162545415,0.0330945048812729,1.55971423,230.61932673149173,230.71786002883792
2024-06-07 07:49:58,0.162552956,0.0330952738329397,1.55975047,230.62321973216913,230.7222073856876
2024-06-07 07:50:02,0.162555973,0.0330952738329397,1.55975047,230.6262497233157,230.7256917357486
2024-06-07 07:50:06,0.162557481,0.0330936720624836,1.55967498,230.636623712827,230.7365200869177
2024-06-07 07:50:10,0.162566531,0.0330961707310345,1.55979274,230.63244653861872,230.7327972771118
2024-06-07 07:50:15,0.162564721,0.0330957862552011,1.55977462,230.63196926529656,230.73288796315407
2024-06-07 07:50:19,0.162574676,0.0330957221758955,1.5597716,230.64337533010502,230.74474839854471
2024-06-07 07:50:23,0.162576184,0.0330955940172844,1.55976556,230.64538959891584,230.74721704068625
2024-06-07 07:50:27,0.162582821,0.0330953379122453,1.55975349,230.65405333229802,230.7563351501489
2024-06-07 07:50:31,0.162576184,0.0330948893571063,1.55973235,230.64847862850277,230.751214825185
2024-06-07 07:50:36,0.162584631,0.033095081595023,1.55974141,230.65657563965516,230.7598798137469
2024-06-07 07:50:40,0.162587949,0.0330942485640506,1.55970215,230.6646799122877,230.76843847140472
2024-06-07 07:50:44,0.162584329,0.033095081595023,1.55974141,230.6553180796738,230.75953102657076
2024-06-07 07:50:48,0.162594284,0.033095081595023,1.55974141,230.6663609617819,230.77102829921472
2024-06-07 07:50:53,0.162595792,0.0330951456743286,1.55974443,230.66717100205184,230.77240633153173
2024-06-07 07:50:57,0.162599412,0.0330940563261339,1.55969309,230.6770788458956,230.78276857211628
2024-06-07 07:51:01,0.16259549,0.0330946971191896,1.55972329,230.66845860015434,230.7746027258754
2024-06-07 07:51:05,0.162598809,0.0330957221758955,1.5597716,230.6660210669294,230.7726195949115
2024-06-07 07:51:09,0.162606652,0.0330947611984952,1.55972631,230.68007758260964,230.78713051561465
2024-06-07 07:51:14,0.162608462,0.0330948252778007,1.55972933,230.68123637680338,230.7888573199725
2024-06-07 07:51:18,0.162607557,0.0330943767226617,1.55970819,230.68228216988288,230.79035752429303
2024-06-07 07:51:22,0.162609065,0.0330936720624836,1.55967498,230.68756833552857,230.7960981039451
2024-06-07 07:51:26,0.162614193,0.0330937361417892,1.559678,230.69267297506522,230.80165716025465
2024-06-07 07:51:31,0.162614193,0.0330945689605784,1.55971725,230.68737860912717,230.7969308191747
2024-06-07 07:51:35,0.162621735,0.0330943126433562,1.55970517,230.69708950184386,230.80709613489276
2024-06-07 07:51:39,0.162616908,0.0330936720624836,1.55967498,230.69469555749,230.8051566163102
2024-06-07 07:51:43,0.162619925,0.0330934798245669,1.55966592,230.69881677695383,230.8097322643163
2024-06-07 07:51:48,0.16262626,0.0330946971191896,1.55972329,230.69865674310466,230.8101402700433
2024-06-07 07:51:52,0.162631991,0.0330929671901224,1.55964176,230.71464020223607,230.82657816395545
2024-06-07 07:51:56,0.162631991,0.0330936079831781,1.55967196,230.7105485784019,230.82294097767647
2024-06-07 07:52:00,0.162635008,0.0330939922468283,1.55969007,230.71139765660615,230.8242444962112
2024-06-07 07:52:04,0.162638326,0.0330948252778007,1.55972933,230.71004721326835,230.8233484959803
2024-06-07 07:52:09,0.162643454,0.0330945689605784,1.55971725,230.71685656928597,230.83072590978728
2024-06-07 07:52:13,0.162650694,0.0330954019915508,1.55975651,230.72003558961055,230.8343593794692
2024-06-07 07:52:17,0.162647074,0.0330946971191896,1.55972329,230.71940115742746,230.83417939942305
2024-06-07 07:52:21,0.162657029,0.0330964270482568,1.55980482,230.7206248693041,230.8358575662172
2024-06-07 07:52:25,0.162660045,0.0330962348103401,1.55979576,230.72474470215516,230.84043185676737
2024-06-07 07:52:30,0.162657934,0.0330954660708564,1.55975953,230.7261020792925,230.84235730994152
2024-06-07 07:52:34,0.162662459,0.0330952738329397,1.55975047,230.7319648656441,230.84867456025415
2024-06-07 07:52:38,0.162670905,0.0330948893571063,1.55973235,230.74344764570637,230.86061180706207
2024-06-07 07:52:42,0.162673017,0.0330962348103401,1.55979576,230.73779459825968,230.85541322914665
2024-06-07 07:52:46,0.162668794,0.0330952738329397,1.55975047,230.73791800092363,230.85599110412832
2024-06-07 07:52:51,0.162671509,0.0330948252778007,1.55972933,230.74303197896594,230.86167317648776
2024-06-07 07:52:55,0.162663364,0.0330939281675228,1.55968705,230.73826313145514,230.85735880756764
2024-06-07 07:52:59,0.162672112,0.03309565809659,1.55976858,230.7380916630664,230.8576418205592
2024-06-07 07:53:03,0.162676637,0.0330962988896456,1.55979878,230.7392255994684,230.85923024113168
2024-06-07 07:53:07,0.162682067,0.0330959144138122,1.55978066,230.74722488839814,230.86768401702324
2024-06-07 07:53:11,0.162672112,0.0330952738329397,1.55975047,230.73890958344344,230.8598232018225
2024-06-07 07:53:16,0.162671509,0.0330933516659558,1.55965988,230.7485574816969,230.87003921619615
2024-06-07 07:53:20,0.162683575,0.0330949534364118,1.55973537,230.75294506028703,230.87488129082573
2024-06-07 07:53:24,0.162684782,0.0330938000089116,1.55968101,230.7604332883763,230.88282401774936
2024-06-07 07:53:28,0.162685083,0.0330935439038725,1.55966894,230.76178056602183,230.88462579702508
2024-06-07 07:53:33,0.16268629,0.0330924545556779,1.5596176,230.768791977009,230.8922053389828
2024-06-07 07:53:37,0.162688703,0.0330939922468283,1.55969007,230.76239336953626,230.88626123943385
2024-06-07 07:53:41,0.162694736,0.0330936720624836,1.55967498,230.77072494323545,230.8950473238553
2024-06-07 07:53:45,0.162701976,0.0330944408019673,1.55971121,230.77426747480192,230.8990443689433
2024-06-07 07:53:49,0.162694435,0.0330935439038725,1.55966894,230.7701959691469,230.89542737961
2024-06-07 07:53:53,0.162701674,0.0330937361417892,1.559678,230.77701092925562,230.90269685884132
2024-06-07 07:53:58,0.162700166,0.0330921982384556,1.55960552,230.78343428396573,230.90968836639468
2024-06-07 07:54:02,0.162709518,0.0330927108729001,1.55962968,230.7908705501436,230.9175791580001
2024-06-07 07:54:06,0.162707708,0.0330934157452614,1.5596629,230.78432248669927,230.91148562278684
2024-06-07 07:54:10,0.162710724,0.0330923263970667,1.55961156,230.79353798925382,230.92115565637667
2024-06-07 07:54:14,0.162711629,0.0330932235073447,1.55965384,230.7890339626215,230.91710616358463
2024-06-07 07:54:19,0.162711931,0.0330928390315113,1.55963572,230.79099807343275,230.91963844564188
2024-06-07 07:54:23,0.162717964,0.0330923904763723,1.55961458,230.80005941823592,230.92915433059932
2024-06-07 07:54:27,0.162728522,0.0330934798245669,1.55966592,230.80561279539683,230.9351622507219
2024-06-07 07:54:31,0.162726411,0.0330922623177612,1.55960854,230.8096349949332,230.9396389960281
2024-06-07 07:54:35,0.162727316,0.0330927749522057,1.5596327,230.80731412385094,230.93777267352456
2024-06-07 07:54:40,0.162732745,0.0330938000089116,1.55968101,230.80719463312448,230.93822137247247
2024-06-07 07:54:44,0.162733349,0.03309213415915,1.5596025,230.81689945716488,230.9483807514141
2024-06-07 07:54:48,0.162728221,0.0330918780541109,1.55959043,230.81197640594596,230.9439122579076
2024-06-07 07:54:52,0.162726411,0.0330918780541109,1.55959043,230.8094311637898,230.9418215762757
2024-06-07 07:54:57,0.162727014,0.0330910450231385,1.55955117,230.81429119471383,230.94724981181017
2024-06-07 07:55:01,0.162739985,0.0330919421334165,1.55959345,230.82372342655498,230.95713661050465
2024-06-07 07:55:05,0.162739382,0.0330916217368886,1.55957835,230.82439235917352,230.95826011279055
2024-06-07 07:55:09,0.162743303,0.033092006212722,1.55959647,230.82628284069386,230.96060516679293
2024-06-07 07:55:13,0.162739684,0.0330915576575831,1.55957533,230.8241960580642,230.95897295946065
2024-06-07 07:55:18,0.16274813,0.0330920700798445,1.55959948,230.83047280350175,230.96581792798
2024-06-07 07:55:22,0.162751147,0.033092582714289,1.55962364,230.83059095067165,230.96639065678409
2024-06-07 07:55:26,0.162754465,0.0330921982384556,1.55960552,230.83615299892847,230.97240728949248
2024-06-07 07:55:30,0.162754163,0.03309213415915,1.5596025,230.83571360742866,230.97242248526223
2024-06-07 07:55:34,0.162757481,0.0330913654196664,1.55956627,230.84345888929502,230.9806223572168
2024-06-07 07:55:38,0.162762308,0.0330918780541109,1.55959043,230.84566751170541,230.98328557253456
2024-06-07 07:55:43,0.16275537,0.0330913013403608,1.55956325,230.84036167835947,230.97854798428824
2024-06-07 07:55:47,0.162770754,0.033093031269428,1.55964478,230.84784866156096,230.9864895667425
2024-06-07 07:55:51,0.162770151,0.0330938640882172,1.55968403,230.841966310216,230.98106181747136
2024-06-07 07:55:56,0.162771358,0.03309213415915,1.5596025,230.85262025247573,230.99228401629148
2024-06-07 07:56:00,0.162773771,0.0330918139748053,1.55958741,230.85677201736272,230.99689038960184
2024-06-07 07:56:04,0.162767135,0.0330898918078214,1.55949682,230.8595736222244,231.00014660570983
2024-06-07 07:56:08,0.162765325,0.0330898918078214,1.55949682,230.8570281774569,230.9980557750121
2024-06-07 07:56:12,0.162773168,0.0330900199664326,1.55950286,230.8649052641158,231.0063874785648
2024-06-07 07:56:16,0.162776184,0.033090532388694,1.55952701,230.86502283675716,231.0069596709245
2024-06-07 07:56:21,0.162780408,0.0330916858161942,1.55958137,230.8627798375689,231.0052849503568
2024-06-07 07:56:25,0.162784329,0.0330912372610552,1.55956023,230.86940317731876,231.0123629161821
2024-06-07 07:56:29,0.162779503,0.0330909168645274,1.55954513,230.86519450460503,231.0086088723699
2024-06-07 07:56:33,0.162785536,0.0330907246266107,1.55953607,230.87280117082798,231.0166701703211
2024-06-07 07:56:37,0.162781614,0.0330902762836548,1.55951494,230.8703637914223,231.01468742547087
2024-06-07 07:56:42,0.162792776,0.0330903401507773,1.55951795,230.88232635848678,231.02721828970604
2024-06-07 07:56:46,0.162794284,0.0330913654196664,1.55956627,230.87778727670624,231.0231338488438
2024-06-07 07:56:50,0.162794586,0.033090532388694,1.55952701,230.88241541561112,231.02821663149572
2024-06-07 07:56:54,0.162791569,0.0330905964679996,1.55953003,230.87811154868982,231.0243674111506
2024-06-07 07:56:59,0.162795792,0.0330904042300828,1.55952097,230.8835138852388,231.03033805989895
2024-06-07 07:57:03,0.162797301,0.0330904042300828,1.55952097,230.88480235139852,231.0320811790021
2024-06-07 07:57:07,0.162796094,0.0330891869354602,1.5594636,230.8898716042577,231.03760508763528
2024-06-07 07:57:11,0.162801524,0.033089507331988,1.5594787,230.89386863357723,231.04205677555984
2024-06-07 07:57:15,0.162801222,0.0330900199664326,1.55950286,230.89015158779947,231.0387943912185
2024-06-07 07:57:20,0.162808764,0.0330894432526825,1.55947568,230.90157336476136,231.05078449895825
2024-06-07 07:57:24,0.162806954,0.0330885461424045,1.5594334,230.90412692569072,231.05379272769628
2024-06-07 07:57:28,0.162807557,0.0330891228561546,1.55946058,230.9010907998415,231.0512112724884
2024-06-07 07:57:32,0.162812987,0.0330896354905992,1.55948474,230.90399506278212,231.05457020890344
2024-06-07 07:57:36,0.162825355,0.0330894432526825,1.55947568,230.91892050402558,231.0699503264549
2024-06-07 07:57:40,0.162823243,0.0330900199664326,1.55950286,230.91274786038093,231.0642323619521
2024-06-07 07:57:44,0.162820528,0.0330893791733769,1.55947266,230.9127992651413,231.06473844868847
2024-06-07 07:57:49,0.16282445,0.0330901481250437,1.5595089,230.912390639584,231.06489817958732
2024-06-07 07:57:53,0.162832896,0.0330900199664326,1.55950286,230.922421029164,231.0753832575216
2024-06-07 07:57:57,0.162826561,0.0330889946975435,1.55945454,230.92047640878013,231.07389332832733
2024-06-07 07:58:01,0.162827165,0.0330887383803212,1.55944246,230.92217654804682,231.07604816161933
2024-06-07 07:58:05,0.162828371,0.0330890587768491,1.55945756,230.9212936769969,231.07561998743063
2024-06-07 07:58:10,0.162836818,0.0330897636492103,1.55949078,230.92647624743702,231.0813709329359
2024-06-07 07:58:14,0.162837723,0.0330896354905992,1.55948474,230.92779553866535,231.0831449274076
2024-06-07 07:58:18,0.162842851,0.0330895714112936,1.55948172,230.93362892468502,231.0894330195076
2024-06-07 07:58:23,0.162850091,0.0330904042300828,1.55952097,230.9366894412551,231.09306192266797
2024-06-07 07:58:27,0.162838025,0.0330888024596268,1.55944548,230.9314023463041,231.08822954018157
2024-06-07 07:58:31,0.162854616,0.033090532388694,1.55952701,230.94027852003944,231.0975604292193
2024-06-07 07:58:35,0.162842248,0.0330882259580598,1.55941831,230.93864900441915,231.09638563173965
2024-06-07 07:58:39,0.162850091,0.0330885461424045,1.5594334,230.94543438223278,231.10362573053223
2024-06-07 07:58:44,0.162852203,0.033089507331988,1.5594787,230.94184091976211,231.1006006732772
2024-06-07 07:58:48,0.162854917,0.0330896995699047,1.55948776,230.94342845252888,231.10264293341024
2024-06-07 07:58:52,0.162850694,0.0330889946975435,1.55945454,230.9421028162264,231.1017720273132
2024-06-07 07:58:56,0.162858839,0.0330891869354602,1.5594636,230.9499643427416,231.1100882868733
2024-06-07 07:59:00,0.162853108,0.0330875851650042,1.55938811,230.9519964634578,231.112575143474
2024-06-07 07:59:05,0.162858537,0.0330882259580598,1.55941831,230.95405633920683,231.11520344307215
2024-06-07 07:59:09,0.162856426,0.0330880977994487,1.55941227,230.9518915793914,231.11349342553112
2024-06-07 07:59:13,0.162864269,0.0330886102217101,1.55943642,230.95758373494095,231.11964032619537
2024-06-07 07:59:17,0.162861554,0.0330882259580598,1.55941831,230.95617748981113,231.11868882902064
2024-06-07 07:59:21,0.162863666,0.0330880977994487,1.55941227,230.95889136999895,231.12185746000424
2024-06-07 07:59:26,0.162866079,0.0330884181959765,1.55942737,230.95928867427097,231.12282320676584
2024-06-07 07:59:30,0.16287362,0.0330881618787543,1.55941529,230.96900316684574,231.13299245652843
2024-06-07 07:59:34,0.162868492,0.033087905561532,1.55940321,230.96408182402465,231.1285258737363
2024-06-07 07:59:38,0.16286819,0.0330875210856986,1.55938509,230.96546452849756,231.13036334107943
2024-06-07 07:59:42,0.162875129,0.0330882259580598,1.55941831,230.96901775462192,231.1343713329155
2024-06-07 07:59:46,0.162874525,0.0330882259580598,1.55941831,230.96786521572963,231.13367356257643
2024-06-07 07:59:51,0.162878749,0.0330886743010157,1.55943944,230.96962692873868,231.1360037402732
2024-06-07 07:59:55,0.16288086,0.0330891228561546,1.55946058,230.96906008696553,231.13589167344725
2024-06-07 07:59:59,0.16288267,0.0330876492443097,1.55939113,230.97907648158755,231.14636284585848
2024-06-07 08:00:03,0.162885083,0.033087905561532,1.55940321,230.9799516490238,231.1476927939259
2024-06-07 08:00:07,0.162883877,0.033087905561532,1.55940321,230.97810362187937,231.14629955025472
2024-06-07 08:00:11,0.162891117,0.0330888665389324,1.5594485,230.98054768847214,231.149198403163
2024-06-07 08:00:16,0.162892927,0.0330887383803212,1.55944246,230.98279903089698,231.15201823247915
2024-06-07 08:00:20,0.162889608,0.0330884181959765,1.55942737,230.98033090610494,231.15000490039787
2024-06-07 08:00:24,0.162892323,0.0330891869354602,1.5594636,230.97864072797123,231.14876951781727
2024-06-07 08:00:28,0.162900166,0.0330889946975435,1.55945454,230.98833967919586,231.1589232674375
2024-06-07 08:00:32,0.162898658,0.0330888024596268,1.55944548,230.9872361003619,231.1582744898417
2024-06-07 08:00:36,0.162894435,0.0330877133236153,1.55939415,230.988097041584,231.15959023514444
2024-06-07 08:00:40,0.16289715,0.033087905561532,1.55940321,230.9896854395967,231.16163344008035
2024-06-07 08:00:45,0.162900468,0.0330879696408376,1.55940623,230.99258565656854,231.1651021697036
2024-06-07 08:00:49,0.16290439,0.0330877774029209,1.55939717,230.99775523417355,231.1707265606277
2024-06-07 08:00:53,0.162908915,0.0330887383803212,1.55944246,230.99706211801657,231.1704882606324
2024-06-07 08:00:57,0.162908915,0.033087905561532,1.55940321,231.00134425670865,231.1752252183288
2024-06-07 08:01:01,0.162908311,0.033087905561532,1.55940321,231.00019165041115,231.17452743387813
2024-06-07 08:01:06,0.162911026,0.0330886743010157,1.55943944,230.99838713469003,231.173291449463
2024-06-07 08:01:10,0.162917361,0.0330888024596268,1.55944548,231.00452181840268,231.1798809614183
2024-06-07 08:01:14,0.162911328,0.0330875210856986,1.55938509,231.00438587424463,231.1801998483453
2024-06-07 08:01:18,0.162913439,0.0330877774029209,1.55939717,231.00491185185612,231.18118065988435
2024-06-07 08:01:22,0.162922489,0.0330900199664326,1.55950286,231.00215626142386,231.1788799062221
2024-06-07 08:01:27,0.162925506,0.0330886102217101,1.55943642,231.01309171277956,231.1903839075373
2024-06-07 08:01:31,0.162919171,0.033088354116671,1.55942435,231.00677514316868,231.18452218109152
2024-06-07 08:01:35,0.162922791,0.033087905561532,1.55940321,231.01305389240756,231.19125577633775
2024-06-07 08:01:39,0.162921886,0.033088354116671,1.55942435,231.0090019700029,231.18765870278253
2024-06-07 08:01:43,0.162931237,0.0330888024596268,1.55944548,231.01679950043535,231.19591108490636
2024-06-07 08:01:47,0.162927919,0.0330888665389324,1.5594485,231.01214705099176,231.1917134899961
2024-06-07 08:01:52,0.162925807,0.033088354116671,1.55942435,231.0120534527757,231.19218846394295
2024-06-07 08:01:56,0.162934556,0.0330881618787543,1.55941529,231.0227995665632,231.20338943865767
2024-06-07 08:02:00,0.16293908,0.0330888024596268,1.55944548,231.02392695626213,231.20497169212533
2024-06-07 08:02:04,0.162934857,0.0330888024596268,1.55944548,231.01859345567016,231.2000930581435
2024-06-07 08:02:08,0.162948432,0.0330900199664326,1.55950286,231.02689484094995,231.2088493128747
2024-06-07 08:02:12,0.16294813,0.0330900199664326,1.55950286,231.02609109504806,231.2085004392653
2024-06-07 08:02:17,0.162942097,0.0330884822752821,1.55943039,231.02730067123787,231.2102786098158
2024-06-07 08:02:21,0.162948734,0.0330895714112936,1.55948172,231.02831711180227,231.21174992906464
2024-06-07 08:02:25,0.162949639,0.0330886102217101,1.55943642,231.0343759932182,231.2182636920056
2024-06-07 08:02:29,0.162948734,0.0330878414822264,1.55940019,231.037249222452,231.2215918056048
2024-06-07 08:02:34,0.162948734,0.0330888665389324,1.5594485,231.0308487574373,231.21575995004093
2024-06-07 08:02:38,0.162952655,0.033088354116671,1.55942435,231.0378389546231,231.2232050379824
2024-06-07 08:02:42,0.162955973,0.0330881618787543,1.55941529,231.04231099706047,231.2281319740152
2024-06-07 08:02:46,0.16295899,0.0330888024596268,1.55944548,231.04169690861949,231.2279727820092
2024-06-07 08:02:51,0.162960498,0.033087905561532,1.55940321,231.04797349691773,231.234817994844
2024-06-07 08:02:55,0.1629608,0.0330884181959765,1.55942737,231.0449507087936,231.2322501095431
2024-06-07 08:02:59,0.162964118,0.0330876492443097,1.55939113,231.05270427232432,231.24045857873585
2024-06-07 08:03:03,0.16295718,0.0330877774029209,1.55939717,231.0435047393572,231.23171395426928
2024-06-07 08:03:07,0.162962007,0.0330880977994487,1.55941227,231.04680338118087,231.23546750743188
2024-06-07 08:03:11,0.162963515,0.0330860474738537,1.55931564,231.05975750586026,231.24887654628836
2024-06-07 08:03:16,0.162961102,0.0330866241876038,1.55934282,231.05311925407182,231.24280694121185
2024-06-07 08:03:20,0.162965325,0.0330869443719485,1.55935791,231.05572130540673,231.24586391310848
2024-06-07 08:03:24,0.162970755,0.0330877133236153,1.55939415,231.05716409940064,231.2477616305013
2024-06-07 08:03:28,0.162972263,0.0330880337201431,1.55940925,231.05662820397256,231.24768066130903
2024-06-07 08:03:32,0.16297709,0.0330868802926429,1.55935489,231.06831360826766,231.25982099467652
2024-06-07 08:03:37,0.162972263,0.0330872006891708,1.55936999,231.06034489401878,231.25242094575668
2024-06-07 08:03:41,0.162976185,0.0330877133236153,1.55939415,231.0615039168515,231.25403490404304
2024-06-07 08:03:45,0.162976486,0.033088354116671,1.55942435,231.0577503307229,231.2507362562037
2024-06-07 08:03:49,0.162976486,0.0330880977994487,1.55941227,231.05875393030834,231.2521947969136
2024-06-07 08:03:53,0.162979503,0.0330873288477819,1.55937603,231.06616033474705,231.26005614531172
2024-06-07 08:03:58,0.162985234,0.0330863678703815,1.55933074,231.0776818403681,231.27214633486815
2024-06-07 08:04:02,0.162986441,0.0330875851650042,1.55938811,231.07169359059648,231.26661303543324
2024-06-07 08:04:06,0.162983726,0.0330870725305596,1.55936395,231.07101934590617,231.26639374391343
2024-06-07 08:04:10,0.162984933,0.0330866241876038,1.55934282,231.07451045157327,231.2703398055844
2024-06-07 08:04:14,0.162987648,0.0330861115531593,1.55931866,231.08010985343546,231.27639416628352
2024-06-07 08:04:19,0.162986441,0.0330861115531593,1.55931866,231.0781466322649,231.2749996476425
2024-06-07 08:04:23,0.162991268,0.0330854707601036,1.55928846,231.08691580550217,231.28422378608963
2024-06-07 08:04:27,0.162992776,0.0330868802926429,1.55935489,231.0801805905163,231.27794353914533
2024-06-07 08:04:31,0.162985234,0.0330865601082982,1.5593398,231.07283433459898,231.2710522541009
2024-06-07 08:04:35,0.162989458,0.0330861115531593,1.55931866,231.0798124733596,231.27848536656543
2024-06-07 08:04:39,0.162995189,0.0330852144428813,1.55927638,231.09108513014502,231.29021299988523
2024-06-07 08:04:44,0.162999111,0.0330868802926429,1.55935489,231.08556597569006,231.285262570078
2024-06-07 08:04:48,0.163002127,0.0330870725305596,1.55936395,231.08750131511775,231.28765289240715
2024-06-07 08:04:52,0.163004541,0.0330862397117704,1.5593247,231.09457560114615,231.2951821641661
2024-06-07 08:04:56,0.163006351,0.0330873288477819,1.55937603,231.0900125382582,231.2910740898373
2024-06-07 08:05:01,0.163006351,0.0330871366098652,1.55936697,231.09053797025769,231.2921682615128
2024-06-07 08:05:05,0.163006954,0.0330868802926429,1.55935489,231.0922385561354,231.2943238423124
2024-06-07 08:05:09,0.163010272,0.0330861756324648,1.55932168,231.0996279967081,231.3021682806341
2024-06-07 08:05:13,0.163012082,0.0330866882669094,1.55934584,231.09834614868348,231.30134143318503
2024-06-07 08:05:18,0.16301359,0.0330861756324648,1.55932168,231.10243775650147,231.30600179569672
2024-06-07 08:05:22,0.163013289,0.0330867523462149,1.55934886,231.0983521415354,231.3023711876643
2024-06-07 08:05:26,0.16301178,0.0330856629980203,1.55929752,231.10235467227793,231.3068287281655
2024-06-07 08:05:31,0.163012384,0.0330859193152426,1.5593096,231.10102466784178,231.30606748989948
2024-06-07 08:05:35,0.163019322,0.0330853426014924,1.55928242,231.11186879417016,231.3173666323408
2024-06-07 08:05:39,0.1630154,0.0330862397117704,1.5593247,231.10177538628687,231.3077282433937
2024-06-07 08:05:43,0.163022942,0.0330867523462149,1.55934886,231.10711589345516,231.3135237723209
2024-06-07 08:05:47,0.16302445,0.0330863678703815,1.55933074,231.11059183367706,231.31745473712397
2024-06-07 08:05:52,0.163028673,0.0330875851650042,1.55938811,231.10797246940533,231.3154041575464
2024-06-07 08:05:56,0.16303531,0.0330861756324648,1.55932168,231.12320969602396,231.331096415094
2024-06-07 08:06:00,0.163033198,0.0330857270773259,1.55930054,231.12286823493696,231.33120998775627
2024-06-07 08:06:04,0.163040136,0.0330868802926429,1.55935489,231.12386363795142,231.33266042733976
2024-06-07 08:06:08,0.163038025,0.0330876492443097,1.55939113,231.11659209126424,231.3258439200408
2024-06-07 08:06:13,0.163038628,0.0330857270773259,1.55930054,231.1276630956844,231.3374837276598
2024-06-07 08:06:17,0.163035913,0.0330854707601036,1.55928846,231.1255304996508,231.33580617735527
2024-06-07 08:06:21,0.163028372,0.0330845097827032,1.55924317,231.1218338150819,231.33256454133272
2024-06-07 08:06:25,0.163034707,0.0330845738620088,1.55924619,231.12833354571777,231.33951932333147
2024-06-07 08:06:29,0.163031087,0.0330838689896475,1.55921297,231.12770919689893,231.33935002869143
2024-06-07 08:06:33,0.163023847,0.0330840612275642,1.55922203,231.11779416673554,231.3298900555222
2024-06-07 08:06:38,0.163032897,0.0330843816240921,1.55923713,231.125857833485,231.3385225474724
2024-06-07 08:06:42,0.163031388,0.0330831643294694,1.55917976,231.1305903564121,231.34371013372572
2024-06-07 08:06:46,0.163042851,0.0330841253068698,1.55922505,231.1379083889192,231.3514832323722
2024-06-07 08:06:50,0.16303893,0.0330838689896475,1.55921297,231.13438230883867,231.3484122212436
2024-06-07 08:06:55,0.163044058,0.0330857911566314,1.55930356,231.12879387040937,231.34339262295828
2024-06-07 08:06:59,0.163049789,0.0330852785221869,1.5592794,231.1378792229993,231.35293305082587
2024-06-07 08:07:03,0.16304617,0.0330845738620088,1.55924619,231.13725508510345,231.3527639910179
2024-06-07 08:07:07,0.163045265,0.0330840612275642,1.55922203,231.13867339700982,231.35463738382177
2024-06-07 08:07:11,0.163052504,0.033084830179231,1.55925827,231.1422038979299,231.3586229684483
2024-06-07 08:07:16,0.163049488,0.0330839971482587,1.55921901,231.14289384097148,231.35988177007172
2024-06-07 08:07:20,0.163050393,0.033083228408775,1.55918278,231.1478621513218,231.36530517044585
2024-06-07 08:07:24,0.163058839,0.0330849583378422,1.55926431,231.14731469411896,231.3652128060733
2024-06-07 08:07:28,0.163054013,0.0330852144428813,1.55927638,231.13982518864432,231.3581783962348
2024-06-07 08:07:33,0.163059443,0.0330856629980203,1.55929752,231.14297598880054,231.36189806988065
2024-06-07 08:07:37,0.163065476,0.0330860474738537,1.55931564,231.14730204529133,231.36667922831785
2024-06-07 08:07:41,0.163060046,0.033085855235937,1.55930658,231.14166783519582,231.36150012297207
2024-06-07 08:07:45,0.163060951,0.0330839330689531,1.55921599,231.15320430967003,231.37349170499863
2024-06-07 08:07:50,0.163070001,0.0330845738620088,1.55924619,231.1594429345371,231.38029921824605
2024-06-07 08:07:54,0.163070001,0.0330848942585366,1.55926129,231.15716317509117,231.3784745726554
2024-06-07 08:07:58,0.163061253,0.0330847020206199,1.55925223,231.147695114861,231.3694616290805
2024-06-07 08:08:02,0.163069096,0.0330842534654809,1.55923109,231.15885658458495,231.38107821825892
2024-06-07 08:08:06,0.163070302,0.0330849583378422,1.55926431,231.1557806744487,231.3784574303756
2024-06-07 08:08:10,0.163069397,0.033084830179231,1.55925827,231.15500973922286,231.3781416202002
2024-06-07 08:08:14,0.163072414,0.0330843816240921,1.55923713,231.16059510023874,231.38418210906332
2024-06-07 08:08:19,0.163076336,0.0330839330689531,1.55921599,231.16711253020134,231.39126845276667
2024-06-07 08:08:23,0.163070604,0.0330841253068698,1.55922505,231.15893946290504,231.38355051960724
2024-06-07 08:08:27,0.163076336,0.0330845097827032,1.55924317,231.1629176676921,231.38798386132527
2024-06-07 08:08:31,0.163080257,0.0330843175447865,1.55923411,231.1680878839644,231.3936092173216
2024-06-07 08:08:35,0.163079955,0.0330850862842702,1.55927034,231.16290557988165,231.3888820557553
2024-06-07 08:08:39,0.163075732,0.0330834845138141,1.55919485,231.1666936858557,231.39312530703717
2024-06-07 08:08:44,0.163074827,0.0330845097827032,1.55924317,231.15923974626324,231.38624030300363
2024-06-07 08:08:48,0.163080257,0.0330845097827032,1.55924317,231.165058631581,231.3925143399067
2024-06-07 08:08:52,0.163088402,0.0330849583378422,1.55926431,231.17145974048174,231.39937060318132
2024-06-07 08:08:56,0.163089307,0.0330840612275642,1.55922203,231.1771599820363,231.40552600189744
2024-06-07 08:09:00,0.163085385,0.0330843816240921,1.55923713,231.17034819406294,231.39916937387235
2024-06-07 08:09:04,0.1630881,0.0330840612275642,1.55922203,231.17485501016614,231.40413135270967
2024-06-07 08:09:09,0.163090212,0.0330831643294694,1.55917976,231.18183523255325,231.4116805324305
2024-06-07 08:09:13,0.163090514,0.0330835485931197,1.55919787,231.17954017720206,231.4098406460781
2024-06-07 08:09:17,0.163093832,0.0330820749812748,1.55912842,231.19131335749563,231.42206899815324
2024-06-07 08:09:21,0.1630881,0.0330831643294694,1.55917976,231.1780293038389,231.4092401190599
2024-06-07 08:09:25,0.16308991,0.0330824594571082,1.55914654,231.18368079851882,231.4153467910841
2024-06-07 08:09:30,0.16309353,0.0330829080122472,1.55916768,231.18473960149376,231.4169745696485
2024-06-07 08:09:34,0.163093228,0.0330825235364138,1.55914956,231.186125631458,231.41881578321045
2024-06-07 08:09:38,0.163094435,0.0330832924880806,1.5591858,231.18268482380398,231.4158301619318
2024-06-07 08:09:42,0.163098055,0.0330831002501639,1.55917674,231.18750761297972,231.4211081402597
2024-06-07 08:09:46,0.163097753,0.0330825876157193,1.55915258,231.18962375400062,231.42367947320844
2024-06-07 08:09:51,0.16310077,0.0330823953778026,1.55914352,231.19363611463936,231.42826082765885
2024-06-07 08:09:55,0.163105295,0.0330822031398859,1.55913446,231.1995048669138,231.43458477810285
2024-06-07 08:09:59,0.163104692,0.033081754584747,1.55911332,231.20090837980317,231.43644349193423
2024-06-07 08:10:03,0.163103485,0.0330823953778026,1.55914352,231.19540776385338,231.43139807969783
2024-06-07 08:10:07,0.163101977,0.0330820109019692,1.5591254,231.19540038700632,231.43184590933453
2024-06-07 08:10:12,0.163103183,0.03308117808318,1.55908615,231.20096974085249,231.43798427517967
2024-06-07 08:10:16,0.163099563,0.0330804091315132,1.55904991,231.20071240450017,231.43818215154064
2024-06-07 08:10:20,0.163105898,0.0330818186640525,1.55911634,231.19954704195018,231.4374720044709
2024-06-07 08:10:24,0.163114646,0.0330805372901243,1.55905595,231.21650160773066,231.45488178849752
2024-06-07 08:10:28,0.163114345,0.0330820109019692,1.5591254,231.20730221443185,231.44613761620965
2024-06-07 08:10:33,0.16310982,0.0330820749812748,1.55912842,231.2011392886484,231.44054372057624
2024-06-07 08:10:37,0.163112233,0.0330818186640525,1.55911634,231.20493272768655,231.4447923868422
2024-06-07 08:10:41,0.163110725,0.0330805372901243,1.55905595,231.21003578113655,231.45035067028127
2024-06-07 08:10:45,0.163114345,0.0330823312984971,1.5591405,231.20354205048332,231.4443121723773
2024-06-07 08:10:49,0.163117965,0.0330823312984971,1.5591405,231.20726982579606,231.4484951831983
2024-06-07 08:10:54,0.163124299,0.0330827157743305,1.55915862,231.21182930956743,231.4536237152333
2024-06-07 08:10:58,0.163118568,0.0330832924880806,1.5591858,231.2014660579849,231.4437157053628
2024-06-07 08:11:02,0.163120378,0.0330808576866522,1.55907105,231.21697511812192,231.45968000996723
2024-06-07 08:11:06,0.163125204,0.0330810499245688,1.55908011,231.22100132416978,231.4641614632368
2024-06-07 08:11:11,0.163127618,0.0330819468226637,1.55912238,231.21811113157358,231.46184033353904
2024-06-07 08:11:15,0.163126109,0.0330825235364138,1.55914956,231.21262609016358,231.4568105455435
2024-06-07 08:11:19,0.163136064,0.0330828439329416,1.55916466,231.22184851868758,231.4664882302324
2024-06-07 08:11:23,0.163131238,0.0330818186640525,1.55911634,231.22165874023108,231.4667537106901
2024-06-07 08:11:27,0.163137874,0.0330826516950249,1.5591556,231.22412489082942,231.46967512295075
2024-06-07 08:11:32,0.163130936,0.0330827157743305,1.55915862,231.21517363229222,231.46129294535416
2024-06-07 08:11:36,0.163133952,0.0330822031398859,1.55913446,231.2211244738168,231.46769905471987
2024-06-07 08:11:40,0.163136667,0.0330824594571082,1.55914654,231.2223459504201,231.46937580190863
2024-06-07 08:11:44,0.163139081,0.0330815625590134,1.55910427,231.22979105207963,231.4772761768965
2024-06-07 08:11:49,0.163141494,0.0330821390605804,1.55913144,231.2287251045212,231.476779324854
2024-06-07 08:11:53,0.163137874,0.0330816905054414,1.5591103,231.22664280235153,231.47515230217988
2024-06-07 08:11:57,0.163143002,0.0330821390605804,1.55913144,231.22955710729846,231.4785218893614
2024-06-07 08:12:01,0.163143002,0.0330818827433581,1.55911936,231.23056246351092,231.47998253054615
2024-06-07 08:12:06,0.163148432,0.0330828439329416,1.55916466,231.2307905509018,231.4807797280004
2024-06-07 08:12:10,0.163146321,0.0330830361708583,1.55917372,231.2268005109061,231.4772449791324
2024-06-07 08:12:14,0.163146622,0.0330821390605804,1.55913144,231.23180520652912,231.48270496861664
2024-06-07 08:12:18,0.163153862,0.0330824594571082,1.55914654,231.23789017725673,231.48924523593791
2024-06-07 08:12:22,0.163160499,0.033083804910342,1.55920995,231.23743670786163,231.4892470658675
2024-06-07 08:12:27,0.163153259,0.0330816905054414,1.5591103,231.2405511440677,231.492930630068
2024-06-07 08:12:31,0.163152655,0.0330816264261358,1.55910728,231.23976306858228,231.4925978600474
2024-06-07 08:12:35,0.163152052,0.0330815625590134,1.55910427,231.23897493540778,231.49226503506463
2024-06-07 08:12:39,0.163163817,0.0330824594571082,1.55914654,231.24700318980516,231.50074860037915
2024-06-07 08:12:43,0.163162007,0.0330827157743305,1.55915862,231.24299558848605,231.49719631270145
2024-06-07 08:12:48,0.16316442,0.0330824594571082,1.55914654,231.2466755255799,231.50144539567592
2024-06-07 08:12:52,0.163160499,0.0330822672191915,1.55913748,231.24278491065166,231.4980101005136
2024-06-07 08:12:56,0.163165023,0.0330820749812748,1.55912842,231.24865292530103,231.50433343764877
2024-06-07 08:13:01,0.163166833,0.0330826516950249,1.5591556,231.24688844674088,231.50313811601853
2024-06-07 08:13:05,0.163170755,0.0330829720915527,1.5591707,231.24913910718732,231.50584410506545
2024-06-07 08:13:09,0.16316623,0.0330809858452633,1.55907709,231.25477551618627,231.51193584538024
2024-06-07 08:13:13,0.163172263,0.033081754584747,1.55911332,231.2569101962388,231.51452585946265
2024-06-07 08:13:17,0.16316985,0.0330814984797078,1.55910125,231.25512618489014,231.5131971848565
2024-06-07 08:13:22,0.163174677,0.0330827157743305,1.55915862,231.25319678504678,231.5118369597538
2024-06-07 08:13:26,0.163175883,0.0330816905054414,1.5591103,231.25997875803347,231.5190742755813
2024-06-07 08:13:30,0.163169247,0.0330816905054414,1.5591103,231.25185501933686,231.5114058824336
2024-06-07 08:13:38,0.163178296,0.0330810499245688,1.55908011,231.26505247830514,231.52551404061816
2024-06-07 08:13:43,0.163177391,0.0330810499245688,1.55908011,231.26343747052445,231.52446822534048
2024-06-07 08:13:47,0.163172867,0.0330798324177631,1.55902273,231.26469424020468,231.52618035206297
2024-06-07 08:13:51,0.163181011,0.0330815625590134,1.55910427,231.26378789656968,231.5257293681708
2024-06-07 08:13:55,0.16318614,0.0330813703210967,1.55909521,231.2703553174374,231.5327521514804
2024-06-07 08:13:59,0.163184933,0.0330825876157193,1.55915258,231.26156645424106,231.5244186534236
2024-06-07 08:14:08,0.16318614,0.0330815625590134,1.55910427,231.26777955269424,231.53165633329616
2024-06-07 08:14:12,0.163189156,0.0330819468226637,1.55912238,231.2686189761497,231.5329511306482
2024-06-07 08:14:16,0.163187045,0.0330807936073466,1.55906803,231.2722979747434,231.5370855058297
2024-06-07 08:14:20,0.16318433,0.033081754584747,1.55911332,231.26322724097233,231.5284701513363
2024-06-07 08:14:29,0.163190966,0.0330816905054414,1.5591103,231.27023628393965,231.5365038075051
2024-06-07 08:14:33,0.163198809,0.0330816264261358,1.55910728,231.27920936448444,231.5459322760589
2024-06-07 08:14:37,0.163193078,0.0330813703210967,1.55909521,231.27359130349276,231.54076960575964
2024-06-07 08:14:41,0.163195793,0.0330806654487354,1.55906199,231.28029167222212,231.54792536786312
2024-06-07 08:14:50,0.163196094,0.0330818186640525,1.55911634,231.273040676312,231.541699016842
2024-06-07 08:14:54,0.163195491,0.0330810499245688,1.55908011,231.2762707882849,231.54538453089407
2024-06-07 08:14:58,0.163200921,0.0330816264261358,1.55910728,231.27880370701038,231.54837285437395
2024-06-07 08:15:02,0.163201524,0.0330811140038744,1.55908313,231.2819663981082,231.5519909528996
2024-06-07 08:15:06,0.163205446,0.0330806013694299,1.55905897,231.28896594439416,231.55944590928544
2024-06-07 08:15:10,0.163203032,0.0330814344004023,1.55909823,231.280971637318,231.5519070149795
2024-06-07 08:15:15,0.163208161,0.033080729528041,1.55906501,231.29034809625784,231.56185274363492
2024-06-07 08:15:19,0.163205747,0.0330793199955017,1.55899858,231.29513955102695,231.56709961717672
2024-06-07 08:15:23,0.163207256,0.0330804732108187,1.55905293,231.28985279142725,231.5622682790149
2024-06-07 08:15:31,0.163211781,0.033080729528041,1.55906501,231.29270975095127,231.56603608940344
2024-06-07 08:15:35,0.163212384,0.0330800887349853,1.55903481,231.29660474742587,231.5703865153015
2024-06-07 08:15:39,0.16321721,0.0330806654487354,1.55906199,231.2984381155927,231.57267531555036
2024-06-07 08:15:44,0.163218719,0.0330808576866522,1.55907105,231.29851656105137,231.5733230548477
2024-06-07 08:15:52,0.16321902,0.033080280972902,1.55904387,231.3012418526442,231.5769592252092
2024-06-07 08:15:56,0.163222037,0.0330803450522076,1.55904689,231.30390758082487,231.5800803967523
2024-06-07 08:16:00,0.16322807,0.0330806013694299,1.55905897,231.30896250406676,231.58559076600636
2024-06-07 08:16:04,0.16322626,0.0330820109019692,1.5591254,231.29837844583005,231.57546215643004
2024-06-07 08:16:09,0.16322988,0.0330804091315132,1.55904991,231.31112560901695,231.5887786341636
2024-06-07 08:16:13,0.163221735,0.0330792559161961,1.55899556,231.3078333876814,231.58594186744037
2024-06-07 08:16:17,0.163231388,0.0330798964970686,1.55902575,231.31488064463764,231.5934445816514
2024-06-07 08:16:21,0.163224752,0.0330790636782794,1.5589865,231.31150537443105,231.5905247713405
2024-06-07 08:16:26,0.163228674,0.0330795763127239,1.55901066,231.31254526355158,231.5921339890416
2024-06-07 08:16:30,0.16322807,0.0330794481541128,1.55900462,231.31212260589723,231.5921667972184
2024-06-07 08:16:34,0.163232595,0.0330792559161961,1.55899556,231.31799280403632,231.5984924638238
2024-06-07 08:16:38,0.163234405,0.0330792559161961,1.55899556,231.3196291051661,231.6005842360532
2024-06-07 08:16:42,0.16323712,0.0330795763127239,1.55901066,231.32048411439598,231.6018947190144
2024-06-07 08:16:46,0.163238327,0.0330793199955017,1.55899858,231.32288530255272,231.6047513835323
2024-06-07 08:16:51,0.163237422,0.0330792559161961,1.55899556,231.32163550471947,231.604070934846
2024-06-07 08:16:55,0.16324074,0.0330787432817516,1.5589714,231.32793823939485,231.61082915179315
2024-06-07 08:16:59,0.163241645,0.0330804732108187,1.55905293,231.31866284002686,231.602009237321
2024-06-07 08:17:03,0.163252806,0.0330807936073466,1.55906803,231.32927822725597,231.6130801120682
2024-06-07 08:17:07,0.16324798,0.0330794481541128,1.55900462,231.33091887541113,231.61517625036183
2024-06-07 08:17:12,0.163254315,0.033079127757585,1.55898952,231.33949813087486,231.62432487218084
2024-06-07 08:17:16,0.163250996,0.0330794481541128,1.55900462,231.333379535881,231.61866177321477
2024-06-07 08:17:20,0.163256728,0.0330797044713351,1.5590167,231.33808645891878,231.6238241948948
2024-06-07 08:17:24,0.163250996,0.0330788714403627,1.55897744,231.3357578251816,231.6219510624125
2024-06-07 08:17:33,0.163250695,0.0330781024886959,1.5589412,231.33877096213277,231.62598908673007
2024-06-07 08:17:37,0.163255521,0.0330784228852237,1.5589563,231.34206544546436,231.6297390797948
2024-06-07 08:17:41,0.163256728,0.0330788073610571,1.55897442,231.34081187023068,231.62894101689903
2024-06-07 08:17:45,0.163253108,0.0330794481541128,1.55900462,231.3325179021445,231.6211025637536
2024-06-07 08:17:50,0.163252806,0.0330790636782794,1.5589865,231.33379236128908,231.6229464202314
2024-06-07 08:17:54,0.163258236,0.0330787432817516,1.5589714,231.34143973363555,231.6310493133681
2024-06-07 08:17:58,0.163254918,0.0330800246556798,1.55903179,231.32984119324217,231.6199062963616
2024-06-07 08:18:02,0.163257935,0.0330798324177631,1.55902273,231.33396871040202,231.62448933950307
2024-06-07 08:18:06,0.163261856,0.0330793199955017,1.55899858,231.34096726330336,231.63194342097896
2024-06-07 08:18:11,0.163260951,0.033079127757585,1.55898952,231.34044844924298,231.6319940212799
2024-06-07 08:18:15,0.163265174,0.0330793199955017,1.55899858,231.34377686680588,231.63577797324416
2024-06-07 08:18:23,0.163263063,0.033078230647307,1.55894724,231.34663985144607,231.6395520344447
2024-06-07 08:18:27,0.163264571,0.0330781024886959,1.5589412,231.34865819270033,231.6420259178541
2024-06-07 08:18:32,0.163261554,0.0330781024886959,1.5589412,231.34460194100419,231.6385390974808
2024-06-07 08:18:36,0.163269398,0.0330778463836568,1.55892913,231.35467286034958,231.64906556478505
2024-06-07 08:18:40,0.163271811,0.0330790636782794,1.5589865,231.350062068361,231.6449103233316
2024-06-07 08:18:44,0.163267286,0.0330779104629623,1.55893215,231.350955306607,231.64625911468696
2024-06-07 08:18:48,0.163267286,0.0330791918368905,1.55899254,231.34319043132263,231.6389497950842
2024-06-07 08:18:57,0.163270303,0.0330787432817516,1.5589714,231.348210795537,231.64499516897652
2024-06-07 08:19:01,0.163273922,0.0330778463836568,1.55892913,231.35705421009595,231.65429414756304
2024-06-07 08:19:05,0.163268191,0.033078230647307,1.55894724,231.34778306190742,231.64547856596565
2024-06-07 08:19:09,0.163274224,0.0330782947266126,1.55895026,231.35393442436813,231.6520854975792
2024-06-07 08:19:18,0.163276637,0.0330789995989738,1.55898348,231.35167711965042,231.65085323281076
2024-06-07 08:19:22,0.163277844,0.0330784869645293,1.55895932,231.35554087634728,231.6551725669716
2024-06-07 08:19:26,0.163287195,0.0330787432817516,1.5589714,231.36443016914893,231.66451743979016
2024-06-07 08:19:30,0.163277844,0.033078230647307,1.55894724,231.35609194674123,231.6566347999502
2024-06-07 08:19:39,0.163286592,0.0330793199955017,1.55899858,231.35896255422,231.6605304775221
2024-06-07 08:19:43,0.163292625,0.0330789995989738,1.55898348,231.367307133524,231.66933064766965
2024-06-07 08:19:47,0.163282972,0.033078679202446,1.55896838,231.35752331328527,231.6600024208164
2024-06-07 08:19:51,0.163282671,0.0330784869645293,1.55895932,231.35781653900645,231.66075124246288
2024-06-07 08:19:55,0.163288704,0.0330787432817516,1.5589714,231.36287111054244,231.66626141246184
2024-06-07 08:20:00,0.163295944,0.0330797685506406,1.55901972,231.36481971642095,231.66877951998453
2024-06-07 08:20:04,0.163291117,0.0330788714403627,1.55897744,231.3639035869153,231.66831899464395
2024-06-07 08:20:08,0.163289307,0.0330793840748072,1.5590016,231.35843161038963,231.6633026248141
2024-06-07 08:20:12,0.163291419,0.0330798324177631,1.55902273,231.35785910551553,231.6631857291644
2024-06-07 08:20:16,0.163296547,0.0330800887349853,1.55903481,231.3618675420102,231.66764977741
2024-06-07 08:20:21,0.163296849,0.0330786151231404,1.55896536,231.3700541381042,231.6764058917421
2024-06-07 08:20:25,0.163299564,0.0330792559161961,1.55899556,231.3690803555378,231.6758877266032
2024-06-07 08:20:29,0.163300167,0.0330799605763742,1.55902877,231.3653014443081,231.67256443532037
2024-06-07 08:20:33,0.163293832,0.0330784869645293,1.55895932,231.3659316547082,231.6736502681846
2024-06-07 08:20:37,0.163297452,0.0330790636782794,1.5589865,231.36636941097942,231.6745436494349
2024-06-07 08:20:42,0.163297754,0.033078679202446,1.55896838,231.36834244745248,231.6770862206652
2024-06-07 08:20:46,0.16330258,0.0330789995989738,1.55898348,231.3716362891687,231.6808356930112
2024-06-07 08:20:50,0.163303183,0.0330791918368905,1.55899254,231.37078075021384,231.68043578719397
2024-06-07 08:20:54,0.163303485,0.0330789355196683,1.55898046,231.37213653579553,231.6822472084189
2024-06-07 08:20:59,0.163303183,0.0330788073610571,1.55897442,231.3719491713595,231.6826293920569
2024-06-07 08:21:03,0.163299865,0.0330779745422679,1.55893517,231.37241055617645,231.68354641814648
2024-06-07 08:21:11,0.163305597,0.0330781665680015,1.55894422,231.3770283041035,231.68907545611145
2024-06-07 08:21:15,0.163310122,0.0330791918368905,1.55899254,231.37595237825624,231.68845517902488
2024-06-07 08:21:20,0.163300468,0.0330781024886959,1.5589412,231.37044094345418,231.6835133086772
2024-06-07 08:21:24,0.163303485,0.0330767570354621,1.55887779,231.3811492955419,231.6946773151283
2024-06-07 08:21:32,0.163310423,0.0330788073610571,1.55897442,231.37655741061653,231.69099674638656
2024-06-07 08:21:36,0.16330982,0.0330775900664345,1.55891705,231.3823506779124,231.69724567549804
2024-06-07 08:21:40,0.163308312,0.0330779745422679,1.55893517,231.37795830067734,231.6933089625581
2024-06-07 08:21:45,0.163308915,0.0330776541457401,1.55892007,231.37991382788772,231.6958340736205
2024-06-07 08:21:53,0.163310423,0.0330783588059182,1.55895328,231.37672454203897,231.69355612997435
2024-06-07 08:21:57,0.163309217,0.0330771415112955,1.55889591,231.38182104588685,231.699108308629
2024-06-07 08:22:01,0.163310122,0.0330781024886959,1.5589412,231.37692784932864,231.6946707893448
2024-06-07 08:22:06,0.163313138,0.0330789355196683,1.55898046,231.37509071232424,231.6934032523988
2024-06-07 08:22:10,0.163315853,0.0330771415112955,1.55889591,231.38800984786045,231.7067780707516
2024-06-07 08:22:14,0.163311027,0.0330768211147677,1.55888081,231.38380469132116,231.7030285994884
2024-06-07 08:22:18,0.16331525,0.0330762446132007,1.55885364,231.39151988476434,231.71119948066476
2024-06-07 08:22:27,0.163310423,0.033078230647307,1.55894724,231.37358249290568,231.69428739517733
2024-06-07 08:22:31,0.16331887,0.0330775259871289,1.55891403,231.38691040834516,231.7080710063192
2024-06-07 08:22:35,0.163316155,0.0330765007182399,1.55886571,231.38916763964664,231.71078393577
2024-06-07 08:22:39,0.163314948,0.0330769492733788,1.55888685,231.38475711366846,231.70682911038563
2024-06-07 08:22:48,0.163325506,0.0330774619078234,1.55891101,231.3930090446626,231.71610637664105
2024-06-07 08:22:52,0.163319775,0.0330772055906011,1.55889893,231.3873923263575,231.7109453668577
2024-06-07 08:22:56,0.163319171,0.0330770133526844,1.55888987,231.38733557098547,231.7113443224415
2024-06-07 08:23:00,0.163323696,0.0330776541457401,1.55892007,231.38845291864587,231.71291738348947
2024-06-07 08:23:09,0.163317361,0.033076628876851,1.55887175,231.38595662693183,231.7114464557756
2024-06-07 08:23:13,0.163324903,0.0330777823043512,1.55892611,231.3876354777696,231.7135810278869
2024-06-07 08:23:17,0.163329126,0.0330773978285178,1.55890799,231.39425469179145,231.72065596560344
2024-06-07 08:23:21,0.163333651,0.0330779745422679,1.55893517,231.39573752289272,231.72259452281816
2024-06-07 08:23:26,0.163334858,0.0330774619078234,1.55891101,231.3994884873199,231.72691514828452
2024-06-07 08:23:30,0.163343002,0.0330775900664345,1.55891705,231.4077139030852,231.73559629559605
2024-06-07 08:23:34,0.163346622,0.0330765007182399,1.55886571,231.41765971170824,231.74599783817592
2024-06-07 08:23:38,0.163340589,0.0330764366389343,1.55886269,231.4105967498472,231.73939061267964
2024-06-07 08:23:43,0.163346622,0.0330772055906011,1.55889893,231.412611058262,231.74197459493283
2024-06-07 08:23:47,0.163347226,0.0330772055906011,1.55889893,231.41285340766288,231.7426726861072
2024-06-07 08:23:51,0.163345416,0.0330774619078234,1.55891101,231.40884275729772,231.73911777991535
2024-06-07 08:23:55,0.163353259,0.0330771415112955,1.55889591,231.41928049548164,231.75001126466964
2024-06-07 08:24:04,0.163355371,0.0330781024886959,1.5589412,231.41521100062263,231.7469672083455
2024-06-07 08:24:08,0.163358689,0.0330781665680015,1.55894422,231.4182242771754,231.75043623924176
2024-06-07 08:24:12,0.163361705,0.0330786151231404,1.55896536,231.41869401764103,231.7513617364372
2024-06-07 08:24:16,0.163370453,0.033078230647307,1.55894724,231.43054332999802,231.76366680790755
2024-06-07 08:24:20,0.163365325,0.0330775900664345,1.55891705,231.42781735556775,231.76139659497173
2024-06-07 08:24:25,0.163370152,0.0330784869645293,1.55895932,231.42770689005954,231.76185583467588
2024-06-07 08:24:29,0.163374375,0.0330788073610571,1.55897442,231.43030296643903,231.76490767789755
2024-06-07 08:24:33,0.163377995,0.0330786151231404,1.55896536,231.43512830991722,231.7701887905905
2024-06-07 08:24:37,0.163375582,0.0330779104629623,1.55893215,231.43590617521087,231.7714224274688
2024-06-07 08:24:41,0.16337528,0.0330781665680015,1.55894422,231.43363940586184,231.76961143207168
2024-06-07 08:24:46,0.16337709,0.0330772696699067,1.55890195,231.44028162982138,231.776823376796
2024-06-07 08:24:50,0.163381012,0.0330768851940733,1.55888383,231.44655381087833,231.78355133712145
2024-06-07 08:24:54,0.16338252,0.0330773978285178,1.55890799,231.44491436292057,231.78236767079088
2024-06-07 08:24:58,0.163379202,0.0330773337492122,1.55890497,231.4409894972586,231.778898589112
2024-06-07 08:25:02,0.163387648,0.0330787432817516,1.5589714,231.44224869054693,231.7806135687367
2024-06-07 08:25:06,0.163394888,0.0330789355196683,1.55898046,231.4490629969095,231.7878836637863
2024-06-07 08:25:11,0.163387045,0.0330765007182399,1.55886571,231.45332897734278,231.79271938337968
2024-06-07 08:25:15,0.163388553,0.0330775259871289,1.55891403,231.44876265782167,231.78860885782453
2024-06-07 08:25:19,0.16338252,0.0330768211147677,1.55888081,231.4453581260973,231.78566012240785
2024-06-07 08:25:23,0.163396698,0.0330777182250456,1.55892309,231.4561673548113,231.79692514976875
2024-06-07 08:25:27,0.163394888,0.0330774619078234,1.55891101,231.45508298227773,231.7962965782184
2024-06-07 08:25:31,0.163403033,0.0330783588059182,1.55895328,231.45892026550814,231.80058966476568
2024-06-07 08:25:36,0.163398809,0.0330773337492122,1.55890497,231.45932098057241,231.80156013725357
2024-06-07 08:25:40,0.163400016,0.0330777182250456,1.55892309,231.4580650519469,231.80076001718567
2024-06-07 08:25:44,0.163401826,0.0330767570354621,1.55887779,231.46518929798114,231.8083400741021
2024-06-07 08:25:48,0.163397301,0.0330765007182399,1.55886571,231.46096690070172,231.80457349002688
2024-06-07 08:25:53,0.163409971,0.0330763086925063,1.55885666,231.4761380009863,231.82031436007784
2024-06-07 08:25:57,0.163399413,0.0330763086925063,1.55885666,231.46347886780276,231.80811104531276
2024-06-07 08:26:01,0.163406954,0.0330770133526844,1.55888987,231.46771555572218,231.8128035539636
2024-06-07 08:26:05,0.163403636,0.0330761805338951,1.55885062,231.4681801152388,231.81372393652177
2024-06-07 08:26:10,0.163416004,0.0330767570354621,1.55887779,231.47861368914158,231.82472729247087
2024-06-07 08:26:14,0.163418116,0.0330779745422679,1.55893517,231.4736467419075,231.82021617346587
2024-06-07 08:26:18,0.163414194,0.0330779745422679,1.55893517,231.46865795152257,231.81568321361112
2024-06-07 08:26:22,0.163409066,0.0330754115822283,1.55881438,231.476910098342,231.82439119325883
2024-06-07 08:26:26,0.163411178,0.0330762446132007,1.55885364,231.47413843830682,231.82207536834733
2024-06-07 08:26:30,0.163410876,0.033076052375284,1.55884458,231.47443128751308,231.82282405496983
2024-06-07 08:26:35,0.163415702,0.0330767570354621,1.55887779,231.47541566733307,231.8243782347796
2024-06-07 08:26:39,0.163416909,0.0330768851940733,1.55888383,231.47562306931243,231.82504147932292
2024-06-07 08:26:43,0.163419021,0.0330780386215735,1.55893819,231.47102200365867,231.8208962585164
2024-06-07 08:26:47,0.163429277,0.0330775259871289,1.55891403,231.48534716193507,231.8356772639204
2024-06-07 08:26:51,0.163429579,0.0330777182250456,1.55892309,231.48414258456248,231.83492853595288
2024-06-07 08:26:55,0.163425657,0.0330778463836568,1.55892913,231.47842191085775,231.8296637139279
2024-06-07 08:27:00,0.16342626,0.0330765647975454,1.55886873,231.4858675823207,231.8376792031848
2024-06-07 08:27:04,0.163425054,0.03307707743199,1.55889289,231.4810903307972,231.8333578084484
2024-06-07 08:27:08,0.163430785,0.03307707743199,1.55889289,231.48725841297613,231.8399817496796
2024-06-07 08:27:12,0.163430785,0.0330788073610571,1.55897442,231.47692388384343,231.83010308186147
2024-06-07 08:27:16,0.163434707,0.0330775900664345,1.55891705,231.487952221203,231.84158728279493
2024-06-07 08:27:21,0.16343169,0.0330783588059182,1.55895328,231.47950550524214,231.8337103994743
2024-06-07 08:27:25,0.16343712,0.0330769492733788,1.55888685,231.49337494905737,231.84803571193635
2024-06-07 08:27:29,0.163436517,0.0330773978285178,1.55890799,231.48966046349548,231.84477709727108
2024-06-07 08:27:33,0.163434405,0.0330766929561566,1.55887477,231.49078898900197,231.8463614959211
2024-06-07 08:27:38,0.163438327,0.0330778463836568,1.55892913,231.4881651217,231.8443074732037
2024-06-07 08:27:42,0.163435914,0.0330765007182399,1.55886571,231.49260529040072,231.84920352009257
2024-06-07 08:27:46,0.163440438,0.0330763086925063,1.55885666,231.49847515879097,231.8555292689082
2024-06-07 08:27:50,0.163436215,0.0330757319787562,1.55882948,231.49643194998043,231.85394194275733
2024-06-07 08:27:55,0.163440438,0.0330752834236172,1.55880834,231.50330533062586,231.86138517986475
2024-06-07 08:27:59,0.16343712,0.0330754756615339,1.5588174,231.49791623159618,231.85645196851087
2024-06-07 08:28:03,0.163442852,0.0330771415112955,1.55889591,231.49457134047168,231.85356296728668
2024-06-07 08:28:07,0.163449488,0.0330763086925063,1.55885666,231.50654217475864,231.86598969369544
2024-06-07 08:28:12,0.16345341,0.0330770133526844,1.55888987,231.50648070670437,231.86649809391284
2024-06-07 08:28:16,0.163448583,0.033076052375284,1.55884458,231.5059343835589,231.8664076678765
2024-06-07 08:28:20,0.163449488,0.033076052375284,1.55884458,231.5065245348229,231.86745371846132
2024-06-07 08:28:24,0.163446773,0.033075603820145,1.55882344,231.5054925369206,231.86687762208848
2024-06-07 08:28:28,0.163445265,0.0330749630270894,1.55879324,231.50695374308603,231.8687947319889
2024-06-07 08:28:32,0.16344255,0.0330750271063949,1.55879626,231.50299356514515,231.86529045998552
2024-06-07 08:28:37,0.163445868,0.0330745787634391,1.55877513,231.50881992004403,231.87168670039893
2024-06-07 08:28:41,0.163452203,0.0330745146841335,1.55877211,231.51605273793015,231.879375429167
2024-06-07 08:28:45,0.163441042,0.0330738098117723,1.55873889,231.50672205653427,231.87050066084555
2024-06-07 08:28:50,0.163444662,0.0330737457324667,1.55873587,231.5107026967259,231.8750511954588
2024-06-07 08:28:54,0.16344798,0.0330738738910779,1.55874191,231.51335006915346,231.8781544858827
2024-06-07 08:28:58,0.163445868,0.0330748348684782,1.5587872,231.5049634527059,231.870223789614
2024-06-07 08:29:02,0.163452203,0.0330741942876057,1.55875701,231.51548943333847,231.8812056926047
2024-06-07 08:29:06,0.1634516,0.0330740661289946,1.55875097,231.51506860048025,231.88124078428092
2024-06-07 08:29:10,0.163461856,0.0330743865255224,1.55876607,231.52463746936465,231.8912655798728
2024-06-07 08:29:14,0.163460046,0.033076052375284,1.55884458,231.51257321728,231.8796572566656
2024-06-07 08:29:19,0.163452505,0.0330736816531612,1.55873285,231.5168293281696,231.8844832816988
2024-06-07 08:29:23,0.163457935,0.0330730408601055,1.55870265,231.52631102293046,231.89442091020803
2024-06-07 08:29:27,0.163459745,0.0330738098117723,1.55873889,231.5235542969317,231.89212012011748
2024-06-07 08:29:31,0.163460046,0.0330740661289946,1.55875097,231.5219819775251,231.8910037387756
2024-06-07 08:29:36,0.163462158,0.033074450604828,1.55876909,231.52165690584562,231.8912485927049
2024-06-07 08:29:40,0.163460046,0.0330740661289946,1.55875097,231.5209561090109,231.8910037387756
2024-06-07 08:29:44,0.163461555,0.0330746426305615,1.55877814,231.51895100637853,231.88945458119488
2024-06-07 08:29:48,0.163465175,0.0330728488343719,1.5586936,231.53292772247065,231.90388724448175
2024-06-07 08:29:53,0.163474828,0.0330731690187166,1.55870869,231.54168699899765,231.9132164580109
2024-06-07 08:29:57,0.163470001,0.0330739379703834,1.55874493,231.53125781016183,231.90324322118
2024-06-07 08:30:01,0.163469398,0.0330751552650061,1.5588023,231.52315035573838,231.89559172089403
2024-06-07 08:30:05,0.163470604,0.0330750271063949,1.55879626,231.52482055599936,231.89771787742188
2024-06-07 08:30:09,0.163476638,0.0330759882959784,1.55884156,231.52584802672467,231.89920130654025
2024-06-07 08:30:14,0.163476336,0.0330757960580617,1.5588325,231.52602722433997,231.89995045513183
2024-06-07 08:30:18,0.163478146,0.0330755397408395,1.55882042,231.52912774244257,231.90350693639948
2024-06-07 08:30:22,0.163484481,0.0330747707891727,1.55878418,231.54038765543746,231.91522281467508
2024-06-07 08:30:26,0.163480258,0.0330743224462168,1.55876305,231.5376118568512,231.9129029834818
2024-06-07 08:30:30,0.163485989,0.0330743224462168,1.55876305,231.54378052025675,231.91952761638947
2024-06-07 08:30:34,0.163486291,0.0330746426305615,1.55877814,231.54184420145978,231.91804726920037
2024-06-07 08:30:39,0.163488402,0.0330743865255224,1.55876607,231.54517770184086,231.9219507370476
2024-06-07 08:30:43,0.163489006,0.0330738098117723,1.55873889,231.54871520752374,231.92594421906443
2024-06-07 08:30:47,0.163489911,0.0330753475029228,1.55881136,231.54051930909176,231.91820429906147
2024-06-07 08:30:51,0.163493832,0.033076628876851,1.55887175,231.53727452833346,231.915415498824
2024-06-07 08:30:55,0.163492927,0.0330761164545896,1.5588476,231.53870011467123,231.9172970677711
2024-06-07 08:30:59,0.163491721,0.0330741942876057,1.55875701,231.54783276179978,231.92688569959412
2024-06-07 08:31:04,0.163491419,0.0330740661289946,1.55875097,231.547645984583,231.92726890617257
2024-06-07 08:31:08,0.163493832,0.0330743865255224,1.55876607,231.54814851200217,231.9282274229656
2024-06-07 08:31:12,0.163496245,0.0330757960580617,1.5588325,231.54242793058248,231.92296283299413
2024-06-07 08:31:16,0.163495642,0.0330734894152445,1.55872379,231.55445503850206,231.9354459344329
2024-06-07 08:31:20,0.163501675,0.0330750911857005,1.55879928,231.55181993547893,231.9332668269965
2024-06-07 08:31:25,0.16350258,0.0330748989477838,1.55879022,231.55339449569888,231.93541138460236
2024-06-07 08:31:29,0.16349534,0.0330731690187166,1.55870869,231.55445482506238,231.9369277141924
2024-06-07 08:31:33,0.163499262,0.0330750271063949,1.55879626,231.54791488847323,231.9308437798864
2024-06-07 08:31:37,0.163501977,0.0330748348684782,1.5587872,231.5516956320925,231.93508052784213
2024-06-07 08:31:42,0.16350439,0.0330746426305615,1.55877814,231.55501333361627,231.93896823766863
2024-06-07 08:31:46,0.163507709,0.0330754115822283,1.55881438,231.55399982647407,231.93841073947024
2024-06-07 08:31:50,0.163508312,0.0330740661289946,1.55875097,231.56192925334514,231.9467961773273
2024-06-07 08:31:54,0.163507709,0.0330756678994506,1.55882646,231.5516231839928,231.93694612099972
2024-06-07 08:31:59,0.163504692,0.0330738738910779,1.55874191,231.55781727121695,231.94371022736652
2024-06-07 08:32:03,0.16350982,0.0330740661289946,1.55875097,231.56219035902149,231.94853933277045
2024-06-07 08:32:07,0.163506502,0.03307355349455,1.55872681,231.56082845679566,231.94763345017165
2024-06-07 08:32:11,0.163509217,0.0330734253359389,1.55872077,231.5642432798285,231.9515042948556
2024-06-07 08:32:16,0.163520077,0.0330747067098671,1.55878116,231.5689039555168,231.956735000449
2024-06-07 08:32:20,0.163518267,0.0330748348684782,1.5587872,231.56562330052708,231.95391037165209
2024-06-07 08:32:24,0.163520982,0.0330755397408395,1.55882042,231.56427744974775,231.95302054907845
2024-06-07 08:32:28,0.16351706,0.0330749630270894,1.55879324,231.56258365464979,231.9517827841956
2024-06-07 08:32:32,0.163516758,0.0330750271063949,1.55879626,231.5614123439336,231.9510675057004
2024-06-07 08:32:37,0.16352973,0.0330768211147677,1.55888081,231.56558449189006,231.95580969674856
2024-06-07 08:32:41,0.163524903,0.0330766929561566,1.55887477,231.56028148531237,231.9509627268924
2024-06-07 08:32:45,0.16352973,0.0330772055906011,1.55889893,231.56247536543245,231.95361264572847
2024-06-07 08:32:49,0.163530031,0.0330759242166729,1.55883854,231.5696897358336,231.9612830568367
2024-06-07 08:32:53,0.163519775,0.0330745787634391,1.55877513,231.5650677444975,231.9571171081951
2024-06-07 08:32:58,0.163528221,0.0330750911857005,1.55879928,231.57133215019164,231.96395157004685
2024-06-07 08:33:02,0.163524601,0.0330753475029228,1.55881136,231.56522687707746,231.9583023440861
2024-06-07 08:33:06,0.163519775,0.0330743865255224,1.55876607,231.56468421879802,231.95821573493603
2024-06-07 08:33:10,0.16352611,0.0330742583669113,1.55876003,231.57228349858283,231.96627106582267
2024-06-07 08:33:14,0.163526713,0.0330747707891727,1.55878418,231.56959590251927,231.96403952282975
2024-06-07 08:33:18,0.163530936,0.0330748348684782,1.5587872,231.5736550970306,231.96855477237705
2024-06-07 08:33:23,0.163526713,0.0330743865255224,1.55876607,231.57076589722556,231.9662356441251
2024-06-07 08:33:27,0.163527618,0.0330742583669113,1.55876003,231.57208842320279,231.96801422954712
2024-06-07 08:33:31,0.163536668,0.0330758601373673,1.55883552,231.57293901931658,231.9693208870592
2024-06-07 08:33:35,0.163527015,0.0330748348684782,1.5587872,231.56718446341546,231.9640223945065
2024-06-07 08:33:40,0.163535763,0.0330734894152445,1.55872379,231.5844164797651,231.98182449277837
2024-06-07 08:33:44,0.163534556,0.0330747067098671,1.55878116,231.57560760766776,231.9734716884038
2024-06-07 08:33:48,0.163539684,0.0330746426305615,1.55877814,231.58144538832042,231.9797655387175
2024-06-07 08:33:52,0.163542098,0.0330743865255224,1.55876607,231.58524355342018,231.9840197754129
2024-06-07 08:33:56,0.163536668,0.0330737457324667,1.55873587,231.5821732873828,231.98140558290223
2024-06-07 08:34:01,0.163534556,0.0330732330980222,1.55871171,231.58209191306537,231.98189430320303
2024-06-07 08:34:05,0.163534255,0.033072400279233,1.55867246,231.58604828952136,231.9863067575172
2024-06-07 08:34:09,0.163541494,0.0330741302083001,1.55875399,231.58407209018577,231.98478663795885
2024-06-07 08:34:13,0.163542399,0.0330738098117723,1.55873889,231.5864934966444,231.98766412611025
2024-06-07 08:34:18,0.163546321,0.0330725925171496,1.55868152,231.59741549146236,231.9991562257321
2024-06-07 08:34:22,0.163542701,0.0330739379703834,1.55874493,231.58508385822824,231.98728067848705
2024-06-07 08:34:26,0.163544209,0.0330741302083001,1.55875399,231.58527213023882,231.9879250383902
2024-06-07 08:34:30,0.163543606,0.033074450604828,1.55876909,231.58228767073575,231.98539666867947
2024-06-07 08:34:35,0.163547528,0.0330732330980222,1.55871171,231.59321056224562,231.99688967509576
2024-06-07 08:34:39,0.163540589,0.0330731690187166,1.55870869,231.58509940724196,231.98923461414543
2024-06-07 08:34:43,0.163548131,0.0330731690187166,1.55870869,231.59336172896485,231.9979530318094
2024-06-07 08:34:47,0.163545718,0.0330739379703834,1.55874493,231.5857207949946,231.9907681956642
2024-06-07 08:34:51,0.163549941,0.0330734894152445,1.55872379,231.59271034909668,231.99821384947165
2024-06-07 08:34:56,0.163547829,0.0330730408601055,1.55870265,231.5922629020583,231.99833652970332
2024-06-07 08:35:00,0.163545718,0.0330722721206218,1.55866642,231.5937609899702,232.00029072153748
2024-06-07 08:35:04,0.163554164,0.0330725925171496,1.55868152,231.60123700158584,232.0082228389434
2024-06-07 08:35:08,0.163549639,0.0330726565964552,1.55868454,231.5951836072642,232.0026255522764
2024-06-07 08:35:12,0.163557482,0.033074450604828,1.55876909,231.59353841662994,232.0014364711572
2024-06-07 08:35:17,0.163556879,0.03307355349455,1.55872681,231.59739953085563,232.00586772488745
