time,voltage,current,shunt_voltage,temperature,temperature old
2024-06-09 04:35:33,0.182332767,0.032624540464384,1.53756523,256.67668840716976,256.67668840716976
2024-06-09 04:35:37,0.182872134,0.0326151859466868,1.53712436,257.3726337917358,257.37401557134075
2024-06-09 04:35:42,0.18365856,0.0326060236669064,1.53669255,258.35881480857836,258.36192388793813
2024-06-09 04:35:46,0.183960823,0.0325994243471655,1.53638153,258.7578278054649,258.7623187848145
2024-06-09 04:35:50,0.184238048,0.0325917358914131,1.53601918,259.13475914733226,259.1406320801591
2024-06-09 04:35:54,0.184482693,0.0325822532151048,1.53557227,259.4854352678889,259.4926902076697
2024-06-09 04:36:03,0.184902603,0.032572129957924,1.53509517,260.04588563273234,260.05625028362937
2024-06-09 04:36:07,0.185086917,0.032568477861873,1.53492305,260.2866915462041,260.29843837778174
2024-06-09 04:36:11,0.185253735,0.0325645694485997,1.53473885,260.5086183616007,260.5217474272907
2024-06-09 04:36:15,0.185411503,0.0325595078200092,1.5345003,260.72767601595154,260.74218736917504
2024-06-09 04:36:20,0.185703509,0.0325563683584027,1.53435234,261.0921620921594,261.1084013799072
2024-06-09 04:36:24,0.185838049,0.0325546384293355,1.53427081,261.2614568833587,261.2790785787988
2024-06-09 04:36:28,0.185957808,0.0325539335569743,1.53423759,261.4063831879797,261.4253873444988
2024-06-09 04:36:32,0.186078472,0.0325471419993167,1.53391751,261.5935249273026,261.6139115982765
2024-06-09 04:36:36,0.186195214,0.0325462451012219,1.53387524,261.73623478219713,261.7580040209911
2024-06-09 04:36:41,0.186295063,0.032542721163782,1.53370916,261.8764190675452,261.8999165911427
2024-06-09 04:36:45,0.186400946,0.0325416318155874,1.53365782,262.0076273895221,262.03250760097217
2024-06-09 04:36:49,0.18650894,0.0325400941244369,1.53358535,262.1443842740465,262.1706472266794
2024-06-09 04:36:54,0.186696572,0.0325392613056476,1.5335461,262.3702253144753,262.3982167685662
2024-06-09 04:36:58,0.186782545,0.0325352888130687,1.53335888,262.49750692348323,262.5268812387109
2024-06-09 04:37:06,0.186953284,0.0325311881618787,1.53316562,262.72460387013064,262.75674406750693
2024-06-09 04:37:10,0.187032018,0.0325283690968,1.53303276,262.8355570665072,262.86908028487375
2024-06-09 04:37:14,0.187111957,0.0325262546918994,1.53293311,262.94316126233934,262.9780675549589
2024-06-09 04:37:19,0.187187674,0.0325248451593601,1.53286668,263.04063842915906,263.0772736394793
2024-06-09 04:37:23,0.187255849,0.0325242043663044,1.53283648,263.1243071703178,263.1623255746928
2024-06-09 04:37:27,0.187335789,0.0325227307544595,1.53276703,263.2275836838739,263.26698533553105
2024-06-09 04:37:31,0.187468519,0.0325210008253923,1.5326855,263.3951093150712,263.4358942672272
2024-06-09 04:37:35,0.187527342,0.032519142737714,1.53259793,263.47604103886545,263.51820934472585
2024-06-09 04:37:40,0.187600646,0.0325174128086468,1.5325164,263.57290665565466,263.6168042284495
2024-06-09 04:37:44,0.187657358,0.0325148500607904,1.53239562,263.6561767597874,263.7014578059594
2024-06-09 04:37:52,0.187780133,0.0325111338854338,1.53222048,263.8241959380432,263.872244090469
2024-06-09 04:37:56,0.187837448,0.0325099804579336,1.53216612,263.8985776583603,263.9480094436405
2024-06-09 04:38:01,0.187894462,0.0325088272426165,1.53211177,263.97226224774437,264.0234236488155
2024-06-09 04:38:05,0.187948761,0.0325076099479939,1.5320544,264.0435223977539,264.0960675512225
2024-06-09 04:38:09,0.188056755,0.0325060081775378,1.53197891,264.18102383107714,264.23495279005544
2024-06-09 04:38:13,0.18811226,0.0325049188293432,1.53192757,264.2528530586899,264.30816587627913
2024-06-09 04:38:17,0.18816505,0.0325048547500376,1.53192455,264.3144414166336,264.37113814592385
2024-06-09 04:38:22,0.188213316,0.0325034452174983,1.53185812,264.3795547907663,264.4379814843239
2024-06-09 04:38:30,0.188324025,0.0325004339145029,1.5317162,264.5286101671858,264.58980497602386
2024-06-09 04:38:34,0.18837772,0.0324999853593639,1.53169506,264.5939241146218,264.65650306067
2024-06-09 04:38:43,0.188465202,0.0324978068751578,1.53159239,264.7094306357495,264.77512408440083
2024-06-09 04:38:47,0.188559018,0.0324974866908131,1.5315773,264.82141488114553,264.8884926393193
2024-06-09 04:38:51,0.188609093,0.0324967177391463,1.53154106,264.884657115614,264.95311923630544
2024-06-09 04:38:56,0.188652834,0.0324972303735908,1.53156522,264.93123429965044,265.00142694799683
2024-06-09 04:39:00,0.188700194,0.0324949237307735,1.53145651,265.00184587713136,265.07342300719404
2024-06-09 04:39:08,0.188789787,0.0324924889293451,1.53134176,265.122022433452,265.1963686858128
2024-06-09 04:39:12,0.188831718,0.0324924250622227,1.53133875,265.17077631977725,265.2465072126972
2024-06-09 04:39:17,0.188870934,0.0324919765070837,1.53131761,265.2186171514039,265.29607891944727
2024-06-09 04:39:21,0.188916484,0.0324908230795835,1.53126325,265.2791717996888,265.3580183273567
2024-06-09 04:39:25,0.188984056,0.0324887729661716,1.53116663,265.3720196697806,265.45225100997266
2024-06-09 04:39:29,0.189025986,0.0324889011247827,1.53117267,265.4194568332605,265.50107303886483
2024-06-09 04:39:33,0.189068822,0.0324867867198821,1.53107302,265.4834401778852,265.56644130177875
2024-06-09 04:39:37,0.189096575,0.0324855692130764,1.53101564,265.5233598949801,265.60774599002843
2024-06-09 04:39:42,0.189130361,0.0324844800770649,1.53096431,265.56920371652063,265.65532109983707
2024-06-09 04:39:46,0.189172291,0.032484159680537,1.53094921,265.61974571903227,265.7072481924091
2024-06-09 04:39:50,0.1892103,0.0324845441563704,1.53096733,265.66077205614096,265.7496596724066
2024-06-09 04:39:54,0.18924288,0.0324831987031367,1.53090392,265.70731040205993,265.79758321403136
2024-06-09 04:39:58,0.189276062,0.0324817250912917,1.53083447,265.755452586351,265.84711064683376
2024-06-09 04:40:03,0.189356002,0.0324810842982361,1.53080427,265.852945286848,265.9463349822104
2024-06-09 04:40:07,0.189385565,0.0324814687740695,1.53082239,265.88395924039855,265.9787343030427
2024-06-09 04:40:11,0.189415429,0.0324796747656967,1.53073784,265.93039513850965,266.02655562120395
2024-06-09 04:40:15,0.18945012,0.0324778166780184,1.53065027,265.9830049645763,266.0805509200774
2024-06-09 04:40:24,0.189515278,0.0324751255593677,1.53052344,266.0757925524705,266.17645601461896
2024-06-09 04:40:28,0.189552684,0.0324757663524234,1.53055364,266.11433939114573,266.2163884974807
2024-06-09 04:40:32,0.189586771,0.0324760226696457,1.53056572,266.15161042380464,266.25504522703363
2024-06-09 04:40:36,0.189615127,0.0324757022731178,1.53055062,266.1860774739713,266.2908980267904
2024-06-09 04:40:40,0.189686621,0.03247538187659,1.53053552,266.2717146806193,266.377921035713
2024-06-09 04:40:45,0.189716183,0.0324744208991896,1.53049023,266.31170772456295,266.41964640656954
2024-06-09 04:40:49,0.189743333,0.0324737160268284,1.53045701,266.34741355432925,266.45673815710774
2024-06-09 04:40:53,0.189777722,0.0324724987322057,1.53039964,266.3952615645908,266.50597214078795
2024-06-09 04:40:57,0.1897919,0.0324698716928606,1.53027583,266.4289118924195,266.54100849467017
2024-06-09 04:41:01,0.189827797,0.0324693592705992,1.53025168,266.4736695260651,266.5871522069926
2024-06-09 04:41:05,0.189849517,0.0324679497380599,1.53018525,266.5078321321478,266.62270094436366
2024-06-09 04:41:10,0.189884208,0.0324684621603213,1.5302094,266.5437053115776,266.66030686187105
2024-06-09 04:41:14,0.189908039,0.0324671167070875,1.53014599,266.57993260160504,266.6979204015201
2024-06-09 04:41:18,0.189935791,0.0324668603898652,1.53013391,266.6132554112417,266.7326295133517
2024-06-09 04:41:22,0.189994313,0.0324651304607981,1.53005238,266.69332430731276,266.8140847641794
2024-06-09 04:41:26,0.190032624,0.0324669244691708,1.53013693,266.7249399097996,266.8470867739728
2024-06-09 04:41:31,0.190050422,0.0324658353331593,1.5300856,266.7518918218253,266.8757717690122
2024-06-09 04:41:35,0.190079985,0.0324639131661754,1.52999501,266.79894222719435,266.924208699882
2024-06-09 04:41:39,0.190109246,0.0324630160558975,1.52995273,266.8385159766185,266.9651690273185
2024-06-09 04:41:43,0.190132473,0.0324624395543305,1.52992556,266.8687022906665,266.99674197187846
2024-06-09 04:41:48,0.190158416,0.0324620550784971,1.52990744,266.9004317566829,267.0302047998446
2024-06-09 04:41:52,0.190178929,0.0324611579682192,1.52986516,266.92962870495415,267.06078849670894
2024-06-09 04:41:56,0.190233831,0.0324598125149854,1.52980175,267.0027636491011,267.1353102419101
2024-06-09 04:42:00,0.190256154,0.0324597484356798,1.52979873,267.0283190451957,267.1622524915082
2024-06-09 04:42:05,0.190290845,0.0324592360134184,1.52977458,267.07132825852494,267.2069953454553
2024-06-09 04:42:09,0.190321614,0.0324600047529021,1.52981081,267.10111386900076,267.2381679274019
2024-06-09 04:42:13,0.19034092,0.032459300092724,1.5297776,267.12754738842625,267.2659884707085
2024-06-09 04:42:17,0.190373198,0.0324596843563742,1.52979571,267.1617995080222,267.3016276665842
2024-06-09 04:42:21,0.190395219,0.0324577621893904,1.52970512,267.1999354150129,267.34115070224107
2024-06-09 04:42:25,0.19041905,0.0324577621893904,1.52970512,267.22683775024944,267.36944021851843
2024-06-09 04:42:34,0.190481493,0.0324560963396288,1.52962661,267.3094485956568,267.45517241269994
2024-06-09 04:42:38,0.190510754,0.0324557761552841,1.52961152,267.3450305767863,267.4921417450046
2024-06-09 04:42:42,0.190540317,0.0324558402345896,1.52961454,267.3782938382369,267.5267924099537
2024-06-09 04:42:46,0.190562036,0.0324542382519504,1.52953904,267.4138587122467,267.5637447397735
2024-06-09 04:42:50,0.190582549,0.032453725829689,1.52951489,267.44039850577053,267.5916720414066
2024-06-09 04:42:55,0.190609699,0.0324530209573278,1.52948167,267.4758148196038,267.62882281390387
2024-06-09 04:42:59,0.190625083,0.0324519318213163,1.52943034,267.50028935529735,267.6546849753359
2024-06-09 04:43:03,0.190647708,0.0324516114247885,1.52941524,267.5280012988269,267.6837845968638
2024-06-09 04:43:07,0.190673047,0.0324522522178441,1.52944544,267.5522306444499,267.70940167273307
2024-06-09 04:43:12,0.190721614,0.0324518677420107,1.52942732,267.6108470525158,267.76975281706154
2024-06-09 04:43:16,0.19074454,0.0324517395833996,1.52942128,267.63757637911937,267.7978699914244
2024-06-09 04:43:20,0.19076083,0.0324504582094714,1.52936089,267.66447621722995,267.8261577295025
2024-06-09 04:43:24,0.190771388,0.0324486001217931,1.52927332,267.68859781115066,267.8516672755867
2024-06-09 04:43:28,0.190804571,0.0324493047819712,1.52930653,267.7216960840041,267.8861535527875
2024-06-09 04:43:33,0.190832022,0.0324485360424875,1.5292703,267.7579292211517,267.9241217687341
2024-06-09 04:43:41,0.190870031,0.0324466138755036,1.52917971,267.8137202943611,267.98268913751986
2024-06-09 04:43:45,0.190894465,0.0324474466942929,1.52921896,267.83553237090985,268.00588944006057
2024-06-09 04:43:49,0.190935189,0.032446998351337,1.52919783,267.88564319326383,268.05738854052595
2024-06-09 04:43:54,0.190951479,0.0324461653203647,1.52915857,267.9090776221932,268.08255839036866
2024-06-09 04:43:58,0.190975913,0.0324460371617535,1.52915253,267.9376056983982,268.1124748619087
2024-06-09 04:44:02,0.190988583,0.0324450761843531,1.52910724,267.9579844433624,268.13424205428737
2024-06-09 04:44:10,0.191034133,0.0324445635499086,1.52908308,268.0128954235204,268.191930085463
2024-06-09 04:44:14,0.191052836,0.0324435384932027,1.52903477,268.040892224553,268.22131549007395
2024-06-09 04:44:19,0.191072746,0.0324425773036192,1.52898947,268.0695307192934,268.251689812453
2024-06-09 04:44:23,0.191090544,0.0324418085641355,1.52895324,268.0946629364896,268.2782107502773
2024-06-09 04:44:27,0.191114073,0.0324416163262188,1.52894418,268.1225700867586,268.3075066731764
2024-06-09 04:44:31,0.191148764,0.0324418726434411,1.52895626,268.1605980100157,268.3469234210531
2024-06-09 04:44:40,0.191191298,0.0324410396124687,1.528917,268.21383313345785,268.40328358991127
2024-06-09 04:44:44,0.191211208,0.0324399504764572,1.52886567,268.24372350661196,268.43456295656455
2024-06-09 04:44:52,0.191239564,0.0324392456040959,1.52883245,268.27957011615484,268.4731877089028
2024-06-09 04:44:57,0.191265506,0.0324396300799293,1.52885057,268.3059613016531,268.5013153390994
2024-06-09 04:45:01,0.191285717,0.0324396300799293,1.52885057,268.32858409247154,268.5253273440605
2024-06-09 04:45:05,0.191330665,0.0324389252075681,1.52881735,268.3855357489217,268.5836682665363
2024-06-09 04:45:09,0.191345144,0.0324395019213182,1.52884453,268.39730736096544,268.5968291964762
2024-06-09 04:45:14,0.191360831,0.0324384766524291,1.52879621,268.42139421765745,268.6226527734622
2024-06-09 04:45:18,0.191373802,0.0324363624597117,1.52869657,268.4502365498768,268.6528845402404
2024-06-09 04:45:22,0.19139341,0.0324362983804061,1.52869355,268.4725950791325,268.67663255588445
2024-06-09 04:45:26,0.191415431,0.0324366828562395,1.52871167,268.49467558809766,268.7001026030549
2024-06-09 04:45:30,0.191431419,0.0324359139045727,1.52867543,268.5176758342336,268.72449243920045
2024-06-09 04:45:35,0.191454043,0.0324364906183228,1.52870261,268.5387770437557,268.74733070906484
2024-06-09 04:45:39,0.19146973,0.0324364906183228,1.52870261,268.55602736115964,268.7659707329915
2024-06-09 04:45:43,0.191495069,0.0324346966099501,1.52861806,268.59733249126776,268.80866562138544
2024-06-09 04:45:47,0.19151347,0.0324329026015773,1.52853351,268.63039760523253,268.84312054538617
2024-06-09 04:45:52,0.191533078,0.0324333509445332,1.52855464,268.6488159763544,268.8632762518076
2024-06-09 04:45:56,0.191553591,0.032433222785922,1.5285486,268.6727030161902,268.8885532180711
2024-06-09 04:46:04,0.19158617,0.0324332868652276,1.52855162,268.70819020518974,268.9268204150397
2024-06-09 04:46:08,0.191606683,0.0324322618085217,1.52850331,268.73837491041184,268.95839520177776
2024-06-09 04:46:12,0.191612113,0.0324313649104268,1.52846104,268.74973583634574,268.971146260898
2024-06-09 04:46:16,0.191642279,0.0324311085932046,1.52844896,268.78599787310674,269.00879848250304
2024-06-09 04:46:21,0.191670032,0.0324314928568548,1.52846707,268.8145457633064,269.0390841763819
2024-06-09 04:46:25,0.191685115,0.0324299551657044,1.5283946,268.8418839391824,269.0678126532848
2024-06-09 04:46:29,0.191704722,0.0324305318794545,1.52842178,268.85974591222055,269.08706497896566
2024-06-09 04:46:33,0.191721012,0.0324300833243155,1.52840064,268.88086882568143,269.10957829667234
2024-06-09 04:46:42,0.191751178,0.0324286737917762,1.52833421,268.9235012214728,269.15533929062343
2024-06-09 04:46:46,0.191768071,0.0324284815538595,1.52832515,268.9435416555876,269.1767702966047
2024-06-09 04:46:50,0.191783757,0.0324284174745539,1.52832213,268.96124665483393,269.1958659192656
2024-06-09 04:46:54,0.191802158,0.032427969131598,1.528301,268.984880697346,269.2208906367274
2024-06-09 04:46:58,0.191816336,0.0324272001799312,1.52826476,269.0057499128949,269.24315057874827
2024-06-09 04:47:03,0.191845899,0.0324289301089984,1.52834629,269.0269881182971,269.2661272646736
2024-06-09 04:47:07,0.191869127,0.0324268797834034,1.52824966,269.0676280786671,269.308158067393
2024-06-09 04:47:11,0.191879383,0.0324273924178479,1.52827382,269.07482308993144,269.3167439724867
2024-06-09 04:47:15,0.191893561,0.0324261751232253,1.52821645,269.09884931113476,269.3421611389861
2024-06-09 04:47:19,0.191905326,0.0324257906473919,1.52819833,269.1141493371791,269.3588521617805
2024-06-09 04:47:24,0.191923727,0.0324252139336418,1.52817115,269.1383437072425,269.3847853501186
2024-06-09 04:47:28,0.191938207,0.0324253420922529,1.52817719,269.1532649062363,269.40109766158594
2024-06-09 04:47:32,0.191957815,0.0324266875454867,1.5282406,269.1657156218152,269.4149395410496
2024-06-09 04:47:36,0.191990394,0.0324253420922529,1.52817719,269.21252427000456,269.46313940452205
2024-06-09 04:47:41,0.192001555,0.0324251498543362,1.52816813,269.2254071660956,269.47776139197583
2024-06-09 04:47:45,0.192015432,0.0324236762424913,1.52809868,269.25088852758444,269.50463408434587
2024-06-09 04:47:49,0.192031721,0.0324236121631858,1.52809566,269.2693146835643,269.5244516225625
2024-06-09 04:47:57,0.192063697,0.0324231636080468,1.52807452,269.3077080076984,269.5656278651842
2024-06-09 04:48:01,0.192069127,0.0324230354494357,1.52806848,269.31367512818514,269.5729865218954
2024-06-09 04:48:06,0.192089338,0.0324226511857854,1.52805037,269.3386724175719,269.5997233037058
2024-06-09 04:48:10,0.192098991,0.0324218822341186,1.52801413,269.3541750778556,269.6166176156267
2024-06-09 04:48:14,0.19213519,0.0324214977582852,1.52799601,269.39853373215425,269.6623679728356
2024-06-09 04:48:18,0.192144542,0.0324216899962019,1.52800507,269.40690723400724,269.6721332288587
2024-06-09 04:48:22,0.192153893,0.0324204727015792,1.5279477,269.4252127484609,269.69183054872906
2024-06-09 04:48:27,0.192171088,0.0324204086222737,1.52794468,269.44437091264643,269.7127285417305
2024-06-09 04:48:31,0.192179836,0.0324200241464403,1.52792656,269.4560912539462,269.72584080370314
2024-06-09 04:48:35,0.192196729,0.0324188068518176,1.52786919,269.4833684974179,269.7545100190508
2024-06-09 04:48:39,0.192206382,0.0324180379001508,1.52783295,269.4988770398938,269.7714105845928
2024-06-09 04:48:43,0.192220258,0.0324180379001508,1.52783295,269.5139862312188,269.7879118501605
2024-06-09 04:48:47,0.192232928,0.0324177815829285,1.52782087,269.5294687441622,269.80478648851
2024-06-09 04:48:51,0.192248011,0.0324173332399727,1.52779974,269.5491754957357,269.82588541663944
2024-06-09 04:48:56,0.192276065,0.0324175893450118,1.52781181,269.57899159280913,269.857441806317
2024-06-09 04:49:00,0.192291752,0.0324163720503892,1.52775444,269.6048422621822,269.88468476728445
2024-06-09 04:49:04,0.192313773,0.032417141002056,1.52779068,269.6242139267949,269.90544877459786
2024-06-09 04:49:09,0.192320108,0.0324162438917781,1.5277484,269.6363372053108,269.9193125533376
2024-06-09 04:49:13,0.192336096,0.0324161157331669,1.52774236,269.65486364829724,269.939231453965
2024-06-09 04:49:17,0.192350877,0.0324165002090003,1.52776048,269.6683370590358,269.95409737340725
2024-06-09 04:49:21,0.192356608,0.0324154110729888,1.52770915,269.681446948535,269.9685998226593
2024-06-09 04:49:25,0.192372596,0.0324145139627109,1.52766687,269.7054018274076,269.99394731232053
2024-06-09 04:49:29,0.192386473,0.0324148984385443,1.52768499,269.7178001958575,270.00773834258126
2024-06-09 04:49:38,0.192421164,0.0324140015404495,1.52764272,269.76225988539454,270.05533170767256
2024-06-09 04:49:42,0.192435945,0.0324131044301715,1.52760044,269.7847829518206,270.0792476016383
2024-06-09 04:49:46,0.192452838,0.0324129121922548,1.52759138,269.8048412430597,270.10069877138164
2024-06-09 04:49:50,0.192467619,0.0324120793734656,1.52755213,269.82691241681465,270.1241628745921
2024-06-09 04:49:54,0.192479082,0.0324132966680882,1.5276095,269.83055625198716,270.1291996901575
2024-06-09 04:49:58,0.192492054,0.0324129762715604,1.5275944,269.8468561880576,270.1468926575448
2024-06-09 04:50:07,0.192513773,0.0324119512148545,1.52754609,269.87679824989226,270.1799692259624
2024-06-09 04:50:11,0.192526443,0.0324121434527712,1.52755515,269.88911804869434,270.19368222148995
2024-06-09 04:50:19,0.19257139,0.0324123354785047,1.5275642,269.93844023292115,270.2457909517518
2024-06-09 04:50:24,0.192574708,0.0324121434527712,1.52755515,269.94200253646346,270.2510949498388
2024-06-09 04:50:28,0.192582551,0.0324097086513428,1.5274404,269.9671489608785,270.277634787065
2024-06-09 04:50:32,0.192606684,0.0324102212857873,1.52746456,269.99084080897006,270.3027200987754
2024-06-09 04:50:36,0.192616639,0.0324092600962038,1.52741926,270.0080859420685,270.32135874628665
2024-06-09 04:50:40,0.192625387,0.0324092600962038,1.52741926,270.0170995697136,270.33176593912486
2024-06-09 04:50:45,0.192644392,0.0324093241755093,1.52742228,270.0375140406745,270.35392243796593
2024-06-09 04:50:49,0.192653743,0.032408363198109,1.52737699,270.0540411685268,270.3718432452165
2024-06-09 04:50:53,0.192681194,0.0324085554360257,1.52738605,270.08394649912293,270.40314230594635
2024-06-09 04:50:57,0.19269326,0.0324095164134261,1.52743134,270.0901103267696,270.41069991444834
2024-06-09 04:51:02,0.192698087,0.0324089396996759,1.52740416,270.0981901031014,270.4205219881556
2024-06-09 04:51:06,0.192707438,0.0324072097706088,1.52732263,270.1201595173267,270.44388529730946
2024-06-09 04:51:10,0.192722823,0.0324069536655696,1.52731056,270.1388823778792,270.464002103467
2024-06-09 04:51:18,0.192745749,0.0324072738499143,1.52732565,270.1611057193412,270.48901348811387
2024-06-09 04:51:22,0.192762642,0.0324069536655696,1.52731056,270.1820766388979,270.51137850522247
2024-06-09 04:51:27,0.19277682,0.0324072738499143,1.52732565,270.1949368428186,270.52598140226735
2024-06-09 04:51:31,0.192796126,0.0324065691897362,1.52729244,270.2215006896861,270.55393946056466
2024-06-09 04:51:35,0.192807288,0.032406312872514,1.52728036,270.2352018307363,270.5690348636344
2024-06-09 04:51:39,0.192821466,0.0324055439208472,1.52724412,270.25612116147107,270.5913485069645
2024-06-09 04:51:43,0.192833834,0.0324057361587639,1.52725318,270.26808202641496,270.6047037350657
2024-06-09 04:51:48,0.192844995,0.0324061206345973,1.5272713,270.27689680545365,270.6152615391321
2024-06-09 04:51:52,0.192851933,0.0324051596571969,1.52722601,270.29056245448055,270.6303216650292
2024-06-09 04:51:56,0.192864905,0.0324045188641412,1.52719581,270.30914138280895,270.6502951207442
2024-06-09 04:52:00,0.192878479,0.0324044547848356,1.52719279,270.3243528281672,270.6669011439913
2024-06-09 04:52:05,0.192886021,0.0324047111020579,1.52720487,270.3297685443073,270.67406015349
2024-06-09 04:52:09,0.192918298,0.0324036217538633,1.52715353,270.3744986847065,270.720184985357
2024-06-09 04:52:13,0.192921918,0.03240381399178,1.52716259,270.3760497124171,270.7231307549919
2024-06-09 04:52:17,0.192937001,0.0324043907055301,1.52718977,270.3885171879458,270.73699302288753
2024-06-09 04:52:22,0.192940621,0.0324026607764629,1.52710824,270.40333876500557,270.75355816131935
2024-06-09 04:52:26,0.192956609,0.0324038780710855,1.52716561,270.4123439178591,270.76395821998403
2024-06-09 04:52:30,0.192962039,0.0324020199834072,1.52707804,270.4305782010297,270.7835874593624
2024-06-09 04:52:34,0.192971994,0.0324020199834072,1.52707804,270.4410301712852,270.7954344362083
2024-06-09 04:52:38,0.192991903,0.0324018918247961,1.527072,270.46423651755947,270.82003583944135
2024-06-09 04:52:42,0.193000048,0.0324021481420184,1.52708408,270.4707176259904,270.82791205518515
2024-06-09 04:52:47,0.193025387,0.0324023403799351,1.52709314,270.49776587637166,270.8567042604966
2024-06-09 04:52:59,0.193060983,0.0324014434818403,1.52705087,270.54230161771846,270.90542581442736
2024-06-09 04:53:03,0.193073653,0.0324013794025347,1.52704785,270.5564394284028,270.92095899655124
2024-06-09 04:53:08,0.19307667,0.032401187164618,1.52703879,270.559649045875,270.92591289900673
2024-06-09 04:53:12,0.193090244,0.0324009308473957,1.52702671,270.57622621796435,270.94388555561244
2024-06-09 04:53:16,0.193093864,0.0324004822922568,1.52700557,270.58232045720075,270.9513753295984
2024-06-09 04:53:20,0.193115885,0.0323999057906898,1.5269784,270.6112230682442,270.9816735256104
2024-06-09 04:53:29,0.193141526,0.032398688283884,1.52692102,270.64723899470164,271.0208297017857
2024-06-09 04:53:33,0.193155403,0.0323993290769397,1.52695122,270.65781325537955,271.03279971054457
2024-06-09 04:53:37,0.193162944,0.0323985601252729,1.52691498,270.6708495276384,271.0472317810424
2024-06-09 04:53:41,0.193172296,0.0323979836237059,1.52688781,270.68467634871115,271.06245445049774
2024-06-09 04:53:45,0.193179837,0.0323984960459673,1.52691196,270.68861960713247,271.0677936074308
2024-06-09 04:53:49,0.193190094,0.0323984319666617,1.52690894,270.6998869931561,271.080456942081
2024-06-09 04:53:54,0.193204272,0.0323985601252729,1.52691498,270.71410790917645,271.09642286433655
2024-06-09 04:53:58,0.19321302,0.032398688283884,1.52692102,270.7222146184324,271.1059256349246
2024-06-09 04:54:02,0.193229008,0.0323970224341224,1.52684251,270.75167483500735,271.13678196289953
2024-06-09 04:54:06,0.193241074,0.0323974709892614,1.52686365,270.76145648470646,271.1479597740522
2024-06-09 04:54:10,0.193255554,0.0323968301962057,1.52683345,270.7818462309684,271.16974573180664
2024-06-09 04:54:15,0.193267017,0.0323971505927335,1.52684855,270.79147072809695,271.181115563646
2024-06-09 04:54:19,0.19327667,0.0323962536946387,1.52680628,270.807934160563,271.19897532013925
2024-06-09 04:54:23,0.1932821,0.0323968301962057,1.52683345,270.8089072931039,271.20134482669926
2024-06-09 04:54:27,0.193295071,0.0323967661169001,1.52683043,270.8234062091062,271.2172401666978
2024-06-09 04:54:32,0.193303819,0.0323951643464441,1.52675494,270.8434513100158,271.2390308678613
2024-06-09 04:54:36,0.193319807,0.0323968301962057,1.52683345,270.849253839252,271.2462299334897
2024-06-09 04:54:40,0.193340018,0.0323955488222775,1.52677306,270.88101923000585,271.27939191056566
2024-06-09 04:54:44,0.19334937,0.0323968301962057,1.52683345,270.88165174530945,271.28142106210686
2024-06-09 04:54:48,0.193357816,0.0323951643464441,1.52675494,270.9021449727254,271.30331097566113
2024-06-09 04:54:53,0.193365358,0.0323945237655715,1.52672475,270.91392935494815,271.3168412857076
2024-06-09 04:54:57,0.193377726,0.0323947800827938,1.52673683,270.9254348739017,271.3297436030229
2024-06-09 04:55:01,0.193392507,0.0323957410601942,1.52678212,270.93480492999845,271.34051050733467
2024-06-09 04:55:05,0.193406082,0.0323951002671385,1.52675192,270.95412249348584,271.3612249688757
2024-06-09 04:55:09,0.193414528,0.0323950361878329,1.5267489,270.9632357077299,271.3717351309973
2024-06-09 04:55:14,0.193418148,0.0323938829725159,1.52669455,270.9739961277875,271.3842418059444
2024-06-09 04:55:18,0.193429611,0.0323943956069604,1.52671871,270.98260178960896,271.3942445276936
2024-06-09 04:55:22,0.193452236,0.0323936266552936,1.52668247,271.01360684037803,271.4266466881665
2024-06-09 04:55:26,0.193454951,0.0323937548139047,1.52668851,271.01453079871686,271.4289678059706
2024-06-09 04:55:30,0.193463397,0.0323924734399765,1.52662812,271.03229994908673,271.44813416555246
2024-06-09 04:55:34,0.19347486,0.0323922171227543,1.52661604,271.0463731798442,271.46360465525385
2024-06-09 04:55:39,0.193482402,0.0323920248848376,1.52660698,271.0549731892719,271.4739513082744
2024-06-09 04:55:43,0.193486323,0.0323918326469209,1.52659792,271.05961137113684,271.4799868609261
2024-06-09 04:55:47,0.193501708,0.0323913840917819,1.52657678,271.0797219912047,271.5014949014646
2024-06-09 04:55:51,0.193508948,0.0323906153522982,1.52654055,271.09241299841165,271.5155833788112
2024-06-09 04:55:56,0.193512568,0.0323908716695205,1.52655263,271.09315303684116,271.51807032473977
2024-06-09 04:56:00,0.19353851,0.032390935748826,1.52655565,271.1221878209515,271.548502690691
2024-06-09 04:56:04,0.193543337,0.0323901667971592,1.52651941,271.13200845916526,271.5597209603664
2024-06-09 04:56:08,0.193553895,0.0323893980576756,1.52648318,271.1486521803385,271.5777623626072
2024-06-09 04:56:12,0.193564453,0.0323900386385481,1.52651337,271.1552679151244,271.5857758280517
2024-06-09 04:56:16,0.193570788,0.0323890776611477,1.52646808,271.16825177481746,271.6001574679796
2024-06-09 04:56:21,0.193578933,0.0323897823213258,1.52650129,271.1711884099398,271.60484139808926
2024-06-09 04:56:25,0.193592206,0.0323898464006314,1.52650431,271.18513906530546,271.62018994518155
2024-06-09 04:56:29,0.193606082,0.0323894621369811,1.5264862,271.2029987030486,271.639447524179
2024-06-09 04:56:33,0.19361302,0.0323886931853143,1.52644996,271.215335553758,271.6531823656554
2024-06-09 04:56:37,0.193635343,0.0323895902955923,1.52649224,271.2341329965451,271.6733778487072
2024-06-09 04:56:42,0.193643186,0.0323899745592425,1.52651035,271.2389889172823,271.67998138935883
2024-06-09 04:56:46,0.193651934,0.0323901027178537,1.52651639,271.2470949761619,271.6894855998183
2024-06-09 04:56:50,0.193657666,0.0323882446301754,1.52642882,271.2657512168185,271.70954004150366
2024-06-09 04:56:54,0.193675765,0.0323882446301754,1.52642882,271.2859055518342,271.7310926269823
2024-06-09 04:56:58,0.193683005,0.0323885650267032,1.52644392,271.2908471997891,271.73743257481885
2024-06-09 04:57:02,0.193684815,0.0323883087094809,1.52643184,271.2934294704026,271.74141319471795
2024-06-09 04:57:07,0.19369839,0.0323884368680921,1.52643788,271.306934141066,271.7566658714397
2024-06-09 04:57:11,0.193706836,0.0323879242336475,1.52641372,271.3192444120564,271.7703746028193
2024-06-09 04:57:15,0.193724332,0.0323873477320806,1.52638655,271.342787288226,271.79531598873297
2024-06-09 04:57:19,0.193732176,0.0323874118113861,1.52638957,271.3502734430544,271.8042007026452
2024-06-09 04:57:23,0.193735494,0.032387732207914,1.52640467,271.35054380458104,271.80586967258034
2024-06-09 04:57:28,0.193748164,0.0323870273355527,1.52637145,271.3689052589225,271.8259794567721
2024-06-09 04:57:36,0.193768375,0.0323863865424971,1.52634125,271.394742584797,271.854614270589
2024-06-09 04:57:40,0.19377109,0.0323861943045803,1.52633219,271.39794691503613,271.8592174186973
2024-06-09 04:57:45,0.193786776,0.032384784772041,1.52626576,271.4249241830618,271.8879432783085
2024-06-09 04:57:49,0.193787983,0.0323842723497796,1.52624161,271.42861473825025,271.89303276214594
2024-06-09 04:57:53,0.193797636,0.032384784772041,1.52626576,271.4350603755197,271.9008773772752
2024-06-09 04:57:57,0.19381664,0.0323856818823189,1.52630804,271.4499007442847,271.91711677309564
2024-06-09 04:58:01,0.193825992,0.0323851051685688,1.52628086,271.46375036716086,271.93236547220744
2024-06-09 04:58:05,0.193832025,0.0323842723497796,1.52624161,271.47547320783633,271.9454874382837
2024-06-09 04:58:09,0.193851633,0.0323845925341243,1.5262567,271.4951449756842,271.966558380682
2024-06-09 04:58:13,0.193860683,0.0323855537237078,1.526302,271.4976717020659,271.9704843307486
2024-06-09 04:58:18,0.193865509,0.0323842723497796,1.52624161,271.51080611509786,271.98536784245886
2024-06-09 04:58:22,0.193865811,0.0323835033981128,1.52620537,271.5152492317808,271.9912102933233
2024-06-09 04:58:26,0.19387667,0.0323838237946406,1.52622047,271.5244989310005,272.0018593758092
2024-06-09 04:58:30,0.19388934,0.0323837597153351,1.52621745,271.53864719222656,272.01740706937085
2024-06-09 04:58:35,0.193897183,0.0323825424207124,1.52616008,271.55492075872326,272.0354299952674
2024-06-09 04:58:39,0.19391468,0.0323829266843627,1.52617819,271.57162127826814,272.05353005749777
2024-06-09 04:58:43,0.193917998,0.0323835674774184,1.52620839,271.5696032976912,272.05291166862565
2024-06-09 04:58:47,0.193930064,0.0323823501827957,1.52615102,271.5912583633649,272.0759663750082
2024-06-09 04:58:51,0.193937002,0.0323820938655735,1.52613894,271.59995120734135,272.086058908682
2024-06-09 04:58:55,0.193944846,0.0323818375483512,1.52612686,271.6097233411933,272.09723078120453
2024-06-09 04:59:00,0.193948767,0.0323810685966844,1.52609062,271.6181302256592,272.1073874078534
2024-06-09 04:59:04,0.193968978,0.0323819657069623,1.5261329,271.6344043794962,272.125061410494
2024-06-09 04:59:08,0.19396385,0.0323808124916452,1.52607855,271.63512457085614,272.1271814995805
2024-06-09 04:59:12,0.193971392,0.0323810045173788,1.5260876,271.6413384190688,272.1347952944271
2024-06-09 04:59:16,0.193995524,0.0323806202537285,1.52606949,271.6714267468552,272.16628361773934
2024-06-09 04:59:21,0.194002764,0.0323806202537285,1.52606949,271.6783011077061,272.1749080417282
2024-06-09 04:59:25,0.194006987,0.0323797872227562,1.52603023,271.6878771242718,272.1858841637698
2024-06-09 04:59:29,0.194024484,0.0323812608346011,1.52609968,271.6968018876405,272.19620908145583
2024-06-09 04:59:33,0.194025992,0.0323812608346011,1.52609968,271.6971980068855,272.1980054038442
2024-06-09 04:59:37,0.19402931,0.0323792105090061,1.52600305,271.7143858058059,272.21659345471824
2024-06-09 04:59:42,0.194038662,0.0323795309055339,1.52601815,271.7214890238996,272.22544705636983
2024-06-09 04:59:46,0.194044996,0.0323790184832725,1.525994,271.73129246930193,272.2366508634921
2024-06-09 04:59:50,0.194052538,0.0323774805799389,1.52592152,271.74985738225,272.25661618691976
2024-06-09 04:59:54,0.194061588,0.03237760873855,1.52592756,271.7583236068794,272.26648287077285
2024-06-09 04:59:59,0.194066414,0.0323778650557723,1.52593964,271.7604921539339,272.2704020603793
2024-06-09 05:00:03,0.194076972,0.0323762632853162,1.52586415,271.78310877383547,272.2944192491214
2024-06-09 05:00:07,0.194084815,0.0323767118404552,1.52588529,271.78784878944253,272.30055988226223
2024-06-09 05:00:11,0.194098993,0.0323765836818441,1.52587925,271.80425521348866,272.3183669725196
2024-06-09 05:00:20,0.194112266,0.0323761992060107,1.52586113,271.8196634499211,272.3369268858229
2024-06-09 05:00:24,0.194119205,0.0323755586251381,1.52583094,271.8311059549854,272.3497702151919
2024-06-09 05:00:28,0.194133986,0.0323748537527769,1.52579772,271.8523520127166,272.3724171458384
2024-06-09 05:00:32,0.194146957,0.0323754945458326,1.52582792,271.8618273732952,272.3832934279273
2024-06-09 05:00:37,0.194151482,0.0323752382286103,1.52581584,271.86729892706313,272.39051620189576
2024-06-09 05:00:41,0.194155705,0.0323738927753765,1.52575243,271.88054360879323,272.4051619144172
2024-06-09 05:00:45,0.194162945,0.032373956642499,1.52575544,271.88731282755765,272.4133322125166
2024-06-09 05:00:49,0.194168375,0.0323734442202376,1.52573129,271.8960437585714,272.4234642713933
2024-06-09 05:00:53,0.194173805,0.0323728675064875,1.52570411,271.9052344584717,272.4340561476685
2024-06-09 05:00:57,0.194187983,0.0323750459906936,1.52580678,271.90515741123636,272.4353803253045
2024-06-09 05:01:02,0.194195525,0.0323740848011101,1.52576148,271.9192618203369,272.45123633366774
2024-06-09 05:01:06,0.194211211,0.0323744051976379,1.52577658,271.9342608156327,272.4676366628934
2024-06-09 05:01:10,0.194221769,0.032373828696071,1.52574941,271.9495606547567,272.484337884392
2024-06-09 05:01:15,0.194236249,0.0323744051976379,1.52577658,271.9609411370734,272.49747016277803
2024-06-09 05:01:23,0.194245298,0.0323752382286103,1.52581584,271.9629649822186,272.5022970389505
2024-06-09 05:01:27,0.19426008,0.0323743411183324,1.52577356,271.98559028945596,272.52632393427507
2024-06-09 05:01:31,0.194265811,0.0323740848011101,1.52576148,271.99285007794356,272.5349853592111
2024-06-09 05:01:35,0.194279989,0.0323755586251381,1.52583094,271.99780395663845,272.5413409226996
2024-06-09 05:01:39,0.194277878,0.0323742129597212,1.52576752,272.0035087435863,272.5484474427703
2024-06-09 05:01:43,0.194292056,0.0323734442202376,1.52573129,272.0244983896012,272.57083887022134
2024-06-09 05:01:48,0.19429839,0.0323726111892652,1.52569203,272.0362513531469,272.5843441284784
2024-06-09 05:01:52,0.19430744,0.032373380140932,1.52572827,272.04013394315325,272.5896286085673
2024-06-09 05:01:56,0.194315585,0.0323730597444042,1.52571317,272.05072916009783,272.6016257638556
2024-06-09 05:02:00,0.194319507,0.0323719065290871,1.52565882,272.0622496026014,272.61454819294823
2024-06-09 05:02:04,0.194329461,0.0323719065290871,1.52565882,272.0727093669435,272.6264099921084
2024-06-09 05:02:08,0.194339718,0.0323722267134318,1.52567391,272.08123959469947,272.6363423028958
2024-06-09 05:02:13,0.194349974,0.0323715220532537,1.5256407,272.09674990771924,272.6536052874798
2024-06-09 05:02:17,0.194354499,0.0323729956650986,1.52571015,272.0901972822481,272.6484548534606
2024-06-09 05:02:21,0.194374409,0.0323732519823209,1.52572223,272.11068658647827,272.6703463973037
2024-06-09 05:02:25,0.194382252,0.0323724830306541,1.52568599,272.1241322041819,272.68519430276484
2024-06-09 05:02:29,0.19438919,0.0323710734981147,1.52561956,272.1410840980907,272.7035485325597
2024-06-09 05:02:34,0.194395525,0.0323717142911704,1.52564976,272.1422948818429,272.7065123038258
2024-06-09 05:02:38,0.194405781,0.0323719706083926,1.52566184,272.151280115375,272.7168999814743
2024-06-09 05:02:42,0.194413021,0.0323719065290871,1.52565882,272.15896403529524,272.725986393587
2024-06-09 05:02:46,0.194423579,0.0323725471099596,1.52568901,272.1655586662822,272.7339835648263
2024-06-09 05:02:51,0.194430517,0.0323706249429757,1.52559842,272.18583137179354,272.75600951321263
2024-06-09 05:02:55,0.194431121,0.0323718424497815,1.5256558,272.1764338169233,272.74801460667027
2024-06-09 05:02:59,0.194443489,0.0323714579739481,1.52563768,272.1925222302472,272.76550571632924
2024-06-09 05:03:03,0.1944637,0.0323709453395036,1.52561352,272.2188753033238,272.79326153373194
2024-06-09 05:03:07,0.194461588,0.0323715220532537,1.5256407,272.2108268767058,272.7866158994147
2024-06-09 05:03:12,0.194468225,0.0323695998862698,1.52555011,272.23074463913434,272.8082872196589
2024-06-09 05:03:16,0.194476671,0.0323695358069642,1.52554709,272.2398665191052,272.8188119998142
2024-06-09 05:03:20,0.194486626,0.0323696639655754,1.52555313,272.2494102646555,272.8297586934707
2024-06-09 05:03:24,0.194479386,0.032368254433036,1.5254867,272.24947192542976,272.8312233502567
2024-06-09 05:03:28,0.194488134,0.0323680621951193,1.52547764,272.25987188139567,272.8430263501236
2024-06-09 05:03:33,0.194497787,0.0323683185123416,1.52548972,272.2677873609568,272.8526957018801
2024-06-09 05:03:41,0.194515887,0.0323683185123416,1.52548972,272.2865537038714,272.8742683958146
2024-06-09 05:03:45,0.194532478,0.0323671650848414,1.52543536,272.31318700730975,272.90230494650064
2024-06-09 05:03:50,0.194534288,0.0323680621951193,1.52547764,272.3071638184757,272.8980358839476
2024-06-09 05:03:54,0.194543941,0.0323672932434525,1.5254414,272.3227743451841,272.915049765438
2024-06-09 05:03:58,0.194557214,0.0323680621951193,1.52547764,272.3316821842359,272.9253610070382
2024-06-09 05:04:02,0.194564152,0.032368254433036,1.5254867,272.33717076630876,272.9322530394095
2024-06-09 05:04:06,0.194568677,0.0323687668552974,1.52551085,272.3374893280003,272.9339750991329
2024-06-09 05:04:10,0.194581045,0.032368254433036,1.5254867,272.35449813605925,272.95238745294085
2024-06-09 05:04:15,0.194585872,0.0323677417985915,1.52546254,272.36217008376667,272.96181389991153
2024-06-09 05:04:19,0.194591302,0.0323667808211911,1.52541725,272.37412471599373,272.9751721851908
2024-06-09 05:04:23,0.194605178,0.0323663963453577,1.52539913,272.39201585357876,272.99446702349155
2024-06-09 05:04:27,0.194614831,0.0323663963453577,1.52539913,272.4021181582274,273.0059730765028
2024-06-09 05:04:31,0.194610608,0.032366204107441,1.52539007,272.39705844109477,273.00231715536347
2024-06-09 05:04:40,0.194634137,0.0323667808211911,1.52541725,272.4178120329747,273.0262294622913
2024-06-09 05:04:44,0.194638662,0.0323665245039688,1.52540517,272.4236389627069,273.0334603427015
2024-06-09 05:04:48,0.194643187,0.0323661400281354,1.52538705,272.43038463939007,273.0416100176228
2024-06-09 05:04:52,0.194652539,0.0323661400281354,1.52538705,272.4401280454801,273.0527574694945
2024-06-09 05:04:57,0.194665812,0.0323656273936909,1.52536289,272.4578695473242,273.07225409539853
2024-06-09 05:05:01,0.194668828,0.0323661400281354,1.52538705,272.456385193127,273.07217389389524
2024-06-09 05:05:05,0.19467818,0.0323656914729965,1.52536591,272.46934459239134,273.0865374933431
2024-06-09 05:05:09,0.194679688,0.0323643460197627,1.5253025,272.47938514379086,273.0979822923989
2024-06-09 05:05:13,0.194689643,0.0323656273936909,1.52536289,272.4806595680906,273.1006610118112
2024-06-09 05:05:17,0.194700201,0.0323663963453577,1.52539913,272.4863267774266,273.10773256369947
2024-06-09 05:05:22,0.194708647,0.032364602336985,1.52531458,272.50750409378446,273.1306653749341
2024-06-09 05:05:26,0.194717697,0.0323642178611516,1.52529646,272.51964530819504,273.1442110385749
2024-06-09 05:05:30,0.194712267,0.0323650508921239,1.52533572,272.50579355976873,273.1317637867643
2024-06-09 05:05:34,0.19472735,0.0323660118695243,1.52538101,272.5154767017573,273.142851472737
2024-06-09 05:05:38,0.194742433,0.0323645382576794,1.52531156,272.5426210401167,273.17140040243254
2024-06-09 05:05:43,0.194746355,0.0323646664162905,1.5253176,272.5446212916805,273.17515645972946
2024-06-09 05:05:47,0.194759326,0.0323653069971631,1.52534779,272.5540839100902,273.1860237759557
2024-06-09 05:05:51,0.194760533,0.0323638333853182,1.52527834,272.5646890699631,273.1980336809425
2024-06-09 05:05:55,0.194773806,0.0323649227335128,1.52532968,272.571292029812,273.206041433186
2024-06-09 05:06:00,0.194776521,0.0323643460197627,1.5253025,272.5769099563889,273.2134154167187
2024-06-09 05:06:04,0.194786174,0.0323643460197627,1.5253025,272.5870124272554,273.2249227862998
2024-06-09 05:06:08,0.194784062,0.0323638974646237,1.52528136,272.5863080278289,273.22562333281377
2024-06-09 05:06:12,0.194791302,0.0323634491216679,1.52526023,272.5967509337684,273.2374712319028
2024-06-09 05:06:16,0.194801257,0.0323621675355565,1.52519983,272.6164103135613,273.25853565203755
2024-06-09 05:06:20,0.194808798,0.0323627442493066,1.52522701,272.6198568101567,273.2633872361502
2024-06-09 05:06:25,0.194809401,0.0323611424788506,1.52515152,272.6303147313166,273.27560158302146
2024-06-09 05:06:29,0.194817848,0.0323617830597231,1.52518171,272.63438273455534,273.2810747798603
2024-06-09 05:06:33,0.194828406,0.0323616551132951,1.52517568,272.6464831953914,273.29458048141703
2024-06-09 05:06:37,0.194829613,0.0323613987960729,1.5251636,272.6483566680981,273.297859241948
2024-06-09 05:06:41,0.194843489,0.0323608861616283,1.52513944,272.6671747166145,273.31808262537544
2024-06-09 05:06:45,0.194846204,0.0323611424788506,1.52515152,272.66716632173666,273.3194796124782
2024-06-09 05:06:50,0.194850427,0.0323610143202395,1.52514548,272.67136440429584,273.3254344886791
2024-06-09 05:06:54,0.194868225,0.0323617191926007,1.5251787,272.68611819241136,273.34159376462003
2024-06-09 05:06:58,0.19487999,0.0323605016857949,1.52512132,272.7074807969036,273.3643619039523
2024-06-09 05:07:02,0.194892659,0.0323612706374617,1.52515756,272.71565887850574,273.373945567392
2024-06-09 05:07:06,0.194887531,0.0323608861616283,1.52513944,272.7108999500483,273.37059226775256
2024-06-09 05:07:10,0.194904123,0.0323608861616283,1.52513944,272.7292764372798,273.39037443076563
2024-06-09 05:07:15,0.194895978,0.0323612706374617,1.52515756,272.7150475141142,273.3779026683435
2024-06-09 05:07:19,0.194914379,0.0323612065581562,1.52515454,272.7360406149097,273.4003015505262
2024-06-09 05:07:23,0.194910759,0.0323596688670057,1.52508207,272.74136149094306,273.4070282548548
2024-06-09 05:07:27,0.194917697,0.0323597329463113,1.52508509,272.74776778383864,273.41484042293666
2024-06-09 05:07:31,0.194928557,0.0323604376064894,1.5251183,272.7542495362921,273.4227280974503
2024-06-09 05:07:36,0.194943338,0.0323605016857949,1.52512132,272.76965521961785,273.43989124924184
2024-06-09 05:07:44,0.194951785,0.0323602453685727,1.52510924,272.77875559146446,273.4518037228347
2024-06-09 05:07:48,0.194959025,0.0323599892635335,1.52509717,272.78782157974274,273.4622758321965
2024-06-09 05:07:52,0.194963851,0.0323589639946444,1.52504885,272.7995349676109,273.47539538793217
2024-06-09 05:07:57,0.194973504,0.0323591562325612,1.52505791,272.807906021804,273.4855242177235
2024-06-09 05:08:01,0.194977727,0.032358579518811,1.52503073,272.8156785620773,273.4947030310656
2024-06-09 05:08:05,0.194981951,0.0323586435981166,1.52503375,272.81884846684886,273.49927925563395
2024-06-09 05:08:09,0.194993414,0.0323588999153389,1.52504583,272.82926878949195,273.51110594478484
2024-06-09 05:08:13,0.195005178,0.03235902807395,1.52505187,272.8409686894757,273.52421225797013
2024-06-09 05:08:17,0.195009402,0.0323582591222832,1.52501563,272.8501245058615,273.534774534234
2024-06-09 05:08:22,0.195024485,0.0323581311758552,1.5250096,272.8672710237361,273.5536791925687
2024-06-09 05:08:26,0.195028708,0.0323581311758552,1.5250096,272.8709000783153,273.55871481198506
2024-06-09 05:08:30,0.1950272,0.0323576185414107,1.52498544,272.8713796144457,273.560600959573
2024-06-09 05:08:35,0.195033836,0.0323573622241884,1.52497336,272.87937662607976,273.57035630106253
2024-06-09 05:08:39,0.195037456,0.0323573622241884,1.52497336,272.8822865982778,273.5746729895508
2024-06-09 05:08:43,0.195044696,0.0323576185414107,1.52498544,272.8876708395698,273.5814639936971
2024-06-09 05:08:47,0.195073957,0.0323581952551608,1.52501262,272.9170104759567,273.61221043948524
2024-06-09 05:08:51,0.19507275,0.0323588999153389,1.52504583,272.90909889160514,273.6057057110644
2024-06-09 05:08:56,0.195081197,0.0323584513601999,1.52502469,272.9206371194745,273.619002574253
2024-06-09 05:09:00,0.19508361,0.0323581952551608,1.52501262,272.9239486308852,273.6237210462224
2024-06-09 05:09:04,0.195096883,0.0323586435981166,1.52503375,272.9351455159434,273.63632493831227
2024-06-09 05:09:08,0.19509809,0.0323579389379385,1.52500054,272.9402439091988,273.6428303850552
2024-06-09 05:09:12,0.195105933,0.0323580670965496,1.52500658,272.9472677342407,273.6512613100228
2024-06-09 05:09:17,0.195122524,0.032358579518811,1.52503073,272.961608256997,273.6673607729635
2024-06-09 05:09:21,0.195114983,0.0323573622241884,1.52497336,272.9599617183724,273.6671214386871
2024-06-09 05:09:25,0.195125239,0.0323567855104383,1.52494618,272.97493182099885,273.6834987920433
2024-06-09 05:09:29,0.195142132,0.0323563371674825,1.52492505,272.99689406538863,273.70686833352704
2024-06-09 05:09:33,0.195137909,0.032356529193216,1.5249341,272.989069599448,273.70045121102703
2024-06-09 05:09:38,0.195144847,0.0323566573518272,1.52494014,272.9946623644291,273.7078032204574
2024-06-09 05:09:42,0.195155103,0.032356401246788,1.52492807,273.0073274861675,273.72187578985256
2024-06-09 05:09:46,0.19515993,0.0323566573518272,1.52494014,273.0098342345166,273.72579003214827
2024-06-09 05:09:50,0.195166265,0.0323568495897439,1.5249492,273.0145985710089,273.73196190885955
2024-06-09 05:09:55,0.195174409,0.032356977748355,1.52495524,273.0216290599963,273.7407518881644
2024-06-09 05:09:59,0.195175918,0.0323561449295658,1.52491599,273.02801167672175,273.74854214915734
2024-06-09 05:10:03,0.195176823,0.0323551837399823,1.52487069,273.03459790568905,273.7565360686075
2024-06-09 05:10:07,0.195187682,0.0323545431591097,1.5248405,273.050749245464,273.7740951450629
2024-06-09 05:10:11,0.195196129,0.0323547992641489,1.52485257,273.05757278834534,273.782326470805
2024-06-09 05:10:15,0.195201257,0.0323538382867485,1.52480728,273.06919522213144,273.79535673361426
2024-06-09 05:10:24,0.195215435,0.032353902366054,1.5248103,273.08247569735516,273.8118049928307
2024-06-09 05:10:28,0.195227501,0.03235492742276,1.52485861,273.08808154974326,273.81881882414854
2024-06-09 05:10:32,0.195233233,0.0323545431591097,1.5248405,273.0962749156576,273.82842021508014
2024-06-09 05:10:36,0.19523082,0.0323533256523039,1.52478312,273.1007510821213,273.83430445263105
2024-06-09 05:10:41,0.195242584,0.0323542227625819,1.5248254,273.1065648255914,273.84187834971925
2024-06-09 05:10:45,0.195251634,0.0323554400572045,1.52488277,273.1071890663767,273.8439107651844
2024-06-09 05:10:49,0.195254651,0.0323537742074429,1.52480426,273.1213686184288,273.85949853792886
2024-06-09 05:10:53,0.195267924,0.0323537742074429,1.52480426,273.1357906504844,273.87532883667154
2024-06-09 05:10:57,0.195268226,0.0323524287542091,1.52474085,273.1444278292149,273.8853743280662
2024-06-09 05:11:02,0.19527456,0.0323534538109151,1.52478916,273.14284282587334,273.8855497801828
2024-06-09 05:11:06,0.195280594,0.0323530693350817,1.52477104,273.1513988616427,273.8955142319997
2024-06-09 05:11:10,0.195283912,0.0323531974936928,1.52477708,273.15302513462865,273.8985489669523
2024-06-09 05:11:14,0.19528904,0.0323540946039708,1.52481936,273.1512743842092,273.8982067244012
2024-06-09 05:11:19,0.195302313,0.0323542868418874,1.52482842,273.1639599895384,273.9126530290876
2024-06-09 05:11:23,0.195307743,0.0323525569128203,1.52474689,273.1814829309549,273.9315845815857
2024-06-09 05:11:27,0.195323128,0.0323526209921258,1.52474991,273.1979629625884,273.94947327014444
2024-06-09 05:11:31,0.195324937,0.0323535178902206,1.52479218,273.1922535773915,273.94517258769866
2024-06-09 05:11:35,0.195330367,0.0323530054679592,1.52476803,273.2010110828375,273.9553388417037
2024-06-09 05:11:40,0.195339417,0.0323542868418874,1.52482842,273.2008169517743,273.9569057107296
2024-06-09 05:11:44,0.195336702,0.0323515957232368,1.52470159,273.21554954606773,273.9730471565847
2024-06-09 05:11:48,0.195339115,0.0323515316439312,1.52469857,273.217480318676,273.9763868265045
2024-06-09 05:11:52,0.195350277,0.0323513394060145,1.52468951,273.2307697650634,273.9910852159355
2024-06-09 05:11:56,0.195364757,0.0323507629044475,1.52466234,273.250785108195,274.0125095478247
2024-06-09 05:12:01,0.195360835,0.0323517238818479,1.52470763,273.2374236122498,274.0009093520847
2024-06-09 05:12:05,0.195367773,0.0323503143493086,1.5246412,273.25444347758366,274.0193383089674
2024-06-09 05:12:09,0.195381046,0.0323515957232368,1.52470159,273.2596359764317,274.02593994502
2024-06-09 05:12:13,0.195383459,0.032351852040459,1.52471367,273.2592585764805,274.0269717279113
2024-06-09 05:12:17,0.195385873,0.0323512755388921,1.5246865,273.2648817306428,274.0340041105359
2024-06-09 05:12:21,0.195391906,0.032350250270003,1.52463818,273.2780550712108,274.0485867251682
2024-06-09 05:12:26,0.195400352,0.0323508910630587,1.52466838,273.2817514081958,274.05404471883367
2024-06-09 05:12:30,0.195410307,0.0323510833009754,1.52467744,273.29083156941624,274.0645342566567
2024-06-09 05:12:34,0.19541272,0.0323508269837531,1.52466536,273.2941472344598,274.06925934384634
2024-06-09 05:12:38,0.195434138,0.0323501221113919,1.52463214,273.3233652723426,274.0998868494005
2024-06-09 05:12:42,0.195429312,0.0323516598025423,1.52470461,273.3051187354077,274.0830498256442
2024-06-09 05:12:47,0.195433233,0.0323496735562529,1.524611,273.3223467506031,274.10203979627994
2024-06-09 05:12:51,0.195439266,0.0323485844202414,1.52455967,273.33598326793845,274.11708592911924
2024-06-09 05:12:55,0.195445903,0.0323495453976417,1.52460496,273.3355650178735,274.1180773400067
2024-06-09 05:12:59,0.195450126,0.0323495453976417,1.52460496,273.3391928993987,274.12311492791486
2024-06-09 05:13:04,0.195446808,0.0323482640237135,1.52454457,273.3427080687862,274.1283922941398
2024-06-09 05:13:08,0.195451634,0.0323490970546859,1.52458383,273.3410511645124,274.1281451984012
2024-06-09 05:13:12,0.195472751,0.0323496735562529,1.524611,273.36067647450017,274.1491803622956
2024-06-09 05:13:16,0.195479387,0.0323496735562529,1.524611,273.36718266400334,274.15709645105886
2024-06-09 05:13:20,0.19548904,0.0323493533719082,1.52459591,273.3795959406509,274.1709196723017
2024-06-09 05:13:25,0.195493867,0.0323496735562529,1.524611,273.38128344686595,274.1743696729858
2024-06-09 05:13:29,0.195498392,0.0323490970546859,1.52458383,273.3894273852592,274.18392365791203
2024-06-09 05:13:33,0.195507743,0.0323490329753803,1.52458081,273.39963430990736,274.19554067436934
2024-06-09 05:13:42,0.195525541,0.0323498657941696,1.52462006,273.4116885023313,274.2107677388102
2024-06-09 05:13:46,0.195526748,0.0323497376355585,1.52461402,273.4126421433186,274.2131316186281
2024-06-09 05:13:50,0.195532178,0.0323495453976417,1.52460496,273.41909548953754,274.2209952488763
2024-06-09 05:13:54,0.195543037,0.0323483281030191,1.52454759,273.43941712565424,274.2427272142027
2024-06-09 05:13:59,0.195546054,0.0323493533719082,1.52459591,273.43385984456415,274.2389329081315
2024-06-09 05:14:03,0.195552992,0.0323485844202414,1.52455967,273.4462712406685,274.2527547350344
2024-06-09 05:14:07,0.195555405,0.0323489048167692,1.52457477,273.4454287862216,274.25332275650703
2024-06-09 05:14:11,0.195562645,0.0323481358651024,1.52453853,273.4582010338869,274.2675055251943
2024-06-09 05:14:15,0.195569282,0.0323485203409358,1.52455665,273.4619353110896,274.2726503685033
2024-06-09 05:14:19,0.195569885,0.0323480717857968,1.52453551,273.46447925051996,274.27660491910586
2024-06-09 05:14:23,0.19557803,0.0323485844202414,1.52455967,273.46908797943775,274.2826243042434
2024-06-09 05:14:28,0.195582555,0.0323473671256187,1.5245023,273.4815032211225,274.29680292952315
2024-06-09 05:14:32,0.195586778,0.0323467904118686,1.52447512,273.4892908322765,274.30600129818674
2024-06-09 05:14:36,0.195592208,0.0323467263325631,1.5244721,273.49482055889075,274.31294182729846
2024-06-09 05:14:40,0.195596129,0.0323460855395074,1.5244419,273.50271057789615,274.3222426937709
2024-06-09 05:14:44,0.195604877,0.0323466622532575,1.52446908,273.5075758932336,274.3285189015263
2024-06-09 05:14:49,0.195609101,0.0323457653551627,1.52442681,273.5173227253185,274.3400294123179
2024-06-09 05:14:53,0.195610006,0.0323451886414126,1.52439963,273.5211526298308,274.3452703103207
2024-06-09 05:14:57,0.195612419,0.0323445478483569,1.52436943,273.5272443292316,274.352773048103
2024-06-09 05:15:01,0.195623882,0.0323457012758571,1.52442379,273.5311870984389,274.35812690056446
2024-06-09 05:15:05,0.195632027,0.0323465981739519,1.52446606,273.53302188564544,274.3613728158792
2024-06-09 05:15:09,0.195639568,0.0323459575930794,1.52443587,273.54523014919727,274.37499225237497
2024-06-09 05:15:14,0.195644697,0.0323446119276625,1.52437245,273.55929680496206,274.39082293734174
2024-06-09 05:15:18,0.195651333,0.0323452527207182,1.52440265,273.56117853946125,274.39411594559743
2024-06-09 05:15:26,0.195661288,0.0323444196897458,1.52436339,273.57624593864205,274.4120060265992
2024-06-09 05:15:30,0.195664606,0.0323433305537343,1.52431206,273.58665502707555,274.4238265230601
2024-06-09 05:15:34,0.195670036,0.0323433946330398,1.52431508,273.59126010915554,274.4298430578873
2024-06-09 05:15:39,0.195678181,0.0323439072674844,1.52433924,273.59551376327204,274.4358610907968
2024-06-09 05:15:43,0.195686024,0.0323446119276625,1.52437245,273.59837354372115,274.44013242454486
2024-06-09 05:15:47,0.195700504,0.0323444837690513,1.52436641,273.615164154672,274.45833463345406
2024-06-09 05:15:51,0.195699297,0.0323446119276625,1.52437245,273.6113871417757,274.45596926315704
2024-06-09 05:15:56,0.1956999,0.0323437150295677,1.52433018,273.61681710469674,274.46316384207466
2024-06-09 05:16:00,0.195711967,0.0323444196897458,1.52436339,273.6247161566716,274.4724746370224
2024-06-09 05:16:04,0.195719206,0.0323440995054011,1.5243483,273.634253545495,274.48342381339904
2024-06-09 05:16:08,0.195715285,0.0323428819985953,1.52429092,273.6369539854179,274.48753608543655
2024-06-09 05:16:13,0.195720413,0.0323423695763339,1.52426677,273.6450081764979,274.4973551292961
2024-06-09 05:16:17,0.195726446,0.0323424336556395,1.52426979,273.6503324577008,274.5040913428089
2024-06-09 05:16:21,0.195737909,0.0323432664744287,1.52430904,273.65658466531397,274.5117555272329
2024-06-09 05:16:25,0.195743037,0.0323431383158176,1.524303,273.6622170486175,274.5187999318292
2024-06-09 05:16:30,0.195751786,0.0323430101572064,1.52429696,273.6718171533434,274.5301651256957
2024-06-09 05:16:34,0.195754199,0.0323432023951231,1.52430602,273.6718959870097,274.5316560806711
2024-06-09 05:16:38,0.195764154,0.0323436509502621,1.52432716,273.6791229239335,274.5402951833252
2024-06-09 05:16:42,0.195770489,0.0323423054970283,1.52426375,273.69498758419576,274.55757205372026
2024-06-09 05:16:46,0.195771695,0.0323427538399842,1.52428488,273.69177605752105,274.55577278156204
2024-06-09 05:16:51,0.195774108,0.0323419210211949,1.52424563,273.69890560559867,274.5646677101712
2024-06-09 05:16:55,0.195790398,0.0323439072674844,1.52433924,273.70258441649,274.5697588753735
2024-06-09 05:16:59,0.195791303,0.0323421132591116,1.52425469,273.71521088049286,274.58379773800993
2024-06-09 05:17:03,0.19579613,0.0323421773384172,1.52425771,273.71909553554406,274.5890948359984
2024-06-09 05:17:07,0.195804878,0.0323422414177228,1.52426073,273.7276589963225,274.59907078399897
2024-06-09 05:17:11,0.195810308,0.0323419210211949,1.52424563,273.73504083049335,274.60786514965827
2024-06-09 05:17:16,0.195807593,0.0323416006246671,1.52423053,273.73235004350505,274.60694008925066
2024-06-09 05:17:20,0.195818754,0.0323412802281393,1.52421543,273.7465710393657,274.6225737161292
2024-06-09 05:17:24,0.195824787,0.0323410879902225,1.52420637,273.7537467876597,274.6311621396458
2024-06-09 05:17:28,0.19583263,0.0323419210211949,1.52424563,273.7556741569143,274.63450222830886
2024-06-09 05:17:33,0.195832329,0.0323403192507389,1.52417014,273.76512328559903,274.6457173183615
2024-06-09 05:17:37,0.195844998,0.0323408957523059,1.52419731,273.77466318357233,274.65667003509225
2024-06-09 05:17:41,0.195848618,0.0323412161488337,1.52421241,273.77525490108894,274.6586746154905
2024-06-09 05:17:45,0.195854048,0.032341023910917,1.52420335,273.7817111528158,274.6665437742043
2024-06-09 05:17:50,0.195862495,0.0323400629335166,1.52415806,273.7969705954503,274.68356941256684
2024-06-09 05:17:54,0.19586159,0.0323394221404609,1.52412786,273.79910903202534,274.6871208552966
2024-06-09 05:17:58,0.195865511,0.0323393580611554,1.52412484,273.8028385332389,274.6922634067085
2024-06-09 05:18:02,0.195867925,0.032339998854211,1.52415504,273.7996747205954,274.690512688288
2024-06-09 05:18:06,0.195873354,0.0323396143783776,1.52413692,273.80751955829453,274.6997706642158
2024-06-09 05:18:10,0.195876673,0.0323396784576832,1.52413994,273.80960415416064,274.7032684422974
2024-06-09 05:18:15,0.195892359,0.0323400629335166,1.52415806,273.8237782854899,274.7192091132231
2024-06-09 05:18:19,0.195889946,0.0323393580611554,1.52412484,273.8245807301075,274.72142483895647
2024-06-09 05:18:23,0.19589809,0.0323382689251439,1.52407351,273.8407606815619,274.73901811545136
2024-06-09 05:18:27,0.195908649,0.0323387174802828,1.52409465,273.8487060989236,274.74837690175923
2024-06-09 05:18:31,0.195912872,0.0323401270128222,1.52416108,273.84214197992236,274.7432261955907
2024-06-09 05:18:36,0.195923128,0.0323393580611554,1.52412484,273.85817439516444,274.7610254385602
2024-06-09 05:18:40,0.195924636,0.0323405114886556,1.5241792,273.85022119178217,274.7544857466857
2024-06-09 05:18:44,0.195929765,0.0323390378768107,1.52410975,273.865583363899,274.77126147413475
2024-06-09 05:18:48,0.195931876,0.0323389097181995,1.52410371,273.86761584450784,274.7747075538812
2024-06-09 05:18:52,0.195937005,0.0323374358941715,1.52403425,273.88298121593124,274.7914865682284
2024-06-09 05:18:56,0.195950278,0.0323380766872272,1.52406445,273.8927748752226,274.8026939142106
2024-06-09 05:19:01,0.195951484,0.0323389097181995,1.52410371,273.8864227590052,274.798108967875
2024-06-09 05:19:05,0.195957517,0.0323381407665327,1.52406747,273.8977702811078,274.8108702750743
2024-06-09 05:19:09,0.195957819,0.0323381407665327,1.52406747,273.896716890687,274.81123071345485
2024-06-09 05:19:13,0.195963852,0.0323382048458383,1.52407049,273.90203998228526,274.81796767754
2024-06-09 05:19:18,0.19596717,0.0323376281320882,1.52404331,273.90840379828074,274.82609889554755
2024-06-09 05:19:22,0.195971997,0.0323369234719101,1.5240101,273.9178478643744,274.83695693235023
2024-06-09 05:19:26,0.195983158,0.0323381407665327,1.52406747,273.9209498434793,274.84147292578706
2024-06-09 05:19:30,0.195987683,0.0323369234719101,1.5240101,273.9337418744015,274.8556790146451
2024-06-09 05:19:34,0.195997336,0.0323371797891324,1.52402218,273.94199497528007,274.8653462170439
2024-06-09 05:19:39,0.195997638,0.0323378203700049,1.52405237,273.935953740518,274.86107267044343
2024-06-09 05:19:43,0.195998543,0.0323358341237155,1.52395876,273.9499889727674,274.87652210220773
2024-06-09 05:19:47,0.196004275,0.0323360904409377,1.52397084,273.95356201099804,274.8815093834751
2024-06-09 05:19:51,0.196016643,0.0323366671546878,1.52399802,273.9627374183347,274.89209907735096
2024-06-09 05:19:55,0.196015436,0.0323360263616321,1.52396782,273.9645187325932,274.8952947216316
2024-06-09 05:20:00,0.196022676,0.0323361545202433,1.52397386,273.970465123863,274.903009086548
2024-06-09 05:20:04,0.196023279,0.0323359622823266,1.5239648,273.97116142223473,274.9051198127084
2024-06-09 05:20:08,0.19603625,0.0323357700444099,1.52395574,273.98662038617846,274.92199324786105
2024-06-09 05:20:12,0.196041982,0.0323364749167711,1.52398896,273.98694696287544,274.9237343391678
2024-06-09 05:20:16,0.196051032,0.0323367312339934,1.52400104,273.99447958126035,274.932681515544
2024-06-09 05:20:21,0.19605435,0.0323360904409377,1.52397084,274.00130887540325,274.9412790681517
2024-06-09 05:20:25,0.196052842,0.0323362185995489,1.52397688,273.99716680391043,274.93855165218764
2024-06-09 05:20:29,0.196066416,0.0323364749167711,1.52398896,274.01009908415796,274.95289863128227
2024-06-09 05:20:33,0.196069735,0.0323368593926045,1.52400708,274.0098633726229,274.9540776618933
2024-06-09 05:20:37,0.196074863,0.0323354498600652,1.52394065,274.02477107178305,274.9704001464791
2024-06-09 05:20:42,0.196079991,0.0323366671546878,1.52399802,274.02031287176163,274.96771048907186
2024-06-09 05:20:46,0.196086326,0.032335898203021,1.52396178,274.03202514898317,274.9808376490268
2024-06-09 05:20:50,0.196080293,0.0323348090670095,1.52391045,274.0312924872089,274.98151991320213
2024-06-09 05:20:54,0.196093264,0.032333271375859,1.52383798,274.05649249599276,275.0081348911324
2024-06-09 05:20:58,0.196092661,0.0323341041946483,1.52387723,274.0483284500728,275.00138585753604
2024-06-09 05:21:03,0.196102917,0.0323343605118705,1.52388931,274.05694664569916,275.01177287925503
2024-06-09 05:21:07,0.196106537,0.0323342323532594,1.52388327,274.0607805630009,275.0170219059578
2024-06-09 05:21:15,0.196114079,0.0323339119567316,1.52386817,274.0692728411769,275.0283445322575
2024-06-09 05:21:20,0.196119508,0.0323337840103036,1.52386214,274.0749108543249,275.0357516004881
2024-06-09 05:21:24,0.196135496,0.0323342323532594,1.52388327,274.0893343410078,275.0515903796704
2024-06-09 05:21:28,0.196141831,0.0323339119567316,1.52386817,274.0978012729438,275.0614726471362
2024-06-09 05:21:32,0.19613972,0.0323347449877039,1.52390743,274.0878339105637,275.05292066329696
2024-06-09 05:21:36,0.196153898,0.0323352576221485,1.52393159,274.09963061264756,275.066132786913
2024-06-09 05:21:41,0.196157819,0.0323339119567316,1.52386817,274.1122864718911,275.08055798349847
2024-06-09 05:21:45,0.196156914,0.0323324383448867,1.52379872,274.12046282885984,275.09014985865804
2024-06-09 05:21:49,0.196143943,0.0323312851295696,1.52374437,274.1119146540284,275.08301724494504
2024-06-09 05:21:53,0.196158423,0.0323328228207201,1.52381684,274.1166485144093,275.0891667093521
2024-06-09 05:21:58,0.196158423,0.0323310928916529,1.52373531,274.12740850996664,275.1016962702515
2024-06-09 05:22:02,0.196167774,0.032329619279808,1.52366586,274.14783124229217,275.12353470307403
2024-06-09 05:22:06,0.196172601,0.0323303880192916,1.52370209,274.14660948831863,275.1237286924412
2024-06-09 05:22:10,0.196168981,0.0323301319142525,1.52369002,274.14272711857603,275.1212621088637
2024-06-09 05:22:15,0.196176522,0.0323307084158195,1.52371719,274.1457840705346,275.1260888537197
2024-06-09 05:22:19,0.196181952,0.0323307084158195,1.52371719,274.1508508518878,275.13257151752
2024-06-09 05:22:23,0.1961907,0.0323298115177247,1.52367492,274.1663767053171,275.14951329615644
2024-06-09 05:22:27,0.196197337,0.0323303241521692,1.52369908,274.16917052812494,275.15372308691167
2024-06-09 05:22:36,0.196211816,0.0323310928916529,1.52373531,274.1777008520407,275.1654394948755
2024-06-09 05:22:40,0.196212118,0.032330772495125,1.52372021,274.17896669660394,275.1681214461552
2024-06-09 05:22:44,0.196218754,0.0323307084158195,1.52371719,274.1859373841891,275.17650828311304
2024-06-09 05:22:48,0.196230218,0.0323305802572083,1.52371115,274.1991364324106,275.19112352334344
2024-06-09 05:22:52,0.196232329,0.0323301319142525,1.52369002,274.2034893574219,275.1968926829801
2024-06-09 05:22:57,0.196235949,0.0323301959935581,1.52369304,274.20557655553085,275.20075023427
2024-06-09 05:23:01,0.196246507,0.0323304520985972,1.52370511,274.2149094911281,275.211499500307
2024-06-09 05:23:05,0.196246809,0.0323298115177247,1.52367492,274.21849605244347,275.21650243461426
2024-06-09 05:23:13,0.196262495,0.0323300037556414,1.52368398,274.2329977205533,275.23383697628395
2024-06-09 05:23:18,0.196260082,0.0323294911211968,1.52365982,274.2320616453068,275.23467153333496
2024-06-09 05:23:22,0.196262797,0.0323285301437965,1.52361453,274.2408520049221,275.24487844656585
2024-06-09 05:23:26,0.196277578,0.0323296833591135,1.52366888,274.24872415446316,275.2541671921699
2024-06-09 05:23:30,0.196271243,0.0323285301437965,1.52361453,274.2481030846035,275.25496276080094
2024-06-09 05:23:34,0.196282405,0.032329170724669,1.52364472,274.2553699913548,275.2636463484503
2024-06-09 05:23:38,0.1962815,0.0323278893507408,1.52358433,274.2621616960084,275.27185477638966
2024-06-09 05:23:43,0.196282103,0.0323286580902245,1.52362056,274.25553785138055,275.26700189544607
2024-06-09 05:23:47,0.196293566,0.0323291066453634,1.5236417,274.2645557918544,275.2774366545047
2024-06-09 05:23:51,0.196305632,0.0323278893507408,1.52358433,274.28637080740396,275.3006685309617
2024-06-09 05:23:55,0.196306839,0.0323290425660579,1.52363868,274.2780340386648,275.29374866543253
2024-06-09 05:23:59,0.19631619,0.032328594223102,1.52361755,274.2910325887276,275.308164160988
2024-06-09 05:24:04,0.196317095,0.0323280815886575,1.52359339,274.2940588713776,275.31296168493327
2024-06-09 05:24:12,0.196331575,0.0323286580902245,1.52362056,274.3043337045811,275.3260706414647
2024-06-09 05:24:16,0.196335195,0.0323287862488356,1.5236266,274.3063095234769,275.32946358533064
2024-06-09 05:24:20,0.196345451,0.03232872216953,1.52362358,274.3176025546612,275.3421737836625
2024-06-09 05:24:24,0.196342736,0.0323286580902245,1.52362056,274.31340833675773,275.33939677506373
2024-06-09 05:24:29,0.196346658,0.03232872216953,1.52362358,274.31585491875836,275.3436149279482
2024-06-09 05:24:33,0.196359328,0.0323293629625857,1.52365378,274.3249185006251,275.3540958138999
2024-06-09 05:24:37,0.196359931,0.0323282097472686,1.52359943,274.33258443297126,275.36317909242285
2024-06-09 05:24:41,0.196358121,0.032327120399074,1.52354809,274.3369064759763,275.3689185236765
2024-06-09 05:24:45,0.196368378,0.0323278893507408,1.52358433,274.3421592863491,275.3755887643494
2024-06-09 05:24:49,0.196371092,0.0323283379058798,1.52360547,274.34072910286255,275.37557605319444
2024-06-09 05:24:54,0.196373204,0.0323273126369907,1.52355715,274.34891533152035,275.38553418134256
2024-06-09 05:24:58,0.196385874,0.0323272485576851,1.52355413,274.3630912645275,275.40112768117814
2024-06-09 05:25:02,0.196382254,0.0323269922404629,1.52354205,274.35921041567246,275.39866444111743
2024-06-09 05:25:06,0.196387684,0.0323266720561181,1.52352696,274.3665992687382,275.40747094492303
2024-06-09 05:25:11,0.196395527,0.0323264798182015,1.5235179,274.3755870078268,275.4182308063919
2024-06-09 05:25:15,0.196397035,0.032327568954213,1.52356923,274.3680689240761,275.4121304676847
2024-06-09 05:25:19,0.19641061,0.0323266720561181,1.52352696,274.3893673593588,275.4348466898909
2024-06-09 05:25:23,0.196411515,0.0323282097472686,1.52359943,274.37787460585884,275.42477176517406
2024-06-09 05:25:28,0.196424486,0.0323283379058798,1.52360547,274.3906603137739,275.4393298179021
2024-06-09 05:25:32,0.196425391,0.0323273767162963,1.52356017,274.3972964992341,275.44738392625544
2024-06-09 05:25:36,0.196426296,0.0323267361354237,1.52352998,274.4016069191733,275.4531123108814
2024-06-09 05:25:40,0.196438363,0.0323273126369907,1.52355715,274.4104150457957,275.463338443964
2024-06-09 05:25:45,0.196443491,0.032327120399074,1.52354809,274.4161606315372,275.47085659649366
2024-06-09 05:25:49,0.196440172,0.0323272485576851,1.52355413,274.40984942991065,275.4659634952432
2024-06-09 05:25:53,0.196451636,0.0323264157388959,1.52351488,274.4281636965318,275.4856959039478
2024-06-09 05:25:57,0.19645616,0.0323263516595903,1.52351186,274.43261270916895,275.4915631003555
2024-06-09 05:26:06,0.196474863,0.0323276330335185,1.52357225,274.4424558476874,275.50459730467014
2024-06-09 05:26:10,0.196471847,0.032326543897507,1.52352092,274.44534037151817,275.5089001476134
2024-06-09 05:26:14,0.196473958,0.0323261594216736,1.5235028,274.44923322366054,275.5142113604687
2024-06-09 05:26:18,0.196475768,0.0323254545493124,1.52346958,274.45509219640775,275.52148873550885
2024-06-09 05:26:22,0.196490851,0.0323261594216736,1.5235028,274.4665689484464,275.5343839314001
2024-06-09 05:26:26,0.196492661,0.0323274407956018,1.52356319,274.4580113726233,275.52724484096865
2024-06-09 05:26:30,0.19649417,0.0323253904700068,1.52346656,274.47327688860264,275.5439288838584
2024-06-09 05:26:35,0.196498393,0.0323254545493124,1.52346958,274.4760814815536,275.5485066938019
2024-06-09 05:26:39,0.196497789,0.0323239168581619,1.52339711,274.48510432397745,275.5589481564785
2024-06-09 05:26:43,0.196503219,0.0323238527788563,1.52339409,274.4906355700356,275.56589806424154
2024-06-09 05:26:47,0.196514381,0.0323241731753842,1.52340919,274.5002207474649,275.57690194480745
2024-06-09 05:26:51,0.196508348,0.0323242372546897,1.52341221,274.4911320260485,275.56923196793906
2024-06-09 05:26:56,0.196514079,0.0323253904700068,1.52346656,274.48783031162617,275.5677037424048
2024-06-09 05:27:00,0.196523129,0.0323253904700068,1.52346656,274.49721880220335,275.5785110706301
2024-06-09 05:27:04,0.196525844,0.032324493571912,1.52342429,274.5055539179435,275.5882650653629
2024-06-09 05:27:08,0.196529765,0.0323239809374675,1.52340013,274.5125396502887,275.5966697180248
2024-06-09 05:27:12,0.1965361,0.0323237886995508,1.52339107,274.5200820918269,275.6056311211831
2024-06-09 05:27:16,0.196540323,0.0323231481186782,1.52336088,274.5283580810313,275.6153261132905
2024-06-09 05:27:21,0.196540323,0.0323233403565949,1.52336994,274.5251882889385,275.6139301328492
2024-06-09 05:27:25,0.196546055,0.0323239809374675,1.52340013,274.52596300173116,275.616123941356
2024-06-09 05:27:29,0.196553898,0.0323235964616341,1.52338201,274.5367023929737,275.6282824695287
2024-06-09 05:27:33,0.196566869,0.0323239168581619,1.52339711,274.5484470846842,275.64144633936473
2024-06-09 05:27:37,0.196568076,0.0323237246202452,1.52338805,274.549865450485,275.6442839244658
2024-06-09 05:27:42,0.196569584,0.032324045016773,1.52340315,274.5475654169569,275.6437579729335
2024-06-09 05:27:46,0.196576824,0.0323229558807615,1.52335182,274.5627029026693,275.6603147705138
2024-06-09 05:27:50,0.196583159,0.0323241731753842,1.52340919,274.5600079011015,275.6590391219217
2024-06-09 05:27:54,0.196581349,0.0323232121979838,1.5233639,274.5634066147432,275.6638572296259
2024-06-09 05:27:58,0.196597337,0.032324493571912,1.52342429,274.57177400054326,275.67364405055474
2024-06-09 05:28:03,0.19660518,0.0323231481186782,1.52336088,274.58913938532595,275.69278378696634
2024-06-09 05:28:07,0.196606085,0.0323253263907012,1.52346354,274.57297815901717,275.6780420881098
2024-06-09 05:28:11,0.196613627,0.0323243013339953,1.52341523,274.58801114559463,275.69449464313857
2024-06-09 05:28:15,0.196621168,0.0323246858098287,1.52343335,274.59280443888355,275.70070754585703
2024-06-09 05:28:19,0.196625693,0.0323250062063565,1.52344845,274.5944612884663,275.7037840458269
2024-06-09 05:28:23,0.196634441,0.032324493571912,1.52342429,274.607212900698,275.7179553493824
2024-06-09 05:28:28,0.196635044,0.0323246217305231,1.52343033,274.6052273163992,275.71774443677424
2024-06-09 05:28:32,0.196635648,0.0323253263907012,1.52346354,274.5994097545284,275.7133466582592
2024-06-09 05:28:36,0.196644698,0.0323241731753842,1.52340919,274.6171758505826,275.73253257853844
2024-06-09 05:28:40,0.196645904,0.0323239168581619,1.52339711,274.61905852753205,275.73583512056143
2024-06-09 05:28:44,0.196648921,0.0323238527788563,1.52339409,274.62170732631813,275.7399038252487
2024-06-09 05:28:53,0.196659177,0.0323233403565949,1.52336994,274.6344842956164,275.75587573199306
2024-06-09 05:28:57,0.19666883,0.0323238527788563,1.52339409,274.64086938079436,275.7636808556185
2024-06-09 05:29:01,0.19667607,0.0323236605409396,1.52338503,274.64949291893674,275.7737244729473
2024-06-09 05:29:05,0.196681802,0.0323245576512176,1.52342731,274.64839937801645,275.7740510519319
2024-06-09 05:29:09,0.196693566,0.0323242372546897,1.52341221,274.66335691589074,275.7904287504084
2024-06-09 05:29:14,0.196693868,0.0323241090960786,1.52340617,274.6628736887142,275.79172078118364
2024-06-09 05:29:18,0.196689645,0.0323243013339953,1.52341523,274.6550129785274,275.7852803230918
2024-06-09 05:29:22,0.196697488,0.0323229558807615,1.52335182,274.6727376710358,275.8044253083248
2024-06-09 05:29:26,0.19669598,0.0323228277221504,1.52334578,274.6704477294247,275.8035557000469
2024-06-09 05:29:31,0.196698996,0.0323225714049281,1.5233337,274.6741373515683,275.80902079593085
2024-06-09 05:29:35,0.196707744,0.0323234042237174,1.52337295,274.6771118887575,275.81341575774604
2024-06-09 05:29:39,0.196710761,0.0323226995635392,1.52333974,274.68441647834067,275.82214081249566
2024-06-09 05:29:43,0.196721922,0.0323227636428448,1.52334276,274.69586029308925,275.83500513293035
2024-06-09 05:29:48,0.196724336,0.0323236605409396,1.52338503,274.6904483099043,275.8313688388017
2024-06-09 05:29:52,0.196733084,0.0323223791670114,1.52332464,274.70879024463835,275.85113137031414
2024-06-09 05:29:56,0.196724637,0.0323211618723888,1.52326727,274.706130010317,275.84989177322257
2024-06-09 05:30:00,0.19673248,0.0323206492379442,1.52324311,274.71780415849145,275.86298659905714
2024-06-09 05:30:04,0.196737005,0.0323215463482222,1.52328539,274.7152659342919,275.86186909292707
2024-06-09 05:30:09,0.196735799,0.0323210977930832,1.52326425,274.71531063039,275.8636897434056
2024-06-09 05:30:13,0.196745452,0.0323223150877058,1.52332162,274.71656931938554,275.8663692413147
2024-06-09 05:30:17,0.196748167,0.0323228277221504,1.52334578,274.71466428009825,275.8658850512819
2024-06-09 05:30:21,0.196756613,0.0323209696344721,1.52325821,274.7368406076447,275.8894822684028
2024-06-09 05:30:25,0.196759328,0.0323221869290947,1.52331558,274.7298116053269,275.8838741959583
2024-06-09 05:30:29,0.196769585,0.0323225073256226,1.52333068,274.73831178206933,275.89379534285166
2024-06-09 05:30:34,0.196773506,0.032321418189611,1.52327935,274.7491381831141,275.90639801319355
2024-06-09 05:30:38,0.196780746,0.0323214822689166,1.52328237,274.7558987596269,275.914579650405
2024-06-09 05:30:42,0.196783461,0.0323233403565949,1.52336994,274.74420925713235,275.90431124881826
2024-06-09 05:30:46,0.196785573,0.0323215463482222,1.52328539,274.75835599298875,275.9198791257705
2024-06-09 05:30:50,0.196791606,0.0323215463482222,1.52328539,274.76414073244723,275.9270850464916
2024-06-09 05:30:54,0.196801862,0.0323216104275277,1.52328841,274.774503430806,275.9388689662588
2024-06-09 05:30:59,0.196803069,0.0323210977930832,1.52326425,274.77789678941684,275.9440389080527
2024-06-09 05:31:03,0.196804879,0.032321418189611,1.52327935,274.77630719141615,275.94387062171074
2024-06-09 05:31:07,0.196815738,0.0323221228497891,1.52331256,274.7827310467974,275.9517158288276
2024-06-09 05:31:11,0.19682147,0.0323210977930832,1.52326425,274.7956116985895,275.9660178724111
2024-06-09 05:31:15,0.196819057,0.0323214822689166,1.52328237,274.7885115821454,275.9603391877928
2024-06-09 05:31:19,0.196824788,0.0323204570000275,1.52323405,274.80139305981083,275.9746421372972
2024-06-09 05:31:24,0.196821168,0.0323207773965554,1.52324915,274.7929616533877,275.96798762690923
2024-06-09 05:31:28,0.196829916,0.0323215463482222,1.52328539,274.79639590635946,275.97284344167224
2024-06-09 05:31:32,0.196834743,0.0323211618723888,1.52326727,274.8035365178078,275.981405654856
2024-06-09 05:31:36,0.196847111,0.0323203288414164,1.52322801,274.8229479146573,276.0022386933639
2024-06-09 05:31:40,0.196841681,0.0323203288414164,1.52322801,274.8150402020775,275.9957526623441
2024-06-09 05:31:44,0.196844396,0.0323194319433216,1.52318574,274.8233865374474,276.00552071915456
2024-06-09 05:31:49,0.196851033,0.0323195601019327,1.52319178,274.8286049519915,276.0125163415486
2024-06-09 05:31:53,0.196848921,0.0323187270709604,1.52315252,274.8307211569707,276.0160543576212
2024-06-09 05:31:57,0.196858574,0.0323189833881826,1.5231646,274.8389652893791,276.02572034093424
2024-06-09 05:32:01,0.196861289,0.0323198804984606,1.52320688,274.83425922299523,276.0224361652448
2024-06-09 05:32:06,0.196865512,0.0323187270709604,1.52315252,274.84591875842875,276.03587311996813
2024-06-09 05:32:14,0.196869736,0.0323189193088771,1.52316158,274.84672170269647,276.0395200642432
2024-06-09 05:32:18,0.196880595,0.0323193037847105,1.5231797,274.8554734077599,276.0496938288696
2024-06-09 05:32:22,0.196883009,0.0323178301728655,1.52311025,274.8676587678815,276.06330128823174
2024-06-09 05:32:26,0.196883914,0.0323174456970321,1.52309213,274.87011583822436,276.0671804974714
2024-06-09 05:32:30,0.196885422,0.0323173816177266,1.52308911,274.87096149164387,276.0694483294225
2024-06-09 05:32:35,0.19689417,0.0323174456970321,1.52309213,274.87916780111857,276.0794324177657
2024-06-09 05:32:39,0.196902315,0.0323189193088771,1.52316158,274.8767504852178,276.0784373694967
2024-06-09 05:32:43,0.196905935,0.0323180224107823,1.52311931,274.88618021856195,276.0892894100378
2024-06-09 05:32:47,0.196909856,0.0323173816177266,1.52308911,274.8941059501424,276.098637488359
2024-06-09 05:32:51,0.196914984,0.0323178942521711,1.52311327,274.8950781591664,276.10103208364603
2024-06-09 05:32:56,0.196920113,0.0323162284024095,1.52303476,274.91155361689863,276.1192855797525
2024-06-09 05:33:00,0.196924336,0.0323172534591154,1.52308307,274.90771414053245,276.11686857849594
2024-06-09 05:33:04,0.196927654,0.0323180864900878,1.52312233,274.90419145663435,276.11476840916004
2024-06-09 05:33:08,0.196932481,0.0323173816177266,1.52308911,274.9136663803979,276.12566588691664
2024-06-09 05:33:17,0.196937911,0.0323167408246709,1.52305891,274.92161730814007,276.1368177052013
2024-06-09 05:33:21,0.196942435,0.0323169971418932,1.52307099,274.92373315688644,276.1403562359427
2024-06-09 05:33:25,0.196945452,0.0323163565610206,1.5230408,274.9305784088889,276.1486242092797
2024-06-09 05:33:29,0.196952692,0.0323162924817151,1.52303778,274.93827165976967,276.1577402208129
2024-06-09 05:33:33,0.19695239,0.0323158439265761,1.52301664,274.93975404382286,276.16064540481483
2024-06-09 05:33:38,0.196965663,0.0323159080058817,1.52301966,274.95336609067436,276.1760360068298
2024-06-09 05:33:42,0.196969283,0.032317317538421,1.52308609,274.94600450561086,276.1700973100528
2024-06-09 05:33:46,0.196964758,0.0323151390542149,1.52298342,274.95503843529946,276.1805541672541
2024-06-09 05:33:50,0.196964155,0.0323156516886594,1.52300758,274.9491621269065,276.1761008255783
2024-06-09 05:33:54,0.196976221,0.0323150749749093,1.5229804,274.9663542202668,276.19471592483865
2024-06-09 05:33:58,0.196979238,0.0323152031335204,1.52298644,274.96760234318424,276.19738709281745
2024-06-09 05:34:02,0.196982858,0.0323161002437984,1.52302872,274.96397101264034,276.1951788464745
2024-06-09 05:34:07,0.196987081,0.0323155235300483,1.52300154,274.9714372364308,276.2044239805232
2024-06-09 05:34:15,0.197000354,0.0323162284024095,1.52303476,274.97931477896253,276.215147906496
2024-06-09 05:34:19,0.197008801,0.0323161002437984,1.52302872,274.98891653444264,276.22617291227857
2024-06-09 05:34:23,0.197014532,0.0323167408246709,1.52305891,274.98967451474374,276.2283541819081
2024-06-09 05:34:28,0.197021169,0.0323161002437984,1.52302872,275.0004901371823,276.24094897085405
2024-06-09 05:34:32,0.197017549,0.0323151390542149,1.52298342,275.00174305615445,276.24362526688327
2024-06-09 05:34:36,0.197016342,0.0323139217595922,1.52292605,275.0077446794413,276.2510503061823
2024-06-09 05:34:40,0.197018454,0.0323145625526479,1.52295625,275.0041767627125,276.24890584439913
2024-06-09 05:34:44,0.197024185,0.0323142421561201,1.52294115,275.0119344756431,276.2580870511871
2024-06-09 05:34:49,0.197027805,0.0323141780768145,1.52293813,275.0149469795939,276.262878977146
2024-06-09 05:34:53,0.197032933,0.0323142421561201,1.52294115,275.0191834347144,276.2685390135956
2024-06-09 05:34:57,0.197044396,0.0323140499182034,1.52293209,275.0328561700998,276.283635369151
2024-06-09 05:35:01,0.19704862,0.0323140499182034,1.52293209,275.0364793048758,276.2886821629162
2024-06-09 05:35:05,0.197048318,0.0323132809665366,1.52289585,275.04029728691535,276.2939238427421
2024-06-09 05:35:09,0.197050731,0.0323144343940368,1.52295021,275.03335288507367,276.2884031774624
2024-06-09 05:35:18,0.197059479,0.0323139217595922,1.52292605,275.04433636334954,276.30259020466235
2024-06-09 05:35:22,0.197066418,0.0323142421561201,1.52294115,275.0488687191035,276.30854642284777
2024-06-09 05:35:26,0.197069736,0.0323143703147312,1.52294719,275.05047532737655,276.3115769322349
