time,voltage,current,shunt_voltage,temperature,temperature old
2024-06-05 01:03:23,0.130596361,0.0338136433753243,1.59360658,190.7727068588913,190.7727068588913
2024-06-05 01:03:28,0.131115818,0.0338053141265163,1.59321403,191.39106701763205,191.39154175351015
2024-06-05 01:03:32,0.131828941,0.0337967926397915,1.59281242,192.22809506016426,192.2289496104124
2024-06-05 01:03:36,0.132093798,0.0337907700338007,1.59252858,192.55141230878758,192.5526466962495
2024-06-05 01:03:40,0.132318535,0.0337860926688606,1.59230814,192.82389834900613,192.8255125965516
2024-06-05 01:03:45,0.132504357,0.0337768024426522,1.5918703,193.07299794529652,193.0750870501464
2024-06-05 01:03:49,0.132669666,0.0337745598791404,1.59176461,193.2681897422815,193.27065875876636
2024-06-05 01:03:53,0.132810239,0.033771548576145,1.59162269,193.43902183917658,193.44187079025016
2024-06-05 01:03:57,0.132929093,0.0337678324007884,1.59144755,193.5886045685462,193.591833477188
2024-06-05 01:04:01,0.133037691,0.0337656539165823,1.59134488,193.7198909589743,193.72349984818945
2024-06-05 01:04:06,0.133214463,0.033763795828904,1.59125731,193.92629621337986,193.93038011070195
2024-06-05 01:04:10,0.133288973,0.0337620658998368,1.59117578,194.01732662625344,194.0217905560044
2024-06-05 01:04:14,0.133359863,0.0337599514949362,1.59107613,194.10600621970536,194.11085020497364
2024-06-05 01:04:18,0.1334211,0.0337579011693412,1.5909795,194.18356323588955,194.1887872997892
2024-06-05 01:04:22,0.133479622,0.0337570042712464,1.59093723,194.25295181339558,194.25855597906616
2024-06-05 01:04:27,0.133530602,0.0337554665800959,1.59086476,194.31662124322284,194.3227005686857
2024-06-05 01:04:31,0.133579773,0.0337558510559293,1.59088288,194.3698071570921,194.37626663648277
2024-06-05 01:04:35,0.133626832,0.0337545053905124,1.59081946,194.42831778025757,194.43515743679808
2024-06-05 01:04:39,0.133663031,0.0337531599372786,1.59075605,194.47462318059135,194.4818430375292
2024-06-05 01:04:43,0.133699532,0.0337520708012671,1.59070472,194.52013066581432,194.52773074642215
2024-06-05 01:04:47,0.133768008,0.0337523271184894,1.5907168,194.5955975635758,194.6035778911516
2024-06-05 01:04:52,0.133795761,0.0337516863254337,1.5906866,194.62918173866615,194.63763740775292
2024-06-05 01:04:56,0.133819592,0.0337502127135888,1.59061715,194.66216547504968,194.6710014436168
2024-06-05 01:05:00,0.133848551,0.0337489954189662,1.59055978,194.69977545331417,194.70899174474133
2024-06-05 01:05:04,0.133881432,0.0337484827845216,1.59053562,194.738655267806,194.74825190549788
2024-06-05 01:05:08,0.13390104,0.0337484827845216,1.59053562,194.7603238584809,194.7703008658673
2024-06-05 01:05:12,0.133921553,0.0337462402210099,1.59042993,194.79301762112055,194.80337502165625
2024-06-05 01:05:17,0.133944479,0.0337475856742437,1.59049334,194.81231872350753,194.82315164850104
2024-06-05 01:05:21,0.133962579,0.0337460479830932,1.59042087,194.83915662361093,194.85036999461795
2024-06-05 01:05:25,0.133998174,0.0337464324589266,1.59043899,194.87708910443044,194.88868294498664
2024-06-05 01:05:29,0.134014464,0.0337446384505539,1.59035444,194.90304049466806,194.91501482833385
2024-06-05 01:05:34,0.134032865,0.0337436133938479,1.59030613,194.92783864046132,194.94028862368376
2024-06-05 01:05:38,0.134053378,0.0337439335781926,1.59032122,194.94909823448188,194.9619287639154
2024-06-05 01:05:42,0.134065143,0.0337431007594034,1.59028197,194.96567099119662,194.97888209048205
2024-06-05 01:05:46,0.134084147,0.0337438697110702,1.59031821,194.98322783864967,194.99681953145236
2024-06-05 01:05:50,0.13409923,0.0337423958870421,1.59024875,195.00639861366264,195.02037092367263
2024-06-05 01:05:55,0.134110392,0.0337431648387089,1.59028499,195.01503980549586,195.0294879203664
2024-06-05 01:05:59,0.134126681,0.0337430366800978,1.59027895,195.03355262686972,195.04838141233975
2024-06-05 01:06:03,0.134153529,0.0337424599663477,1.59025177,195.065947649185,195.08115712902415
2024-06-05 01:06:07,0.134166199,0.0337414349096418,1.59020346,195.08440195887954,195.09999215688185
2024-06-05 01:06:11,0.134176757,0.0337424599663477,1.59025177,195.09131199852686,195.1072829385107
2024-06-05 01:06:15,0.134187013,0.0337409863545028,1.59018232,195.1090584856156,195.12541019142373
2024-06-05 01:06:20,0.134199683,0.0337414349096418,1.59020346,195.12082715331925,195.1376548499737
2024-06-05 01:06:24,0.134212051,0.033741691226864,1.59021554,195.13321105296203,195.1504195691757
2024-06-05 01:06:28,0.134226531,0.0337418193854752,1.59022158,195.1485438474901,195.1661332071846
2024-06-05 01:06:32,0.134240105,0.0337416271475585,1.59021252,195.16429119584916,195.1822614229702
2024-06-05 01:06:36,0.134244932,0.0337409222751972,1.5901793,195.1724941922064,195.19084531072377
2024-06-05 01:06:41,0.13426816,0.0337405377993638,1.59016118,195.1998666111058,195.21869387761285
2024-06-05 01:06:45,0.134274796,0.0337411145131139,1.59018836,195.20436855326108,195.22357676518453
2024-06-05 01:06:49,0.134287767,0.0337404096407527,1.59015514,195.22173333768657,195.24132251907437
2024-06-05 01:06:53,0.134294102,0.0337406018786694,1.5901642,195.2276176066044,195.24758778152847
2024-06-05 01:06:57,0.134306772,0.0337407941165861,1.59017326,195.24062773681752,195.26097892937355
2024-06-05 01:07:02,0.134311297,0.0337401535357136,1.59014307,195.24810973562813,195.26893723414523
2024-06-05 01:07:06,0.13431914,0.0337393205047412,1.59010381,195.26028151053433,195.2814900809861
2024-06-05 01:07:10,0.134327285,0.0337388078702967,1.59007965,195.27135862713686,195.29294829369653
2024-06-05 01:07:14,0.13433905,0.0337379750515074,1.5900404,195.28794261689623,195.30991340376065
2024-06-05 01:07:18,0.134342669,0.0337377187342851,1.59002832,195.2927808623939,195.31513279378373
2024-06-05 01:07:23,0.134363786,0.0337377828135907,1.59003134,195.31577313625584,195.3386015323986
2024-06-05 01:07:27,0.134373439,0.0337391923461301,1.59009777,195.3199359214101,195.343145516661
2024-06-05 01:07:31,0.134373439,0.0337374624170629,1.59001624,195.3273055388111,195.3508963574675
2024-06-05 01:07:35,0.13437917,0.033737590575674,1.59002228,195.33279729620455,195.3567693625872
2024-06-05 01:07:39,0.134391538,0.0337373983377573,1.59001322,195.34719121694602,195.3715445553993
2024-06-05 01:07:43,0.134399683,0.0337383595273408,1.59005852,195.35166536954185,195.3764000044335
2024-06-05 01:07:48,0.134405716,0.0337365655189681,1.58997397,195.36601590018523,195.39122718992755
2024-06-05 01:07:52,0.134411749,0.0337367577568848,1.58998303,195.37156009413252,195.3971527352261
2024-06-05 01:07:56,0.134425324,0.0337381032101185,1.59004644,195.38041980083156,195.40639381771996
2024-06-05 01:08:00,0.134431659,0.0337365014396625,1.58997095,195.3943453940461,195.4207008111963
2024-06-05 01:08:04,0.134434977,0.0337359247259124,1.58994377,195.40028228171698,195.42701912361903
2024-06-05 01:08:09,0.13444644,0.0337351559864287,1.58990754,195.41614862659537,195.44336228391185
2024-06-05 01:08:13,0.134445234,0.033734963748512,1.58989848,195.41527226612502,195.4428674033808
2024-06-05 01:08:17,0.13444825,0.0337343870347619,1.5898713,195.420869962489,195.44884660424944
2024-06-05 01:08:21,0.134456093,0.0337341947968452,1.58986224,195.43017468947002,195.4585328603235
2024-06-05 01:08:25,0.13446997,0.0337356043293846,1.58992867,195.4390849904739,195.46782471503175
2024-06-05 01:08:30,0.13446273,0.0337328493436114,1.58979883,195.4428176292031,195.47203433053616
2024-06-05 01:08:34,0.134471176,0.0337327852643059,1.58979581,195.45222650269994,195.4818248131969
2024-06-05 01:08:38,0.134484148,0.033732913422917,1.58980185,195.4658655402662,195.49584548461297
2024-06-05 01:08:42,0.134488069,0.0337325289470836,1.58978373,195.47162033822457,195.50198194112983
2024-06-05 01:08:47,0.134492896,0.033733489924484,1.58982902,195.4722635187978,195.5031022296826
2024-06-05 01:08:51,0.134497421,0.0337325289470836,1.58978373,195.48128417413528,195.5125045992565
2024-06-05 01:08:55,0.134505264,0.033732464867778,1.58978071,195.4900146954744,195.5216168596147
2024-06-05 01:08:59,0.134512504,0.0337336180830951,1.58983506,195.4926051652787,195.52458909324343
2024-06-05 01:09:03,0.134517934,0.0337327211850003,1.58979279,195.50235708560228,195.53472280221945
2024-06-05 01:09:08,0.134524872,0.0337325930263892,1.58978675,195.51026131838924,195.5431043057706
2024-06-05 01:09:12,0.134525173,0.0337329775022226,1.58980487,195.5084929570072,195.5417177889864
2024-06-05 01:09:16,0.134541765,0.0337324007884725,1.58977769,195.52936802739822,195.56297472887653
2024-06-05 01:09:20,0.13454267,0.0337331056608337,1.58981091,195.52684112836963,195.5608297242707
2024-06-05 01:09:25,0.134549306,0.033731311652461,1.58972636,195.54188209348422,195.5763480924968
2024-06-05 01:09:29,0.134552926,0.0337327852643059,1.58979581,195.5389594615076,195.5738074111032
2024-06-05 01:09:33,0.134556848,0.0337313757317665,1.58972938,195.54931701232084,195.5845469374958
2024-06-05 01:09:37,0.134561373,0.0337321444712502,1.58976561,195.5505760534652,195.5861879792381
2024-06-05 01:09:42,0.134571629,0.0337319522333335,1.58975655,195.5625015156207,195.5985909773576
2024-06-05 01:09:46,0.134574646,0.0337315038903777,1.58973542,195.5675269049214,195.6039984236296
2024-06-05 01:09:50,0.134586109,0.0337306708594053,1.58969616,195.58378342280693,195.62063702357733
2024-06-05 01:09:54,0.134592745,0.033731311652461,1.58972636,195.5879914144256,195.62522712237117
2024-06-05 01:09:58,0.134595762,0.0337302223042663,1.58967502,195.59589541995365,195.63351326020936
2024-06-05 01:10:02,0.134593952,0.0337299659870441,1.58966294,195.59462743714855,195.6326274348715
2024-06-05 01:10:07,0.13460089,0.0337306067800997,1.58969314,195.5990795010616,195.6375572310292
2024-06-05 01:10:11,0.134606018,0.0337305427007942,1.58969012,195.6047553805303,195.6436153246489
2024-06-05 01:10:15,0.13461175,0.0337297098820049,1.58965087,195.61456322611937,195.6538054096174
2024-06-05 01:10:19,0.134617481,0.0337313757317665,1.58972938,195.61314884827584,195.65277329640355
2024-06-05 01:10:23,0.134621403,0.0337310553352387,1.58971428,195.6186186423233,195.6586253803528
2024-06-05 01:10:28,0.134625626,0.033729838040616,1.58965691,195.62835986142804,195.66884449740684
2024-06-05 01:10:32,0.134632263,0.0337300300663496,1.58966596,195.63458361957157,195.675450602394
2024-06-05 01:10:36,0.134633469,0.0337296458026993,1.58964785,195.63728432983086,195.67853368483972
2024-06-05 01:10:41,0.134642217,0.0337301582249607,1.589672,195.64434873057505,195.68607608648813
2024-06-05 01:10:45,0.134641011,0.0337301582249607,1.589672,195.64260920421896,195.68471898941877
2024-06-05 01:10:49,0.134641916,0.0337291972475604,1.58962671,195.64756182691306,195.69005406681265
2024-06-05 01:10:53,0.134647346,0.0337292613268659,1.58962973,195.65300197127542,195.6958766913093
2024-06-05 01:10:57,0.134652172,0.0337305427007942,1.58969012,195.6522939800811,195.69555120570536
2024-06-05 01:11:02,0.13465368,0.0337290050096437,1.58961765,195.66042060870424,195.7041560021466
2024-06-05 01:11:06,0.134658507,0.0337299021199216,1.58965993,195.66143965645588,195.70555761284297
2024-06-05 01:11:10,0.134661825,0.0337295176440882,1.58964181,195.66651816213604,195.7110187069935
2024-06-05 01:11:14,0.134668462,0.0337294535647826,1.58963879,195.67389220020877,195.71877535908345
2024-06-05 01:11:18,0.134673288,0.0337302223042663,1.58967502,195.67548639660384,195.720752195064
2024-06-05 01:11:22,0.134671177,0.0337295817233938,1.58964483,195.6756063221,195.72125478573503
2024-06-05 01:11:27,0.134672685,0.0337290050096437,1.58961765,195.6794161956157,195.7255430267368
2024-06-05 01:11:31,0.134676606,0.0337292613268659,1.58962973,195.6822942015416,195.72880375549127
2024-06-05 01:11:35,0.134680528,0.0337295817233938,1.58964483,195.6848853271545,195.7317776295909
2024-06-05 01:11:39,0.134684751,0.0337292613268659,1.58962973,195.69069447691655,195.737969553519
2024-06-05 01:11:43,0.134690784,0.0337297098820049,1.58965087,195.6950851079042,195.742742984373
2024-06-05 01:11:48,0.134691086,0.0337302863835719,1.58967804,195.69235586196683,195.7404922744416
2024-06-05 01:11:52,0.134690483,0.0337293894854771,1.58963577,195.69532475334748,195.74384402359092
2024-06-05 01:11:56,0.134695309,0.0337297739613105,1.58965389,195.6986449141562,195.7475470679368
2024-06-05 01:12:01,0.134697421,0.0337285564545047,1.58959651,195.7060144695197,195.75539526399024
2024-06-05 01:12:05,0.134701343,0.0337293894854771,1.58963577,195.70630136158275,195.7560650976455
2024-06-05 01:12:09,0.134704661,0.0337284923751991,1.58959349,195.71368418482632,195.7638308883174
2024-06-05 01:12:13,0.134707074,0.0337295176440882,1.58964181,195.71140870921315,195.76193840598924
2024-06-05 01:12:17,0.134714012,0.033727787715021,1.58956028,195.7266088166271,195.7775215325658
2024-06-05 01:12:21,0.134710694,0.0337290690889492,1.58962067,195.7167323537215,195.7680281147209
2024-06-05 01:12:26,0.134715521,0.0337275313977988,1.5895482,195.72859729977094,195.7803719035469
2024-06-05 01:12:30,0.13472819,0.0337290050096437,1.58961765,195.7358474886049,195.7880051957877
2024-06-05 01:12:34,0.134730905,0.0337265702082153,1.5895029,195.7494654357248,195.80200627227956
2024-06-05 01:12:38,0.134740257,0.0337282360579769,1.58958141,195.75211773549995,195.80504172741212
2024-06-05 01:12:42,0.134745083,0.0337270828426598,1.58952706,195.76235060960022,195.8156577828758
2024-06-05 01:12:47,0.134751116,0.0337270187633542,1.58952404,195.76894939551093,195.82273558209272
2024-06-05 01:12:51,0.134756245,0.0337275313977988,1.5895482,195.7720333629234,195.82620278945663
2024-06-05 01:12:55,0.134760769,0.0337262500238706,1.58948781,195.78250353846167,195.83705623101844
2024-06-05 01:12:59,0.134772836,0.0337261218652594,1.58948177,195.79627743929436,195.85121342396712
2024-06-05 01:13:03,0.134779774,0.0337270187633542,1.58952404,195.79966872542167,195.8549880283232
2024-06-05 01:13:08,0.134787617,0.0337279158736322,1.58956632,195.80398148128276,195.859779968722
2024-06-05 01:13:12,0.134786411,0.033727787715021,1.58956028,195.80281725408275,195.85899911857808
2024-06-05 01:13:16,0.134793349,0.0337274032391876,1.58954216,195.81197121530946,195.86853648303915
2024-06-05 01:13:20,0.134791539,0.0337268265254375,1.58951498,195.81214472938404,195.86909342654644
2024-06-05 01:13:25,0.134794857,0.0337266983668264,1.58950894,195.81597607951127,195.8734041003364
2024-06-05 01:13:29,0.134798477,0.0337263781824817,1.58949385,195.82110695844673,195.878918467724
2024-06-05 01:13:33,0.134810242,0.0337272110012709,1.5895331,195.83021796859964,195.8884129925923
2024-06-05 01:13:37,0.134811147,0.0337266983668264,1.58950894,195.8331590364991,195.8917376014904
2024-06-05 01:13:42,0.134812957,0.0337270187633542,1.58952404,195.83327529104108,195.89233331927176
2024-06-05 01:13:46,0.13481899,0.0337259296273427,1.58947271,195.84458139955214,195.9040230279913
2024-06-05 01:13:50,0.134821705,0.0337268265254375,1.58951498,195.84321824865728,195.9030435036526
2024-06-05 01:13:54,0.134827436,0.0337268906047431,1.589518,195.848996256109,195.90920516402792
2024-06-05 01:13:59,0.134831961,0.0337290690889492,1.58962067,195.84380834616218,195.90449685734484
2024-06-05 01:14:03,0.134837693,0.0337286205338103,1.58959953,195.85189331638543,195.9129655398904
2024-06-05 01:14:07,0.134830754,0.0337285564545047,1.58959651,195.8439887649486,195.90544472720725
2024-06-05 01:14:11,0.134841313,0.0337275313977988,1.5895482,195.86010004633624,195.9219397737995
2024-06-05 01:14:15,0.134850061,0.0337281721908544,1.5895784,195.8666781709572,195.92890169009547
2024-06-05 01:14:19,0.134853681,0.0337281081115489,1.58957538,195.8706566595099,195.93326399681325
2024-06-05 01:14:24,0.134853982,0.0337259296273427,1.58947271,195.88031872112492,195.94340586841577
2024-06-05 01:14:28,0.134859412,0.0337263141031761,1.58949083,195.88431591336558,195.94778693849503
2024-06-05 01:14:32,0.134859714,0.0337258014687316,1.58946667,195.88657897600282,195.95043390552397
2024-06-05 01:14:36,0.134860015,0.0337264422617873,1.58949687,195.88364997726708,195.94788883775243
2024-06-05 01:14:40,0.134861524,0.0337260577859539,1.58947875,195.8866946645362,195.95131748257745
2024-06-05 01:14:44,0.134865747,0.0337263141031761,1.58949083,195.8899100246258,195.954916826834
2024-06-05 01:14:49,0.134876305,0.0337266342875208,1.58950592,195.89987169350158,195.96535851336947
2024-06-05 01:14:53,0.13488083,0.0337263141031761,1.58949083,195.90602156139968,195.9718924253795
2024-06-05 01:14:57,0.134884752,0.033725737389426,1.58946365,195.9126475853843,195.97890252014943
2024-06-05 01:15:01,0.134882037,0.0337247121205369,1.58941533,195.913822938174,195.9804619704169
2024-06-05 01:15:05,0.134886863,0.0337268265254375,1.58951498,195.90935275102902,195.9763759074612
2024-06-05 01:15:10,0.134890181,0.0337261218652594,1.58948177,195.91577877660902,195.9832821258699
2024-06-05 01:15:14,0.13489531,0.0337270187633542,1.58952404,195.91712980597816,195.98501733959867
2024-06-05 01:15:18,0.134902549,0.033726185944565,1.58948479,195.92864190715682,195.99691365191023
2024-06-05 01:15:22,0.134901041,0.0337263781824817,1.58949385,195.9256950270786,195.994351009757
2024-06-05 01:15:26,0.134910393,0.0337261218652594,1.58948177,195.93699024423697,196.00603049165133
2024-06-05 01:15:31,0.134910091,0.0337249684377592,1.58942741,195.94136308047217,196.01088369653803
2024-06-05 01:15:35,0.134912806,0.0337258655480372,1.58946969,195.939995387652,196.0099003288472
2024-06-05 01:15:39,0.134921856,0.0337260577859539,1.58947875,195.94893127871933,196.01922057191592
2024-06-05 01:15:44,0.134914616,0.0337260577859539,1.58947875,195.94030219566403,196.01107196667948
2024-06-05 01:15:48,0.134923364,0.0337259296273427,1.58947271,195.95034069233748,196.0214948758845
2024-06-05 01:15:52,0.134930302,0.0337264422617873,1.58949687,195.9554566828461,196.02699530585733
2024-06-05 01:15:56,0.13493181,0.0337264422617873,1.58949687,195.95676944800735,196.02869253743395
2024-06-05 01:16:00,0.134938749,0.0337250325170648,1.58943043,195.97054309972037,196.0428506825321
2024-06-05 01:16:04,0.134941765,0.0337254169928982,1.58944855,195.9718217102099,196.04451381339487
2024-06-05 01:16:09,0.134943575,0.0337251606756759,1.58943647,195.97453253899693,196.0477053306288
2024-06-05 01:16:13,0.134938145,0.0337240074603588,1.58938212,195.97322986632852,196.0467872391245
2024-06-05 01:16:17,0.134945988,0.0337240074603588,1.58938212,195.98167312763098,196.0556151086392
2024-06-05 01:16:21,0.134946592,0.0337237511431366,1.58937004,195.98312280107046,196.0574494173572
2024-06-05 01:16:25,0.134958055,0.0337249043584537,1.58942439,195.9904463058697,196.06515758451968
2024-06-05 01:16:30,0.134959865,0.0337249043584537,1.58942439,195.9920026797693,196.06719482448895
2024-06-05 01:16:34,0.13495896,0.0337246482534145,1.58941232,195.9917528853724,196.0673297534624
2024-06-05 01:16:38,0.134967708,0.0337249043584537,1.58942439,196.00006087056937,196.0760224891736
2024-06-05 01:16:42,0.134968914,0.0337237511431366,1.58937004,196.00622833912325,196.0825747354037
2024-06-05 01:16:46,0.134971931,0.0337243919361922,1.58940024,196.00635276578723,196.083083966924
2024-06-05 01:16:51,0.134974344,0.0337230462707753,1.58933682,196.0146499280334,196.09186217349003
2024-06-05 01:16:55,0.134984902,0.0337252888342871,1.58944251,196.01604597480897,196.093643086343
2024-06-05 01:16:59,0.134983394,0.0337245200948034,1.58940628,196.01742693492392,196.095408939774
2024-06-05 01:17:03,0.134991237,0.0337253529135926,1.58944553,196.02211773817,196.10048466359265
2024-06-05 01:17:07,0.134995159,0.03372413561897,1.58938816,196.03163164156044,196.1103835148301
2024-06-05 01:17:11,0.134996064,0.0337252888342871,1.58944251,196.02706950755922,196.1062063559682
2024-06-05 01:17:16,0.134999382,0.0337238793017477,1.58937608,196.03667366038377,196.11629176612377
2024-06-05 01:17:20,0.135001795,0.0337231103500809,1.58933984,196.04246958535094,196.12247272770296
2024-06-05 01:17:24,0.135004209,0.03372413561897,1.58938816,196.04018183551761,196.1205700418317
2024-06-05 01:17:28,0.13500994,0.0337241996982755,1.58939118,196.0459587125908,196.1267320102347
2024-06-05 01:17:32,0.135011147,0.0337249043584537,1.58942439,196.04375693879808,196.1249153551572
2024-06-05 01:17:36,0.135016275,0.0337243919361922,1.58940024,196.05145272411934,196.13299628659672
2024-06-05 01:17:40,0.135018688,0.0337246482534145,1.58941232,196.0526285180102,196.1345572540264
2024-06-05 01:17:45,0.135014767,0.0337228542450418,1.58932777,196.0558181534932,196.13822839501984
2024-06-05 01:17:49,0.13502261,0.0337233666673032,1.58935192,196.06195181000302,196.14474728682893
2024-06-05 01:17:53,0.13501899,0.0337222775312917,1.58930059,196.06240032931439,196.145581068917
2024-06-05 01:17:57,0.135022308,0.0337229821914698,1.5893338,196.06257407373863,196.1461401036128
2024-06-05 01:18:02,0.135027135,0.0337233666673032,1.58935192,196.0657929850603,196.14984066646508
2024-06-05 01:18:06,0.135037995,0.0337223416105972,1.58930361,196.08225223613408,196.1666852697374
2024-06-05 01:18:10,0.135038598,0.0337231744293865,1.58934286,196.0787917081261,196.1636101214792
2024-06-05 01:18:14,0.135043726,0.0337237511431366,1.58937004,196.08157899123626,196.1667828119076
2024-06-05 01:18:19,0.135042519,0.033723238508692,1.58934588,196.08204924397955,196.1677348625932
2024-06-05 01:18:23,0.135045234,0.0337231103500809,1.58933984,196.08529752946038,196.1713686174843
2024-06-05 01:18:27,0.135050966,0.0337231744293865,1.58934286,196.09107527472634,196.17753185978484
2024-06-05 01:18:31,0.135053982,0.0337233666673032,1.58935192,196.0932180553835,196.18006016511796
2024-06-05 01:18:36,0.135054586,0.0337236229845254,1.589364,196.09226055261652,196.1795846070927
2024-06-05 01:18:40,0.135056396,0.0337233666673032,1.58935192,196.09506776859183,196.1827774099995
2024-06-05 01:18:44,0.135057602,0.0337224056899028,1.58930663,196.10037181762277,196.1884670736586
2024-06-05 01:18:48,0.135058809,0.0337223416105972,1.58930361,196.10163372269244,196.1901146210701
2024-06-05 01:18:52,0.135061826,0.0337218289761527,1.58927945,196.10695533032725,196.1958218987773
2024-06-05 01:18:57,0.135067557,0.0337221493726805,1.58929455,196.1114798717804,196.20082856684272
2024-06-05 01:19:01,0.135069367,0.0337223416105972,1.58930361,196.11226486146657,196.20199928905657
2024-06-05 01:19:05,0.135068764,0.033722085293375,1.58929153,196.1123559777297,196.20247616563265
2024-06-05 01:19:10,0.135078719,0.0337234948259143,1.58935796,196.11672442811286,196.20732685550544
2024-06-05 01:19:14,0.135079925,0.0337226620071251,1.58931871,196.12145113935784,196.21243938964125
2024-06-05 01:19:18,0.135084148,0.0337243919361922,1.58940024,196.1180189476886,196.20939304870228
2024-06-05 01:19:22,0.13508626,0.0337221493726805,1.58929455,196.1301220004674,196.22188198006745
2024-06-05 01:19:26,0.135088372,0.0337219571347638,1.58928549,196.13298038288607,196.2251262689452
2024-06-05 01:19:31,0.135089578,0.0337215085796249,1.58926435,196.1358782870301,196.22850659538423
2024-06-05 01:19:35,0.135093198,0.0337220212140694,1.58928851,196.137255538513,196.23026981610013
2024-06-05 01:19:39,0.1350935,0.0337217648968471,1.58927643,196.1383653806574,196.23176565540388
2024-06-05 01:19:43,0.135102248,0.0337229821914698,1.5893338,196.14233713380193,196.2361234336505
2024-06-05 01:19:47,0.135101645,0.0337222775312917,1.58930059,196.1444500994025,196.23862245231223
2024-06-05 01:19:52,0.135107075,0.0337211243159746,1.58924624,196.15528097068682,196.2499359292654
2024-06-05 01:19:56,0.135112504,0.0337214445003193,1.58926133,196.1595621925604,196.2546032671679
2024-06-05 01:20:00,0.135114616,0.033722085293375,1.58929153,196.15866332174818,196.2540905403967
2024-06-05 01:20:04,0.135118538,0.0337217648968471,1.58927643,196.16413721397151,196.25995060468935
2024-06-05 01:20:08,0.135118839,0.0337221493726805,1.58929455,196.16235568454033,196.25855527537203
2024-06-05 01:20:12,0.135119443,0.0337205476022245,1.58921906,196.1698743833802,196.2664602023864
2024-06-05 01:20:17,0.135123062,0.0337211883952802,1.58924926,196.17057504239483,196.267643686104
2024-06-05 01:20:21,0.135129096,0.033722085293375,1.58929153,196.1729354955285,196.2703904306076
2024-06-05 01:20:25,0.135134224,0.0337213163417082,1.58925529,196.1817904525005,196.2796317070624
2024-06-05 01:20:29,0.135132716,0.0337212522624026,1.58925227,196.17999560458387,196.27822320675745
2024-06-05 01:20:34,0.135133319,0.0337202272056966,1.58920396,196.1848157414389,196.28352631770764
2024-06-05 01:20:38,0.135140559,0.0337204835229189,1.58921604,196.19142332022406,196.2905203074528
2024-06-05 01:20:42,0.135143274,0.0337199068091688,1.58918886,196.19669524267542,196.29617866904476
2024-06-05 01:20:46,0.135142972,0.0337197786505577,1.58918282,196.19654702723025,196.29641692093668
2024-06-05 01:20:51,0.135149005,0.0337204194436134,1.58921302,196.1999643808478,196.3003173984009
2024-06-05 01:20:55,0.135149609,0.0337207398401412,1.58922812,196.1988122100548,196.29955175844464
2024-06-05 01:20:59,0.135153832,0.0337214445003193,1.58926133,196.20000028232644,196.3011263898008
2024-06-05 01:21:03,0.135154133,0.0337198427298632,1.58918584,196.20717977541617,196.3086924702383
2024-06-05 01:21:07,0.135153832,0.0337199708884744,1.58919188,196.2058760237102,196.3077753341591
2024-06-05 01:21:12,0.135161977,0.0337192662282963,1.58915867,196.21774189052857,196.32012451030204
2024-06-05 01:21:16,0.135158357,0.0337195223333354,1.58917074,196.21212418396573,196.3148934830507
2024-06-05 01:21:20,0.135164993,0.0337205476022245,1.58921906,196.2145815611629,196.3177375678889
2024-06-05 01:21:24,0.135167708,0.0337201631263911,1.58920094,196.21898619380812,196.3225289365202
2024-06-05 01:21:28,0.135166501,0.0337198427298632,1.58918584,196.21868646667622,196.3226159737349
2024-06-05 01:21:32,0.13516801,0.0337190739903796,1.58914961,196.22346763595206,196.32778393573324
2024-06-05 01:21:36,0.135171026,0.0337186895145462,1.58913149,196.22821137529647,196.3329144961914
2024-06-05 01:21:41,0.13517525,0.0337205476022245,1.58921906,196.22409764569898,196.32928433293472
2024-06-05 01:21:45,0.135180981,0.033719586412641,1.58917376,196.23450033289265,196.34007390517849
2024-06-05 01:21:49,0.135182791,0.0337197786505577,1.58918282,196.23528345859393,196.3412439443709
2024-06-05 01:21:53,0.135185808,0.0337203553643078,1.58921,196.2356901163425,196.3420375440668
2024-06-05 01:21:57,0.135190936,0.0337200349677799,1.5891949,196.24252207012435,196.34925646826736
2024-06-05 01:22:02,0.135194556,0.033721060236669,1.58924322,196.24148611896814,196.34870427019544
2024-06-05 01:22:06,0.135193952,0.0337204194436134,1.58921302,196.24331126779512,196.3509164535571
2024-06-05 01:22:10,0.135196366,0.0337204835229189,1.58921604,196.24535256427987,196.3533448130969
2024-06-05 01:22:14,0.135200589,0.0337200349677799,1.5891949,196.251744202692,196.3601235430996
2024-06-05 01:22:18,0.135195461,0.0337202912850022,1.58920698,196.24442721223355,196.35319367278217
2024-06-05 01:22:22,0.135203002,0.0337197786505577,1.58918282,196.2548434139924,196.3639970232475
2024-06-05 01:22:27,0.135202701,0.033719586412641,1.58917376,196.254888330796,196.36452591612704
2024-06-05 01:22:31,0.135203002,0.0337192662282963,1.58915867,196.25628530213842,196.36631010050263
2024-06-05 01:22:35,0.135206019,0.0337193943869074,1.58916471,196.258716065239,196.36912810525007
2024-06-05 01:22:39,0.135207527,0.033718561355935,1.58912545,196.26378704639146,196.374586356678
2024-06-05 01:22:43,0.13521175,0.0337201631263911,1.58920094,196.26092315416102,196.37210976336632
2024-06-05 01:22:47,0.135219593,0.0337192662282963,1.58915867,196.27341428079217,196.3849882175743
2024-06-05 01:22:52,0.135215974,0.0337191380696851,1.58915263,196.26943439276002,196.3814925293359
2024-06-05 01:22:56,0.135222007,0.0337203553643078,1.58921,196.27034339194844,196.3827889206353
2024-06-05 01:23:00,0.13522804,0.0337192021489907,1.58915565,196.2819541979202,196.3947871474237
2024-06-05 01:23:04,0.13522985,0.0337202272056966,1.58920396,196.27897646853455,196.3921968675749
2024-06-05 01:23:08,0.135233771,0.0337183691180183,1.58911639,196.29139260532693,196.40500048263883
2024-06-05 01:23:13,0.135237391,0.0337186895145462,1.58913149,196.29353701433567,196.4076292799173
2024-06-05 01:23:17,0.135238296,0.0337192021489907,1.58915565,196.29185360573112,196.40633341429043
2024-06-05 01:23:21,0.135238296,0.033719458466213,1.58916773,196.29030869042106,196.4051760707397
2024-06-05 01:23:25,0.135238598,0.0337193943869074,1.58916471,196.29055041702597,196.4058053979
2024-06-05 01:23:30,0.135245536,0.0337200990470855,1.58919792,196.29469487814313,196.41043440022776
2024-06-05 01:23:34,0.135245838,0.0337197145712521,1.5891798,196.29638325133854,196.41251043882212
2024-06-05 01:23:38,0.135251268,0.0337191380696851,1.58915263,196.30471191660519,196.42122679833028
2024-06-05 01:23:42,0.135250061,0.0337183691180183,1.58911639,196.30643778877385,196.4233403935972
2024-06-05 01:23:47,0.135250664,0.0337182409594072,1.58911035,196.30721073487328,196.42459803417088
2024-06-05 01:23:51,0.135261524,0.0337202912850022,1.58920698,196.30979018489222,196.4275652722676
2024-06-05 01:23:55,0.135265446,0.0337195223333354,1.58917074,196.3172902641824,196.4354531685383
2024-06-05 01:23:59,0.135263032,0.0337192662282963,1.58915867,196.31534132943565,196.4338920796889
2024-06-05 01:24:04,0.135263334,0.0337182409594072,1.58911035,196.3198268652672,196.4388624635777
2024-06-05 01:24:08,0.135265446,0.0337186895145462,1.58913149,196.31979087267553,196.43921438199743
2024-06-05 01:24:12,0.135272686,0.033719586412641,1.58917376,196.32350310639407,196.4433145556896
2024-06-05 01:24:16,0.135270272,0.0337186254352406,1.58912847,196.32473762510557,196.44493704335093
2024-06-05 01:24:21,0.135272384,0.0337186254352406,1.58912847,196.32663037621893,196.4473147964204
2024-06-05 01:24:25,0.135270876,0.0337175362992291,1.58907714,196.3294638966176,196.450536351016
2024-06-05 01:24:29,0.135276607,0.033718561355935,1.58912545,196.33089811163725,196.45235862925372
2024-06-05 01:24:33,0.135274194,0.0337180487214905,1.58910129,196.33010882488293,196.45195743475236
2024-06-05 01:24:38,0.13528264,0.0337179205628794,1.58909525,196.33971159388278,196.46204535991967
2024-06-05 01:24:42,0.135281132,0.0337168314268679,1.58904392,196.3425455591009,196.46526748276943
2024-06-05 01:24:46,0.135286864,0.0337183050387128,1.58911337,196.3419541190828,196.4650642294623
2024-06-05 01:24:50,0.135288975,0.0337173440613124,1.58906808,196.34828370979335,196.4717820359769
2024-06-05 01:24:55,0.135293198,0.0337179846421849,1.58909827,196.34965911650156,196.4736427533728
2024-06-05 01:24:59,0.135292293,0.0337174722199235,1.58907412,196.35056682451025,196.4749387426943
2024-06-05 01:25:03,0.135295008,0.0337170877440901,1.589056,196.35497224650098,196.47973247513477
2024-06-05 01:25:07,0.13529893,0.0337177924042682,1.58908921,196.35581610510002,196.480964673334
2024-06-05 01:25:12,0.135301645,0.0337179846421849,1.58909827,196.35751887559695,196.4831529093443
2024-06-05 01:25:16,0.13529893,0.0337176003785347,1.58908016,196.355809764859,196.481832203844
2024-06-05 01:25:20,0.13530255,0.0337179846421849,1.58909827,196.35776094100106,196.48417181441755
2024-06-05 01:25:24,0.13530798,0.0337168955061734,1.58904694,196.36840679142162,196.4952061284768
2024-06-05 01:25:28,0.135310091,0.0337173440613124,1.58906808,196.3683683588642,196.49555618877852
2024-06-05 01:25:33,0.135313711,0.0337172159027013,1.58906204,196.37253747166727,196.50021095876696
2024-06-05 01:25:37,0.135313108,0.0337170877440901,1.589056,196.37204907395704,196.5001111197102
2024-06-05 01:25:41,0.135318538,0.0337184972766295,1.58912243,196.37140522998237,196.4998558636524
2024-06-05 01:25:45,0.135320046,0.0337176644578402,1.58908318,196.3764774320557,196.505316682919
2024-06-05 01:25:49,0.135318236,0.033716959585479,1.58904996,196.37723595385873,196.5064638512048
2024-06-05 01:25:54,0.135322158,0.0337163187924233,1.58901976,196.38406157995067,196.51377532660845
2024-06-05 01:25:58,0.135326381,0.033715934528773,1.58900165,196.39016421163052,196.52026667072016
2024-06-05 01:26:02,0.135327588,0.0337168314268679,1.58904392,196.3870812781269,196.51757247898016
2024-06-05 01:26:07,0.135330001,0.0337155500529396,1.58898353,196.39510300230106,196.52608017162635
2024-06-05 01:26:11,0.135326079,0.033715934528773,1.58900165,196.38856065942588,196.51992663655847
2024-06-05 01:26:15,0.135332414,0.0337156782115508,1.58898957,196.39646307079204,196.5282178851056
2024-06-05 01:26:19,0.135335431,0.0337157422908563,1.58899259,196.39918158255193,196.5313252634329
2024-06-05 01:26:23,0.135334224,0.0337154218943285,1.58897749,196.39888172268402,196.53141429953163
2024-06-05 01:26:27,0.135336336,0.0337147170219673,1.58894427,196.40405668732507,196.53697818955132
2024-06-05 01:26:31,0.135341162,0.0337151014978007,1.58896239,196.4073638957823,196.5406743528119
2024-06-05 01:26:35,0.135344782,0.0337155500529396,1.58898353,196.40902345306776,196.54272289433797
2024-06-05 01:26:40,0.135342671,0.0337152296564118,1.58896843,196.40760845438652,196.54179416737315
2024-06-05 01:26:44,0.135346592,0.0337136278859558,1.58889294,196.41887481351517,196.55344957702263
2024-06-05 01:26:48,0.135349005,0.0337148451805784,1.58895031,196.4157001004377,196.55066394394424
2024-06-05 01:26:52,0.135350212,0.0337147170219673,1.58894427,196.4172493814449,196.55260233444136
2024-06-05 01:26:56,0.135357452,0.0337153578150229,1.58897447,196.42211569850355,196.55785779049324
2024-06-05 01:27:01,0.135350514,0.0337133715687335,1.58888086,196.4227960405406,196.5590245977797
2024-06-05 01:27:05,0.135361373,0.0337156141322452,1.58898655,196.42449626552232,196.56111402818243
2024-06-05 01:27:09,0.135363183,0.0337141405204003,1.5889171,196.4328068798871,196.56981387751185
2024-06-05 01:27:13,0.135363787,0.0337154859736341,1.58898051,196.42701519352872,196.564411455674
2024-06-05 01:27:17,0.135366502,0.0337155500529396,1.58898353,196.4293932145055,196.56717877073956
2024-06-05 01:27:21,0.135366502,0.0337146529426617,1.58894125,196.43305956412414,196.57123444402745
2024-06-05 01:27:26,0.135366803,0.0337137560445669,1.58889898,196.43696673101687,196.5756283071229
2024-06-05 01:27:30,0.135375551,0.0337143325461339,1.58892615,196.44382120350755,196.5828721698836
2024-06-05 01:27:34,0.135375551,0.033714909259884,1.58895333,196.4408243164515,196.58026470271767
2024-06-05 01:27:38,0.135375551,0.0337145247840506,1.58893521,196.4421731684614,196.58200300424983
2024-06-05 01:27:42,0.13538249,0.0337151014978007,1.58896239,196.4469894220184,196.58720873697337
2024-06-05 01:27:47,0.135376758,0.0337145247840506,1.58893521,196.44265587885772,196.5833620844765
2024-06-05 01:27:51,0.135380378,0.0337132434101224,1.58887482,196.45213631958737,196.59323207111632
2024-06-05 01:27:55,0.135387316,0.0337147811012728,1.58894729,196.45260607703534,196.59409140415775
2024-06-05 01:27:59,0.135389729,0.0337133715687335,1.58888086,196.4613072379052,196.60318217031624
2024-06-05 01:28:04,0.135391539,0.0337131793308168,1.5888718,196.46372767149037,196.6060896522892
2024-06-05 01:28:08,0.135395159,0.0337148451805784,1.58895031,196.459881157915,196.6026328108601
2024-06-05 01:28:12,0.135396668,0.0337143966254394,1.58892917,196.4632189528629,196.606360307688
2024-06-05 01:28:16,0.135401796,0.0337129230135945,1.58885972,196.47526771933525,196.61879880578584
2024-06-05 01:28:21,0.135404511,0.0337147811012728,1.58894729,196.46943463455585,196.61345292738585
2024-06-05 01:28:25,0.135405114,0.0337145888633561,1.58893823,196.47059316459942,196.61500125602515
2024-06-05 01:28:29,0.135404812,0.0337141405204003,1.5889171,196.47189084072198,196.61668876052704
2024-06-05 01:28:33,0.135406321,0.0337139482824836,1.58890804,196.47406954070132,196.6192573186808
2024-06-05 01:28:37,0.135409036,0.0337136919652613,1.58889596,196.47789604640778,196.62347371236848
2024-06-05 01:28:42,0.135411449,0.0337145247840506,1.58893521,196.47635924114263,196.6224243090132
2024-06-05 01:28:46,0.135414767,0.0337140123617892,1.58891106,196.48202291456764,196.62847793752684
2024-06-05 01:28:50,0.13541537,0.0337142045997059,1.58892012,196.4814424774877,196.6282874853797
2024-06-05 01:28:54,0.135414466,0.0337141405204003,1.5889171,196.480324353122,196.62755937580243
2024-06-05 01:28:59,0.135419594,0.0337134997273446,1.5888869,196.4885093259221,196.63623190908996
2024-06-05 01:29:03,0.13541718,0.0337132434101224,1.58887482,196.48656030282964,196.6346729680028
2024-06-05 01:29:07,0.135425929,0.0337131152515112,1.58886878,196.49660172631764,196.6451045033887
2024-06-05 01:29:11,0.135427437,0.0337142045997059,1.58892012,196.49298224676463,196.6418751656374
2024-06-05 01:29:16,0.135431962,0.0337142684668283,1.58892313,196.49730087793415,196.64668151612864
2024-06-05 01:29:20,0.135440107,0.0337136919652613,1.58889596,196.5086900355854,196.65846088290655
2024-06-05 01:29:24,0.135443425,0.0337149733391895,1.58895635,196.50623949749343,196.65640058388155
2024-06-05 01:29:28,0.135444933,0.0337161906338122,1.58901372,196.5020409401301,196.6525922955367
2024-06-05 01:29:32,0.135447648,0.0337142045997059,1.58892012,196.5136916330528,196.66463328744052
2024-06-05 01:29:36,0.13544795,0.0337148451805784,1.58895031,196.51074351926826,196.66207550261083
2024-06-05 01:29:41,0.135446743,0.0337145247840506,1.58893521,196.51034584943744,196.6621657861409
2024-06-05 01:29:45,0.135457904,0.0337143966254394,1.58892917,196.52310276344124,196.67531309658065
2024-06-05 01:29:49,0.135456396,0.0337156141322452,1.58898655,196.5155063754823,196.66810713506715
2024-06-05 01:29:53,0.135458809,0.0337142684668283,1.58892313,196.5239207463812,196.67691196243192
2024-06-05 01:29:57,0.135457603,0.0337137560445669,1.58889898,196.52449059046057,196.6778722930084
2024-06-05 01:30:02,0.135456698,0.0337125385377611,1.5888416,196.5284919061147,196.6823617590321
2024-06-05 01:30:06,0.135453983,0.033712858934289,1.5888567,196.52359440423584,196.67785481126043
2024-06-05 01:30:10,0.135457603,0.0337129230135945,1.58885972,196.5269902829898,196.68164127418808
2024-06-05 01:30:14,0.135460016,0.0337124746706387,1.58883859,196.53134548769972,196.6863870931489
2024-06-05 01:30:18,0.135467558,0.0337133715687335,1.58888086,196.53538945814176,196.69082170792984
2024-06-05 01:30:23,0.135467558,0.0337134356480391,1.58888388,196.534611168557,196.6905317660961
2024-06-05 01:30:27,0.135465144,0.0337130511722057,1.58886576,196.53324179395275,196.6895531035676
2024-06-05 01:30:31,0.135471781,0.0337124746706387,1.58883859,196.54293346722636,196.69963551903948
2024-06-05 01:30:35,0.135473289,0.0337124105913331,1.58883557,196.5445308214786,196.70162364562304
2024-06-05 01:30:39,0.135474194,0.0337122183534164,1.58882651,196.5460290725981,196.70351269921755
2024-06-05 01:30:44,0.135472686,0.0337125385377611,1.5888416,196.54239345194262,196.70036562406125
2024-06-05 01:30:48,0.135479322,0.0337120901948053,1.58882047,196.55150431658492,196.7098673590401
2024-06-05 01:30:52,0.135476004,0.0337123465120276,1.58883255,196.54621704634803,196.70497098931736
2024-06-05 01:30:56,0.135482641,0.033712282432722,1.58882953,196.55359005585697,196.71273492952847
2024-06-05 01:31:00,0.13548626,0.0337124105913331,1.58883557,196.5566944634184,196.7162302979904
2024-06-05 01:31:05,0.135493199,0.0337132434101224,1.58887482,196.56025057149108,196.72027514967093
2024-06-05 01:31:09,0.135495009,0.0337129870929001,1.58886274,196.56305776758447,196.72347337464888
2024-06-05 01:31:13,0.135502852,0.0337134997273446,1.5888869,196.56917838261597,196.7299850487967
2024-06-05 01:31:17,0.135498327,0.0337125385377611,1.5888416,196.56804210735717,196.72923986289624
2024-06-05 01:31:22,0.135496215,0.0337120901948053,1.58882047,196.567204099424,196.72889075920432
2024-06-05 01:31:26,0.135495914,0.0337119620361942,1.58881443,196.56705404031746,196.72913185753777
2024-06-05 01:31:30,0.13550436,0.0337126666963723,1.58884764,196.57298452359998,196.7354535285352
2024-06-05 01:31:34,0.135507678,0.0337130511722057,1.58886576,196.57458944067392,196.73744966360903
2024-06-05 01:31:38,0.13551341,0.0337129230135945,1.58885972,196.58123297872433,196.7444844499544
2024-06-05 01:31:43,0.13551341,0.0337131793308168,1.5888718,196.57958368075293,196.7433242549693
2024-06-05 01:31:47,0.135515823,0.0337130511722057,1.58886576,196.58248968893804,196.74662157964963
2024-06-05 01:31:51,0.135523666,0.0337133715687335,1.58888086,196.58947987992104,196.75400311745528
2024-06-05 01:31:55,0.13551884,0.033712858934289,1.5888567,196.58597454063627,196.7508891553304
2024-06-05 01:31:59,0.135520348,0.0337117057189719,1.58880235,196.5925017574684,196.7578077796696
2024-06-05 01:32:04,0.135523666,0.0337116416396663,1.58879933,196.59603906773643,196.761834392012
2024-06-05 01:32:08,0.13552608,0.0337131152515112,1.58886878,196.59169497348205,196.7578817735815
2024-06-05 01:32:12,0.135527286,0.0337136278859558,1.58889294,196.59034092389587,196.7569192301981
2024-06-05 01:32:16,0.135533319,0.0337131152515112,1.58886878,196.59906367958305,196.76603352247665
2024-06-05 01:32:20,0.135532716,0.0337126666963723,1.58884764,196.60002375046824,196.76738516035147
2024-06-05 01:32:25,0.135531208,0.0337116416396663,1.58879933,196.60247680534522,196.77032771672776
2024-06-05 01:32:29,0.135531208,0.0337109367673051,1.58876611,196.60527648857465,196.77351903537811
2024-06-05 01:32:33,0.135534526,0.0337110008466106,1.58876913,196.60833129068686,196.7769655033408
2024-06-05 01:32:37,0.135536336,0.0337111930845273,1.58877819,196.60910753849336,196.7781334474367
2024-06-05 01:32:41,0.135533018,0.0337102961864325,1.58873592,196.6090401427574,196.77845777843865
2024-06-05 01:32:46,0.135540861,0.0337109367673051,1.58876611,196.61448252551088,196.78438986244703
2024-06-05 01:32:50,0.135541766,0.0337113212431385,1.58878423,196.61336903404685,196.78366816626456
2024-06-05 01:32:54,0.135543576,0.0337122183534164,1.58882651,196.6109536023816,196.78164456035995
2024-06-05 01:32:58,0.135546894,0.0337109367673051,1.58876611,196.62010117436753,196.79118398859495
2024-06-05 01:33:02,0.135553832,0.0337110649259162,1.58877215,196.62694224245774,196.798416943432
2024-06-05 01:33:07,0.135553832,0.033711385322444,1.58878725,196.62500149407433,196.79696609638376
2024-06-05 01:33:11,0.135553832,0.0337092068382379,1.58868458,196.6344749454149,196.80683150312507
2024-06-05 01:33:15,0.135556245,0.0337111930845273,1.58877819,196.62780546741075,196.80055401104943
2024-06-05 01:33:19,0.13556439,0.0337120901948053,1.58882047,196.6325234183038,196.80566397840795
2024-06-05 01:33:23,0.13555896,0.0337108086086939,1.58876007,196.6318200567363,196.8053526638521
2024-06-05 01:33:27,0.135564692,0.0337117057189719,1.58880235,196.63382048845415,196.8077451731368
2024-06-05 01:33:32,0.1355662,0.0337124105913331,1.58883557,196.6318365488274,196.80625137345072
2024-06-05 01:33:36,0.135569217,0.0337111290052218,1.58877517,196.64064582545456,196.8154527964271
2024-06-05 01:33:40,0.135571027,0.0337110008466106,1.58876913,196.64287242979725,196.8180715777036
2024-06-05 01:33:44,0.135577663,0.0337109367673051,1.58876611,196.65024370641143,196.8258350618451
2024-06-05 01:33:49,0.13557525,0.0337106806622659,1.58875404,196.64819589288263,196.82427755076125
2024-06-05 01:33:53,0.135580378,0.033711385322444,1.58878725,196.65038707148997,196.826861005764
2024-06-05 01:33:57,0.135581585,0.0337109367673051,1.58876611,196.65338566323956,196.8302519045314
2024-06-05 01:34:01,0.135581585,0.0337117697982774,1.58880537,196.649220344358,196.82647892329896
2024-06-05 01:34:05,0.135579172,0.033709783551988,1.58871176,196.65510688829434,196.8327578355244
2024-06-05 01:34:10,0.135587618,0.0337113212431385,1.58878423,196.65716316690822,196.83530461760057
2024-06-05 01:34:14,0.135586713,0.0337116416396663,1.58879933,196.65430036603075,196.8328342539843
2024-06-05 01:34:18,0.135586411,0.0337118979568886,1.58881141,196.65240687163137,196.8313332275144
2024-06-05 01:34:22,0.135587015,0.033709783551988,1.58871176,196.6622718423992,196.84159069688872
2024-06-05 01:34:27,0.135584903,0.0337095913140713,1.5887027,196.6602734167986,196.84008293769892
2024-06-05 01:34:31,0.135590031,0.0337099117105991,1.5887178,196.66420470961026,196.8444067981718
2024-06-05 01:34:35,0.135590635,0.0337101680278214,1.58872988,196.66333125395172,196.84392594087927
2024-06-05 01:34:39,0.135588523,0.0337094631554602,1.58869666,196.6637530746958,196.84474039070275
2024-06-05 01:34:44,0.135587316,0.0337087584952821,1.58866345,196.66509501844203,196.84657316400185
2024-06-05 01:34:48,0.135588221,0.0337086944159765,1.58866043,196.66601185961562,196.8478827033908
2024-06-05 01:34:52,0.13559154,0.0337077973056986,1.58861815,196.6734214521697,196.85568502490105
2024-06-05 01:34:56,0.135594556,0.0337083740194487,1.58864533,196.67381272757902,196.8564690600156
2024-06-05 01:35:00,0.13558973,0.0337075409884763,1.58860607,196.67175857526777,196.85480769816704
2024-06-05 01:35:05,0.135591238,0.0337085021780598,1.58865137,196.66861134551834,196.85215149976125
2024-06-05 01:35:09,0.135594858,0.0337091427589323,1.58868156,196.66939347831698,196.8533264922571
2024-06-05 01:35:13,0.135596668,0.0337094631554602,1.58869666,196.66958758671313,196.8539134911348
2024-06-05 01:35:17,0.135601494,0.0337082458608375,1.58863929,196.68014493002406,196.86486375571965
2024-06-05 01:35:22,0.135603003,0.0337095272347657,1.58869968,196.67554783257376,196.86075785317607
2024-06-05 01:35:26,0.135598176,0.0337103602657381,1.58873894,196.66594474259784,196.8515477537869
2024-06-05 01:35:30,0.135599383,0.0337083740194487,1.58864533,196.67590951900056,196.8619055515952
2024-06-05 01:35:34,0.135595763,0.0337104243450437,1.58874196,196.6621508811487,196.84853996597576
2024-06-05 01:35:38,0.135595461,0.0337099117105991,1.5887178,196.66373992967348,196.85052209756785
2024-06-05 01:35:42,0.135601193,0.0337096553933769,1.58870572,196.67096348883325,196.85813877063785
2024-06-05 01:35:46,0.135605416,0.0337106165829604,1.58875102,196.67097182921083,196.8585402557764
2024-06-05 01:35:51,0.135606321,0.0337126666963723,1.58884764,196.6622125204092,196.850272421322
2024-06-05 01:35:55,0.135610242,0.0337115775603607,1.58879631,196.67116863868304,196.8596217538
2024-06-05 01:35:59,0.135611449,0.0337117057189719,1.58880235,196.67155408687847,196.860400447076
2024-06-05 01:36:03,0.135609639,0.0337106165829604,1.58875102,196.67405652942625,196.86329616558857
2024-06-05 01:36:07,0.135611751,0.0337112571638329,1.58878121,196.6731396639771,196.86277260699623
2024-06-05 01:36:12,0.135613561,0.0337108086086939,1.58876007,196.6767184982184,196.86684311826207
2024-06-05 01:36:16,0.135612354,0.0337107447415715,1.58875706,196.675255162093,196.86577315852864
2024-06-05 01:36:20,0.135615672,0.033710232107127,1.5887329,196.68092100565113,196.8718324093957
2024-06-05 01:36:24,0.135615974,0.0337104884243492,1.58874498,196.67970639031887,196.871011232297
2024-06-05 01:36:28,0.135623214,0.0337101680278214,1.58872988,196.68891827798547,196.88061658912943
2024-06-05 01:36:32,0.135627739,0.0337101680278214,1.58872988,196.69362086555608,196.88571267680567
2024-06-05 01:36:37,0.13563528,0.0337103602657381,1.58873894,196.70075057832767,196.89333430822984
2024-06-05 01:36:41,0.135641615,0.0337095913140713,1.5887027,196.71097613890853,196.90395343855835
2024-06-05 01:36:45,0.135644028,0.0337090786796268,1.58867854,196.71562337370884,196.9089942740705
2024-06-05 01:36:49,0.135646743,0.033709334996849,1.58869062,196.71712587717974,196.91089040922475
2024-06-05 01:36:53,0.13565157,0.033709334996849,1.58869062,196.72216860197258,196.91632679668
2024-06-05 01:36:57,0.135656396,0.0337092068382379,1.58868458,196.72779103109252,196.92234291944865
2024-06-05 01:37:02,0.135658206,0.0337091427589323,1.58868156,196.72962781902186,196.92467186802463
2024-06-05 01:37:06,0.13565881,0.0337086944159765,1.58866043,196.73194644424703,196.92738425664453
2024-06-05 01:37:10,0.135662128,0.0337089507331988,1.58867251,196.73412780060852,196.9299594074108
2024-06-05 01:37:14,0.135667558,0.0337083099401431,1.58864231,196.74275421560483,196.93897964782911
2024-06-05 01:37:18,0.135661826,0.0337076050677819,1.58860909,196.73909963856227,196.93571892723304
2024-06-05 01:37:23,0.135666049,0.033706708169687,1.58856682,196.74742952208044,196.9445411749483
2024-06-05 01:37:27,0.135672988,0.0337076050677819,1.58860909,196.7507851465173,196.9482907256628
2024-06-05 01:37:31,0.135671781,0.0337085021780598,1.58865137,196.74496495524215,196.94286449171284
2024-06-05 01:37:35,0.135671781,0.0337090148125043,1.58867553,196.74224718647258,196.94054071132305
2024-06-05 01:37:39,0.135673591,0.0337082458608375,1.58863929,196.74737743450126,196.9460649787932
2024-06-05 01:37:44,0.135677211,0.0337083099401431,1.58864231,196.75067151481164,196.94985162709656
2024-06-05 01:37:48,0.135676909,0.0337083740194487,1.58864533,196.7496467982387,196.94922099987932
2024-06-05 01:37:52,0.135682942,0.0337083099401431,1.58864231,196.75633807377213,196.95630639585264
2024-06-05 01:37:56,0.135684149,0.0337077973056986,1.58861815,196.75962746589568,196.95998993950724
2024-06-05 01:38:00,0.135699232,0.0337091427589323,1.58868156,196.77012102215048,196.97087767839105
2024-06-05 01:38:04,0.135695914,0.0337091427589323,1.58868156,196.76598986927652,196.9671407392509
2024-06-05 01:38:08,0.135697422,0.0337086944159765,1.58866043,196.7693267581792,196.97087187299897
2024-06-05 01:38:13,0.135692294,0.0337075409884763,1.58860607,196.76828790134968,196.97032586598704
2024-06-05 01:38:17,0.135692294,0.0337073487505596,1.58859701,196.76876521196763,196.971197491476
2024-06-05 01:38:21,0.135693199,0.0337085662573654,1.58865439,196.7638700241427,196.96669664965543
2024-06-05 01:38:25,0.135703455,0.0337088225745876,1.58866647,196.7738646165157,196.97708561917284
2024-06-05 01:38:30,0.135704964,0.0337080536229208,1.58863023,196.7785577696391,196.9822717875274
2024-06-05 01:38:34,0.135709488,0.0337090148125043,1.58867553,196.7789003008449,196.9830087659668
2024-06-05 01:38:38,0.135708583,0.0337087584952821,1.58866345,196.77864875837773,196.9831517018946
2024-06-05 01:38:42,0.135708282,0.0337079254643097,1.58862419,196.78169252767609,196.98658998075587
2024-06-05 01:38:46,0.135710393,0.0337074128298652,1.58860003,196.78600022677048,196.99129222058752
2024-06-05 01:38:51,0.13571341,0.0337083740194487,1.58864533,196.7845464258632,196.99033163945057
2024-06-05 01:38:55,0.13571884,0.0337088225745876,1.58866647,196.78823350859687,196.99441333308735
2024-06-05 01:38:59,0.135724873,0.0337083740194487,1.58864533,196.79666784524326,197.00324231183208
2024-06-05 01:39:03,0.135717935,0.0337079895436153,1.58862721,196.7902024579811,196.99717159786977
2024-06-05 01:39:08,0.135727286,0.033708181781532,1.58863627,196.7993693607081,197.0068318861084
2024-06-05 01:39:12,0.135727588,0.0337087584952821,1.58866345,196.7966993393748,197.0045566083014
2024-06-05 01:39:16,0.135720348,0.0337074769091707,1.58860305,196.7939621148384,197.00221415851323
2024-06-05 01:39:20,0.135730906,0.0337079895436153,1.58862721,196.80313410980511,197.0117809594563
2024-06-05 01:39:24,0.13572789,0.0337076691470874,1.58861211,196.8007953874276,197.00983707428944
2024-06-05 01:39:28,0.135730605,0.0337066440903815,1.5885638,196.80810762656202,197.0175441818749
2024-06-05 01:39:33,0.13573513,0.0337068363282982,1.58857286,196.81183881532266,197.02176900014055
2024-06-05 01:39:37,0.135742671,0.0337074769091707,1.58860305,196.8170320716627,197.0273571952449
2024-06-05 01:39:41,0.135743878,0.0337070285662149,1.58858192,196.8200302261963,197.03075031980293
2024-06-05 01:39:45,0.135747196,0.0337083740194487,1.58864533,196.81726958451293,197.02838467941012
2024-06-05 01:39:49,0.135746894,0.0337075409884763,1.58860607,196.82031289375144,197.03182302121132
2024-06-05 01:39:54,0.135752022,0.033707284671254,1.58859399,196.82675755388775,197.0387615160365
2024-06-05 01:39:58,0.135753229,0.0337084380987542,1.58864835,196.82248991638465,197.03488898148004
2024-06-05 01:40:02,0.135754436,0.0337072208041316,1.58859098,196.82897600821883,197.04177020755213
2024-06-05 01:40:06,0.135758056,0.033707284671254,1.58859399,196.83236845761803,197.0455578224864
2024-06-05 01:40:10,0.135760469,0.0337073487505596,1.58859701,196.8344004148231,197.04798497652945
2024-06-05 01:40:15,0.135767407,0.033707284671254,1.58859399,196.8420116379436,197.056090239726
2024-06-05 01:40:19,0.135766502,0.0337082458608375,1.58863929,196.83623651820298,197.050710387276
2024-06-05 01:40:23,0.135770725,0.0337070926455205,1.58858494,196.84582948336995,197.0606986510552
2024-06-05 01:40:27,0.13577163,0.0337076691470874,1.58861211,196.84383800052265,197.05910249814733
2024-06-05 01:40:32,0.135772535,0.0337069004076037,1.58857588,196.8478508247597,197.06360952887115
2024-06-05 01:40:36,0.135770725,0.0337074128298652,1.58860003,196.84309191653597,197.0592460210937
2024-06-05 01:40:40,0.135772837,0.0337065159317703,1.58855776,196.84914454743128,197.0656940837807
2024-06-05 01:40:44,0.135783395,0.0337075409884763,1.58860607,196.85599028404323,197.07293528353532
2024-06-05 01:40:48,0.135783697,0.0337075409884763,1.58860607,196.8559349433649,197.07327543735607
2024-06-05 01:40:53,0.135782792,0.0337061955352425,1.58854266,196.86052600410144,197.0783609103199
2024-06-05 01:40:57,0.135783395,0.0337072208041316,1.58859098,196.85615756671834,197.07438803800784
2024-06-05 01:41:01,0.135785205,0.0337075409884763,1.58860607,196.8563478860506,197.07497395378533
2024-06-05 01:41:05,0.135796366,0.0337086303366709,1.58865741,196.8635804032735,197.08260209883295
2024-06-05 01:41:10,0.135797271,0.0337087584952821,1.58866345,196.8635236255588,197.08303990003455
2024-06-05 01:41:14,0.135802098,0.0337085021780598,1.58865137,196.86972760791235,197.0896395808361
2024-06-05 01:41:18,0.13579697,0.0337084380987542,1.58864835,196.86384693955097,197.0841546423194
2024-06-05 01:41:22,0.135798478,0.0337079895436153,1.58862721,196.86718497909257,197.08788844310757
2024-06-05 01:41:26,0.135800288,0.0337074128298652,1.58860003,196.87144479633128,197.09254405299995
2024-06-05 01:41:30,0.135803003,0.0337068363282982,1.58857286,196.87672313501423,197.098218215749
2024-06-05 01:41:35,0.135807829,0.0337072208041316,1.58859098,196.87991933434478,197.1019092393434
2024-06-05 01:41:39,0.135800891,0.033707156724826,1.58858796,196.87199960451403,197.09438540427504
2024-06-05 01:41:43,0.135808734,0.0337079254643097,1.58862419,196.87694906504208,197.09973079099436
2024-06-05 01:41:47,0.135813561,0.0337075409884763,1.58860607,196.88373475128955,197.106912434867
2024-06-05 01:41:51,0.135815371,0.0337085021780598,1.58865137,196.8810153979256,197.1045890705672
2024-06-05 01:41:56,0.135814466,0.0337066440903815,1.5885638,196.88793356073506,197.1120022639253
2024-06-05 01:42:00,0.135815673,0.0337070926455205,1.58858494,196.88686126991522,197.11132603292515
2024-06-05 01:42:04,0.135816879,0.0337070926455205,1.58858494,196.88782357203578,197.11268442632047
2024-06-05 01:42:09,0.135819896,0.0337074128298652,1.58860003,196.8892734802599,197.1146294928789
2024-06-05 01:42:13,0.135817784,0.0337067722489926,1.58856984,196.88940574754312,197.11515792222824
2024-06-05 01:42:17,0.135822611,0.033707156724826,1.58858796,196.89270153444116,197.118849902663
2024-06-05 01:42:21,0.135823214,0.0337063877731592,1.58855172,196.89647460796976,197.12301920120373
2024-06-05 01:42:25,0.135824421,0.0337065800110759,1.58856078,196.89656535119965,197.123506200926
2024-06-05 01:42:29,0.135828041,0.033706708169687,1.58856682,196.8996648491949,197.1270019868984
2024-06-05 01:42:34,0.135823817,0.0337054908750644,1.58850945,196.89993691335323,197.12776945531095
2024-06-05 01:42:38,0.135831661,0.0337059392180202,1.58853058,196.90634097861107,197.13456987940395
2024-06-05 01:42:42,0.135827437,0.0337063877731592,1.58855172,196.899150639156,197.127775930284
2024-06-05 01:42:46,0.135833772,0.0337076691470874,1.58861211,196.90007363495718,197.1290953479248
2024-06-05 01:42:51,0.135828946,0.0337055547421868,1.58851246,196.90373964687524,197.1332569314525
2024-06-05 01:42:55,0.135829247,0.0337052986371477,1.58850039,196.90484475387612,197.13475853119468
2024-06-05 01:42:59,0.135834979,0.0337055547421868,1.58851246,196.90974228599342,197.14005258757248
2024-06-05 01:43:03,0.135836789,0.0337064518524648,1.58855474,196.90731215993327,197.1380190172964
2024-06-05 01:43:07,0.135844029,0.0337058751387147,1.58852756,196.91768866653732,197.14879211121252
2024-06-05 01:43:12,0.135842219,0.0337064518524648,1.58855474,196.91253605977926,197.14413528293744
2024-06-05 01:43:16,0.135845537,0.0337061955352425,1.58854266,196.91704033382717,197.14903621525136
2024-06-05 01:43:20,0.135845537,0.033706708169687,1.58856682,196.91431648194856,197.14670905318093
2024-06-05 01:43:24,0.135845839,0.0337061314559369,1.58853964,196.91687799413106,197.14966728671791
2024-06-05 01:43:28,0.135848252,0.0337051704785366,1.58849435,196.9235620552456,197.15674810073764
2024-06-05 01:43:33,0.135851872,0.033706708169687,1.58856682,196.92016264717554,197.15384467817347
2024-06-05 01:43:37,0.135847347,0.0337056188214924,1.58851548,196.9196143424767,197.1536931973841
2024-06-05 01:43:41,0.135856397,0.033704657844092,1.58847019,196.93377480580045,197.1682505161815
2024-06-05 01:43:45,0.135854285,0.0337061955352425,1.58854266,196.92401738408824,197.1588899815113
2024-06-05 01:43:49,0.135857603,0.0337062596145481,1.58854568,196.92706694363386,197.1623364596713
2024-06-05 01:43:54,0.135863938,0.0337069644869093,1.5885789,196.9305062208992,197.16627192960948
2024-06-05 01:43:58,0.135863033,0.0337060032973258,1.5885336,196.93345388301907,197.1696165813965
2024-06-05 01:44:02,0.135861223,0.0337058751387147,1.58852756,196.93159994117255,197.16815966080253
2024-06-05 01:44:06,0.135869066,0.0337063877731592,1.58855172,196.9377097214944,197.1746664939664
2024-06-05 01:44:10,0.135867256,0.0337070926455205,1.58858494,196.9320735242217,197.16942738112903
2024-06-05 01:44:14,0.135868161,0.0337053627164533,1.58850341,196.9405504706553,197.1783014435952
2024-06-05 01:44:19,0.135867256,0.0337040811303419,1.58844301,196.94485409825845,197.18310151067857
2024-06-05 01:44:23,0.135870876,0.0337054908750644,1.58850945,196.9421331644333,197.18077776399383
2024-06-05 01:44:27,0.135872385,0.0337052345578421,1.58849737,196.9445996207794,197.18364143909
2024-06-05 01:44:31,0.13587148,0.0337052345578421,1.58849737,196.9431829464461,197.18262201512016
2024-06-05 01:44:36,0.135878418,0.0337055547421868,1.58851246,196.9490475776143,197.1889832537048
2024-06-05 01:44:40,0.135881434,0.0337064518524648,1.58855474,196.94797379641653,197.1883067940143
2024-06-05 01:44:44,0.135881736,0.0337053627164533,1.58850341,196.9528623942685,197.19359274499897
2024-06-05 01:44:48,0.135878116,0.0337057469801035,1.58852152,196.94664239324513,197.18777012873736
2024-06-05 01:44:52,0.135883244,0.0337052986371477,1.58850039,196.9540572492116,197.19558240109825
2024-06-05 01:44:57,0.135888674,0.033705682900798,1.5885185,196.9579318883123,197.1999538551808
2024-06-05 01:45:01,0.135882943,0.0337052345578421,1.58849737,196.9531148888094,197.1955343432588
2024-06-05 01:45:05,0.135886864,0.0337040811303419,1.58844301,196.9623724853524,197.20518945902683
2024-06-05 01:45:09,0.135886864,0.033704657844092,1.58847019,196.95935570800646,197.2025702325535
2024-06-05 01:45:13,0.135891389,0.0337053627164533,1.58850341,196.96085411861938,197.2044662256901
2024-06-05 01:45:17,0.135885959,0.0337045937647865,1.58846717,196.95783207914127,197.20184180039016
2024-06-05 01:45:22,0.135890786,0.0337051704785366,1.58849435,196.96015325213114,197.20466003562188
2024-06-05 01:45:26,0.135893501,0.0337056188214924,1.58851548,196.96077768501917,197.20568215392285
2024-06-05 01:45:30,0.135897724,0.0337053627164533,1.58850341,196.9663000472086,197.21160223319052
2024-06-05 01:45:34,0.135899836,0.0337058110594091,1.58852454,196.96624508334412,197.21194501807287
2024-06-05 01:45:38,0.135900439,0.0337053627164533,1.58850341,196.96856280697185,197.2146605221193
2024-06-05 01:45:43,0.135904662,0.0337045296854809,1.58846415,196.9766061929276,197.22320117814184
2024-06-05 01:45:47,0.135906472,0.0337061314559369,1.58853964,196.97097195068542,197.2179647875917
2024-06-05 01:45:51,0.135909187,0.033704657844092,1.58847019,196.9803255938584,197.2277163141389
2024-06-05 01:45:56,0.135907075,0.0337047219233976,1.58847321,196.9771580377667,197.22504615682283
2024-06-05 01:46:00,0.135910997,0.0337056188214924,1.58851548,196.9771041525827,197.2253902263093
2024-06-05 01:46:04,0.135915522,0.0337054908750644,1.58850945,196.9823844440424,197.23106850413168
2024-06-05 01:46:08,0.135919142,0.033705106399231,1.58849133,196.98781059851356,197.2368926766608
2024-06-05 01:46:12,0.135919142,0.0337048500820087,1.58847925,196.98857688386798,197.23805701177136
2024-06-05 01:46:16,0.135921857,0.0337053627164533,1.58850341,196.98890843882694,197.23878664818764
2024-06-05 01:46:21,0.135925778,0.0337065800110759,1.58856078,196.98729799787986,197.2376738536464
2024-06-05 01:46:25,0.135926683,0.0337064518524648,1.58855474,196.98850138464704,197.23927539320923
2024-06-05 01:46:29,0.135923968,0.0337062596145481,1.58854568,196.98591822099561,197.23709041406397
2024-06-05 01:46:33,0.135928192,0.0337052345578421,1.58849737,196.99493444164955,197.24650485093755
2024-06-05 01:46:38,0.135932415,0.0337062596145481,1.58854568,196.9945369888595,197.2466052130233
2024-06-05 01:46:42,0.135931811,0.0337056188214924,1.58851548,196.99636929175824,197.24883580350703
2024-06-05 01:46:46,0.135935431,0.033704657844092,1.58847019,197.00441450273135,197.25727933378755
2024-06-05 01:46:50,0.135936336,0.033705106399231,1.58849133,197.0029977372947,197.2562609193834
2024-06-05 01:46:55,0.135939956,0.0337053627164533,1.58850341,197.00541303506378,197.25917420056064
2024-06-05 01:46:59,0.135937241,0.0337044656061753,1.58846113,197.0060320642795,197.2601916522001
2024-06-05 01:47:03,0.135940258,0.0337045937647865,1.58846717,197.0084499277594,197.26300796983736
2024-06-05 01:47:07,0.135940258,0.0337054267957588,1.58850643,197.00426673660587,197.2592232645775
2024-06-05 01:47:11,0.135947498,0.0337061955352425,1.58854266,197.00853108691945,197.2638861325236
2024-06-05 01:47:15,0.135950816,0.0337062596145481,1.58854568,197.01157888067053,197.2673324756485
2024-06-05 01:47:20,0.135952324,0.0337065159317703,1.58855776,197.0116147610832,197.2678665874184
2024-06-05 01:47:24,0.135952023,0.0337052345578421,1.58849737,197.01669895427682,197.27334940141284
2024-06-05 01:47:28,0.135952023,0.0337069644869093,1.5885789,197.0084405518437,197.26548965152983
2024-06-05 01:47:33,0.135954436,0.0337054908750644,1.58850945,197.01735545896324,197.2749029189881
2024-06-05 01:47:37,0.135953229,0.0337060032973258,1.5885336,197.01326890666857,197.2712150906881
2024-06-05 01:47:41,0.135953531,0.0337042733682586,1.58845207,197.02107061835883,197.27941555812995
2024-06-05 01:47:45,0.135957453,0.0337056188214924,1.58851548,197.01897633183665,197.27772005911865
2024-06-05 01:47:49,0.135959564,0.033705682900798,1.5885185,197.02066427352923,197.2798068200836
2024-06-05 01:47:54,0.135959564,0.0337057469801035,1.58852152,197.01987454442565,197.2795156597384
2024-06-05 01:47:58,0.135962581,0.0337047860027032,1.58847623,197.02724077522865,197.2872807812852
2024-06-05 01:48:02,0.135961977,0.0337045937647865,1.58846717,197.0270350136468,197.2874739422158
2024-06-05 01:48:07,0.135964994,0.0337047860027032,1.58847623,197.0290613304414,197.2899989568288
2024-06-05 01:48:11,0.135964391,0.0337039529717308,1.58843697,197.0317685952569,197.2931052156439
2024-06-05 01:48:15,0.135968011,0.0337040811303419,1.58844301,197.03486508127602,197.2966007274381
2024-06-05 01:48:19,0.135964089,0.0337041452096475,1.58844603,197.02975671269448,197.2918914164091
2024-06-05 01:48:23,0.135971631,0.0337042092889531,1.58844905,197.0375624205042,197.3000962135509
2024-06-05 01:48:27,0.135968011,0.033703056073636,1.5883947,197.03832630914098,197.30125922330123
2024-06-05 01:48:31,0.135974647,0.0337044015268698,1.58845811,197.0392880150852,197.3026200821424
2024-06-05 01:48:36,0.135972535,0.0337026715978026,1.58837658,197.04427207720494,197.3081031300817
2024-06-05 01:48:40,0.135974044,0.0337036327873861,1.58842188,197.04120424520184,197.3054345224953
2024-06-05 01:48:44,0.135975854,0.0337032483115527,1.58840376,197.04459141471793,197.3092209482176
2024-06-05 01:48:49,0.135980379,0.0337032483115527,1.58840376,197.04918986327397,197.31431851173824
2024-06-05 01:48:53,0.13598068,0.0337036968666917,1.5884249,197.04709089276463,197.31261886896823
2024-06-05 01:48:57,0.135983697,0.0337031842322471,1.58840074,197.05242027167432,197.31834760741265
2024-06-05 01:49:01,0.135986713,0.0337040170510364,1.58843999,197.0516331250937,197.31795985216388
2024-06-05 01:49:05,0.135987317,0.0337045296854809,1.58846415,197.04958413323837,197.31631028343912
2024-06-05 01:49:10,0.135993652,0.0337049782406199,1.58848529,197.05418235844147,197.3214078322751
2024-06-05 01:49:14,0.135997573,0.0337036327873861,1.58842188,197.06431545538103,197.33194042389863
2024-06-05 01:49:18,0.13599697,0.0337043374475642,1.58845509,197.06003359765438,197.3280580926601
2024-06-05 01:49:23,0.136006321,0.0337047219233976,1.58847321,197.0683203158492,197.3368442636919
2024-06-05 01:49:27,0.135999082,0.0337038888924252,1.58843395,197.06355263607517,197.3324761819709
2024-06-05 01:49:31,0.135999082,0.0337042733682586,1.58845207,197.06140535057003,197.3307285263279
2024-06-05 01:49:35,0.136001796,0.0337040170510364,1.58843999,197.065228130073,197.33495096750357
2024-06-05 01:49:39,0.136002098,0.0337045937647865,1.58846717,197.06254713519618,197.33266966611149
2024-06-05 01:49:43,0.136005718,0.0337035687080805,1.58841886,197.07088497580781,197.34140723202137
2024-06-05 01:49:48,0.136006623,0.0337048500820087,1.58847925,197.0655799445047,197.3366019020808
2024-06-05 01:49:52,0.136007226,0.0337037609459972,1.58842792,197.0708103720045,197.34223212646413
2024-06-05 01:49:56,0.136011148,0.0337025434391915,1.58837054,197.0803637994619,197.35218538262285
2024-06-05 01:50:00,0.13601145,0.0337031842322471,1.58840074,197.07739090392315,197.34961234760465
2024-06-05 01:50:05,0.136009941,0.033702607518497,1.58837356,197.07781297361967,197.35053428769945
2024-06-05 01:50:09,0.136012656,0.0337033123908582,1.58840678,197.07726706806105,197.35038831425896
2024-06-05 01:50:13,0.136008735,0.0337027356771081,1.5883796,197.0750718055091,197.3485930156484
2024-06-05 01:50:17,0.13601145,0.0337026715978026,1.58837658,197.07802173883195,197.35194294473692
2024-06-05 01:50:22,0.136016276,0.0337028638357193,1.58838564,197.0820844788224,197.3565057241891
2024-06-05 01:50:26,0.136018689,0.0337023512012748,1.58836148,197.08673356209502,197.3615548748363
2024-06-05 01:50:30,0.136018086,0.0337017746997078,1.58833431,197.0882753624463,197.36349677439
2024-06-05 01:50:34,0.136015974,0.0337013902238744,1.58831619,197.08724401487967,197.3628655578548
2024-06-05 01:50:39,0.136019594,0.0337011979859577,1.58830713,197.0916962325772,197.36781798410252
2024-06-05 01:50:43,0.136017181,0.0337019669376245,1.58834337,197.08508118643243,197.36160314060805
2024-06-05 01:50:47,0.136026231,0.0337019669376245,1.58834337,197.09487656218556,197.37179875084357
2024-06-05 01:50:51,0.136024119,0.0337020310169301,1.58834639,197.09180557632635,197.36912803129985
2024-06-05 01:50:56,0.136031661,0.0337021589633581,1.58835242,197.09922009916937,197.3770429318039
2024-06-05 01:51:00,0.136028644,0.0337017106204022,1.58833129,197.0974595571568,197.3756827277345
2024-06-05 01:51:04,0.136026834,0.0337013902238744,1.58831619,197.09647695914703,197.37510049950376
2024-06-05 01:51:08,0.136034979,0.0337031201529416,1.58839772,197.09738627624031,197.37641021821275
2024-06-05 01:51:13,0.136031057,0.0337018387790133,1.58833733,197.09829393944767,197.3778184282113
2024-06-05 01:51:17,0.136031359,0.0337011339066521,1.58830411,197.10143901602052,197.38136397803515
2024-06-05 01:51:21,0.136033169,0.0337017746997078,1.58833431,197.1001637124079,197.3804891795126
2024-06-05 01:51:25,0.136037091,0.0337011339066521,1.58830411,197.10709572896542,197.38782173299995
2024-06-05 01:51:30,0.136040711,0.0337007494308187,1.58828599,197.11242189064026,197.3936486106128
2024-06-05 01:51:34,0.136045537,0.0337017106204022,1.58833129,197.11308697417732,197.39471430272147
2024-06-05 01:51:38,0.136042219,0.033703056073636,1.5883947,197.1028298465844,197.3848578155419
2024-06-05 01:51:42,0.136045839,0.033701005748041,1.58829807,197.11583157820039,197.39826021941352
2024-06-05 01:51:46,0.136049459,0.0337020310169301,1.58834639,197.11484634036856,197.3976756856802
2024-06-05 01:51:50,0.136046744,0.0337001729292517,1.58825882,197.1198375267559,197.40306760800937
2024-06-05 01:51:55,0.13604795,0.0337011979859577,1.58830713,197.11603316138047,197.3997642073416
2024-06-05 01:51:59,0.136050665,0.0337010698273465,1.58830109,197.1192740188147,197.4034058723668
2024-06-05 01:52:03,0.13604976,0.0337008775894298,1.58829203,197.11872791270014,197.4032606056879
2024-06-05 01:52:07,0.136050364,0.0337007494308187,1.58828599,197.1195904236934,197.40452398796197
2024-06-05 01:52:11,0.13605157,0.0336996602948072,1.58823466,197.12550211550223,197.41083658289708
2024-06-05 01:52:16,0.136057,0.0336993398982794,1.58821956,197.13257620743204,197.41841184851785
2024-06-05 01:52:20,0.136057,0.0337013902238744,1.58831619,197.1228491667762,197.40908578264165
2024-06-05 01:52:24,0.136057302,0.0337004290342909,1.58827089,197.1271603125581,197.4137979350496
2024-06-05 01:52:28,0.136057,0.0337003010878629,1.58826486,197.12700100047184,197.41403966143596
2024-06-05 01:52:32,0.13606424,0.0337011339066521,1.58830411,197.1309686344465,197.41840836573004
2024-06-05 01:52:37,0.136061525,0.0337008135101243,1.58828901,197.12886580883,197.41680692279763
2024-06-05 01:52:41,0.136067257,0.0336999166120295,1.58824674,197.1390024622427,197.4273447181856
2024-06-05 01:52:45,0.136065447,0.0337009416687354,1.58829505,197.13189920108445,197.4206426308499
2024-06-05 01:52:49,0.136070876,0.0337015183824855,1.58832223,197.13499111804853,197.4241357534838
2024-06-05 01:52:53,0.13607329,0.0337006853515131,1.58828297,197.14109891699047,197.4306447899429
2024-06-05 01:52:58,0.136074496,0.0337006212722076,1.58827995,197.14224755556862,197.43229502020284
2024-06-05 01:53:02,0.136070876,0.0336994039775849,1.58822258,197.14330544126514,197.4337542150731
2024-06-05 01:53:06,0.136072686,0.0336995321361961,1.58822862,197.14436035881147,197.4352104736405
2024-06-05 01:53:10,0.136070273,0.0336997243741128,1.58823768,197.14036577747893,197.4316172651762
2024-06-05 01:53:14,0.136074798,0.0336997243741128,1.58823768,197.14506256491504,197.4367154573277
2024-06-05 01:53:19,0.136075703,0.0336994680568905,1.5882256,197.14674649501436,197.43890118810603
2024-06-05 01:53:23,0.136078116,0.033701005748041,1.58829807,197.1420682527369,197.43462442219945
2024-06-05 01:53:27,0.136082038,0.0336993398982794,1.58821956,197.1536641136954,197.44662179137543
2024-06-05 01:53:31,0.13608234,0.0337000447706406,1.58825278,197.15039594047673,197.4437551582206
2024-06-05 01:53:36,0.136080831,0.033699980691335,1.58824976,197.14848536514518,197.4423465527524
2024-06-05 01:53:40,0.136086563,0.0337002370085573,1.58826184,197.1533756399915,197.44763843931588
2024-06-05 01:53:44,0.136085959,0.0337003649549853,1.58826787,197.15171139632244,197.44637583920945
2024-06-05 01:53:48,0.136086864,0.0337009416687354,1.58829505,197.14970558159035,197.44477169988508
2024-06-05 01:53:53,0.136089881,0.0337011339066521,1.58830411,197.15172790453644,197.44729616187243
2024-06-05 01:53:57,0.136095914,0.0337003010878629,1.58826486,197.1619123064974,197.45788231089116
2024-06-05 01:54:01,0.136091389,0.0337000447706406,1.58825278,197.15757857267107,197.45395035596636
2024-06-05 01:54:05,0.136093199,0.0336988913431404,1.58819842,197.16446421791034,197.4612378119505
2024-06-05 01:54:09,0.136092596,0.0336998525327239,1.58824372,197.1590094803675,197.45618491699537
2024-06-05 01:54:13,0.136097121,0.0336988272638348,1.5881954,197.1683710447774,197.4659483558352
2024-06-05 01:54:18,0.136095009,0.033699980691335,1.58824976,197.16024077025972,197.45832046913245
2024-06-05 01:54:22,0.136092898,0.0336997884534183,1.5882407,197.15833508775876,197.45681673270457
2024-06-05 01:54:26,0.136098629,0.0337004290342909,1.58827089,197.16147542182992,197.46035904468928
2024-06-05 01:54:30,0.136101646,0.0336992758189738,1.58821654,197.16971996312157,197.46900559573425
2024-06-05 01:54:34,0.136097423,0.0336990835810571,1.58820748,197.1654346151453,197.46512228935035
2024-06-05 01:54:39,0.136105567,0.0336997884534183,1.5882407,197.17090037980057,197.4710906507688
2024-06-05 01:54:43,0.136106472,0.033700557192902,1.58827693,197.1680198969897,197.46861228118576
2024-06-05 01:54:47,0.136110092,0.0337011979859577,1.58830713,197.16878046989038,197.46977499915096
2024-06-05 01:54:52,0.136103456,0.0336995962155016,1.58823164,197.16808972324938,197.46958697860987
2024-06-05 01:54:56,0.136110394,0.0337008135101243,1.58828901,197.16996522494583,197.47186469700063
2024-06-05 01:55:00,0.136109187,0.0336998525327239,1.58824372,197.1725759207235,197.47487764130665
2024-06-05 01:55:04,0.136107679,0.0336990835810571,1.58820748,197.17397376758515,197.4766777685299
2024-06-05 01:55:08,0.136104361,0.033699980691335,1.58824976,197.16575081399824,197.4688571271369
2024-06-05 01:55:13,0.136108282,0.0337003649549853,1.58826787,197.16791702058367,197.47152626872736
2024-06-05 01:55:17,0.136109791,0.0337003010878629,1.58826486,197.16950538947836,197.47351702143516
2024-06-05 01:55:21,0.136112807,0.0336997884534183,1.5882407,197.17483377159544,197.47924781919448
2024-06-05 01:55:25,0.136109489,0.0336997884534183,1.5882407,197.1706929974902,197.4755094925596
2024-06-05 01:55:29,0.13611341,0.0336992758189738,1.58821654,197.17704109500266,197.4822600693696
2024-06-05 01:55:34,0.136114919,0.0337003649549853,1.58826787,197.1732818025138,197.47900392075772
2024-06-05 01:55:38,0.136119444,0.0337003010878629,1.58826486,197.17826803585538,197.48439270500373
2024-06-05 01:55:42,0.136119745,0.0336990835810571,1.58820748,197.1837453305948,197.49027258247105
2024-06-05 01:55:46,0.136115522,0.0336986350259181,1.58818634,197.18062601100965,197.4875558774361
2024-06-05 01:55:51,0.136120952,0.0336995962155016,1.58823164,197.18186631760412,197.48929949696665
2024-06-05 01:55:55,0.136118539,0.0337003010878629,1.58826486,197.17553720895248,197.48337307446096
2024-06-05 01:55:59,0.136117332,0.0336994039775849,1.58822258,197.17785715602318,197.486095739496
2024-06-05 01:56:03,0.136120349,0.0336985070794901,1.58818031,197.18493553090616,197.49357686416025
2024-06-05 01:56:07,0.136112204,0.0336968410175454,1.58810179,197.18293815537294,197.49198227022407
2024-06-05 01:56:12,0.136112807,0.0336976740485177,1.58814105,197.17932268627501,197.4888703228612
2024-06-05 01:56:16,0.13611522,0.0336988913431404,1.58819842,197.17609861885398,197.48604910861764
2024-06-05 01:56:20,0.136123667,0.0336995962155016,1.58823164,197.18200507782362,197.4923584525759
2024-06-05 01:56:24,0.13612065,0.0336998525327239,1.58824372,197.17703646631182,197.4877927578626
2024-06-05 01:56:29,0.136117935,0.0336996602948072,1.58823466,197.174348683816,197.48560866609523
2024-06-05 01:56:33,0.136111902,0.0336997243741128,1.58823768,197.16685680309723,197.47851977374165
2024-06-05 01:56:37,0.136116729,0.033698955422446,1.58820144,197.1753916989139,197.4874576897285
2024-06-05 01:56:41,0.136123667,0.0337008775894298,1.58829203,197.17405802561666,197.48652706840488
2024-06-05 01:56:45,0.136127588,0.033699980691335,1.58824976,197.18215426441742,197.49502639098105
2024-06-05 01:56:49,0.13613332,0.0337017106204022,1.58833129,197.18033626545196,197.49361150759125
2024-06-05 01:56:54,0.136136035,0.0336998525327239,1.58824372,197.19134757456808,197.50512675589363
2024-06-05 01:56:58,0.136130605,0.0336995962155016,1.58823164,197.18599304121435,197.50017540966005
2024-06-05 01:57:02,0.136127588,0.0336996602948072,1.58823466,197.18189896910224,197.49648455646303
2024-06-05 01:57:06,0.136124572,0.0336999166120295,1.58824674,197.1769311276561,197.4919199657251
2024-06-05 01:57:10,0.136126382,0.0336997884534183,1.5882407,197.17915038942402,197.49454250999256
2024-06-05 01:57:14,0.136130907,0.0337001729292517,1.58825882,197.18209548079605,197.4978909156537
2024-06-05 01:57:19,0.136134527,0.0337001088499462,1.5882558,197.18596149453947,197.50226111696
2024-06-05 01:57:23,0.136143878,0.033699980691335,1.58824976,197.1966770325114,197.51338004074103
2024-06-05 01:57:27,0.136144783,0.0336998525327239,1.58824372,197.19787660673134,197.51498303255372
2024-06-05 01:57:31,0.136150213,0.0337006853515131,1.58828297,197.1998002502206,197.51731012541748
2024-06-05 01:57:36,0.136152023,0.0337007494308187,1.58828599,197.20104347811798,197.51905770972317
2024-06-05 01:57:40,0.136148101,0.0337007494308187,1.58828599,197.19622120000815,197.51463895248975
2024-06-05 01:57:44,0.136148101,0.0337001729292517,1.58825882,197.19844169975806,197.5172630048915
2024-06-05 01:57:48,0.136158961,0.0337000447706406,1.58825278,197.2108572392475,197.53008212880616
2024-06-05 01:57:52,0.136157453,0.0337013261445688,1.58831317,197.2029218545441,197.52255036029936
2024-06-05 01:57:57,0.136160771,0.0337009416687354,1.58829505,197.20790558586484,197.5280386565412
2024-06-05 01:58:01,0.136164391,0.0336992117396682,1.58821352,197.21945559169964,197.53999235005068
2024-06-05 01:58:05,0.136167106,0.0336988913431404,1.58819842,197.22356956049788,197.5445100382881
2024-06-05 01:58:09,0.136166503,0.0337003010878629,1.58826486,197.21606848848742,197.5374127174793
2024-06-05 01:58:13,0.136170122,0.0336999166120295,1.58824674,197.22149247105605,197.54324048300987
2024-06-05 01:58:18,0.136166201,0.0337002370085573,1.58826184,197.21511138735957,197.53736417267527
2024-06-05 01:58:22,0.136172234,0.033701005748041,1.58829807,197.21800512560063,197.5406617653307
2024-06-05 01:58:26,0.136174346,0.0336997884534183,1.5882407,197.22552255392114,197.54858307981863
2024-06-05 01:58:30,0.136174647,0.0337004931135964,1.58827391,197.2222496939309,197.54571413774653
2024-06-05 01:58:35,0.136171631,0.0337002370085573,1.58826184,197.21951263908824,197.54348202494737
2024-06-05 01:58:39,0.136177966,0.033701005748041,1.58829807,197.2227463513222,197.54711972653007
2024-06-05 01:58:43,0.136173441,0.0337003010878629,1.58826486,197.22045218643842,197.5452295827381
2024-06-05 01:58:47,0.136173139,0.033700557192902,1.58827693,197.21854195245683,197.54372340158895
2024-06-05 01:58:51,0.136169217,0.033698955422446,1.58820144,197.22101127266615,197.54659680636897
2024-06-05 01:58:55,0.136171027,0.0337006212722076,1.58827995,197.2150625182709,197.5410521682802
2024-06-05 01:58:59,0.136177061,0.0337003649549853,1.58826787,197.22262357817075,197.54901737621984
2024-06-05 01:59:04,0.136179474,0.0336995321361961,1.58822862,197.22862877594983,197.5555278036698
2024-06-05 01:59:08,0.136180982,0.033699980691335,1.58824976,197.22788135736965,197.5551846045201
2024-06-05 01:59:12,0.136188524,0.0336988272638348,1.5881954,197.24122661709114,197.5689341153971
2024-06-05 01:59:16,0.136182792,0.0336995321361961,1.58822862,197.23115444769098,197.5592662288749
2024-06-05 01:59:20,0.136184904,0.0336995321361961,1.58822862,197.23312974552033,197.561645841302
2024-06-05 01:59:24,0.136190334,0.0336987631845293,1.58819238,197.2423448525832,197.5712652946798
2024-06-05 01:59:29,0.136192144,0.0336995321361961,1.58822862,197.24037730522303,197.5698032248115
2024-06-05 01:59:33,0.13619516,0.0336999166120295,1.58824674,197.24162033622198,197.57145067347915
2024-06-05 01:59:37,0.136194255,0.0336981226036567,1.58816219,197.24836552671795,197.57860031335215
2024-06-05 01:59:41,0.136199082,0.0336993398982794,1.58821956,197.24785646923675,197.5784957369536
2024-06-05 01:59:45,0.136199987,0.0336991476603627,1.5882105,197.24934704619315,197.58039082669544
2024-06-05 01:59:50,0.136202098,0.0336982507622678,1.58816823,197.25530435383016,197.586853819892
2024-06-05 01:59:54,0.136205718,0.0337001088499462,1.5882558,197.25051688843732,197.58247093860552
2024-06-05 01:59:58,0.136208132,0.0336982507622678,1.58816823,197.2612939831707,197.5936526491388
2024-06-05 02:00:02,0.136213863,0.0336991476603627,1.5882105,197.2632619255285,197.59602523898715
2024-06-05 02:00:06,0.13621326,0.0336995321361961,1.58822862,197.2604268496039,197.59359484224075
2024-06-05 02:00:11,0.136212958,0.0336991476603627,1.5882105,197.26133166824903,197.59500555441497
2024-06-05 02:00:15,0.136212053,0.033698378920879,1.58817427,197.26340832088468,197.5974869575153
2024-06-05 02:00:19,0.136217181,0.0336994039775849,1.58822258,197.26411292829187,197.59859634706515
2024-06-05 02:00:23,0.136221405,0.0336990195017515,1.58820446,197.27021850597396,197.6051067385648
2024-06-05 02:00:28,0.136219896,0.0336988913431404,1.58819842,197.26859590440688,197.6039901988079
2024-06-05 02:00:32,0.136222913,0.0336985070794901,1.58818031,197.27334062450484,197.60913980398075
2024-06-05 02:00:36,0.136228041,0.0336990835810571,1.58820748,197.27608780682414,197.61229190303985
2024-06-05 02:00:40,0.136226231,0.0336972254933788,1.58811991,197.28210706316082,197.61871610777803
2024-06-05 02:00:44,0.136223214,0.0336965849125062,1.58808972,197.28122053335292,197.61823455803008
2024-06-05 02:00:48,0.136228946,0.0336977381278233,1.58814407,197.28202113656263,197.61944017295508
2024-06-05 02:00:53,0.136225929,0.0336967130711174,1.58809576,197.28278471369592,197.62071005924287
2024-06-05 02:00:57,0.136230454,0.0336965208332007,1.5880867,197.2883542213851,197.62668464985984
2024-06-05 02:01:01,0.136234678,0.033696328595284,1.58807764,197.29358459033548,197.63232013338276
2024-06-05 02:01:05,0.136234979,0.0336967771504229,1.58809878,197.29147512345864,197.6306158127198
2024-06-05 02:01:10,0.136237392,0.0336965208332007,1.5880867,197.29485537224033,197.63450253875945
2024-06-05 02:01:14,0.136238297,0.0336973536519899,1.58812595,197.29167582541305,197.63172820932684
2024-06-05 02:01:18,0.136235281,0.0336967130711174,1.58809576,197.29079040264926,197.63124803558816
2024-06-05 02:01:22,0.136239806,0.0336963926745895,1.58808066,197.2969436527302,197.6378065663211
2024-06-05 02:01:26,0.136238901,0.0336965208332007,1.5880867,197.29493468682634,197.63620291269277
2024-06-05 02:01:30,0.136244331,0.0336964567538951,1.58808368,197.30093993385833,197.6426135036203
2024-06-05 02:01:35,0.136241314,0.0336970332554621,1.58811085,197.29440710458434,197.63658739867603
2024-06-05 02:01:39,0.136244632,0.0336966489918118,1.58809274,197.29949112245237,197.64207683157173
2024-06-05 02:01:43,0.136246442,0.0336962004366728,1.5880716,197.30316889873717,197.6461600544927
2024-06-05 02:01:47,0.136254285,0.0336976740485177,1.58814105,197.3048869917597,197.6482836257563
2024-06-05 02:01:52,0.136250666,0.0336971614140732,1.58811689,197.30263784431526,197.6465413705521
2024-06-05 02:01:56,0.136252475,0.0336956878022283,1.58804744,197.31098501675237,197.65529409232803
2024-06-05 02:02:00,0.136254889,0.0336958159608394,1.58805348,197.3127157016144,197.65743035812187
2024-06-05 02:02:04,0.136259414,0.0336980585243512,1.58815917,197.30719090355382,197.65231117258253
2024-06-05 02:02:09,0.136260922,0.03369793036574,1.58815313,197.30896695168624,197.6545942807832
2024-06-05 02:02:13,0.136261525,0.0336967130711174,1.58809576,197.31478726424098,197.6608202769214
2024-06-05 02:02:17,0.136261224,0.0336965208332007,1.5880867,197.31491833207687,197.66135705991783
2024-06-05 02:02:21,0.13626243,0.0336956237229227,1.58804442,197.31995951540688,197.6668039899817
2024-06-05 02:02:25,0.136261525,0.0336941501110778,1.58797497,197.32524933902215,197.6724995919002
2024-06-05 02:02:30,0.136260922,0.0336951110884782,1.58802026,197.3196832164712,197.66744073661695
2024-06-05 02:02:34,0.13626424,0.0336953674057005,1.58803234,197.32184828824714,197.6700116577132
2024-06-05 02:02:38,0.136270273,0.0336964567538951,1.58808368,197.32327652223856,197.6718457725817
2024-06-05 02:02:42,0.136270877,0.0336963926745895,1.58808066,197.3238432276676,197.6728183904406
2024-06-05 02:02:47,0.136275703,0.0336964567538951,1.58808368,197.32848188575775,197.67796448343316
2024-06-05 02:02:51,0.136273893,0.0336959441194506,1.58805952,197.32837249386353,197.678261074948
2024-06-05 02:02:55,0.136277212,0.0336955596436172,1.5880414,197.3334587098948,197.68375330592815
2024-06-05 02:02:59,0.13627691,0.0336957518815339,1.58805046,197.3318362419651,197.682536884483
2024-06-05 02:03:04,0.136275402,0.0336953033263949,1.58802932,197.33167358352608,197.68288182849057
2024-06-05 02:03:08,0.136277212,0.033696328595284,1.58807764,197.32863456217993,197.68024892456936
2024-06-05 02:03:12,0.136279021,0.033695431485006,1.58803536,197.33435537917566,197.68637589051235
2024-06-05 02:03:16,0.13628415,0.0336960081987561,1.58806254,197.33710045344412,197.6895271452462
2024-06-05 02:03:20,0.136281435,0.0336958159608394,1.58805348,197.3345109694678,197.6873438732493
2024-06-05 02:03:25,0.13628596,0.0336958159608394,1.58805348,197.33910218285934,197.69244289592507
