time,voltage,current,shunt_voltage,temperature,temperature old
2024-02-11 15:40:55,0.205651042,0.0224831925498259,1.05961263,395.61504893001967,395.61504893001967
2024-02-11 15:40:59,0.205758735,0.0224792370318974,1.05942621,395.86884622960105,395.86883259622846
2024-02-11 15:41:03,0.205843199,0.0224774897038135,1.05934386,396.0460820996147,396.04605483423
2024-02-11 15:41:07,0.205913788,0.0224768688559722,1.0593146,396.18066318279307,396.1806222867568
2024-02-11 15:41:11,0.205964165,0.0224750124657589,1.05922711,396.29957117504506,396.2995166497175
2024-02-11 15:41:15,0.206012129,0.0224737003252767,1.05916527,396.4054397172252,396.4053715639664
2024-02-11 15:41:20,0.206108358,0.0224736875942888,1.05916467,396.5754714482063,396.5753862619461
2024-02-11 15:41:24,0.206142445,0.0224719529971928,1.05908292,396.66371715171994,396.6636183405884
2024-02-11 15:41:28,0.206171706,0.0224709290014025,1.05903466,396.73195279993797,396.7318403652949
2024-02-11 15:41:32,0.206207302,0.0224714280561266,1.05905818,396.7867086695505,396.78658261275535
2024-02-11 15:41:37,0.206244708,0.0224703656551896,1.05900811,396.86995483154874,396.86981174897534
2024-02-11 15:41:41,0.206266729,0.0224695400506268,1.0589692,396.9222133051539,396.9220566034871
2024-02-11 15:41:45,0.206304738,0.0224683431255848,1.05891279,397.00871648311573,397.0085461637146
2024-02-11 15:41:49,0.206325251,0.0224670244074255,1.05885064,397.06631832995794,397.0661343941815
2024-02-11 15:41:53,0.206355719,0.0224671652970245,1.05885728,397.11783462664243,397.1176370758496
2024-02-11 15:41:57,0.206375327,0.0224660579132637,1.05880509,397.1704219501149,397.1702107856644
2024-02-11 15:42:02,0.206388298,0.0224660258736109,1.05880358,397.19385851532275,397.1936303357106
2024-02-11 15:42:06,0.206415146,0.022465622725662,1.05878458,397.24781154591835,397.2475697557052
2024-02-11 15:42:10,0.206455266,0.0224654370654224,1.05877583,397.3216711102593,397.32141571080336
2024-02-11 15:42:14,0.206473064,0.0224650977845959,1.05875984,397.3586139589196,397.3583449515791
2024-02-11 15:42:18,0.206483924,0.0224650402829674,1.05875713,397.37873529772315,397.3784526838561
2024-02-11 15:42:23,0.206506247,0.0224644769367545,1.05873058,397.427309918485,397.4270102983692
2024-02-11 15:42:27,0.206513185,0.022463740873473,1.05869589,397.45152176761655,397.4512085440293
2024-02-11 15:42:31,0.206532793,0.0224641826387518,1.05871671,397.47898663794086,397.4786598122397
2024-02-11 15:42:35,0.20655783,0.0224624607726436,1.05863556,397.55116709725974,397.5508266708021
2024-02-11 15:42:39,0.206572008,0.0224619808144012,1.05861294,397.584012052736,397.5836580268792
2024-02-11 15:42:43,0.206579248,0.0224612895217604,1.05858036,397.6080386612502,397.6076710373514
2024-02-11 15:42:48,0.206603683,0.0224621983021105,1.05862319,397.63644621400647,397.6360615944635
2024-02-11 15:42:52,0.206619067,0.0224616542645626,1.05859755,397.67246461516925,397.6720664006375
2024-02-11 15:42:56,0.206620274,0.0224608734306405,1.05856075,397.6872948355584,397.6868830273946
2024-02-11 15:43:00,0.206651948,0.0224608606996526,1.05856015,397.74345361277017,397.7430282123308
2024-02-11 15:43:04,0.206660696,0.0224604830136794,1.05854235,397.76505422379824,397.76461523243984
2024-02-11 15:43:08,0.206664618,0.0224597853555446,1.05850947,397.7833321590161,397.782879578095
2024-02-11 15:43:13,0.206677288,0.0224591836041851,1.05848111,397.815506904994,397.8150373390266
2024-02-11 15:43:17,0.206691466,0.022459189969679,1.05848141,397.840458717574,397.8399755650952
2024-02-11 15:43:21,0.206707152,0.0224603037189337,1.0585339,397.85007341583935,397.849576678205
2024-02-11 15:43:25,0.206736413,0.0224598876278138,1.05851429,397.908531237508,397.9080209160738
2024-02-11 15:43:30,0.206734905,0.0224585370821848,1.05845064,397.9278423834604,397.9273150841828
2024-02-11 15:43:34,0.206748178,0.0224592988196252,1.05848654,397.9389146504872,397.93837377045975
2024-02-11 15:43:38,0.206762959,0.0224593756299186,1.05849016,397.96378651195727,397.9632320525352
2024-02-11 15:43:42,0.206775327,0.0224586907027717,1.05845788,397.99678359383364,397.99621555637225
2024-02-11 15:43:46,0.206781662,0.0224591004283977,1.05847719,398.00132364309343,398.0007420289477
2024-02-11 15:43:50,0.206810319,0.0224579546394902,1.05842319,398.0705915368478,398.06999634737264
2024-02-11 15:43:55,0.206813939,0.0224582043790354,1.05843496,398.0729405122871,398.0723283555553
2024-02-11 15:43:59,0.206822989,0.0224583707306101,1.0584428,398.0862339495019,398.0856082204887
2024-02-11 15:44:03,0.206819671,0.0224579162343435,1.05842138,398.0877799522437,398.0871406523037
2024-02-11 15:44:07,0.20684139,0.0224581659738887,1.05843315,398.1220956809429,398.1214428114303
2024-02-11 15:44:11,0.206846217,0.0224572249417026,1.0583888,398.14594628271533,398.1452798449844
2024-02-11 15:44:15,0.206852853,0.0224574106019423,1.05839755,398.154661468403,398.1539814638077
2024-02-11 15:44:20,0.206873065,0.0224571544969031,1.05838548,398.19455040870713,398.19385344743546
2024-02-11 15:44:24,0.20687035,0.0224556248687116,1.05831339,398.2146609935645,398.21395046847465
2024-02-11 15:44:28,0.206888148,0.0224561816372474,1.05833963,398.23705543731495,398.2363313497606
2024-02-11 15:44:32,0.206889958,0.0224555351152472,1.05830916,398.25078958192665,398.25005193326126
2024-02-11 15:44:36,0.206904437,0.0224568024850888,1.05836889,398.2557536634355,398.2550024550124
2024-02-11 15:44:40,0.206909264,0.0224561368666068,1.05833752,398.27512886703397,398.27436410020647
2024-02-11 15:44:45,0.206922537,0.022455311262044,1.05829861,398.3120346657391,398.31125295280873
2024-02-11 15:44:49,0.206933396,0.0224541143370019,1.0582422,398.3507210010631,398.3499257327726
2024-02-11 15:44:53,0.206925855,0.0224545942952443,1.05826482,398.32959652953576,398.3287877072378
2024-02-11 15:44:57,0.206938223,0.0224543190937234,1.05825185,398.35594252042563,398.3551201454729
2024-02-11 15:45:01,0.206943955,0.0224540375267085,1.05823858,398.37066832473585,398.3698323984808
2024-02-11 15:45:05,0.206966579,0.0224556823703401,1.0583161,398.3838695458134,398.3830200696085
2024-02-11 15:45:10,0.206974121,0.0224543254592173,1.05825215,398.41930800636595,398.4184415946253
2024-02-11 15:45:14,0.206970802,0.0224535382598012,1.05821505,398.4262778972316,398.4253979385834
2024-02-11 15:45:18,0.206982567,0.022454491810792,1.05825999,398.4315484515212,398.4306549473174
2024-02-11 15:45:22,0.206994332,0.0224532246531336,1.05820027,398.47298836343845,398.4720813150308
2024-02-11 15:45:26,0.206990108,0.0224525908621212,1.0581704,398.4758624079426,398.4749418166828
2024-02-11 15:45:31,0.207012431,0.0224525333604927,1.05816769,398.51626057951233,398.515323061588
2024-02-11 15:45:35,0.207009113,0.0224535062201484,1.05821354,398.49456260699424,398.4936115492585
2024-02-11 15:45:39,0.207019369,0.0224521620400134,1.05815019,398.53459688869316,398.53363229249726
2024-02-11 15:45:43,0.207032341,0.0224529108342828,1.05818548,398.54533200668135,398.5443538733764
2024-02-11 15:45:47,0.207029626,0.0224537493820166,1.058225,398.52688662298556,398.52589495392255
2024-02-11 15:45:51,0.20704682,0.0224531221686813,1.05819544,398.5674997996277,398.5664945961574
2024-02-11 15:45:56,0.20705044,0.0224523667967349,1.05815984,398.5862216510502,398.5851995314702
2024-02-11 15:46:00,0.20706854,0.0224528660636422,1.05818337,398.61008239871774,398.60904674776936
2024-02-11 15:46:04,0.207071858,0.0224528276584954,1.05818156,398.6165847324366,398.6155355514702
2024-02-11 15:46:08,0.20706492,0.0224518547988397,1.05813571,398.6201929231499,398.6191302135157
2024-02-11 15:46:12,0.207071858,0.0224520084194266,1.05814295,398.6299628705894,398.6288866336376
2024-02-11 15:46:17,0.207083925,0.0224526676724147,1.05817402,398.6405586080365,398.639465463836
2024-02-11 15:46:21,0.207095388,0.0224521620400134,1.05815019,398.6690689262346,398.66796225775374
2024-02-11 15:46:25,0.207095689,0.0224516243679595,1.05812485,398.6783782494682,398.6772580580566
2024-02-11 15:46:29,0.207100214,0.0224507603582499,1.05808413,398.7004723253872,398.69933861239446
2024-02-11 15:46:33,0.207113186,0.0224515668663309,1.05812214,398.71026214544804,398.7091149122236
2024-02-11 15:46:38,0.207100817,0.022449953850169,1.05804612,398.71471648157194,398.7135523499552
2024-02-11 15:46:42,0.207111376,0.0224497872864111,1.05803827,398.73610631681345,398.73492866800063
2024-02-11 15:46:46,0.207121029,0.0224502931309955,1.05806211,398.7449318808845,398.7437407162246
2024-02-11 15:46:50,0.207115599,0.0224496145693425,1.05803013,398.74641269259484,398.7452080134367
2024-02-11 15:46:54,0.207142446,0.0224501395104086,1.05805487,398.7853133288294,398.78409513652167
2024-02-11 15:46:58,0.207134302,0.0224493777729682,1.05801897,398.7833551673599,398.7821234632512
2024-02-11 15:47:03,0.207138827,0.022449268923022,1.05801384,398.7931442916085,398.7918956996448
2024-02-11 15:47:07,0.207140033,0.0224483471995009,1.0579704,398.8103207931724,398.8090586924415
2024-02-11 15:47:11,0.207145463,0.0224481231341145,1.05795984,398.823585857416,398.822310249266
2024-02-11 15:47:15,0.207157831,0.0224501265672376,1.05805426,398.81278499562336,398.8114958814023
2024-02-11 15:47:19,0.207161451,0.0224485712648873,1.05798096,398.84456166023944,398.8432590412952
2024-02-11 15:47:24,0.207172009,0.022449685014142,1.05803345,398.8450734314285,398.84375393347545
2024-02-11 15:47:28,0.207180757,0.0224495504900369,1.05802711,398.8627417676286,398.8614087679846
2024-02-11 15:47:32,0.207182869,0.0224486287665158,1.05798367,398.8815224396817,398.8801759396941
2024-02-11 15:47:36,0.207188299,0.0224485135510756,1.05797824,398.89301253835316,398.89165253936926
2024-02-11 15:47:40,0.20720308,0.0224482896978724,1.05796769,398.92280269333105,398.921429196698
2024-02-11 15:47:44,0.207212733,0.0224493266368337,1.05801656,398.9229607721498,398.9215737792146
2024-02-11 15:47:48,0.207215448,0.0224496018383546,1.05802953,398.92328324461783,398.9218827567274
2024-02-11 15:47:53,0.207214845,0.0224480335928333,1.05795562,398.94781933144,398.94640197674937
2024-02-11 15:47:57,0.207221481,0.0224492816540099,1.05801444,398.9391996404489,398.93776879383313
2024-02-11 15:48:01,0.207229928,0.0224494482177677,1.05802229,398.9514248829777,398.9499805457831
2024-02-11 15:48:05,0.207229928,0.022447662272354,1.05793812,398.98057804239835,398.9791202159713
2024-02-11 15:48:09,0.207229928,0.0224471950450995,1.0579161,398.98821562377316,398.9867443094598
2024-02-11 15:48:14,0.207234453,0.0224476879465128,1.05793933,398.9881875698486,398.9866993975703
2024-02-11 15:48:18,0.207244709,0.0224478479325936,1.05794687,399.003718243766,399.00221658662986
2024-02-11 15:48:22,0.207254664,0.0224479631480338,1.0579523,399.01944741221007,399.0179322715618
2024-02-11 15:48:26,0.20725949,0.0224484944545938,1.05797734,399.0193205928664,399.0177919700516
2024-02-11 15:48:30,0.207263412,0.022446990288378,1.05790645,399.0508142982603,399.0492721946245
2024-02-11 15:48:34,0.207261602,0.0224468493987791,1.05789981,399.0499278784827,399.0483722953712
2024-02-11 15:48:39,0.207262205,0.0224468878039258,1.05790162,399.0503837822928,399.0488113517284
2024-02-11 15:48:43,0.207260697,0.0224464910214708,1.05788292,399.05420775833807,399.0526218513245
2024-02-11 15:48:47,0.207267937,0.022446593505923,1.05788775,399.06534636678424,399.0637469846664
2024-02-11 15:48:51,0.20727759,0.0224474575156325,1.05792847,399.06832035402704,399.0667074981497
2024-02-11 15:48:55,0.207275177,0.0224460237942163,1.0578609,399.08747072248906,399.0858443941969
2024-02-11 15:49:00,0.207279098,0.0224463437663778,1.05787598,399.08919559004323,399.0875524231232
2024-02-11 15:49:04,0.207288751,0.0224467341833389,1.05789438,399.0998993137802,399.0982426774703
2024-02-11 15:49:08,0.207295388,0.0224466189678988,1.05788895,399.11352559891077,399.11185549455513
2024-02-11 15:49:12,0.207305343,0.0224470927728303,1.05791128,399.1234014153231,399.12171784426585
2024-02-11 15:49:16,0.207303533,0.0224456781478958,1.05784461,399.14330996272145,399.1416129263065
2024-02-11 15:49:21,0.207306248,0.0224459660804046,1.05785818,399.1434252837192,399.1417114174968
2024-02-11 15:49:25,0.207308359,0.0224455436237908,1.05783827,399.15406781882524,399.1523404902685
2024-02-11 15:49:29,0.207313487,0.0224454988531501,1.05783616,399.16387744695555,399.162136657408
2024-02-11 15:49:33,0.207316202,0.0224456588392309,1.0578437,399.166078201471,399.164323952276
2024-02-11 15:49:37,0.207320426,0.0224449357191204,1.05780962,399.1853662587437,399.1835985512444
2024-02-11 15:49:41,0.20732495,0.0224448780053088,1.0578069,399.1943197980876,399.1925386336271
2024-02-11 15:49:46,0.207322537,0.0224444428177071,1.05778639,399.197177326436,399.19537934266265
2024-02-11 15:49:50,0.207337318,0.0224461262786685,1.05786573,399.1958307399922,399.1940193022791
2024-02-11 15:49:54,0.207343352,0.0224445196280005,1.05779001,399.23274819782904,399.230923307519
2024-02-11 15:49:58,0.207344257,0.0224450763965363,1.05781625,399.2252687832354,399.2234304416708
2024-02-11 15:50:02,0.20734848,0.0224450700310423,1.05781595,399.23285174358926,399.2309999521126
2024-02-11 15:50:06,0.207346972,0.0224452236516292,1.05782319,399.2276905114633,399.2258252714168
2024-02-11 15:50:11,0.207365674,0.0224453261360815,1.05782802,399.2590953506943,399.2572133018228
2024-02-11 15:50:15,0.207371104,0.022446190145791,1.05786874,399.2545968893808,399.2527013949591
2024-02-11 15:50:19,0.207371708,0.0224455502014678,1.05783858,399.26612971674547,399.2642207781153
2024-02-11 15:50:23,0.207372311,0.0224446796140813,1.05779755,399.2814286966628,399.27950631516586
2024-02-11 15:50:27,0.207376534,0.0224449804897611,1.05781173,399.28399338564583,399.2820575626237
2024-02-11 15:50:32,0.207384076,0.0224446796140813,1.05779755,399.30225805333464,399.3003054302924
2024-02-11 15:50:36,0.207387997,0.0224450700310423,1.05781595,399.3028259481802,399.3008598866308
2024-02-11 15:50:40,0.207389506,0.022444858908827,1.057806,399.308955780371,399.30697628165547
2024-02-11 15:50:44,0.207389204,0.0224442698884553,1.05777824,399.31805729918244,399.3160643646419
2024-02-11 15:50:48,0.207397349,0.0224445003193356,1.0577891,399.3287060948455,399.3266997258207
2024-02-11 15:50:52,0.207403684,0.0224440651317338,1.05776859,399.3470289614789,399.34500915931056
2024-02-11 15:50:57,0.207411225,0.0224441483075212,1.05777251,399.3590189766921,399.3569823849796
2024-02-11 15:51:01,0.20741575,0.0224448525433331,1.0578057,399.3555266668003,399.3534766449604
2024-02-11 15:51:05,0.207405192,0.0224432011220243,1.05772787,399.3638551388816,399.3617916882546
2024-02-11 15:51:09,0.207410018,0.0224427273170928,1.05770554,399.38014291599774,399.37806603792376
2024-02-11 15:51:13,0.207415448,0.0224433931477579,1.05773692,399.3788772904527,399.3767869862718
2024-02-11 15:51:17,0.207414543,0.0224438410663475,1.05775803,399.3699720714851,399.3678683425372
2024-02-11 15:51:22,0.207428118,0.0224438667405063,1.05775924,399.3935696808472,399.3914491728244
2024-02-11 15:51:26,0.207442598,0.0224434186097336,1.05773812,399.4265067056889,399.4243727759133
2024-02-11 15:51:30,0.20742842,0.0224429577479731,1.0577164,399.4089839091061,399.4068365589172
2024-02-11 15:51:34,0.20743385,0.0224430345582665,1.05772002,399.41734272654367,399.4151819572807
2024-02-11 15:51:38,0.207435961,0.0224432522581589,1.05773028,399.41753094898496,399.4153567619871
2024-02-11 15:51:43,0.207447424,0.0224432331616771,1.05772938,399.4381268973567,399.4359359400733
2024-02-11 15:51:47,0.207453457,0.022442311438156,1.05768594,399.4638712930961,399.46166692109045
2024-02-11 15:51:51,0.207448932,0.0224436235786382,1.05774778,399.4344396478629,399.43222186247385
2024-02-11 15:51:55,0.207451346,0.0224429322859973,1.0577152,399.45001860844087,399.44778741100697
2024-02-11 15:51:59,0.207448329,0.0224425546000241,1.0576974,399.4508703494299,399.4486257412896
2024-02-11 15:52:03,0.207467334,0.0224436042699733,1.05774687,399.4673306163277,399.46507259881935
2024-02-11 15:52:08,0.20746673,0.0224428041273862,1.05770916,399.4793571238411,399.47708234650463
2024-02-11 15:52:12,0.207469144,0.0224425098293835,1.05769529,399.48844905442905,399.4861608707353
2024-02-11 15:52:16,0.207464619,0.0224422921294911,1.05768503,399.48402004999514,399.48171846128207
2024-02-11 15:52:20,0.20748483,0.0224431563513837,1.05772576,399.50564251675877,399.5033275243642
2024-02-11 15:52:24,0.207473065,0.0224417289954614,1.05765849,399.5081858032616,399.5058574085231
2024-02-11 15:52:29,0.207485433,0.0224429386514913,1.0577155,399.51029734864375,399.50795220285625
2024-02-11 15:52:33,0.20748302,0.0224417801315959,1.0576609,399.52498241907506,399.52262387395285
2024-02-11 15:52:38,0.207485433,0.0224424521155719,1.05769257,399.51828066036677,399.51590536795663
2024-02-11 15:52:42,0.20749207,0.0224418376332244,1.05766361,399.5400746737771,399.5376859850408
2024-02-11 15:52:46,0.207488752,0.022441632876503,1.05765396,399.53756861025045,399.5351665265249
2024-02-11 15:52:50,0.207493276,0.0224408136374341,1.05761535,399.5589753998637,399.5565599224857
2024-02-11 15:52:54,0.207493276,0.02244095431485,1.05762198,399.55668872648437,399.5542598567905
2024-02-11 15:52:58,0.207496896,0.0224420873727696,1.05767538,399.54457867124216,399.542136410569
2024-02-11 15:53:03,0.207511074,0.0224416585506619,1.05765517,399.57667589862274,399.5742169011047
2024-02-11 15:53:07,0.207502326,0.0224409736235149,1.05762289,399.5724194471857,399.569947061695
2024-02-11 15:53:11,0.207501421,0.0224395653640744,1.05755652,399.59385965013496,399.5913738780077
2024-02-11 15:53:15,0.207508963,0.0224412551905298,1.05763616,399.57957841297696,399.57707925554905
2024-02-11 15:53:19,0.207521632,0.0224412681337008,1.05763677,399.60178216299465,399.59926962160193
2024-02-11 15:53:24,0.207519219,0.0224407175184758,1.05761082,399.6065356940086,399.60400642453806
2024-02-11 15:53:28,0.207517711,0.022440570475566,1.05760389,399.6062869573535,399.60374430692326
2024-02-11 15:53:32,0.207518917,0.0224414856214101,1.05764702,399.59346865357384,399.5909126235192
2024-02-11 15:53:36,0.207530381,0.0224412999611704,1.05763827,399.61678916135384,399.6142197530101
2024-02-11 15:53:40,0.207527062,0.0224398726052481,1.057571,399.63427547286256,399.6316926875648
2024-02-11 15:53:44,0.207535509,0.0224407752322874,1.05761354,399.63446458237644,399.6318684214596
2024-02-11 15:53:48,0.207540637,0.0224410824734611,1.05762802,399.6385212980025,399.6359117628015
2024-02-11 15:53:53,0.20753762,0.0224397446588201,1.05756497,399.6550821023539,399.6524558511746
2024-02-11 15:53:57,0.20754486,0.0224404102773021,1.05759634,399.6570122279726,399.654372605512
2024-02-11 15:54:01,0.207543352,0.0224408584080748,1.05761746,399.6470299929578,399.6443770005503
2024-02-11 15:54:05,0.207551497,0.022440826368422,1.05761595,399.6619702753461,399.659303914326
2024-02-11 15:54:09,0.207558435,0.0224413129043414,1.05763888,399.6662949124654,399.6636151841669
2024-02-11 15:54:14,0.20755753,0.0224403271015147,1.05759242,399.6808345266959,399.6781380911752
2024-02-11 15:54:18,0.207567786,0.0224413897146349,1.0576425,399.68160394007043,399.67889414027263
2024-02-11 15:54:22,0.207561753,0.0224414408507694,1.05764491,399.6701129583696,399.6673897956284
2024-02-11 15:54:26,0.207572613,0.0224410120286616,1.0576247,399.6963435874822,399.6936070631312
2024-02-11 15:54:30,0.207563563,0.0224404486824488,1.05759815,399.6895678610777,399.6868179764503
2024-02-11 15:54:35,0.207564468,0.0224397062536734,1.05756316,399.7033288559151,399.7005622728172
2024-02-11 15:54:39,0.207572613,0.0224407175184758,1.05761082,399.7012041675024,399.6984242271278
2024-02-11 15:54:43,0.207569295,0.0224404486824488,1.05759815,399.69974746603555,399.6969541697174
2024-02-11 15:54:47,0.207588299,0.0224409479493561,1.05762168,399.72519978818667,399.72239313725777
2024-02-11 15:54:51,0.207588601,0.0224408840822336,1.05761867,399.72679190732964,399.7239719031228
2024-02-11 15:54:56,0.207590411,0.0224405832065539,1.05760449,399.73493109213337,399.732094398203
2024-02-11 15:55:00,0.207590411,0.0224399303190597,1.05757372,399.74562501346554,399.7427749692554
2024-02-11 15:55:04,0.207597047,0.0224402118860746,1.05758699,399.7527671599151,399.7499037667575
2024-02-11 15:55:08,0.20760489,0.0224415497007156,1.05765004,399.7447643862619,399.741887645489
2024-02-11 15:55:12,0.207605192,0.0224413513094881,1.05764069,399.74855711702753,399.7456670299714
2024-02-11 15:55:16,0.207602477,0.022439623077886,1.05755924,399.7720428821016,399.7691394500941
2024-02-11 15:55:21,0.207602175,0.0224400071293532,1.05757734,399.7652421354874,399.7623220241636
2024-02-11 15:55:25,0.207605192,0.0224388486094578,1.05752274,399.78954593874386,399.786612485465
2024-02-11 15:55:29,0.207608812,0.0224395526330865,1.05755592,399.78444197136514,399.7814951774628
2024-02-11 15:55:33,0.207612734,0.022440570475566,1.05760389,399.7747380954529,399.7717779622584
2024-02-11 15:55:37,0.207622688,0.0224405254927422,1.05760177,399.79308983222677,399.79011636107134
2024-02-11 15:55:41,0.207614544,0.0224398791829252,1.05757131,399.7892758294282,399.7862890216429
2024-02-11 15:55:46,0.207625705,0.0224403527756736,1.05759363,399.8012809779588,399.7982775012578
2024-02-11 15:55:50,0.207630531,0.0224400775741526,1.05758066,399.8143316375212,399.8113148271848
2024-02-11 15:55:54,0.207627817,0.0224408840822336,1.05761867,399.79634948982,399.7933193471788
2024-02-11 15:55:58,0.20763747,0.0224403271015147,1.05759242,399.8225464201304,399.819502946515
2024-02-11 15:56:02,0.207644709,0.0224412744991947,1.05763707,399.81985923266217,399.8168024294029
2024-02-11 15:56:06,0.207641391,0.0224402632343923,1.05758941,399.8305521008397,399.8274819692669
2024-02-11 15:56:11,0.207646218,0.0224398791829252,1.05757131,399.84538951920234,399.842302729108
2024-02-11 15:56:15,0.207639883,0.0224392326609249,1.05754084,399.84477954859415,399.8416794331788
2024-02-11 15:56:19,0.207652854,0.0224395399020987,1.05755532,399.86270402283316,399.8595905834266
2024-02-11 15:56:23,0.207656474,0.0224391558506315,1.05753722,399.87540467018283,399.8722779081148
2024-02-11 15:56:27,0.207649838,0.0224388613404457,1.05752334,399.86850201537715,399.8653619319772
2024-02-11 15:56:31,0.207656173,0.0224392581229007,1.05754204,399.87322518087956,399.8700717774771
2024-02-11 15:56:36,0.207654061,0.0224394310521524,1.05755019,399.86667659983425,399.863506548298
2024-02-11 15:56:40,0.207653759,0.02243921335226,1.05753993,399.86971866473317,399.86653529618513
2024-02-11 15:56:44,0.207646821,0.0224385029631374,1.05750645,399.869088186498,399.8658915022672
2024-02-11 15:56:48,0.207662507,0.0224384134218561,1.05750223,399.89830894816834,399.8950989495836
2024-02-11 15:56:53,0.207661301,0.0224390149610325,1.05753058,399.8863471126412,399.88312047298257
2024-02-11 15:56:57,0.207669446,0.0224388549749517,1.05752304,399.90338372480124,399.9001437737781
2024-02-11 15:57:01,0.207671256,0.0224391110799909,1.05753511,399.90240625626956,399.8991529952104
2024-02-11 15:57:05,0.207676384,0.0224388293007929,1.05752183,399.91610088582956,399.9128343160627
2024-02-11 15:57:09,0.207669747,0.0224376389534279,1.05746573,399.92386080083827,399.9205809236918
2024-02-11 15:57:14,0.207662507,0.022437491698335,1.05745879,399.9134827884405,399.9101862789371
2024-02-11 15:57:18,0.207665524,0.0224367426918825,1.05742349,399.9310934957802,399.9277836818851
2024-02-11 15:57:22,0.207667937,0.022437216496814,1.05744582,399.92761831879596,399.9242952018369
2024-02-11 15:57:27,0.207670652,0.0224380357358829,1.05748443,399.9190261868546,399.9156864429325
2024-02-11 15:57:31,0.207675479,0.0224373764828948,1.05745336,399.93836865424413,399.93501561024505
2024-02-11 15:57:35,0.207672764,0.0224373955793766,1.05745426,399.9332673707318,399.929901027983
2024-02-11 15:57:39,0.207680607,0.022436665881589,1.05741987,399.95909866865753,399.95571902848616
2024-02-11 15:57:43,0.207681512,0.022437350808736,1.05745215,399.9494993073493,399.9461063710824
2024-02-11 15:57:48,0.207683322,0.0224374339845233,1.05745607,399.9513555602895,399.9479460057692
2024-02-11 15:57:52,0.207688148,0.0224379205204427,1.057479,399.95193936416405,399.9485165165336
2024-02-11 15:57:56,0.207700818,0.0224379205204427,1.057479,399.974361497287,399.970925357873
2024-02-11 15:58:00,0.207698405,0.0224375171603107,1.05745999,399.9767108312473,399.9732614013762
2024-02-11 15:58:05,0.207698103,0.0224373251345771,1.05745094,399.9793372210658,399.9758711799885
2024-02-11 15:58:09,0.207700215,0.0224376644154036,1.05746693,399.9775311453778,399.9740518168275
2024-02-11 15:58:13,0.207693277,0.0224370115279095,1.05743616,399.97596253025165,399.9724699155544
2024-02-11 15:58:17,0.207708963,0.0224377284947092,1.05746995,399.99198092371336,399.9884750241951
2024-02-11 15:58:22,0.207715298,0.0224379075772717,1.05747839,400.0002699014766,399.9967473977964
2024-02-11 15:58:26,0.207705645,0.0224370115279095,1.05743616,399.9978813093605,399.9943455238421
2024-02-11 15:58:30,0.207713488,0.0224374085225476,1.05745487,400.0052663694331,400.001717303402
2024-02-11 15:58:34,0.207709566,0.0224369924314277,1.05743526,400.0051557450324,400.00159339981394
2024-02-11 15:58:38,0.207720728,0.0224381316426581,1.05748895,400.00625815608925,400.0026825330086
2024-02-11 15:58:43,0.207727666,0.0224366979212418,1.05742138,400.0420227252526,400.0384305067077
2024-02-11 15:58:47,0.207718314,0.0224365186264961,1.05741293,400.0284304903118,400.024824996886
2024-02-11 15:58:51,0.207713488,0.0224369156211342,1.05743164,400.01340691193167,400.00978814494977
2024-02-11 15:58:56,0.207727666,0.0224370115279095,1.05743616,400.03693033003924,400.033294972975
2024-02-11 15:59:00,0.207721633,0.0224364931645204,1.05741173,400.034761172662,400.031112545022
2024-02-11 15:59:04,0.207719823,0.0224364354507087,1.05740901,400.03251804410905,400.0288561472176
2024-02-11 15:59:08,0.207725554,0.0224360834388944,1.05739242,400.0484329350474,400.0447577702287
2024-02-11 15:59:12,0.207732794,0.0224363459094275,1.05740479,400.056953973106,400.0532655416842
2024-02-11 15:59:16,0.207727364,0.0224358402770262,1.05738096,400.05564330518257,400.0519416084816
2024-02-11 15:59:21,0.207730381,0.022436275464628,1.05740147,400.05386933771746,400.0501510612792
2024-02-11 15:59:25,0.207729777,0.0224354946307058,1.05736467,400.06560230792434,400.06187076918536
2024-02-11 15:59:29,0.207726761,0.0224353282791311,1.05735683,400.0630051166436,400.0592603169274
2024-02-11 15:59:33,0.207736414,0.0224353601066008,1.05735833,400.07957221159415,400.0758141522242
2024-02-11 15:59:37,0.207744257,0.0224362115975055,1.05739846,400.07951253122843,400.075741213528
2024-02-11 15:59:41,0.207743352,0.0224366211109484,1.05741776,400.0712180928125,400.0674335181047
2024-02-11 15:59:46,0.207741241,0.0224353985117475,1.05736014,400.08752469198924,400.0837235478827
2024-02-11 15:59:50,0.20774486,0.022435878682173,1.05738277,400.08607483737785,400.0822604392405
2024-02-11 15:59:54,0.207749084,0.0224363011387868,1.05740268,400.0866404314197,400.0828127805743
2024-02-11 15:59:58,0.207756022,0.0224363459094275,1.05740479,400.0981924413467,400.0943515391158
2024-02-11 16:00:02,0.207757228,0.0224355073616937,1.05736527,400.11407402396674,400.1102198716727
2024-02-11 16:00:06,0.207750592,0.0224355394013465,1.05736678,400.1018240911311,400.09795669009634
2024-02-11 16:00:11,0.207750894,0.0224356930219333,1.05737402,400.0998586203197,400.0959746602183
2024-02-11 16:00:15,0.20776477,0.0224360707079065,1.05739182,400.1182301948915,400.1143329890241
2024-02-11 16:00:19,0.207763865,0.0224356866564394,1.05737372,400.1229335116872,400.1190230613757
2024-02-11 16:00:23,0.20776658,0.022436019571772,1.05738941,400.12229592965195,400.118372236218
2024-02-11 16:00:27,0.207765977,0.0224358275460384,1.05738036,400.1243880123124,400.1204510770777
2024-02-11 16:00:32,0.207774423,0.0224352705653195,1.05735411,400.1484687023697,400.1445152167424
2024-02-11 16:00:36,0.207771406,0.0224368324453469,1.05742772,400.11756050326176,400.1135937788068
2024-02-11 16:00:40,0.20777382,0.0224357761977207,1.05737794,400.1391454458912,400.1351654839298
2024-02-11 16:00:44,0.207775026,0.0224360323027598,1.05739001,400.1370966491797,400.133103451033
2024-02-11 16:00:48,0.207789808,0.0224360323027598,1.05739001,400.1632571941806,400.1592507611694
2024-02-11 16:00:52,0.207784076,0.022436000263107,1.0573885,400.1536561228067,400.1496364562519
2024-02-11 16:00:57,0.207781361,0.0224355457668404,1.05736708,400.1563157246674,400.1522795180403
2024-02-11 16:01:01,0.207782568,0.0224360386682537,1.05739031,400.15038931865035,400.1463398814509
2024-02-11 16:01:05,0.207784679,0.0224351553498793,1.05734868,400.16860758771935,400.1645449212679
2024-02-11 16:01:09,0.207787998,0.0224355073616937,1.05736527,400.1687248618252,400.1646489674421
2024-02-11 16:01:14,0.207788903,0.022435065808598,1.05734446,400.177576364478,400.1734839370366
2024-02-11 16:01:18,0.207792221,0.0224350785395859,1.05734506,400.1832503785117,400.17914472610863
2024-02-11 16:01:22,0.207791316,0.0224348097035589,1.05733239,400.18606731469544,400.1819484386505
2024-02-11 16:01:26,0.207801874,0.022435462591053,1.05736316,400.19406004059687,400.18992794222976
2024-02-11 16:01:30,0.207799461,0.022433996829984,1.05729408,400.21382139226375,400.209676072894
2024-02-11 16:01:34,0.207799762,0.0224353601066008,1.05735833,400.1920296313711,400.1878710923182
2024-02-11 16:01:39,0.207800969,0.0224338241129153,1.05728594,400.21934907942943,400.2151740176277
2024-02-11 16:01:43,0.207803382,0.0224350849050798,1.05734536,400.2029719340169,400.1987836555001
2024-02-11 16:01:47,0.207807907,0.0224349376499869,1.05733842,400.21340253172446,400.2092010378117
2024-02-11 16:01:51,0.207802176,0.022435468956547,1.05736346,400.1945725704387,400.1903578624487
2024-02-11 16:01:55,0.207816052,0.0224356418857987,1.05737161,400.21629793715533,400.21207001640687
2024-02-11 16:01:59,0.20781213,0.0224353666842778,1.05735864,400.21388261489267,400.20964148270434
2024-02-11 16:02:04,0.207805796,0.022434118410918,1.05729981,400.2231483533566,400.2188907087225
2024-02-11 16:02:08,0.207811527,0.0224346433519842,1.05732455,400.2246979460276,400.22042709292
2024-02-11 16:02:12,0.207813639,0.022434924918999,1.05733782,400.2238334786155,400.2195494183525
2024-02-11 16:02:16,0.207817259,0.0224348226467299,1.057333,400.2319262469879,400.2276289808876
2024-02-11 16:02:21,0.20781937,0.0224355394013465,1.05736678,400.2239323184574,400.2196185469137
2024-02-11 16:02:25,0.207834755,0.0224345601761968,1.05732063,400.26720760210804,400.2628806276921
2024-02-11 16:02:29,0.20783385,0.0224359361838015,1.05738548,400.243070991548,400.2387308155774
2024-02-11 16:02:33,0.207836263,0.0224344576917445,1.0573158,400.2715812575041,400.2672278812964
2024-02-11 16:02:37,0.207827515,0.0224342465695292,1.05730585,400.259578850805,400.2552122756774
2024-02-11 16:02:41,0.207819672,0.0224340031954779,1.05729438,400.2497058057488,400.2453260330186
2024-02-11 16:02:45,0.207829928,0.0224346433519842,1.05732455,400.25737144817646,400.25297847916073
2024-02-11 16:02:50,0.207827817,0.0224338111697443,1.05728533,400.26729155645023,400.26288209392953
2024-02-11 16:02:54,0.207834453,0.0224342783969988,1.05730735,400.27138697427273,400.2669643184294
2024-02-11 16:02:58,0.207833548,0.0224338048042504,1.05728503,400.27756087804744,400.27312503019823
2024-02-11 16:03:02,0.207836867,0.0224343233798226,1.05730947,400.27494661557785,400.2704975770392
2024-02-11 16:03:06,0.207833548,0.0224335102940646,1.05727115,400.28241414227625,400.27795191436456
2024-02-11 16:03:10,0.207841391,0.0224340225041428,1.05729529,400.28790730938243,400.28343189341393
2024-02-11 16:03:15,0.207849838,0.022433452792436,1.05726844,400.312205138012,400.30771323882334
2024-02-11 16:03:19,0.207848631,0.0224345985813435,1.05732244,400.291303240958,400.2867981566736
2024-02-11 16:03:23,0.207857983,0.0224344833659034,1.05731701,400.3097487523772,400.305230484313
2024-02-11 16:03:27,0.207854061,0.0224343040711577,1.05730856,400.30576241746854,400.3012309669402
2024-02-11 16:03:31,0.207851648,0.0224339520593433,1.05729197,400.30727648101214,400.3027318493352
2024-02-11 16:03:35,0.207856474,0.0224343104366516,1.05730886,400.3099531876965,400.3053953761864
2024-02-11 16:03:40,0.207867636,0.0224346113123314,1.05732304,400.324784194025,400.3202099095731
2024-02-11 16:03:44,0.207868541,0.022434124776412,1.05730011,400.3343733600522,400.3297858987264
2024-02-11 16:03:48,0.207863714,0.0224343808814511,1.05731218,400.32164934278234,400.31704870589766
2024-02-11 16:03:52,0.207851648,0.0224327230946485,1.05723405,400.32749034194313,400.3228765308144
2024-02-11 16:03:56,0.207849838,0.0224326142447023,1.05722892,400.3260856037555,400.3214586196975
2024-02-11 16:04:00,0.207852855,0.022433056009981,1.05724974,400.32419483286554,400.3195546771929
2024-02-11 16:04:05,0.207864619,0.0224330112393404,1.05724763,400.3457576096323,400.34110099128986
2024-02-11 16:04:09,0.207859189,0.0224326846895018,1.05723224,400.3415173235882,400.3368475365885
2024-02-11 16:04:13,0.207860094,0.0224325119724331,1.0572241,400.34596301480275,400.34128006046
2024-02-11 16:04:17,0.207868239,0.0224340161386489,1.05729499,400.3357285296407,400.3310324092689
2024-02-11 16:04:21,0.207869747,0.0224329471600348,1.05724461,400.35593304031994,400.3512237552331
2024-02-11 16:04:26,0.207867636,0.0224330944151278,1.05725155,400.34980077117854,400.3450750320454
2024-02-11 16:04:30,0.207875177,0.022433849574891,1.05728714,400.3507756184919,400.34603671759953
2024-02-11 16:04:34,0.207873971,0.0224329535255288,1.05724491,400.36334449690185,400.35859243556376
2024-02-11 16:04:38,0.207879099,0.0224335296027295,1.05727206,400.36298579385885,400.3582205733884
2024-02-11 16:04:42,0.207882115,0.0224331648599273,1.05725487,400.37431431733825,400.3695359390487
2024-02-11 16:04:47,0.207879401,0.0224330303358222,1.05724853,400.3717346683834,400.3669398446665
2024-02-11 16:04:51,0.207878194,0.022433203265074,1.05725668,400.3667773948037,400.361969416222
2024-02-11 16:04:55,0.207889657,0.0224331582822502,1.05725456,400.38780797467086,400.3829868425372
2024-02-11 16:04:59,0.207889355,0.0224335616423823,1.05727357,400.38067387483864,400.37583959046566
2024-02-11 16:05:03,0.207888149,0.0224322622328879,1.05721233,400.39985758716705,400.3950101518673
2024-02-11 16:05:07,0.207885434,0.02243345915793,1.05726874,400.37544353802775,400.3705829531137
2024-02-11 16:05:12,0.20789388,0.0224342145298764,1.05730434,400.37801833720476,400.37314131711815
2024-02-11 16:05:16,0.207890562,0.0224339136541966,1.05729016,400.3770941419562,400.37220397520775
2024-02-11 16:05:20,0.207894484,0.0224327167291545,1.05723375,400.4036695056653,400.3987661935669
2024-02-11 16:05:24,0.207894785,0.0224326142447023,1.05722892,400.40589553782377,400.4009790816874
2024-02-11 16:05:28,0.20789569,0.0224330430668101,1.05724913,400.40047885535586,400.3955492564932
2024-02-11 16:05:32,0.2078975,0.0224319422607263,1.05719725,400.4217438455805,400.4168011053032
2024-02-11 16:05:37,0.207898405,0.0224322942725407,1.05721384,400.41758940003285,400.41263023483145
2024-02-11 16:05:41,0.20790655,0.0224326399188611,1.05723013,400.42634537020285,400.4213730665374
2024-02-11 16:05:46,0.207908661,0.0224325374344088,1.0572253,400.4317771166413,400.4267883917396
2024-02-11 16:05:50,0.207904137,0.0224318397762741,1.05719242,400.43522624225574,400.43022438183993
2024-02-11 16:05:54,0.207905645,0.0224326335533672,1.05722983,400.42489128757444,400.41987629295545
2024-02-11 16:05:58,0.20790474,0.0224330496444871,1.05724944,400.4164806997992,400.4114525722877
2024-02-11 16:06:02,0.207908963,0.0224314429938191,1.05717372,400.45031102969995,400.4452697706066
2024-02-11 16:06:07,0.207914996,0.0224321917880884,1.05720901,400.4487221836669,400.4436645119392
2024-02-11 16:06:11,0.207909566,0.0224321726916066,1.05720811,400.43944136886364,400.43437056850246
2024-02-11 16:06:15,0.207927666,0.0224332928063553,1.0572609,400.45310963757254,400.44802570988816
2024-02-11 16:06:19,0.207924649,0.0224327294601424,1.05723435,400.4570230123007,400.4519259586031
2024-02-11 16:06:23,0.207928571,0.0224328192136068,1.05723858,400.4625032192829,400.4573930408821
2024-02-11 16:06:27,0.207926761,0.0224330944151278,1.05725155,400.4548011358237,400.4496778340295
2024-02-11 16:06:32,0.207921633,0.0224325119724331,1.0572241,400.45529614679725,400.450156442603
2024-02-11 16:06:36,0.207920728,0.0224322749638758,1.05721293,400.45759477092065,400.4524419462795
2024-02-11 16:06:40,0.207931588,0.0224335680078762,1.05727387,400.45561758650587,400.4504516427273
2024-02-11 16:06:44,0.207941844,0.0224333119028371,1.0572618,400.4779751891478,400.47279612754096
2024-02-11 16:06:48,0.207938224,0.0224334016563015,1.05726603,400.4701119810206,400.46491980289466
2024-02-11 16:06:53,0.207944257,0.0224338432093971,1.05728684,400.47356085014235,400.4683522782083
2024-02-11 16:06:57,0.207951195,0.0224332864408613,1.0572606,400.4949790892627,400.48975740375454
2024-02-11 16:07:01,0.207942749,0.0224335616423823,1.05727357,400.47553653763526,400.4703017398617
2024-02-11 16:07:05,0.207945464,0.0224330814719568,1.05725094,400.48822749642875,400.4829795876984
2024-02-11 16:07:09,0.207948179,0.0224333696166487,1.05726452,400.48831848014567,400.4830574617669
2024-02-11 16:07:14,0.207947877,0.0224324158534748,1.05721957,400.50344257829727,400.4981651746978
2024-02-11 16:07:18,0.207944257,0.0224326078792083,1.05722862,400.49390162677236,400.488611116468
2024-02-11 16:07:22,0.207942146,0.0224322047312594,1.05720962,400.496791707678,400.4914880919768
2024-02-11 16:07:26,0.207954514,0.0224334334837711,1.05726753,400.4985345484268,400.49321782863655
2024-02-11 16:07:30,0.207944861,0.0224314686679779,1.05717493,400.51369420925715,400.5083643866856
2024-02-11 16:07:34,0.207945766,0.0224310780388337,1.05715652,400.5217159348269,400.5163730107817
2024-02-11 16:07:39,0.207953307,0.0224319229520614,1.05719634,400.52121618235816,400.5158568833096
2024-02-11 16:07:43,0.207947274,0.0224316093453938,1.05718156,400.51569878654135,400.5103263889608
2024-02-11 16:07:47,0.207946369,0.0224314236851541,1.05717281,400.51715589501254,400.5117704002071
2024-02-11 16:07:51,0.20795934,0.0224327167291545,1.05723375,400.51891006932146,400.51351147859833
2024-02-11 16:07:55,0.207958435,0.0224318845469147,1.05719453,400.53097157745975,400.5255598921258
2024-02-11 16:07:59,0.207953005,0.0224318013711273,1.05719061,400.52274154435366,400.5173167657157
2024-02-11 16:08:04,0.207955419,0.0224323390431813,1.05721595,400.5182100260989,400.5127688826684
2024-02-11 16:08:08,0.207964167,0.0224321533829417,1.0572072,400.5367461452595,400.5312919114648
2024-02-11 16:08:12,0.207962659,0.0224326974204896,1.05723284,400.52516765655895,400.51970033370645
2024-02-11 16:08:16,0.207958737,0.0224314941299536,1.05717613,400.537978678548,400.5324982679439
2024-02-11 16:08:20,0.207970502,0.022431846141768,1.05719272,400.5530337658954,400.54754026884586
2024-02-11 16:08:24,0.207962659,0.0224315454782713,1.05717855,400.5441019459445,400.53859536375546
2024-02-11 16:08:29,0.207968993,0.0224317309263278,1.05718729,400.5522832613979,400.5467603246209
2024-02-11 16:08:33,0.207963262,0.0224313918576845,1.05717131,400.54771825436745,400.54218223538896
2024-02-11 16:08:38,0.207967787,0.0224316477505405,1.05718337,400.55154327816433,400.5459909082699
2024-02-11 16:08:42,0.207967183,0.0224310653078458,1.05715592,400.56004224654714,400.5544767973886
2024-02-11 16:08:46,0.207965373,0.0224309564578996,1.05715079,400.5586383634699,400.5530598363525
2024-02-11 16:08:50,0.20796658,0.0224305212702979,1.05713028,400.5679264801262,400.56233487635495
2024-02-11 16:08:54,0.207975328,0.0224327742307831,1.05723646,400.546459811201,400.54085513208105
2024-02-11 16:08:59,0.20798287,0.0224328576187535,1.05724039,400.5584520247044,400.5528310032335
2024-02-11 16:09:03,0.207994936,0.0224323517741692,1.05721655,400.58811125533833,400.5824771614545
2024-02-11 16:09:07,0.207978646,0.0224319038555796,1.05719544,400.5666501509418,400.5610029859496
2024-02-11 16:09:12,0.207987395,0.0224316670592054,1.05718428,400.58603113867593,400.5803676366326
2024-02-11 16:09:16,0.207984076,0.0224317693314746,1.0571891,400.57849392188893,400.5728173516721
2024-02-11 16:09:20,0.207982266,0.022431321412885,1.05716799,400.58265271345783,400.5769630763716
2024-02-11 16:09:24,0.207989205,0.0224311868887799,1.05716165,400.59715056061043,400.5914478579589
2024-02-11 16:09:28,0.207983775,0.02243171819534,1.05718669,400.5788394404987,400.57312367358577
2024-02-11 16:09:33,0.207996143,0.022432255867394,1.05721203,400.59191818147934,400.586186086073
2024-02-11 16:09:37,0.20798468,0.0224319165865675,1.05719604,400.57721546478024,400.5714703080458
2024-02-11 16:09:41,0.207994634,0.0224309821320585,1.057152,400.6101715846176,400.60441336785846
2024-02-11 16:09:45,0.208001573,0.0224308348769656,1.05714506,400.6248788398993,400.61910756441887
2024-02-11 16:09:50,0.208002779,0.0224322047312594,1.05720962,400.60455374815393,400.5987661511045
2024-02-11 16:09:54,0.207995238,0.0224312125629388,1.05716286,400.60750204098053,400.60170138814186
2024-02-11 16:09:58,0.207998254,0.0224312766422443,1.05716588,400.61180026933147,400.6059865620065
2024-02-11 16:10:03,0.207995841,0.0224307005650436,1.05713873,400.61699891838475,400.6111688947839
2024-02-11 16:10:07,0.207994333,0.0224313150473911,1.05716769,400.6042617196173,400.5984186444612
2024-02-11 16:10:11,0.207999159,0.022430911687259,1.05714868,400.61943198098623,400.61357585557744
2024-02-11 16:10:15,0.207999159,0.0224316413850466,1.05718307,400.6074727377471,400.601603563388
2024-02-11 16:10:19,0.208008209,0.0224308989562711,1.05714808,400.63568032835144,400.6297981063442
2024-02-11 16:10:23,0.208001573,0.0224311164439804,1.05715833,400.62038293096134,400.6144876626081
2024-02-11 16:10:28,0.208011829,0.022431321412885,1.05716799,400.6351831743499,400.6292715998951
2024-02-11 16:10:32,0.208001573,0.0224298876914687,1.05710042,400.6405742858808,400.6346496680093
2024-02-11 16:10:36,0.208013337,0.0224311484836332,1.05715984,400.64071500130376,400.6347773413172
2024-02-11 16:10:40,0.208013337,0.0224317375040049,1.0571876,400.63106335608825,400.62511265528826
2024-02-11 16:10:44,0.208002176,0.0224296315864296,1.05708835,400.645883018264,400.639919277952
2024-02-11 16:10:49,0.208004589,0.0224299388276033,1.05710283,400.64512743058293,400.6391473927108
2024-02-11 16:10:53,0.208008812,0.0224306492167259,1.05713631,400.6409560471703,400.6349629727139
2024-02-11 16:10:57,0.208015449,0.0224302397032831,1.05711701,400.65943296072544,400.6534268509858
2024-02-11 16:11:01,0.208022387,0.0224310653078458,1.05715592,400.65817454616683,400.6521554024448
2024-02-11 16:11:05,0.208021784,0.0224311421181393,1.05715954,400.6558602002108,400.6498280238071
2024-02-11 16:11:09,0.20802299,0.0224313918576845,1.05717131,400.65390914626187,400.64786393847714
2024-02-11 16:11:14,0.208016656,0.0224299645017621,1.05710404,400.66614031576984,400.6600788205876
2024-02-11 16:11:18,0.208012432,0.0224296763570702,1.05709046,400.6634074843135,400.6573329606762
2024-02-11 16:11:22,0.208013941,0.0224301756239775,1.05711399,400.65789753986127,400.6518099890691
2024-02-11 16:11:26,0.208014544,0.0224304060548578,1.05712485,400.6551962144949,400.64909563784784
2024-02-11 16:11:31,0.208036867,0.0224316477505405,1.05718337,400.67433569459774,400.6682188374602
2024-02-11 16:11:35,0.208044107,0.0224316093453938,1.05718156,400.68778934894704,400.6816594688793
2024-02-11 16:11:39,0.208025705,0.0224302908394176,1.05711942,400.67687857096786,400.6707356692696
2024-02-11 16:11:43,0.208025404,0.0224298108811753,1.0570968,400.68423567086126,400.678079748832
2024-02-11 16:11:47,0.208024197,0.0224298940569626,1.05710072,400.6807478284532,400.67457888739233
2024-02-11 16:11:51,0.208028722,0.0224299260966154,1.05710223,400.6882421401916,400.6820601813984
2024-02-11 16:11:56,0.208030532,0.0224293500194147,1.05707508,400.70091596182255,400.6947177326908
2024-02-11 16:12:00,0.20803204,0.0224299324621094,1.05710253,400.6940382441625,400.68782700022126
2024-02-11 16:12:05,0.208028119,0.0224300988136841,1.05711037,400.68438612375866,400.678158613132
2024-02-11 16:12:09,0.208038978,0.0224297340708818,1.05709318,400.70960064339283,400.7033601208788
2024-02-11 16:12:13,0.208037772,0.0224302651652588,1.05711821,400.69876309158485,400.6925095584821
2024-02-11 16:12:17,0.208038073,0.0224296699915763,1.05709016,400.70907693885005,400.7028103964569
2024-02-11 16:12:22,0.20803566,0.0224291130108574,1.05706391,400.71396504890197,400.7076822467216
2024-02-11 16:12:26,0.208043805,0.0224297852070164,1.05709559,400.71735827950573,400.711062470956
2024-02-11 16:12:30,0.208048028,0.0224303996893638,1.05712455,400.7147585544847,400.7084497408636
2024-02-11 16:12:34,0.208043202,0.022429836343151,1.057098,400.7154779427379,400.7091561253432
2024-02-11 16:12:38,0.208053156,0.0224310462113641,1.05715502,400.71324749412406,400.7069126742536
2024-02-11 16:12:42,0.208051045,0.0224305212702979,1.05713028,400.718140679011,400.7117928579624
2024-02-11 16:12:47,0.208050743,0.0224301308533368,1.05711188,400.7240304432447,400.7176663725479
2024-02-11 16:12:51,0.208058586,0.0224300667740313,1.05710886,400.7389736386034,400.7325965696475
2024-02-11 16:12:56,0.208049536,0.0224300476775495,1.05710796,400.7232890505536,400.7168957355981
2024-02-11 16:13:00,0.208049838,0.0224290107385882,1.05705909,400.7408568304491,400.734450520153
2024-02-11 16:13:04,0.208048933,0.0224295036400016,1.05708232,400.7311776444006,400.7247583400608
2024-02-11 16:13:08,0.208054966,0.0224290043730943,1.05705879,400.75006189858146,400.7436296014948
2024-02-11 16:13:12,0.208048631,0.0224286778232556,1.0570434,400.7442246788317,400.7377793902947
2024-02-11 16:13:17,0.208060698,0.0224298683828038,1.05709951,400.7460517979898,400.7395902719632
2024-02-11 16:13:21,0.208059491,0.0224288571180014,1.05705185,400.76052896569513,400.7540544511352
2024-02-11 16:13:25,0.208057983,0.0224295995467768,1.05708684,400.74568623499715,400.73919873320006
2024-02-11 16:13:29,0.208061301,0.0224300029069088,1.05710585,400.74494966801456,400.73844918027646
2024-02-11 16:13:33,0.208062809,0.022429567507124,1.05708533,400.75477807889604,400.74826460651286
2024-02-11 16:13:37,0.208058888,0.0224292348039746,1.05706965,400.7533138821819,400.74678742644943
2024-02-11 16:13:42,0.208058586,0.0224282810408006,1.0570247,400.76845267408174,400.7619099909848
2024-02-11 16:13:46,0.208065524,0.0224300797172023,1.05710947,400.75121679436927,400.7446611308382
2024-02-11 16:13:50,0.208070351,0.0224288187128546,1.05705004,400.7804719326398,400.77390328997
2024-02-11 16:13:55,0.208062206,0.0224288955231481,1.05705366,400.764813437721,400.7582285729493
2024-02-11 16:13:59,0.208072161,0.0224296956657351,1.05709137,400.76930779757924,400.762709956583
2024-02-11 16:14:03,0.208067334,0.022429311614268,1.05707327,400.76708346659836,400.7604726506726
2024-02-11 16:14:07,0.208071256,0.0224295995467768,1.05708684,400.7693101411942,400.76268635163376
2024-02-11 16:14:11,0.208070954,0.0224291963988279,1.05706784,400.7754068091115,400.7687700472111
2024-02-11 16:14:16,0.208074876,0.0224299067879505,1.05710132,400.77070159842094,400.7640486229161
2024-02-11 16:14:20,0.208068843,0.0224285819164804,1.05703888,400.7817880769981,400.775122132066
2024-02-11 16:14:24,0.208079702,0.0224288443870135,1.05705125,400.7967086756198,400.7900297625547
2024-02-11 16:14:28,0.208072161,0.0224297147622169,1.05709227,400.76908835380056,400.7623964738966
2024-02-11 16:14:32,0.208076686,0.022429580450295,1.05708594,400.779313545263,400.7726086998143
2024-02-11 16:14:36,0.208081512,0.0224287419025612,1.05704642,400.8016332014397,400.7949153917402
2024-02-11 16:14:41,0.208082116,0.0224301308533368,1.05711188,400.7799159979152,400.77318198472153
2024-02-11 16:14:45,0.208073066,0.0224285305681627,1.05703646,400.79018542018827,400.7834384456546
2024-02-11 16:14:50,0.208080004,0.0224286010129622,1.05703978,400.8013230334223,400.7945598590326
2024-02-11 16:14:54,0.208075178,0.0224286650922678,1.0570428,400.79174356212434,400.78496742930486
2024-02-11 16:14:58,0.208076987,0.0224284537578693,1.05703284,400.7984274782002,400.7916383882441
2024-02-11 16:15:03,0.208078194,0.0224290555092289,1.0570612,400.790700361451,400.7838950768925
2024-02-11 16:15:07,0.208087847,0.0224293884245614,1.05707689,400.8023298541754,400.7955116153896
2024-02-11 16:15:11,0.208089356,0.0224296059122707,1.05708714,400.80144255772205,400.7946113660017
2024-02-11 16:15:15,0.208090864,0.0224291770901629,1.05706693,400.8111643448349,400.8043202014726
2024-02-11 16:15:19,0.208087244,0.0224291834556569,1.05706723,400.804666722191,400.79780962847934
2024-02-11 16:15:24,0.208081211,0.0224275256688542,1.0569891,400.8212251755161,400.8143518956852
2024-02-11 16:15:28,0.208088752,0.0224285498768276,1.05703737,400.81776681369917,400.8108805864266
2024-02-11 16:15:32,0.208094182,0.0224290234695761,1.05705969,400.8196132525613,400.8127140791392
2024-02-11 16:15:36,0.208101724,0.0224296059122707,1.05708714,400.8234098860406,400.816497767761
2024-02-11 16:15:40,0.208093579,0.022428633052615,1.05704129,400.82498224509726,400.818057183252
2024-02-11 16:15:45,0.208098707,0.0224275897481598,1.05699212,400.8512047325387,400.8442634930528
2024-02-11 16:15:49,0.208091467,0.022427954490962,1.05700931,400.83241542785447,400.8254612477091
2024-02-11 16:15:53,0.208086641,0.0224268152797316,1.05695562,400.8425939698521,400.83562685033866
2024-02-11 16:15:57,0.208080607,0.0224267575659199,1.0569529,400.83287550133275,400.8258954437426
2024-02-11 16:16:01,0.208094182,0.0224290682402167,1.0570618,400.81897200262756,400.8119790082518
2024-02-11 16:16:06,0.208106248,0.0224283067149595,1.05702591,400.8528450147421,400.8458358511999
2024-02-11 16:16:10,0.20810112,0.0224279160858153,1.0570075,400.85019722590494,400.84317512848185
2024-02-11 16:16:14,0.208105645,0.0224284473923754,1.05703254,400.8494937584829,400.8424587284697
2024-02-11 16:16:18,0.208102327,0.0224278713151747,1.05700539,400.853094337147,400.8460463758343
2024-02-11 16:16:22,0.20810293,0.0224277240600817,1.05699845,400.8565925125698,400.8495316212481
2024-02-11 16:16:26,0.208106852,0.0224276792894411,1.05699634,400.8642816817801,400.85720786173977
2024-02-11 16:16:31,0.208109567,0.0224283705820819,1.05702892,400.8577507385716,400.8506607594474
2024-02-11 16:16:35,0.20811198,0.0224285114716809,1.05703556,400.85972043998936,400.85261753504943
2024-02-11 16:16:39,0.2081156,0.0224280506099204,1.05701384,400.87370777323736,400.8665919437716
2024-02-11 16:16:43,0.20811198,0.0224277049635999,1.05699755,400.872990383557,400.8658616308553
2024-02-11 16:16:48,0.20811198,0.0224277945048812,1.05700177,400.8715360840392,400.8643911791061
2024-02-11 16:16:52,0.208121331,0.0224278969893335,1.0570066,400.8864149961809,400.8792571709135
2024-02-11 16:16:56,0.208106852,0.022427301815651,1.05697855,400.8705774915123,400.8634067472
2024-02-11 16:17:00,0.208104137,0.0224266423504798,1.05694747,400.87661551137757,400.8694318493096
2024-02-11 16:17:05,0.208105947,0.022427160926052,1.05697191,400.87131861999336,400.86411881254367
2024-02-11 16:17:09,0.208111678,0.0224275129378664,1.0569885,400.8756933744219,400.868480652117
2024-02-11 16:17:13,0.20811017,0.0224283514856001,1.05702802,400.85926711891307,400.8520414830418
2024-02-11 16:17:17,0.208120426,0.0224284987406931,1.05703496,400.87501209102703,400.86777354287807
2024-02-11 16:17:21,0.208117108,0.0224269368606657,1.05696135,400.8948030943048,400.8875516351668
2024-02-11 16:17:25,0.208125555,0.0224284987406931,1.05703496,400.8841147435469,400.8768503747083
2024-02-11 16:17:30,0.208128571,0.0224281785563484,1.05701987,400.8947265455007,400.88744604134814
2024-02-11 16:17:34,0.208121633,0.0224279928961087,1.05701112,400.8855100161247,400.87821660517017
2024-02-11 16:17:39,0.208122236,0.0224277240600817,1.05699845,400.8910083202342,400.8836987775885
2024-02-11 16:17:43,0.208129778,0.0224280378789325,1.05701324,400.8992148916531,400.8918924451034
2024-02-11 16:17:47,0.208123745,0.0224268600503722,1.05695773,400.9078949089685,400.9005595598025
2024-02-11 16:17:51,0.208128873,0.0224270520761058,1.05696678,400.9138296569286,400.906481406434
2024-02-11 16:17:55,0.208126158,0.0224275897481598,1.05699212,400.90020680840945,400.89284565787375
2024-02-11 16:17:59,0.208133096,0.0224268409538904,1.05695683,400.92479718117687,400.9174231318874
2024-02-11 16:18:04,0.208126761,0.0224274745327197,1.05698669,400.90319525118133,400.8958050802599
2024-02-11 16:18:08,0.208131889,0.0224274104534141,1.05698367,400.9133361245752,400.9059330577962
2024-02-11 16:18:12,0.208134604,0.0224270264019469,1.05696557,400.9244620156466,400.917046054297
2024-02-11 16:18:16,0.208129175,0.0224275961136537,1.05699242,400.9055093930634,400.89808053843
2024-02-11 16:18:20,0.208133398,0.0224274872637075,1.05698729,400.9147838904869,400.9073421438564
2024-02-11 16:18:24,0.208132794,0.0224275770171719,1.05699152,400.9122536924522,400.90479905511125
2024-02-11 16:18:29,0.208131588,0.0224273081811449,1.05697885,400.9145508473778,400.90708009845775
2024-02-11 16:18:33,0.208134906,0.0224267832400788,1.05695411,400.92905818004823,400.921574543312
2024-02-11 16:18:38,0.208131286,0.0224259640010099,1.0569155,400.9361240113596,400.9286242666618
2024-02-11 16:18:42,0.208137018,0.02242728887248,1.05697794,400.924519987438,400.91700735781774
2024-02-11 16:18:46,0.208145464,0.0224275833826659,1.05699182,400.9346433530204,400.9271178397635
2024-02-11 16:18:50,0.208152704,0.0224277754083994,1.05700087,400.94431544358343,400.9367770479757
2024-02-11 16:18:54,0.208147877,0.0224279417599741,1.05700871,400.9330532803,400.925502003627
2024-02-11 16:18:58,0.208160245,0.0224284089872286,1.05703073,400.9472802697812,400.9397161133284
2024-02-11 16:19:03,0.208156022,0.0224270264019469,1.05696557,400.9625328174262,400.95495256305634
2024-02-11 16:19:07,0.208149084,0.022428223326989,1.05702198,400.93060660534564,400.92301347408784
2024-02-11 16:19:12,0.208153609,0.0224276408842944,1.05699453,400.9481975600863,400.9405883345258
2024-02-11 16:19:16,0.208154514,0.0224285819164804,1.05703888,400.93435560510653,400.92673350554935
2024-02-11 16:19:21,0.208153006,0.0224277049635999,1.05699755,400.9461068010207,400.9384686107744
2024-02-11 16:19:25,0.208161754,0.0224287419025612,1.05704642,400.94456958892243,400.9369185275701
2024-02-11 16:19:29,0.208162055,0.0224278329100279,1.05700358,400.9600457087922,400.9523817776183
2024-02-11 16:19:33,0.208155721,0.0224268600503722,1.05695773,400.9648292937087,400.9571524939976
2024-02-11 16:19:38,0.208151196,0.0224273465862916,1.05698066,400.9488447538064,400.9411518702297
2024-02-11 16:19:42,0.208150894,0.0224270777502646,1.05696799,400.95273905486135,400.94503330563685
2024-02-11 16:19:46,0.208152101,0.0224268089142377,1.05695532,400.95930417949285,400.95158556590445
2024-02-11 16:19:50,0.208165675,0.0224276281533065,1.05699393,400.96988337621536,400.9621518995469
2024-02-11 16:19:55,0.208165072,0.0224277881393873,1.05700147,400.96620422610425,400.95845667239087
2024-02-11 16:19:59,0.20816839,0.0224272377363454,1.05697553,400.98113084237696,400.9733704284716
2024-02-11 16:20:03,0.208166882,0.0224272184276805,1.05697462,400.9787919723512,400.9710186995373
2024-02-11 16:20:07,0.208180457,0.0224283130804534,1.05702621,400.9848477675201,400.9770616370809
2024-02-11 16:20:12,0.208175027,0.0224280442444264,1.05701354,400.97967015163044,400.9718679509641
2024-02-11 16:20:16,0.208168089,0.0224275961136537,1.05699242,400.9747655941445,400.9669505387398
2024-02-11 16:20:20,0.208174122,0.0224282105960011,1.05702138,400.97536159926034,400.96753369040016
2024-02-11 16:20:25,0.208179552,0.0224281530943726,1.05701867,400.98593207182347,400.97808809794776
2024-02-11 16:20:29,0.208181663,0.0224290491437349,1.0570609,400.97496183937227,400.96710501492703
2024-02-11 16:20:33,0.208172614,0.0224273913569323,1.05698277,400.98619226642853,400.9783225926962
2024-02-11 16:20:37,0.208183775,0.0224276281533065,1.05699393,401.0020680003027,400.9941854785656
2024-02-11 16:20:41,0.208174122,0.0224262455680248,1.05692877,401.0077106190761,400.9998152506164
2024-02-11 16:20:45,0.208173518,0.0224266359849859,1.05694717,401.0002402152067,400.9923320013065
2024-02-11 16:20:49,0.208173217,0.0224270520761058,1.05696678,400.9928845563137,400.9849634982549
2024-02-11 16:20:54,0.208176535,0.0224267575659199,1.0569529,401.0036114143978,400.99567430294337
2024-02-11 16:20:58,0.20818287,0.022428223326989,1.05702198,400.9907564121187,400.9828064593895
2024-02-11 16:21:02,0.208191618,0.0224281465166956,1.05701836,401.00751298887707,400.9995501961547
2024-02-11 16:21:06,0.208175328,0.0224271161554114,1.0569698,400.99562257959514,400.987646948161
2024-02-11 16:21:10,0.208181362,0.0224268664158662,1.05695803,401.01041768478393,401.0024292159192
2024-02-11 16:21:15,0.208177138,0.0224266359849859,1.05694717,401.00674351439864,400.99873900054735
2024-02-11 16:21:19,0.208180758,0.0224263735144528,1.0569348,401.0174757323621,401.0094583839626
2024-02-11 16:21:23,0.20817925,0.0224272634105043,1.05697674,401.00019930645897,400.9921691247922
2024-02-11 16:21:27,0.208200065,0.0224276024791477,1.05699272,401.0314807551612,401.0234377415079
2024-02-11 16:21:31,0.20819373,0.0224273913569323,1.05698277,401.0237503130866,401.0156944687273
2024-02-11 16:21:35,0.208195238,0.0224271929657048,1.05697342,401.02969159445195,401.0216229206671
2024-02-11 16:21:40,0.208196746,0.0224275256688542,1.0569891,401.02691033802205,401.0188256292557
2024-02-11 16:21:44,0.208195841,0.0224271097899174,1.0569695,401.032154263513,401.0240567282017
2024-02-11 16:21:49,0.208192523,0.0224270648070937,1.05696738,401.02703693068634,401.01892336399385
2024-02-11 16:21:53,0.208198255,0.022426764143597,1.05695321,401.04213473535185,401.03400834499433
2024-02-11 16:21:57,0.208198556,0.0224275129378664,1.0569885,401.03037741199773,401.0222381992549
2024-02-11 16:22:01,0.208198556,0.022426354417971,1.0569339,401.0494253639856,401.0412733301372
2024-02-11 16:22:05,0.208191316,0.0224267064297854,1.05695049,401.0308401417913,401.0226752881167
2024-02-11 16:22:10,0.20819916,0.0224262903386654,1.05693088,401.05157616307594,401.04339528641776
2024-02-11 16:22:14,0.208201573,0.0224266489281569,1.05694778,401.0499676747702,401.0417739811643
2024-02-11 16:22:18,0.208211528,0.0224270584415997,1.05696708,401.06087092273134,401.0526644134568
2024-02-11 16:22:22,0.20819916,0.0224266680246387,1.05694868,401.0454087484345,401.0371894247703
2024-02-11 16:22:26,0.208198556,0.0224268152797316,1.05695562,401.04193301445366,401.0337008776786
2024-02-11 16:22:30,0.208200668,0.0224269945744773,1.05696407,401.0427378883552,401.034492939748
2024-02-11 16:22:35,0.208203081,0.0224263032818364,1.05693149,401.0583834792537,401.0501225176543
2024-02-11 16:22:39,0.208200668,0.022426354417971,1.0569339,401.05328519012545,401.0450114195706
2024-02-11 16:22:43,0.208209114,0.0224264887298929,1.05694023,401.0660398581673,401.0577532799352
2024-02-11 16:22:47,0.208199763,0.0224264503247462,1.05693842,401.0501331328756,401.04183374824447
2024-02-11 16:22:51,0.208206399,0.0224264759989051,1.05693963,401.06146929094075,401.0531571011886
2024-02-11 16:22:56,0.208204288,0.0224265975798392,1.05694536,401.05575119707015,401.04742300271374
2024-02-11 16:23:00,0.208212131,0.0224254967737554,1.05689348,401.0877351551679,401.0793941585656
2024-02-11 16:23:04,0.208214544,0.0224267705090909,1.05695351,401.071087510057,401.0627337124864
2024-02-11 16:23:08,0.208212131,0.0224253238445037,1.05688533,401.0906026792339,401.08223608197255
2024-02-11 16:23:13,0.208210321,0.0224258424200759,1.05690977,401.07889284998544,401.0705102549069
2024-02-11 16:23:17,0.208218164,0.0224257335701297,1.05690464,401.0945764835908,401.0861810916954
2024-02-11 16:23:21,0.208213338,0.0224261303525847,1.05692334,401.07952681706223,401.071118629627
2024-02-11 16:23:25,0.208211528,0.0224263160128243,1.05693209,401.073285062494,401.0648640807959
2024-02-11 16:23:30,0.208207304,0.0224260215026384,1.05691821,401.07066433702164,401.06222736429055
2024-02-11 16:23:34,0.208220276,0.0224259830974917,1.0569164,401.09426834992496,401.0858185858037
2024-02-11 16:23:38,0.208210623,0.0224257910717582,1.05690735,401.0803511677741,401.0718886135392
2024-02-11 16:23:42,0.208214544,0.0224257015304769,1.05690313,401.088775585312,401.0803002422399
2024-02-11 16:23:47,0.208219371,0.0224252279377284,1.05688081,401.10511861442103,401.09662728709714
2024-02-11 16:23:51,0.208222086,0.0224255158702372,1.05689438,401.1052049127981,401.0967007995085
2024-02-11 16:23:56,0.208211528,0.022426226471543,1.05692787,401.07485558103815,401.06633548708567
2024-02-11 16:24:00,0.208218466,0.0224255735840489,1.0568971,401.0978777451842,401.0893448681367
2024-02-11 16:24:04,0.208222991,0.0224272056966927,1.05697402,401.0790785769568,401.0705329180901
2024-02-11 16:24:08,0.208227214,0.0224260024061567,1.05691731,401.1063397876378,401.0977813482275
2024-02-11 16:24:13,0.20823204,0.0224269879968002,1.05696376,401.0987004530489,401.0901260397526
2024-02-11 16:24:17,0.208230532,0.0224273720482674,1.05698186,401.0897331551642,401.08114596419387
2024-02-11 16:24:21,0.208231135,0.0224262648766897,1.05692968,401.1090078240029,401.1004078566337
2024-02-11 16:24:25,0.208232644,0.0224275833826659,1.05699182,401.09002388649424,401.0814111440012
2024-02-11 16:24:29,0.208227516,0.0224261687577314,1.05692515,401.1042075335561,401.09558201721416
2024-02-11 16:24:33,0.208232644,0.0224263287438122,1.05693269,401.1106674061039,401.10202911718784
2024-02-11 16:24:38,0.208229929,0.0224260664854622,1.05692033,401.1101879822931,401.10153372945183
2024-02-11 16:24:42,0.208236264,0.0224264569024233,1.05693873,401.11499717180095,401.1063301492533
2024-02-11 16:24:46,0.208232945,0.0224254647341027,1.05689197,401.12544176492923,401.1167619739497
2024-02-11 16:24:50,0.208248933,0.0224275256688542,1.0569891,401.1198813361341,401.11118877799686
2024-02-11 16:24:55,0.20823747,0.0224268280107194,1.05695622,401.11107429655027,401.1023657812576
2024-02-11 16:24:59,0.20824109,0.0224270648070937,1.05696738,401.1136026288164,401.10488134923264
2024-02-11 16:25:03,0.20823385,0.022426354417971,1.0569339,401.1124757949194,401.1037417523184
2024-02-11 16:25:07,0.208247123,0.0224266616591447,1.05694838,401.13093166479496,401.1221848604504
2024-02-11 16:25:11,0.208238375,0.0224258744597287,1.05691128,401.1283986206295,401.11963905581496
2024-02-11 16:25:15,0.208238375,0.0224261814887192,1.05692575,401.1233652511299,401.1145929271188
2024-02-11 16:25:19,0.208245917,0.0224274040879202,1.05698337,401.11663397147674,401.1078488895424
2024-02-11 16:25:24,0.208247123,0.0224262648766897,1.05692968,401.13750716702447,401.1287061394766
2024-02-11 16:25:28,0.208243805,0.022427032979624,1.05696588,401.11902349100467,401.1102097083981
2024-02-11 16:25:32,0.208248933,0.0224273786259444,1.05698217,401.12243183156636,401.113605295174
2024-02-11 16:25:36,0.20825014,0.0224264696334112,1.05693933,401.1395200918078,401.1306808029025
2024-02-11 16:25:40,0.208246218,0.0224266807556265,1.05694928,401.12912125478084,401.1202692146352
2024-02-11 16:25:45,0.208248933,0.0224261496612496,1.05692425,401.1426714345932,401.1338034571866
2024-02-11 16:25:49,0.208259491,0.0224264696334112,1.05693933,401.15611236849577,401.1472316427119
2024-02-11 16:25:53,0.208248933,0.02242554790989,1.05689589,401.15258758333846,401.14369411044953
2024-02-11 16:25:57,0.208244408,0.0224251063567944,1.05687508,401.1518487013768,401.142942482655
2024-02-11 16:26:02,0.208258285,0.0224269304951717,1.05696105,401.1464445332367,401.1375223840124
2024-02-11 16:26:06,0.208260698,0.022426482364399,1.05693993,401.15809361707835,401.1491587248829
2024-02-11 16:26:10,0.208249838,0.0224263416869832,1.0569333,401.14119679984725,401.1322491659524
2024-02-11 16:26:14,0.208254062,0.0224253558841564,1.05688684,401.16488941941105,401.1559290450883
2024-02-11 16:26:19,0.208238074,0.0224243893899947,1.05684129,401.15249213867264,401.1435158406031
2024-02-11 16:26:23,0.208249235,0.0224248950223959,1.05686512,401.16394950781654,401.1549604721797
2024-02-11 16:26:27,0.208240185,0.0224247223053272,1.05685698,401.1507819862792,401.1417802143463
2024-02-11 16:26:31,0.208258285,0.0224257656097824,1.05690615,401.16568353792803,401.1566690309701
2024-02-11 16:26:35,0.20824652,0.0224248054811146,1.0568609,401.1606537723837,401.1516265316716
2024-02-11 16:26:40,0.208245313,0.0224242614435667,1.05683526,401.16747619779534,401.1584330416776
2024-02-11 16:26:44,0.208254665,0.0224251254532762,1.05687598,401.169840088718,401.1607842017052
2024-02-11 16:26:48,0.208260396,0.0224245046054348,1.05684672,401.1902032644382,401.1811346478009
2024-02-11 16:26:52,0.208250743,0.022423813312794,1.05681414,401.18449327909445,401.17541193410295
2024-02-11 16:26:56,0.208241995,0.0224237174060187,1.05680962,401.1705970862766,401.1615030142012
2024-02-11 16:27:00,0.208247727,0.022423538111273,1.05680117,401.18370409575124,401.1745972978621
2024-02-11 16:27:05,0.208249235,0.0224244214296475,1.0568428,401.17186827026524,401.1627455668947
2024-02-11 16:27:09,0.208252855,0.0224242869055424,1.05683646,401.1805003300818,401.17136490375486
2024-02-11 16:27:13,0.208253458,0.022423947836899,1.05682048,401.18715456734947,401.1780064193357
2024-02-11 16:27:17,0.208256475,0.0224254520031148,1.05689137,401.1677810768602,401.1586202084292
2024-02-11 16:27:21,0.208254062,0.0224235828819137,1.05680328,401.1942490731034,401.1850754855247
2024-02-11 16:27:25,0.20825738,0.0224244471038063,1.05684401,401.1859275380169,401.17674123255983
2024-02-11 16:27:30,0.20825195,0.0224242998487134,1.05683707,401.17875235055686,401.1695501495366
2024-02-11 16:27:34,0.208256777,0.022423941259222,1.05682017,401.1932046674888,401.18398975144567
2024-02-11 16:27:38,0.208255268,0.0224237558111655,1.05681143,401.19359496656386,401.18436733676674
2024-02-11 16:27:42,0.208254665,0.0224244405261292,1.0568437,401.18128380087126,401.172043458589
2024-02-11 16:27:46,0.208262206,0.022424075783327,1.05682651,401.2006414385088,401.19138838501
2024-02-11 16:27:51,0.208274876,0.0224247607104739,1.05685879,401.2118245635065,401.202555622771
2024-02-11 16:27:55,0.208265525,0.022425285439357,1.05688352,401.186658901601,401.177377252503
2024-02-11 16:27:59,0.208274574,0.0224255606408779,1.05689649,401.1981648163041,401.18887046011184
2024-02-11 16:28:03,0.208271558,0.0224242550780727,1.05683496,401.2143022734847,401.2049952114664
2024-02-11 16:28:07,0.208263413,0.0224236276525543,1.05680539,401.2102123162349,401.2008925496585
2024-02-11 16:28:11,0.208270653,0.0224237749076472,1.05681233,401.2206202460246,401.211287776158
2024-02-11 16:28:16,0.208264921,0.0224252918048509,1.05688382,401.18555184028565,401.176203493089
2024-02-11 16:28:20,0.208269446,0.0224243573503419,1.05683978,401.20893625655054,401.1995752089159
2024-02-11 16:28:24,0.208266731,0.0224239605678869,1.05682108,401.21066634069587,401.20129259389074
2024-02-11 16:28:28,0.208259793,0.022422878858285,1.0567701,401.2161820708308,401.2067956261226
2024-02-11 16:28:32,0.208266128,0.0224237558111655,1.05681143,401.21299072630484,401.20359158496063
2024-02-11 16:28:37,0.20826462,0.0224241141884737,1.05682832,401.2044451654004,401.195030155043
2024-02-11 16:28:41,0.208272764,0.0224243766590068,1.05684069,401.2145588332692,401.2051311291267
2024-02-11 16:28:45,0.208273368,0.0224234356268207,1.05679634,401.2311127181494,401.2216723214885
2024-02-11 16:28:49,0.208277893,0.0224240180695154,1.05682379,401.2295590735692,401.2201059856565
2024-02-11 16:28:53,0.208271558,0.0224234485699917,1.05679695,401.227721174339,401.2182553964412
2024-02-11 16:28:57,0.208276083,0.0224243062142073,1.05683737,401.2216429266335,401.2121644600169
2024-02-11 16:29:02,0.208280608,0.0224238005818061,1.05681354,401.23798231162135,401.228487985887
2024-02-11 16:29:06,0.208281513,0.0224239926075397,1.05682259,401.23643970242307,401.22693269081896
2024-02-11 16:29:10,0.208283624,0.0224235765164197,1.05680298,401.24703083562184,401.2375111394139
2024-02-11 16:29:14,0.208272463,0.0224241782677793,1.05683134,401.21739242782405,401.2078600482783
2024-02-11 16:29:18,0.208278496,0.022423679000872,1.05680781,401.2362934439688,401.2267483823509
2024-02-11 16:29:23,0.208280306,0.0224235188026081,1.05680026,401.24214743871397,401.2325865262857
2024-02-11 16:29:27,0.208275479,0.0224239157972462,1.05681897,401.22708787994526,401.2175142882923
2024-02-11 16:29:31,0.208281211,0.022424491874447,1.05684612,401.2277755843521,401.2181893147399
2024-02-11 16:29:35,0.208282116,0.0224247734414618,1.05685939,401.2247609515988,401.2151620052925
2024-02-11 16:29:39,0.208285132,0.022424216672926,1.05683315,401.23926648483877,401.22965486310346
2024-02-11 16:29:43,0.208288451,0.022424619820875,1.05685215,401.2385257896574,401.2289014937581
2024-02-11 16:29:48,0.208290261,0.0224236980973538,1.05680871,401.2569010166294,401.2472608798037
2024-02-11 16:29:52,0.208287847,0.0224241525936205,1.05683013,401.24516728208266,401.2355144739387
2024-02-11 16:29:56,0.208297199,0.0224238580834346,1.05681625,401.2665773733557,401.25691189515794
2024-02-11 16:30:00,0.208283021,0.0224238580834346,1.05681625,401.24149215745587,401.2318140104688
2024-02-11 16:30:04,0.208292071,0.0224237812731412,1.05681263,401.2587880879613,401.24909727344925
2024-02-11 16:30:08,0.208291166,0.0224249975068482,1.05686995,401.2372011190119,401.227497638239
2024-02-11 16:30:13,0.208293579,0.0224246454950338,1.05685336,401.2472759182642,401.2375566064428
2024-02-11 16:30:17,0.208301422,0.0224247925379436,1.05686029,401.2587539671955,401.2490219919572
2024-02-11 16:30:21,0.208288451,0.0224235892474076,1.05680358,401.2555912746894,401.245846637298
2024-02-11 16:30:25,0.208291769,0.0224238389869528,1.05681535,401.2573709751769,401.247613676896
2024-02-11 16:30:29,0.208285434,0.0224232883717278,1.0567894,401.25522320710417,401.2454532491973
2024-02-11 16:30:34,0.208298707,0.0224241973642611,1.05683224,401.26378818297775,401.254002402315
2024-02-11 16:30:38,0.208303232,0.0224253558841564,1.05688684,401.25276170478384,401.2429632673376
2024-02-11 16:30:42,0.208301422,0.0224249270620487,1.05686663,401.25662119150576,401.2468100985391
2024-02-11 16:30:46,0.208300215,0.022424613455381,1.05685185,401.25965376707484,401.2498300198507
2024-02-11 16:30:50,0.208298104,0.0224239285282341,1.05681957,401.26719196573544,401.2573555655167
2024-02-11 16:30:54,0.208301422,0.0224250806826355,1.05687387,401.25413329834805,401.2442842463975
2024-02-11 16:30:59,0.208301724,0.0224244982399409,1.05684642,401.26426052841987,401.25439566358
2024-02-11 16:31:03,0.208311377,0.0224245302795937,1.05684793,401.28083368888963,401.2709561751586
2024-02-11 16:31:07,0.20831379,0.0224241398626326,1.05682953,401.2915378483857,401.2816476870258
2024-02-11 16:31:11,0.208298707,0.0224242805400485,1.05683616,401.26253753284027,401.2526347251137
2024-02-11 16:31:15,0.208298104,0.0224233781251922,1.05679363,401.2763218594234,401.2664064065922
2024-02-11 16:31:19,0.208294484,0.0224225843480991,1.05675622,401.2829796453796,401.2730515487058
2024-02-11 16:31:24,0.208294182,0.0224228147789794,1.05676708,401.27867135207754,401.2687274523748
2024-02-11 16:31:28,0.208296596,0.0224225588861234,1.05675502,401.28716572357627,401.27720918286974
2024-02-11 16:31:32,0.208296897,0.0224223284552431,1.05674416,401.29150082583095,401.2815316453822
2024-02-11 16:31:36,0.208298707,0.0224220275795633,1.05672998,401.2996660384834,401.2896842195538
2024-02-11 16:31:40,0.208306249,0.022423128385647,1.05678186,401.2949265758026,401.2849321196535
2024-02-11 16:31:45,0.208310472,0.0224229363599135,1.05677281,401.30557625599664,401.2955660050966
2024-02-11 16:31:49,0.208304439,0.0224229877082312,1.05677523,401.29406431357955,401.28404142829737
2024-02-11 16:31:53,0.208310472,0.0224235572077548,1.05680207,401.29539131001025,401.2853557916068
2024-02-11 16:31:57,0.208305344,0.0224237174060187,1.05680962,401.28369177508364,401.27364362481967
2024-02-11 16:32:01,0.2083156,0.0224233524510334,1.05679242,401.3078617067251,401.2978009258612
2024-02-11 16:32:05,0.208310472,0.0224227252376981,1.05676286,401.30911157502874,401.2990381648255
2024-02-11 16:32:10,0.208296897,0.0224221812001502,1.05673722,401.2940425948698,401.28395339976464
2024-02-11 16:32:14,0.208298104,0.0224219571347638,1.05672666,401.2998770840099,401.289775262401
2024-02-11 16:32:18,0.208301724,0.022423019747884,1.05677674,401.28882266336836,401.27870821651584
2024-02-11 16:32:22,0.208312282,0.0224229620340723,1.05677402,401.30847504903016,401.29834797819393
2024-02-11 16:32:26,0.208305645,0.0224219059986292,1.05672425,401.31410633591275,401.30396664235263
2024-02-11 16:32:31,0.208290562,0.0224208113458563,1.05667266,401.30542317644193,401.2952677062484
2024-02-11 16:32:35,0.208300819,0.0224210931250543,1.05668594,401.3189606492508,401.3087925591676
2024-02-11 16:32:39,0.20830112,0.0224214771765215,1.05670404,401.3131893338615,401.303008625148
2024-02-11 16:32:43,0.208309567,0.0224223539172188,1.05674536,401.31373634847216,401.30354302238766
2024-02-11 16:32:47,0.208310774,0.02242153467815,1.05670675,401.3293603654416,401.31915442324527
2024-02-11 16:32:51,0.208314092,0.0224222834724193,1.05674204,401.32293103644076,401.3127124793917
2024-02-11 16:32:56,0.208299612,0.0224215858142845,1.05670916,401.3087863640214,401.2985520401767
2024-02-11 16:33:00,0.208316505,0.0224219635002578,1.05672696,401.3324941414599,401.3222472055948
2024-02-11 16:33:04,0.208310472,0.0224220212140694,1.05672968,401.32087680561744,401.31061725899065
2024-02-11 16:33:08,0.208314997,0.022423006804713,1.05677613,401.31269016140897,401.3024180052789
2024-02-11 16:33:13,0.208317108,0.0224230965581774,1.05678036,401.3149668801543,401.30467896391485
2024-02-11 16:33:17,0.208324952,0.0224221618914853,1.05673631,401.34423884984903,401.3339383269375
2024-02-11 16:33:21,0.208324348,0.0224223795913777,1.05674657,401.33960136647045,401.329288238145
2024-02-11 16:33:26,0.20832103,0.0224226675238865,1.05676014,401.3290073013494,401.3186784180256
2024-02-11 16:33:30,0.208318315,0.0224225075378057,1.0567526,401.3268448233488,401.3165033374413
2024-02-11 16:33:34,0.208318013,0.022421675567749,1.05671339,401.34000706580173,401.32965297856833
2024-02-11 16:33:38,0.208331588,0.0224218226106588,1.05672032,401.36163407387636,401.3512673865746
2024-02-11 16:33:43,0.208323443,0.0224224564016711,1.05675019,401.33680513556726,401.3264226999483
2024-02-11 16:33:47,0.208332795,0.0224225523084463,1.05675471,401.3517964149906,401.3414013821323
2024-02-11 16:33:51,0.208319522,0.0224223155120721,1.05674355,401.33220614219545,401.321798513355
2024-02-11 16:33:55,0.208335208,0.0224230581530307,1.05677855,401.3477731041813,401.33735288061575
2024-02-11 16:33:59,0.208327968,0.0224223732258837,1.05674627,401.34623440846815,401.33580159143446
2024-02-11 16:34:03,0.20832827,0.0224220019054045,1.05672877,401.3528893902304,401.3424439809853
2024-02-11 16:34:08,0.208330381,0.0224236980973538,1.05680871,401.3287435776318,401.3182824298896
2024-02-11 16:34:12,0.208328571,0.0224222643759375,1.05674114,401.3491332707075,401.3386595335812
2024-02-11 16:34:16,0.208328571,0.0224221427950035,1.05673541,401.35114570909786,401.3406593838439
2024-02-11 16:34:20,0.208330381,0.0224217907831891,1.05671882,401.3601529703016,401.3496540581762
2024-02-11 16:34:24,0.208330381,0.0224219507692699,1.05672636,401.357533889315,401.3470223915742
2024-02-11 16:34:28,0.208333096,0.022421925095111,1.05672515,401.3627754018211,401.35225131972106
2024-02-11 16:34:33,0.208326761,0.0224210801818833,1.05668533,401.36547427593365,401.3549344651505
2024-02-11 16:34:37,0.208323142,0.0224214387713747,1.05670223,401.3531808778843,401.3426284855674
2024-02-11 16:34:41,0.208338225,0.0224218803244704,1.05672304,401.37263314753756,401.36206817494246
2024-02-11 16:34:45,0.208330381,0.0224227443341799,1.05676376,401.3445468735217,401.3339693219039
2024-02-11 16:34:49,0.208337923,0.0224224052655365,1.05674778,401.36348851812085,401.3528983887357
2024-02-11 16:34:53,0.208337621,0.0224211442611889,1.05668835,401.38371024388636,401.3731075379891
2024-02-11 16:34:58,0.208342146,0.0224226547928986,1.05675954,401.36688845438584,401.3562700296133
2024-02-11 16:35:02,0.208334906,0.0224217139728957,1.0567152,401.36955968735583,401.358928688895
2024-02-11 16:35:06,0.208338526,0.0224224884413239,1.0567517,401.3632413032787,401.3525977323843
2024-02-11 16:35:10,0.208337621,0.0224216435280962,1.05671188,401.37555035086973,401.3648942087965
2024-02-11 16:35:14,0.208342146,0.0224226547928986,1.05675954,401.36693874161085,401.3562700296133
2024-02-11 16:35:18,0.208342146,0.022421784205512,1.05671851,401.3812724067279,401.3705911260605
2024-02-11 16:35:23,0.208346671,0.022422469132659,1.05675079,401.37803188239485,401.367334892654
2024-02-11 16:35:27,0.208335811,0.0224208370200152,1.05667387,401.38566705476615,401.3749574991775
2024-02-11 16:35:31,0.20833189,0.0224211506266828,1.05668865,401.37357843346075,401.3628563132783
2024-02-11 16:35:35,0.208333398,0.0224221491604974,1.05673571,401.35983490856796,401.3491002250456
2024-02-11 16:35:39,0.208334303,0.022420203441186,1.05664401,401.3934583652201,401.3827111196117
2024-02-11 16:35:44,0.208350894,0.0224221427950035,1.05673541,401.3909424648378,401.3801795183847
2024-02-11 16:35:48,0.208346068,0.0224209842751081,1.05668081,401.4014702014755,401.3906946957568
2024-02-11 16:35:52,0.208346973,0.022421259476629,1.05669378,401.39855744520594,401.3877693814751
2024-02-11 16:35:56,0.208344258,0.0224215858142845,1.05670916,401.3883945612905,401.3775939408007
2024-02-11 16:36:00,0.208344559,0.0224217778400181,1.05671821,401.3857810180209,401.3749678420253
2024-02-11 16:36:05,0.208342146,0.0224206256856167,1.05666391,401.4004792837884,401.3896504151725
2024-02-11 16:36:09,0.208338828,0.0224212785731108,1.05669468,401.383876320456,401.3730348991534
2024-02-11 16:36:13,0.208348481,0.0224213619610813,1.05669861,401.39960714522584,401.38875317248926
2024-02-11 16:36:18,0.208353911,0.0224207665752157,1.05667055,401.41903203271426,401.40816237244655
2024-02-11 16:36:22,0.208344559,0.0224210163147609,1.05668232,401.39837814770635,401.3874959388228
2024-02-11 16:36:26,0.208351498,0.0224213683265753,1.05669891,401.40488463101553,401.3939898747684
2024-02-11 16:36:31,0.208350291,0.0224213683265753,1.05669891,401.4027633892364,401.3918529505457
2024-02-11 16:36:35,0.208360246,0.0224229493030845,1.05677342,401.39439134609876,401.3834683628618
2024-02-11 16:36:39,0.208356022,0.0224222964155903,1.05674265,401.397666345724,401.3867308191926
2024-02-11 16:36:43,0.208362056,0.0224224436706832,1.05674959,401.40593876219873,401.3949906936247
2024-02-11 16:36:48,0.208360246,0.0224216114884434,1.05671037,401.4164409020284,401.4054771576612
2024-02-11 16:36:52,0.208357229,0.0224216819332429,1.05671369,401.40995306601405,401.3989767824203
2024-02-11 16:36:56,0.208352704,0.0224210610854015,1.05668443,401.41216866470074,401.4011798431318
2024-02-11 16:37:00,0.208366279,0.0224224370930062,1.05674928,401.413576510135,401.4025751518421
2024-02-11 16:37:04,0.208365676,0.0224216882987368,1.05671399,401.42484080108625,401.4138269073205
2024-02-11 16:37:09,0.208356927,0.0224211058560422,1.05668654,401.4189495508921,401.4079199895445
2024-02-11 16:37:13,0.20837382,0.0224225332119645,1.05675381,401.42538627881976,401.4143441848139
2024-02-11 16:37:17,0.208360547,0.0224223668603898,1.05674597,401.4046374634302,401.39358283801687
2024-02-11 16:37:21,0.2083702,0.0224226868325514,1.05676105,401.4164752852094,401.4054081296391
2024-02-11 16:37:25,0.208372915,0.0224228979547667,1.056771,401.4178210162339,401.40674133175713
2024-02-11 16:37:29,0.208382267,0.022423397221674,1.05679453,401.42617587020715,401.4150836580742
2024-02-11 16:37:34,0.208387395,0.0224245941467161,1.05685094,401.41557895062914,401.4044710806842
2024-02-11 16:37:38,0.208384982,0.0224237174060187,1.05680962,401.42574290262934,401.41462250784105
2024-02-11 16:37:42,0.208385887,0.0224240180695154,1.05682379,401.4224112736206,401.4112783552389
2024-02-11 16:37:46,0.208383473,0.022423006804713,1.05677613,401.4347871828046,401.4236417420794
2024-02-11 16:37:50,0.208384378,0.0224238453524467,1.05681565,401.4226063611461,401.411448399327
2024-02-11 16:37:54,0.20839192,0.0224237428679945,1.05681082,401.4376562573776,401.42648577571424
2024-02-11 16:37:59,0.208381965,0.022422321877566,1.05674385,401.4434270286799,401.4322408989681
2024-02-11 16:38:03,0.208378044,0.022422321877566,1.05674385,401.4364978681538,401.4252992214088
2024-02-11 16:38:07,0.208381965,0.0224226995635393,1.05676165,401.4372380696147,401.4260269070856
2024-02-11 16:38:11,0.208383473,0.0224223155120721,1.05674355,401.44623904858514,401.435015371521
2024-02-11 16:38:15,0.208393127,0.02242285954962,1.05676919,401.45439149927864,401.44315530892834
2024-02-11 16:38:19,0.208390713,0.0224225075378057,1.0567526,401.45592213957906,401.4446734371914
2024-02-11 16:38:24,0.208391618,0.0224229747650602,1.05677462,401.44985256776675,401.4385882270883
2024-02-11 16:38:28,0.20840097,0.0224238580834346,1.05681625,401.4518880184488,401.4406111685423
2024-02-11 16:38:32,0.208383473,0.0224229429375905,1.05677312,401.43598185707697,401.4246924991908
2024-02-11 16:38:36,0.208387395,0.0224222259707908,1.05673933,401.4547339607946,401.44343209617705
2024-02-11 16:38:40,0.20838649,0.0224221171208446,1.0567342,401.4549352409629,401.4436208708621
2024-02-11 16:38:45,0.208391317,0.022423538111273,1.05680117,401.440116934883,401.4287869346831
2024-02-11 16:38:49,0.20839373,0.022423006804713,1.05677613,401.45314252392586,401.4418000210505
2024-02-11 16:38:53,0.208396143,0.0224230324788718,1.05677734,401.45700441125,401.4456494069469
2024-02-11 16:38:57,0.208394937,0.0224226804670575,1.05676075,401.46067365739407,401.4493061529109
2024-02-11 16:39:02,0.208391015,0.0224221812001502,1.05673722,401.46196070355376,401.4505775755997
2024-02-11 16:39:06,0.208390412,0.0224222580104436,1.05674084,401.4596418183247,401.4482461929972
2024-02-11 16:39:10,0.208394937,0.0224233013148988,1.05679001,401.45049939045714,401.43909126900337
2024-02-11 16:39:14,0.208394635,0.0224221555259913,1.05673601,401.46882954060635,401.4574089242734
2024-02-11 16:39:19,0.208393127,0.0224229493030845,1.05677342,401.45311481904247,401.441678585864
2024-02-11 16:39:23,0.20839011,0.02242206598471,1.05673179,401.4623198518676,401.4508711266154
2024-02-11 16:39:27,0.208397048,0.022422462767165,1.05675049,401.46808666776036,401.45662545168113
2024-02-11 16:39:31,0.208402176,0.0224227125067102,1.05676226,401.4730683949255,401.4615946892658
2024-02-11 16:39:35,0.208408511,0.0224238389869528,1.05681535,401.46576115190305,401.4542749579092
2024-02-11 16:39:40,0.208418164,0.0224236469612192,1.0568063,401.48602488470647,401.4745230820476
2024-02-11 16:39:44,0.208411829,0.0224232565442582,1.0567879,401.4812464344762,401.4697321462872
2024-02-11 16:39:48,0.208415148,0.0224231349633241,1.05678217,401.48913519943517,401.4776084269621
2024-02-11 16:39:52,0.208402176,0.0224225075378057,1.0567526,401.47650658713866,401.46496733162735
2024-02-11 16:39:56,0.208403685,0.0224223668603898,1.05674597,401.4815053992025,401.4699536618988
2024-02-11 16:40:01,0.208412433,0.0224232820062339,1.0567891,401.4819498043365,401.4703824665439
2024-02-11 16:40:05,0.208418164,0.0224236212870604,1.05680509,401.4865253457823,401.4749455289998
2024-02-11 16:40:09,0.208414846,0.02242422303842,1.05683345,401.47076306459036,401.4591707700633
2024-02-11 16:40:13,0.20840821,0.022422750911857,1.05676407,401.4832499322891,401.4716451612627
2024-02-11 16:40:17,0.208420879,0.022423685366366,1.05680811,401.49031475356554,401.47869750728495
2024-02-11 16:40:21,0.208408511,0.0224229747650602,1.05677462,401.4801243609963,401.46849464070647
2024-02-11 16:40:26,0.208412734,0.0224232629097521,1.0567882,401.48287486436476,401.471229553314
2024-02-11 16:40:30,0.208407606,0.0224221555259913,1.05673601,401.4920307567182,401.480372974459
2024-02-11 16:40:34,0.208422086,0.0224235956129015,1.05680388,401.49398135000257,401.48231109777953
2024-02-11 16:40:38,0.208419673,0.0224235124371142,1.05679996,401.49109069036024,401.4794079694178
2024-02-11 16:40:42,0.208418164,0.0224237301370066,1.05681022,401.48484968863556,401.4731545002181
2024-02-11 16:40:46,0.20840821,0.0224229045324438,1.05677131,401.4808250557109,401.4691174010626
