time,voltage,current,shunt_voltage,temperature,seconds_combined,temperature_corr_err,temperature_uncorr
2024-06-24 07:16:52,0.272013708,0.0515665121973472,2.43028331,244.61578655749378,11323.0,652.3151922350831,244.63034498184163
2024-06-24 07:17:00,0.272753679,0.0515506865185204,2.42953746,245.22823230685904,11331.0,652.3151922350831,245.24275047536045
2024-06-24 07:17:08,0.273443272,0.0515408834456843,2.42907545,245.7798769050674,11339.0,652.3151922350831,245.7943539285621
2024-06-24 07:17:13,0.273618235,0.0515369752445941,2.42889126,245.92551263683825,11344.0,652.3151922350831,245.9399634956172
2024-06-24 07:17:21,0.273919291,0.0515279411234248,2.42846549,246.1853018069569,11352.0,652.3151922350831,246.1997100875706
2024-06-24 07:17:29,0.274170573,0.0515209573278505,2.42813635,246.40002348038308,11360.0,652.3151922350831,246.41438830813945
2024-06-24 07:17:33,0.274285505,0.0515189070022555,2.42803972,246.49372446425357,11364.0,652.3151922350831,246.5080672393059
2024-06-24 07:17:42,0.274493651,0.0515151267475933,2.42786156,246.66372068192416,11373.0,652.3151922350831,246.67801304754988
2024-06-24 07:17:54,0.274843274,0.051508591507158,2.42755356,246.9500552146287,11385.0,652.3151922350831,246.9642786758004
2024-06-24 07:18:02,0.274999232,0.0515035939578731,2.42731803,247.08610727989375,11393.0,652.3151922350831,247.10028373903015
2024-06-24 07:18:11,0.275147347,0.0515010309978336,2.42719724,247.20666712421055,11402.0,652.3151922350831,247.22078969509715
2024-06-24 07:18:15,0.27521341,0.0514990447515441,2.42710363,247.26380079951267,11406.0,652.3151922350831,247.27789907848475
2024-06-24 07:18:23,0.275346442,0.0514968024002155,2.42699795,247.37186799287304,11414.0,652.3151922350831,247.385917061134
2024-06-24 07:18:28,0.275459866,0.0514946879953149,2.4268983,247.46481268573848,11419.0,652.3151922350831,247.47883057490407
2024-06-24 07:18:36,0.275574798,0.0514930221455533,2.42681979,247.55712135757747,11427.0,652.3151922350831,247.57108868841397
2024-06-24 07:18:40,0.275630605,0.0514920609559698,2.42677449,247.6025544974936,11431.0,652.3151922350831,247.61649624063807
2024-06-24 07:18:48,0.275738297,0.0514890496529744,2.42663257,247.69485045507884,11439.0,652.3151922350831,247.7087404093792
2024-06-24 07:18:56,0.27584237,0.0514873838032128,2.42655406,247.7790924706057,11447.0,652.3151922350831,247.79292982292392
2024-06-24 07:19:01,0.275887619,0.0514853334776178,2.42645743,247.82102642745616,11452.0,652.3151922350831,247.8348304931856
2024-06-24 07:19:09,0.276026382,0.0514843084209119,2.42640912,247.92857184058732,11460.0,652.3151922350831,247.9423219953433
2024-06-24 07:19:18,0.276117785,0.0514827066504558,2.42633363,248.00314483853148,11469.0,652.3151922350831,248.01683339000024
2024-06-24 07:19:22,0.276159414,0.0514806563248608,2.426237,248.04239021867014,11473.0,652.3151922350831,248.05605106893225
2024-06-24 07:19:30,0.27623875,0.0514775809425599,2.42609206,248.1138685329522,11481.0,652.3151922350831,248.12747339024716
2024-06-24 07:19:39,0.276314467,0.0514762995686316,2.42603167,248.17548949793485,11490.0,652.3151922350831,248.18903042810132
2024-06-24 07:19:43,0.276348253,0.0514755306169648,2.42599543,248.2037761238284,11494.0,652.3151922350831,248.21728832624396
2024-06-24 07:19:51,0.276473743,0.0514748257446036,2.42596221,248.30018784309917,11502.0,652.3151922350831,248.3136420110792
2024-06-24 07:19:59,0.276539203,0.0514715581243859,2.42580821,248.3621230671004,11510.0,652.3151922350831,248.37551843368323
2024-06-24 07:20:04,0.276569369,0.0514714940450804,2.42580519,248.3849028731939,11515.0,652.3151922350831,248.3982611020776
2024-06-24 07:20:12,0.276644784,0.0514696359574021,2.42571762,248.44862327612987,11523.0,652.3151922350831,248.46192147002228
2024-06-24 07:20:20,0.276715071,0.0514692516937518,2.42569951,248.50261996779238,11531.0,652.3151922350831,248.51585737541924
2024-06-24 07:20:29,0.276805267,0.0514663683371844,2.42556362,248.5814884139903,11540.0,652.3151922350831,248.59465654655048
2024-06-24 07:20:33,0.276839354,0.0514657277563119,2.42553343,248.60950105731024,11544.0,652.3151922350831,248.62263810043743
2024-06-24 07:20:42,0.276906926,0.0514642539322838,2.42546397,248.6658613536622,11553.0,652.3151922350831,248.67892777448023
2024-06-24 07:20:50,0.276969068,0.0514625240032166,2.42538244,248.71919760156538,11561.0,652.3151922350831,248.73220047258016
2024-06-24 07:20:54,0.276998027,0.0514619475016497,2.42535527,248.74313510499675,11565.0,652.3151922350831,248.75610592978464
2024-06-24 07:21:02,0.277054136,0.0514613707878996,2.42532809,248.78735042219964,11573.0,652.3151922350831,248.8002566157019
2024-06-24 07:21:11,0.277136489,0.0514595127002213,2.42524052,248.8562904530306,11582.0,652.3151922350831,248.86912308398323
2024-06-24 07:21:15,0.277158208,0.0514593204623046,2.42523146,248.87329059681622,11586.0,652.3151922350831,248.88609024579804
2024-06-24 07:21:23,0.27721492,0.051456629555837,2.42510464,248.9264557057495,11594.0,652.3151922350831,248.939188864058
2024-06-24 07:21:36,0.277293654,0.0514556683662535,2.42505934,248.9891416702152,11607.0,652.3151922350831,249.00176529702995
2024-06-24 07:21:44,0.277363639,0.0514540665957974,2.42498385,249.04784014885186,11615.0,652.3151922350831,249.06039546819312
2024-06-24 07:21:48,0.277393503,0.0514521444288136,2.42489326,249.07787491005854,11619.0,652.3151922350831,249.09039581996015
2024-06-24 07:21:53,0.277415826,0.0514532337770082,2.4249446,249.09018642781413,11624.0,652.3151922350831,249.1026640877506
2024-06-24 07:21:57,0.27744207,0.0514533619356194,2.42495064,249.10927854671803,11628.0,652.3151922350831,249.12172141710408
2024-06-24 07:22:05,0.277492145,0.0514518242444689,2.42487817,249.1528794992812,11636.0,652.3151922350831,249.1652522883585
2024-06-24 07:22:14,0.277532568,0.0514509271341909,2.42483589,249.18671680679594,11645.0,652.3151922350831,249.1990099605888
2024-06-24 07:22:18,0.277546746,0.051449902077485,2.42478758,249.20145137201828,11649.0,652.3151922350831,249.21370886480173
2024-06-24 07:22:26,0.277614619,0.0514481721484178,2.42470605,249.259109725274,11657.0,652.3151922350831,249.27129540625344
2024-06-24 07:22:35,0.277642674,0.0514466985365729,2.4246366,249.28604922880962,11666.0,652.3151922350831,249.2981533475529
2024-06-24 07:22:39,0.277670728,0.0514475954346677,2.42467887,249.30340110058705,11670.0,652.3151922350831,249.31546870866532
2024-06-24 07:22:43,0.277691241,0.05144785175189,2.42469095,249.3177067095986,11674.0,652.3151922350831,249.32973764766024
2024-06-24 07:22:48,0.277706022,0.0514468905623065,2.42464565,249.33264812675046,11679.0,652.3151922350831,249.3446330044204
2024-06-24 07:22:56,0.277742824,0.0514454810297671,2.42457922,249.3658503556437,11687.0,652.3151922350831,249.37776102529497
2024-06-24 07:23:04,0.277801045,0.0514454169504616,2.4245762,249.40961354459276,11695.0,652.3151922350831,249.4214493824396
2024-06-24 07:23:08,0.277812809,0.0514450965539337,2.4245611,249.41971732506335,11699.0,652.3151922350831,249.43151551510044
2024-06-24 07:23:17,0.277846294,0.0514425978853829,2.42444334,249.45484859871257,11708.0,652.3151922350831,249.46656152106755
2024-06-24 07:23:25,0.277878873,0.0514421493302439,2.4244222,249.48103684208223,11716.0,652.3151922350831,249.4926733258941
2024-06-24 07:23:29,0.277908435,0.0514419570923272,2.42441314,249.50390393706576,11720.0,652.3151922350831,249.515501976072
2024-06-24 07:23:38,0.27794916,0.0514411883528435,2.42437691,249.53747167392507,11729.0,652.3151922350831,249.5489826675868
2024-06-24 07:23:46,0.27798928,0.0514407397977046,2.42435577,249.56928945801766,11737.0,652.3151922350831,249.58072245114937
2024-06-24 07:23:50,0.278004363,0.0514392661858596,2.42428632,249.58652306677283,11741.0,652.3151922350831,249.5979168405315
2024-06-24 07:23:59,0.278024574,0.0514389457893318,2.42427122,249.60298288862344,11750.0,652.3151922350831,249.61428788996656
2024-06-24 07:24:07,0.278057455,0.0514383690755817,2.42424404,249.6299204129238,11758.0,652.3151922350831,249.641145896868
2024-06-24 07:24:11,0.278076761,0.0514389457893318,2.42427122,249.64203843713784,11762.0,652.3151922350831,249.65322394975263
2024-06-24 07:24:20,0.27812563,0.0514379848119314,2.42422593,249.6824665142021,11771.0,652.3151922350831,249.69356157833195
2024-06-24 07:24:28,0.278163036,0.0514378566533203,2.42421989,249.71097378116264,11779.0,652.3151922350831,249.7219878565068
2024-06-24 07:24:32,0.278174197,0.0514377284947092,2.42421385,249.7198590338066,11783.0,652.3151922350831,249.73083240865785
2024-06-24 07:24:36,0.278182946,0.0514357422484197,2.42412024,249.73444275776222,11787.0,652.3151922350831,249.74537529583148
2024-06-24 07:24:41,0.278195917,0.0514349092174473,2.42408098,249.74753425375198,11792.0,652.3151922350831,249.7584155554591
2024-06-24 07:24:49,0.278233323,0.0514372799395702,2.42419271,249.76595927292215,11800.0,652.3151922350831,249.77675816030091
2024-06-24 07:25:01,0.27828551,0.0514336278435191,2.42402059,249.81976638491108,11812.0,652.3151922350831,249.83044065740484
2024-06-24 07:25:10,0.278311754,0.051433051129769,2.42399341,249.84177246938935,11821.0,652.3151922350831,249.85235251043176
2024-06-24 07:25:18,0.278328345,0.0514326668661188,2.4239753,249.8557889099624,11829.0,652.3151922350831,249.86628464410455
2024-06-24 07:25:27,0.278363941,0.0514326668661188,2.4239753,249.88244676423176,11838.0,652.3151922350831,249.8928470480756
2024-06-24 07:25:31,0.278369974,0.0514320901523687,2.42394812,249.88932057022075,11842.0,652.3151922350831,249.89967822849243
2024-06-24 07:25:39,0.278399235,0.0514317697558408,2.42393302,249.91253597805382,11850.0,652.3151922350831,249.92280801448197
2024-06-24 07:25:48,0.278415525,0.0514288866114566,2.42379714,249.9364365968134,11859.0,652.3151922350831,249.9466117250112
2024-06-24 07:25:52,0.278435435,0.0514284380563176,2.423776,249.95315082180747,11863.0,652.3151922350831,249.96328268374776
2024-06-24 07:25:56,0.278449311,0.051428822532151,2.42379412,249.96199628719745,11867.0,652.3151922350831,249.97208476352137
2024-06-24 07:26:00,0.278459266,0.0514286302942343,2.42378506,249.97024590878345,11871.0,652.3151922350831,249.98029088099148
2024-06-24 07:26:08,0.278485812,0.051428373977012,2.42377298,249.99118022499403,11879.0,652.3151922350831,250.0011378369156
2024-06-24 07:26:17,0.278521106,0.051427220761695,2.42371863,250.0222803141043,11888.0,652.3151922350831,250.0321390918359
2024-06-24 07:26:21,0.278531061,0.051428373977012,2.42377298,250.02509275876216,11892.0,652.3151922350831,250.03490742440349
2024-06-24 07:26:29,0.278550065,0.0514276050253452,2.42373674,250.04247243838122,11900.0,652.3151922350831,250.0521985414086
2024-06-24 07:26:33,0.278564545,0.0514266440479449,2.42369145,250.05720856584819,11904.0,652.3151922350831,250.06689022008928
2024-06-24 07:26:41,0.278588074,0.0514258750962781,2.42365521,250.0779673717291,11912.0,652.3151922350831,250.08755979779272
2024-06-24 07:26:50,0.278604364,0.0514252345154055,2.42362502,250.0928165131044,11921.0,652.3151922350831,250.1023080378693
2024-06-24 07:27:02,0.278650518,0.0514244655637387,2.42358878,250.1305096107877,11933.0,652.3151922350831,250.139865761336
2024-06-24 07:27:11,0.278668617,0.0514239531414773,2.42356463,250.14619310252056,11942.0,652.3151922350831,250.1554471060091
2024-06-24 07:27:19,0.27869456,0.051424721880961,2.42360086,250.16253845021782,11950.0,652.3151922350831,250.17170122182344
2024-06-24 07:27:23,0.278702705,0.0514251063567944,2.42361898,250.16710827129785,11954.0,652.3151922350831,250.17622527592948
2024-06-24 07:27:31,0.278723519,0.0514235045863383,2.42354349,250.18921514948164,11962.0,652.3151922350831,250.1982403225283
2024-06-24 07:27:36,0.278735284,0.0514242092465164,2.4235767,250.1952033347368,11967.0,652.3151922350831,250.20417091407165
2024-06-24 07:27:40,0.278747049,0.0514223511588381,2.42348913,250.21154878708484,11971.0,652.3151922350831,250.2204701826678
2024-06-24 07:27:44,0.278759718,0.0514224152381437,2.42349215,250.22079224977887,11975.0,652.3151922350831,250.2296673658792
2024-06-24 07:27:48,0.278763037,0.0514213261021322,2.42344082,250.2277231834655,11979.0,652.3151922350831,250.2365519252445
2024-06-24 07:27:53,0.278776913,0.0514212620228266,2.4234378,250.23839821184075,11984.0,652.3151922350831,250.2471688537115
2024-06-24 07:27:57,0.278787169,0.051421197943521,2.42343478,250.24635968446933,11988.0,652.3151922350831,250.25508374189835
2024-06-24 07:28:01,0.278798331,0.0514214542607433,2.42344686,250.253700897507,11992.0,652.3151922350831,250.26237827856235
2024-06-24 07:28:10,0.27881462,0.0514214542607433,2.42344686,250.26596512995096,12001.0,652.3151922350831,250.27453715768655
2024-06-24 07:28:18,0.278842071,0.0514219028158823,2.423468,250.28473425856862,12009.0,652.3151922350831,250.29321226028725
2024-06-24 07:28:27,0.278863489,0.051420044728204,2.42338043,250.30834968813508,12018.0,652.3151922350831,250.31672149397247
2024-06-24 07:28:35,0.278887622,0.0514206212297709,2.4234076,250.32412511070882,12026.0,652.3151922350831,250.3324021578879
2024-06-24 07:28:39,0.278891845,0.0514206212297709,2.4234076,250.3273249480267,12030.0,652.3151922350831,250.33555449037732
2024-06-24 07:28:47,0.278914771,0.0514206853090765,2.42341062,250.34427429065843,12038.0,652.3151922350831,250.3524085768937
2024-06-24 07:29:00,0.278941619,0.0514192757765372,2.42334419,250.370179040224,12051.0,652.3151922350831,250.378157850588
2024-06-24 07:29:08,0.278962132,0.0514179303233034,2.42328078,250.39103710552084,12059.0,652.3151922350831,250.3989198286637
2024-06-24 07:29:12,0.278975707,0.0514190194593149,2.42333211,250.3968079883578,12063.0,652.3151922350831,250.40464255367547
2024-06-24 07:29:16,0.278973897,0.0514167130286807,2.42322341,250.4048469101968,12067.0,652.3151922350831,250.4126332427693
2024-06-24 07:29:21,0.278981438,0.0514158799977084,2.42318415,250.41391133879753,12072.0,652.3151922350831,250.42163727648227
2024-06-24 07:29:29,0.279001951,0.0514170975045141,2.42324153,250.4243901477415,12080.0,652.3151922350831,250.43201921758907
2024-06-24 07:29:37,0.279027894,0.0514172254509422,2.42324756,250.4433363276094,12088.0,652.3151922350831,250.45086824559303
2024-06-24 07:29:41,0.279038452,0.0514156877597917,2.42317509,250.4574970425768,12092.0,652.3151922350831,250.4649802804284
2024-06-24 07:29:46,0.279045088,0.0514164567114585,2.42321133,250.45939661111166,12097.0,652.3151922350831,250.46681890295497
2024-06-24 07:29:50,0.279060171,0.0514174176888589,2.42325662,250.46681200891044,12101.0,652.3151922350831,250.4741854684028
2024-06-24 07:29:54,0.279063188,0.051415495521875,2.42316603,250.47690168180037,12105.0,652.3151922350831,250.48422624279715
2024-06-24 07:29:59,0.279073143,0.0514158159184028,2.42318113,250.48309665958354,12110.0,652.3151922350831,250.4903600058613
2024-06-24 07:30:07,0.279087321,0.0514161363149306,2.42319623,250.49248120881154,12118.0,652.3151922350831,250.4996464041305
2024-06-24 07:30:15,0.279107833,0.0514155596011805,2.42316905,250.5102304104733,12126.0,652.3151922350831,250.5172972060932
2024-06-24 07:30:20,0.279119598,0.0514153673632638,2.42315999,250.51985460449612,12131.0,652.3151922350831,250.52685977731403
2024-06-24 07:30:24,0.279129553,0.0514147267823913,2.4231298,250.52993251145728,12135.0,652.3151922350831,250.5368883194091
2024-06-24 07:30:28,0.279138603,0.0514155596011805,2.42316905,250.53336290135536,12139.0,652.3151922350831,250.5402692862355
2024-06-24 07:30:37,0.279156099,0.0514138296721134,2.42308752,250.55354890881048,12148.0,652.3151922350831,250.5603438838336
2024-06-24 07:30:45,0.279168165,0.0514140859893356,2.4230996,250.56161764655283,12156.0,652.3151922350831,250.56831335587967
2024-06-24 07:30:49,0.279187472,0.0514134454084631,2.42306941,250.5786791023357,12160.0,652.3151922350831,250.585325098451
2024-06-24 07:30:54,0.279187773,0.0514137015135022,2.42308148,250.5779277280263,12165.0,652.3151922350831,250.5845115091694
2024-06-24 07:30:58,0.279196823,0.0514122919809629,2.42301505,250.59044931363078,12169.0,652.3151922350831,250.59698326518367
2024-06-24 07:31:06,0.279217034,0.0514129327740186,2.42304525,250.60304103860068,12177.0,652.3151922350831,250.6094751813691
2024-06-24 07:31:15,0.279227592,0.051411971584435,2.42299995,250.6149341518572,12186.0,652.3151922350831,250.62125577926017
2024-06-24 07:31:19,0.279229101,0.0514103057346734,2.42292144,250.62286644164948,12190.0,652.3151922350831,250.6291379865956
2024-06-24 07:31:27,0.279249613,0.0514106902105068,2.42293956,250.63672304936503,12198.0,652.3151922350831,250.64289429478396
2024-06-24 07:31:35,0.279270428,0.0514106261312013,2.42293654,250.65262527306422,12206.0,652.3151922350831,250.6586960458429
2024-06-24 07:31:40,0.279268618,0.0514096010744953,2.42288823,250.65549439416378,12211.0,652.3151922350831,250.6615022870368
2024-06-24 07:31:44,0.279278271,0.051409793312412,2.42289729,250.661972722774,12215.0,652.3151922350831,250.6679302664483
2024-06-24 07:31:48,0.279289432,0.0514098573917176,2.42290031,250.67009689981367,12219.0,652.3151922350831,250.67600405508605
2024-06-24 07:31:56,0.279307532,0.0514110106070347,2.42295466,250.67903459459149,12227.0,652.3151922350831,250.6848408592994
2024-06-24 07:32:05,0.27933438,0.0514097292331065,2.42289427,250.70439336449047,12236.0,652.3151922350831,250.710085954072
2024-06-24 07:32:13,0.279349161,0.0514113950828681,2.42297278,250.70877267288043,12244.0,652.3151922350831,250.71436407246475
2024-06-24 07:32:22,0.279357909,0.0514097292331065,2.42289427,250.72217745170926,12253.0,652.3151922350831,250.72765485895607
2024-06-24 07:32:26,0.279358211,0.0514101137089399,2.42291239,250.72089367047172,12257.0,652.3151922350831,250.726320365016
2024-06-24 07:32:34,0.279367864,0.0514090884400508,2.42286407,250.73236312311326,12265.0,652.3151922350831,250.73768830608
2024-06-24 07:32:42,0.279395918,0.051410369813979,2.42292446,250.74821286375987,12273.0,652.3151922350831,250.7534364267476
2024-06-24 07:32:47,0.279402856,0.0514096651538009,2.42289125,250.7563165734527,12278.0,652.3151922350831,250.7614765723752
2024-06-24 07:32:51,0.279407381,0.0514092165986619,2.42287011,250.761566640669,12282.0,652.3151922350831,250.76667576133084
2024-06-24 07:32:55,0.279411906,0.0514080633833449,2.42281576,250.76967669966436,12286.0,652.3151922350831,250.77473491911883
2024-06-24 07:33:04,0.279427894,0.0514078711454282,2.4228067,250.78251018861855,12295.0,652.3151922350831,250.78745380153637
2024-06-24 07:33:12,0.279446597,0.0514085758056063,2.42283991,250.7937179211424,12303.0,652.3151922350831,250.79855957726903
2024-06-24 07:33:20,0.279456853,0.0514069740351502,2.42276442,250.80798044063803,12311.0,652.3151922350831,250.81272006882097
2024-06-24 07:33:24,0.279468618,0.0514073585109836,2.42278254,250.81525615612546,12315.0,652.3151922350831,250.81994474611983
2024-06-24 07:33:29,0.279475255,0.051408191541956,2.4228218,250.81689434230324,12320.0,652.3151922350831,250.8215191138269
2024-06-24 07:33:33,0.279482796,0.0514082556212616,2.42282482,250.8223163678272,12324.0,652.3151922350831,250.82689006919185
2024-06-24 07:33:37,0.279486718,0.0514071662730669,2.42277348,250.8297186195075,12328.0,652.3151922350831,250.83424123811295
2024-06-24 07:33:42,0.279484908,0.0514055004233053,2.42269497,250.83519415537467,12333.0,652.3151922350831,250.8396529043229
2024-06-24 07:33:50,0.279505421,0.0514053081853886,2.42268591,250.85139548692118,12341.0,652.3151922350831,250.85575201153063
2024-06-24 07:33:58,0.279525632,0.0514069099558446,2.4227614,250.86008673227158,12349.0,652.3151922350831,250.8643409990292
2024-06-24 07:34:02,0.279527743,0.0514059489784443,2.42271611,250.86561642704874,12353.0,652.3151922350831,250.86981955480397
2024-06-24 07:34:11,0.279542525,0.0514047957631272,2.42266176,250.88145347306812,12362.0,652.3151922350831,250.88554151989464
2024-06-24 07:34:19,0.279553686,0.0514051159474719,2.42267685,250.88859034254847,12370.0,652.3151922350831,250.89257608153105
2024-06-24 07:34:24,0.279558211,0.0514044753665994,2.42264666,250.89463507783736,12375.0,652.3151922350831,250.89855687160812
2024-06-24 07:34:32,0.279571786,0.0514045394459049,2.42264968,250.9046149293642,12383.0,652.3151922350831,250.90843441201145
2024-06-24 07:34:40,0.279587472,0.0514038345735437,2.42261646,250.91929463675126,12391.0,652.3151922350831,250.92301181681225
2024-06-24 07:34:44,0.27959984,0.0514046035252105,2.4226527,250.92545881066553,12395.0,652.3151922350831,250.9291248451537
2024-06-24 07:34:53,0.279606175,0.0514045394459049,2.42264968,250.93056513447135,12404.0,652.3151922350831,250.93411611182307
2024-06-24 07:35:01,0.279622464,0.0514045394459049,2.42264968,250.94283199889165,12412.0,652.3151922350831,250.94628073447075
2024-06-24 07:35:05,0.279630006,0.0514051800267775,2.42267987,250.94591318422948,12416.0,652.3151922350831,250.9493108126065
2024-06-24 07:35:14,0.279641469,0.0514041549700715,2.42263156,250.9587531053206,12425.0,652.3151922350831,250.96203578234253
2024-06-24 07:35:22,0.27965444,0.0514034500977103,2.42259834,250.97140601312273,12433.0,652.3151922350831,250.9745865650461
2024-06-24 07:35:26,0.279660474,0.0514033860184047,2.42259532,250.9762237500876,12437.0,652.3151922350831,250.9793532611531
2024-06-24 07:35:31,0.279669523,0.0514031299133656,2.42258325,250.98408616741798,12442.0,652.3151922350831,250.9871518997793
2024-06-24 07:35:35,0.279674048,0.0514028095168377,2.42256815,250.9888184596754,12446.0,652.3151922350831,250.9918331882129
2024-06-24 07:35:43,0.279688226,0.051403642335627,2.4226074,250.9961248256247,12454.0,652.3151922350831,250.9990376019005
2024-06-24 07:35:52,0.279694259,0.0514025531996155,2.42255607,251.00517094364594,12463.0,652.3151922350831,251.00796912047204
2024-06-24 07:35:56,0.279701499,0.0514019124065598,2.42252587,251.01323313733266,12467.0,652.3151922350831,251.0159804169028
2024-06-24 07:36:00,0.279709644,0.0514013359049928,2.4224987,251.02171012590213,12471.0,652.3151922350831,251.02440653172343
2024-06-24 07:36:04,0.279715376,0.0514008232705483,2.42247454,251.02812549977722,12475.0,652.3151922350831,251.03077105638584
2024-06-24 07:36:09,0.279717186,0.0514024891203099,2.42255305,251.0227704340017,12480.0,652.3151922350831,251.02535246516817
2024-06-24 07:36:13,0.279726839,0.051401015508465,2.4224836,251.03601983788002,12484.0,652.3151922350831,251.03855107880864
2024-06-24 07:36:22,0.279731967,0.0514002465567982,2.42244736,251.04308944903892,12493.0,652.3151922350831,251.0455065154732
2024-06-24 07:36:34,0.27974886,0.0514021687237821,2.42253795,251.04804528261468,12505.0,652.3151922350831,251.05031035637612
2024-06-24 07:36:43,0.279762736,0.0514003106361038,2.42245038,251.0660756617507,12514.0,652.3151922350831,251.0682269363072
2024-06-24 07:36:47,0.279771183,0.0513998620809648,2.42242924,251.0742586506408,12518.0,652.3151922350831,251.07635940502368
2024-06-24 07:36:51,0.279770579,0.0513987088656477,2.42237489,251.07854634283322,12522.0,652.3151922350831,251.0805966137483
2024-06-24 07:36:55,0.279775406,0.0513998620809648,2.42242924,251.07751370691003,12526.0,652.3151922350831,251.07951353210532
2024-06-24 07:37:04,0.279792299,0.0514010795877706,2.42248662,251.08529446039302,12535.0,652.3151922350831,251.08718092614004
2024-06-24 07:37:12,0.279807382,0.0513984525484255,2.42236281,251.10734154889974,12543.0,652.3151922350831,251.1091274251776
2024-06-24 07:37:16,0.279813415,0.0513997980016592,2.42242622,251.1064271589593,12547.0,652.3151922350831,251.10816280483303
2024-06-24 07:37:25,0.279829101,0.0513993496587034,2.42240509,251.12007900756535,12556.0,652.3151922350831,251.12170179854456
2024-06-24 07:37:33,0.279839659,0.0513990933414811,2.42239301,251.12910729649275,12564.0,652.3151922350831,251.1306299698906
2024-06-24 07:37:37,0.279851726,0.0513989011035644,2.42238395,251.13895204532736,12568.0,652.3151922350831,251.14042473253613
2024-06-24 07:37:46,0.279858664,0.0513994778173145,2.42241113,251.14190105480998,12577.0,652.3151922350831,251.1432614568024
2024-06-24 07:37:50,0.279871937,0.0513999902395759,2.42243528,251.14978060996458,12581.0,652.3151922350831,251.1510911914945
2024-06-24 07:37:58,0.279885813,0.051400566953326,2.42246246,251.1578986494104,12589.0,652.3151922350831,251.1591097507853
2024-06-24 07:38:07,0.279890338,0.0513973634124139,2.42231148,251.17441985601116,12598.0,652.3151922350831,251.1755193072981
2024-06-24 07:38:15,0.279912058,0.0513992855793978,2.42240207,251.18292362944578,12606.0,652.3151922350831,251.18392408123307
2024-06-24 07:38:19,0.279906024,0.0513990292621756,2.42238999,251.17950871640952,12610.0,652.3151922350831,251.1804597577145
2024-06-24 07:38:24,0.279922616,0.0513991574207867,2.42239603,251.1914419883436,12615.0,652.3151922350831,251.1923313523536
2024-06-24 07:38:28,0.279927744,0.051399413738009,2.42240811,251.19427881046602,12619.0,652.3151922350831,251.19511890258465
2024-06-24 07:38:36,0.279928649,0.0513971711744972,2.42230242,251.2041758962621,12627.0,652.3151922350831,251.20491763565016
2024-06-24 07:38:45,0.279938,0.051396914857275,2.42229034,251.212313810644,12636.0,652.3151922350831,251.21294521663685
2024-06-24 07:38:53,0.279956703,0.051398068072592,2.42234469,251.22169005711737,12644.0,652.3151922350831,251.2222236770561
2024-06-24 07:38:57,0.279961228,0.0513980039932865,2.42234167,251.22537947372837,12648.0,652.3151922350831,251.2258643051268
2024-06-24 07:39:06,0.279968166,0.0513974274917195,2.4223145,251.2330168962161,12657.0,652.3151922350831,251.23339221495425
2024-06-24 07:39:14,0.279984456,0.0513974274917195,2.4223145,251.24528178681828,12665.0,652.3151922350831,251.2455600729973
2024-06-24 07:39:19,0.279988981,0.0513974915710251,2.42231752,251.24846149827238,12670.0,652.3151922350831,251.2486792922432
2024-06-24 07:39:27,0.279999237,0.0513976197296362,2.42232356,251.25569733548437,12678.0,652.3151922350831,251.2558185930828
2024-06-24 07:39:36,0.280007985,0.0513963381435249,2.42226316,251.26755528450286,12687.0,652.3151922350831,251.26756831765
2024-06-24 07:39:40,0.280012812,0.0513968507779694,2.42228732,251.26912270748346,12691.0,652.3151922350831,251.26908777275096
2024-06-24 07:39:48,0.280020655,0.0513960820384857,2.42225109,251.2782054155564,12699.0,652.3151922350831,251.2780747942191
2024-06-24 07:39:56,0.28003423,0.0513970430158861,2.42229638,251.28452995370347,12707.0,652.3151922350831,251.28430398520396
2024-06-24 07:40:00,0.280040564,0.0513967226193583,2.42228128,251.29061277315725,12711.0,652.3151922350831,251.29033926108525
2024-06-24 07:40:05,0.280050218,0.0513967866986638,2.4222843,251.2976225291662,12716.0,652.3151922350831,251.29728971167984
2024-06-24 07:40:09,0.280057156,0.0513966585400527,2.42227826,251.30337401531068,12720.0,652.3151922350831,251.30299385406204
2024-06-24 07:40:17,0.280067714,0.0513966585400527,2.42227826,251.31135504772024,12728.0,652.3151922350831,251.31088047176823
2024-06-24 07:40:30,0.280075859,0.0513971711744972,2.42230242,251.3155051625747,12741.0,652.3151922350831,251.31487795798648
2024-06-24 07:40:38,0.280085813,0.0513953130868189,2.42221485,251.33059772702828,12749.0,652.3151922350831,251.3298771004033
2024-06-24 07:40:42,0.280096371,0.0513964022228304,2.42226618,251.3340973018985,12753.0,652.3151922350831,251.33333011147585
2024-06-24 07:40:47,0.280099991,0.0513956975626523,2.42223297,251.33972809713953,12758.0,652.3151922350831,251.3389028421773
2024-06-24 07:40:51,0.280113264,0.0513952490075134,2.42221183,251.35151547776115,12762.0,652.3151922350831,251.35064388467356
2024-06-24 07:40:55,0.280113868,0.0513967866986638,2.4222843,251.34575268662246,12766.0,652.3151922350831,251.34483485749632
2024-06-24 07:40:59,0.280115376,0.0513945441351521,2.42217861,251.3560553601634,12770.0,652.3151922350831,251.35509139818723
2024-06-24 07:41:04,0.280118393,0.0513956334833468,2.42222995,251.35393142931906,12775.0,652.3151922350831,251.35290994806888
2024-06-24 07:41:08,0.280118694,0.0513953771661245,2.42221787,251.35524573635792,12779.0,652.3151922350831,251.35417835846437
2024-06-24 07:41:16,0.280123219,0.0513935190784462,2.4221303,251.3662828122506,12787.0,652.3151922350831,251.36512396250157
2024-06-24 07:41:24,0.280136492,0.0513935831577517,2.42213332,251.3760283053673,12795.0,652.3151922350831,251.37477841971312
2024-06-24 07:41:29,0.280142827,0.0513928782853905,2.4221001,251.38368773071267,12800.0,652.3151922350831,251.38238117293653
2024-06-24 07:41:33,0.28014343,0.0513931346026128,2.42211218,251.3831396530436,12804.0,652.3151922350831,251.38178788412944
2024-06-24 07:41:37,0.280144939,0.0513923658631291,2.42207595,251.38744248552078,12808.0,652.3151922350831,251.3860456191692
2024-06-24 07:41:46,0.280157307,0.0513927501267794,2.42209406,251.39521818411887,12817.0,652.3151922350831,251.39372027000832
2024-06-24 07:41:54,0.28016334,0.0513925581010458,2.42208501,251.4005964498571,12825.0,652.3151922350831,251.39900921371512
2024-06-24 07:42:03,0.280184154,0.0513917250700734,2.42204575,251.41963843706043,12834.0,652.3151922350831,251.417951285656
2024-06-24 07:42:07,0.280185663,0.0513919813872957,2.42205783,251.41976600083763,12838.0,652.3151922350831,251.418034640238
2024-06-24 07:42:15,0.280202857,0.051393390919835,2.42212426,251.42695793322497,12846.0,652.3151922350831,251.42513852488383
2024-06-24 07:42:19,0.280206779,0.0513926862596569,2.42209105,251.43280181905874,12850.0,652.3151922350831,251.43093857441056
2024-06-24 07:42:28,0.280211304,0.0513921736252124,2.42206689,251.43836849567674,12859.0,652.3151922350831,251.4364070836972
2024-06-24 07:42:36,0.280216734,0.0513915328321567,2.42203669,251.44512197256174,12867.0,652.3151922350831,251.44307384885056
2024-06-24 07:42:40,0.280226688,0.0513916609907679,2.42204273,251.45207941187667,12871.0,652.3151922350831,251.4499881287041
2024-06-24 07:42:49,0.28023966,0.0513918532286846,2.42205179,251.46108398455837,12880.0,652.3151922350831,251.4588960785369
2024-06-24 07:42:57,0.280234532,0.05139134059424,2.42202763,251.45942664998418,12888.0,652.3151922350831,251.4571534302238
2024-06-24 07:43:01,0.280251123,0.0513902514582285,2.4219763,251.47630122768382,12892.0,652.3151922350831,251.4739855563364
2024-06-24 07:43:10,0.280251424,0.0513909563305898,2.42200952,251.4737493452643,12901.0,652.3151922350831,251.47133866545607
2024-06-24 07:43:22,0.280263792,0.0513905077754508,2.42198838,251.48494245424519,12913.0,652.3151922350831,251.4824062083807
2024-06-24 07:43:30,0.280282495,0.0513902514582285,2.4219763,251.50004275601464,12921.0,652.3151922350831,251.49742351911405
2024-06-24 07:43:34,0.280284909,0.0513914046735456,2.42203065,251.49718861544108,12925.0,652.3151922350831,251.49452810233112
2024-06-24 07:43:43,0.28029426,0.0513903796168397,2.42198234,251.50844380906278,12934.0,652.3151922350831,251.50569096632717
2024-06-24 07:43:51,0.280302707,0.0513900592203118,2.42196724,251.51614165506487,12942.0,652.3151922350831,251.51330737986316
2024-06-24 07:44:00,0.28031417,0.0513896106651729,2.4219461,251.5266246215921,12951.0,652.3151922350831,251.5236994647892
2024-06-24 07:44:04,0.280316583,0.0513902514582285,2.4219763,251.5258561504209,12955.0,652.3151922350831,251.52289085312344
2024-06-24 07:44:12,0.280327744,0.0513906359340619,2.42199442,251.53270754353852,12963.0,652.3151922350831,251.5296624352506
2024-06-24 07:44:20,0.280333777,0.0513905718547564,2.4219914,251.5375551286886,12971.0,652.3151922350831,251.5344308437148
2024-06-24 07:47:02,0.28050512,0.0513868556793997,2.42181626,251.6821757539264,13133.0,652.3151922350831,251.67759937037684
2024-06-24 07:47:15,0.280512662,0.051387111996622,2.42182834,251.68686831307411,13146.0,652.3151922350831,251.68218915980432
2024-06-24 07:47:27,0.280527141,0.051385510226166,2.42175285,251.70431324403802,13158.0,652.3151922350831,251.6995412123113
2024-06-24 07:47:35,0.280536191,0.0513859585691218,2.42177398,251.70930739030652,13166.0,652.3151922350831,251.7044745150656
2024-06-24 07:47:40,0.280538001,0.051385061671027,2.42173171,251.71435618687306,13171.0,652.3151922350831,251.70948572636823
2024-06-24 07:47:48,0.280548257,0.0513848053538047,2.42171963,251.7231247184404,13179.0,652.3151922350831,251.71819483537217
2024-06-24 07:47:57,0.280557609,0.0513846771951936,2.42171359,251.7307013543783,13188.0,652.3151922350831,251.72570568156505
2024-06-24 07:48:01,0.280561229,0.0513859585691218,2.42177398,251.72820750256548,13192.0,652.3151922350831,251.72318295373563
2024-06-24 07:48:09,0.280568167,0.0513851898296381,2.42173775,251.73658496214324,13200.0,652.3151922350831,251.7315033393095
2024-06-24 07:48:17,0.280576613,0.0513853179882492,2.42174379,251.74242920183795,13208.0,652.3151922350831,251.73729141700937
2024-06-24 07:48:22,0.28058144,0.051384613115888,2.42171057,251.74894656264496,13213.0,652.3151922350831,251.74377414395337
2024-06-24 07:48:30,0.28058687,0.0513842286400546,2.42169245,251.75462739176433,13221.0,652.3151922350831,251.74940031352097
2024-06-24 07:48:38,0.280591395,0.0513837162177932,2.4216683,251.76015325112698,13229.0,652.3151922350831,251.75487245050348
2024-06-24 07:48:43,0.280598031,0.0513837802970988,2.42167132,251.76488357000386,13234.0,652.3151922350831,251.7595696730693
2024-06-24 07:48:51,0.280595316,0.0513823705523763,2.42160488,251.76865963665756,13242.0,652.3151922350831,251.7632935607464
2024-06-24 07:49:03,0.280611606,0.0513823064730707,2.42160186,251.7811705060174,13254.0,652.3151922350831,251.7757279691944
2024-06-24 07:49:12,0.280617941,0.0513818581301149,2.42158073,251.78779006388748,13263.0,652.3151922350831,251.78229162203783
2024-06-24 07:49:16,0.280618242,0.0513819222094205,2.42158375,251.78777792080874,13267.0,652.3151922350831,251.78225503273893
2024-06-24 07:49:24,0.280630007,0.0513822426059483,2.42159885,251.79531005203725,13275.0,652.3151922350831,251.78973901718183
2024-06-24 07:49:28,0.280635135,0.0513798718838254,2.42148712,251.80884193302006,13279.0,652.3151922350831,251.80324720001929
2024-06-24 07:49:37,0.28064509,0.0513823705523763,2.42160488,251.80613492776976,13288.0,652.3151922350831,251.80048779635808
2024-06-24 07:49:49,0.280668016,0.0513817940508093,2.42157771,251.82568792579966,13300.0,652.3151922350831,251.8199729364819
2024-06-24 07:49:57,0.280667111,0.0513821785266427,2.42159583,251.82348619873727,13308.0,652.3151922350831,251.81772725954883
2024-06-24 07:50:02,0.280676764,0.051383011345432,2.42163508,251.82732705333373,13313.0,652.3151922350831,251.8215411741704
2024-06-24 07:50:10,0.280693054,0.0513835239798765,2.42165924,251.83744958036704,13321.0,652.3151922350831,251.8316214500804
2024-06-24 07:50:18,0.280693959,0.0513839725350155,2.42168038,251.83633603386758,13329.0,652.3151922350831,251.8304667106361
2024-06-24 07:50:23,0.280701802,0.0513833317419598,2.42165018,251.84483770038997,13334.0,652.3151922350831,251.83894317326207
2024-06-24 07:50:31,0.280707534,0.0513830754247375,2.4216381,251.85020678806373,13342.0,652.3151922350831,251.84427280836056
2024-06-24 07:50:43,0.280719298,0.0513823064730707,2.42160186,251.86219404620115,13354.0,652.3151922350831,251.8562029228842
2024-06-24 07:50:56,0.280732873,0.051381986288726,2.42158677,251.87370475406462,13367.0,652.3151922350831,251.8676545154475
2024-06-24 07:51:08,0.280747654,0.051383011345432,2.42163508,251.88061698436846,13379.0,652.3151922350831,251.87451478889824
2024-06-24 07:51:20,0.280758816,0.0513821144473372,2.42159281,251.89266961901006,13391.0,652.3151922350831,251.88651800747508
2024-06-24 07:51:33,0.280775407,0.0513826909489041,2.42161998,251.90276429656672,13404.0,652.3151922350831,251.89656205674257
2024-06-24 07:51:41,0.280773295,0.0513828831868208,2.42162904,251.90043071385142,13412.0,652.3151922350831,251.89419883803544
2024-06-24 07:51:46,0.280775407,0.0513809610198369,2.42153845,251.9098761352925,13417.0,652.3151922350831,251.9036263304676
2024-06-24 07:51:54,0.280781138,0.0513800641217421,2.42149618,251.9178495056016,13425.0,652.3151922350831,251.91157197097613
2024-06-24 07:52:06,0.280791998,0.051379487407992,2.421469,251.92836016094404,13437.0,652.3151922350831,251.92204325854107
2024-06-24 07:52:15,0.280806478,0.0513805765440035,2.42152033,251.9347608563878,13446.0,652.3151922350831,251.9284161995553
2024-06-24 07:52:19,0.280806478,0.0513808328612258,2.42153241,251.9337258455356,13450.0,652.3151922350831,251.92736934497492
2024-06-24 07:52:27,0.280807986,0.0513807047026147,2.42152637,251.9353989902514,13458.0,652.3151922350831,251.92901971628172
2024-06-24 07:52:36,0.280828801,0.0513812173370592,2.42155053,251.94888457152692,13467.0,652.3151922350831,251.94248114464816
2024-06-24 07:52:44,0.280823974,0.0513800641217421,2.42149618,251.9500077745173,13475.0,652.3151922350831,251.94358419357272
2024-06-24 07:52:48,0.280833024,0.0513795514872976,2.42147202,251.95887464213538,13479.0,652.3151922350831,251.9524414516151
2024-06-24 07:52:56,0.280839057,0.0513796796459087,2.42147806,251.96287808374151,13487.0,652.3151922350831,251.9564266152261
2024-06-24 07:53:05,0.280844789,0.0513791029321586,2.42145088,251.96953674740269,13496.0,652.3151922350831,251.96306622656664
2024-06-24 07:53:09,0.28085052,0.0513793592493809,2.42146296,251.97278062924886,13500.0,652.3151922350831,251.9663021576183
2024-06-24 07:53:17,0.280864095,0.0513793592493809,2.42146296,251.98294069755656,13508.0,652.3151922350831,251.97644728519364
2024-06-24 07:53:26,0.280860475,0.0513776933996193,2.42138445,251.9870562453928,13517.0,652.3151922350831,251.98054756655847
2024-06-24 07:53:30,0.280866206,0.0513788466149364,2.4214388,251.98663416247007,13521.0,652.3151922350831,251.980119226133
2024-06-24 07:53:39,0.280879479,0.0513796796459087,2.42147806,251.99316318605244,13530.0,652.3151922350831,251.986635365842
2024-06-24 07:53:51,0.280886116,0.0513802563596589,2.42150524,251.99578164290313,13542.0,652.3151922350831,251.98923923976145
2024-06-24 07:54:00,0.280887926,0.0513783982719805,2.42141767,252.0047347960316,13551.0,652.3151922350831,251.99818342095213
2024-06-24 07:54:04,0.280893959,0.0513789747735475,2.42144484,252.00689152232113,13555.0,652.3151922350831,252.00033670468665
2024-06-24 07:54:12,0.280903612,0.0513783982719805,2.42141767,252.0164671999952,13563.0,652.3151922350831,252.009906509978
2024-06-24 07:54:21,0.280912059,0.0513791670114642,2.4214539,252.01964396053438,13572.0,652.3151922350831,252.0130782886875
2024-06-24 07:54:29,0.28092322,0.0513783982719805,2.42141767,252.0311294148883,13580.0,652.3151922350831,252.02456077003083
2024-06-24 07:54:33,0.28092684,0.0513790388528531,2.42144786,252.03121818082275,13584.0,652.3151922350831,252.02464856641072
2024-06-24 07:54:42,0.280931365,0.0513780137961471,2.42139955,252.0387897231941,13593.0,652.3151922350831,252.0322191954561
2024-06-24 07:54:46,0.280934985,0.0513784623512861,2.42142069,252.03966198026237,13597.0,652.3151922350831,252.03309161315195
2024-06-24 07:54:54,0.28093408,0.0513782060340638,2.42140861,252.0400316953654,13605.0,652.3151922350831,252.03346270211003
2024-06-24 07:55:07,0.280947956,0.051377885637536,2.42139351,252.05170626288395,13618.0,652.3151922350831,252.0451425180493
2024-06-24 07:55:19,0.280959721,0.0513780137961471,2.42139955,252.05996712147441,13630.0,652.3151922350831,252.0534115683051
2024-06-24 07:55:27,0.280973597,0.0513786545892028,2.42142975,252.06771141270468,13638.0,652.3151922350831,252.06116312320552
2024-06-24 07:55:32,0.280972089,0.0513773089237859,2.42136633,252.07207910071338,13643.0,652.3151922350831,252.06553608869356
2024-06-24 07:55:40,0.28098144,0.0513778215582304,2.42139049,252.0769629307765,13651.0,652.3151922350831,252.0704295502798
2024-06-24 07:55:44,0.28098506,0.051378334192675,2.42141465,252.07756774794402,13655.0,652.3151922350831,252.07103973402624
2024-06-24 07:55:49,0.280987775,0.0513776293203137,2.42138143,252.08247074124233,13660.0,652.3151922350831,252.0759499544859
2024-06-24 07:55:53,0.28098687,0.0513776293203137,2.42138143,252.08178816324508,13664.0,652.3151922350831,252.07527357492705
2024-06-24 07:56:01,0.28099592,0.0513761557084688,2.42131198,252.09456214631632,13672.0,652.3151922350831,252.08806107153973
2024-06-24 07:56:05,0.28099049,0.0513766683429134,2.42133614,252.08840093415375,13676.0,652.3151922350831,252.081907177042
2024-06-24 07:56:14,0.281004668,0.0513769246601356,2.42134822,252.09793186863342,13685.0,652.3151922350831,252.09145595164884
2024-06-24 07:56:18,0.28100316,0.051375386756802,2.42127574,252.1030831082765,13689.0,652.3151922350831,252.09661573447136
2024-06-24 07:56:26,0.28100135,0.0513750665724573,2.42126065,252.1030209946448,13697.0,652.3151922350831,252.09657184790916
2024-06-24 07:56:39,0.281018243,0.0513740413035682,2.42121233,252.1198061079423,13710.0,652.3151922350831,252.11338984693504
2024-06-24 07:56:47,0.281030912,0.0513746820966239,2.42124253,252.12663318552845,13718.0,652.3151922350831,252.12023918851756
2024-06-24 07:56:51,0.281036946,0.051373784986346,2.42120025,252.1347995585127,13722.0,652.3151922350831,252.1284172765606
2024-06-24 07:56:59,0.281036041,0.051374810255235,2.42124857,252.12990644593071,13730.0,652.3151922350831,252.1235487666631
2024-06-24 07:57:12,0.281052632,0.0513729521675567,2.421161,252.1498615553131,13743.0,652.3151922350831,252.1435472128324
2024-06-24 07:57:20,0.281055649,0.05137275992964,2.42115194,252.15287399439325,13751.0,652.3151922350831,252.14658840320192
2024-06-24 07:57:24,0.281056554,0.05137275992964,2.42115194,252.15353547085377,13755.0,652.3151922350831,252.14726485434736
2024-06-24 07:57:33,0.281064698,0.0513720550572788,2.42111872,252.1624702467805,13764.0,652.3151922350831,252.1562347917581
2024-06-24 07:57:41,0.281070128,0.0513718628193621,2.42110966,252.16728227215253,13772.0,652.3151922350831,252.16107978832656
2024-06-24 07:57:50,0.281086719,0.0513729521675567,2.421161,252.17518943765336,13781.0,652.3151922350831,252.1690259909685
2024-06-24 07:57:54,0.281085513,0.051373208484779,2.42117308,252.1732217162767,13785.0,652.3151922350831,252.16707628401437
2024-06-24 07:58:02,0.281088228,0.0513714144764062,2.42108853,252.1825510812283,13793.0,652.3151922350831,252.17644291155156
2024-06-24 07:58:06,0.281090339,0.0513717987400565,2.42110664,252.1825381318322,13797.0,652.3151922350831,252.1764492129185
2024-06-24 07:58:15,0.281102406,0.0513729521675567,2.421161,252.1867955654399,13806.0,652.3151922350831,252.1807514790254
2024-06-24 07:58:19,0.281100897,0.0513722472951955,2.42112778,252.1885299741595,13810.0,652.3151922350831,252.18250649108933
2024-06-24 07:58:27,0.281112662,0.0513725036124178,2.42113986,252.19623316533733,13818.0,652.3151922350831,252.1902521470988
2024-06-24 07:58:40,0.281121712,0.0513722472951955,2.42112778,252.20397360651134,13831.0,652.3151922350831,252.19806519464672
2024-06-24 07:58:52,0.281132873,0.0513719909779732,2.4211157,252.21329373110595,13843.0,652.3151922350831,252.20745633133424
2024-06-24 07:59:01,0.281134683,0.051371158159184,2.42107645,252.21799771117588,13852.0,652.3151922350831,252.21221610656644
2024-06-24 07:59:09,0.281146448,0.0513721191365844,2.42112174,252.22280937300818,13860.0,652.3151922350831,252.21707920245245
2024-06-24 07:59:13,0.281154291,0.0513717348729341,2.42110363,252.23021753430692,13864.0,652.3151922350831,252.2245137330472
2024-06-24 07:59:22,0.281164246,0.0513728880882512,2.42115798,252.23288004686884,13873.0,652.3151922350831,252.22723717481935
2024-06-24 07:59:26,0.281174804,0.0513739131449571,2.42120629,252.23655057624094,13877.0,652.3151922350831,252.2309354972135
2024-06-24 07:59:34,0.281179027,0.0513735288813068,2.42118818,252.24122221703027,13885.0,652.3151922350831,252.23566404793544
2024-06-24 07:59:43,0.281180837,0.0513721832158899,2.42112476,252.2480143446412,13894.0,652.3151922350831,252.2425223201615
2024-06-24 07:59:47,0.281187775,0.0513717348729341,2.42110363,252.2550046329351,13898.0,652.3151922350831,252.24954273064373
2024-06-24 07:59:55,0.281193809,0.0513720550572788,2.42111872,252.2581433951561,13906.0,652.3151922350831,252.25274308183884
2024-06-24 08:00:08,0.281203462,0.0513713503971007,2.42108551,252.26813831932543,13919.0,652.3151922350831,252.26284193519888
2024-06-24 08:00:16,0.281204668,0.0513712863177951,2.42108249,252.2692356707312,13927.0,652.3151922350831,252.2640056272061
2024-06-24 08:00:25,0.281225784,0.0513723113745011,2.4211308,252.2807486068813,13936.0,652.3151922350831,252.27559538360984
2024-06-24 08:00:29,0.28122126,0.0513714785557118,2.42109155,252.28073993464017,13940.0,652.3151922350831,252.27562160078003
2024-06-24 08:00:37,0.28122126,0.0513703251282116,2.42103719,252.2853887395493,13948.0,652.3151922350831,252.2803415706696
2024-06-24 08:00:46,0.281234533,0.0513717348729341,2.42110363,252.28945919665207,13957.0,652.3151922350831,252.28449430863333
2024-06-24 08:00:50,0.281236644,0.0513719909779732,2.4211157,252.28995180849387,13961.0,652.3151922350831,252.28502424810867
2024-06-24 08:00:58,0.281241169,0.0513698127059502,2.42101304,252.30217255790282,13969.0,652.3151922350831,252.29732105979272
2024-06-24 08:01:07,0.281245996,0.0513698767852558,2.42101606,252.30543080254373,13978.0,652.3151922350831,252.30066712800595
2024-06-24 08:01:11,0.281247202,0.0513689796749778,2.42097378,252.30996420475654,13982.0,652.3151922350831,252.30524033259027
2024-06-24 08:01:19,0.281260777,0.0513708377626561,2.42106135,252.31242616046796,13990.0,652.3151922350831,252.3077833209492
2024-06-24 08:01:28,0.281265905,0.0513703251282116,2.42103719,252.31826414560018,13999.0,652.3151922350831,252.3137147546508
2024-06-24 08:01:32,0.281271938,0.0513708377626561,2.42106135,252.3206334783822,14003.0,652.3151922350831,252.3161264011383
2024-06-24 08:01:41,0.281273145,0.0513693000715057,2.42098888,252.3277326235465,14012.0,652.3151922350831,252.32332251832747
2024-06-24 08:01:49,0.281284306,0.0513692359922001,2.42098586,252.33624999213322,14020.0,652.3151922350831,252.33192814717813
2024-06-24 08:01:53,0.281288228,0.0513705173661283,2.42104625,252.33389193991158,14024.0,652.3151922350831,252.32961495667163
2024-06-24 08:02:02,0.281293055,0.0513700049438669,2.4210221,252.3394950218803,14033.0,652.3151922350831,252.3353207692656
2024-06-24 08:02:06,0.281295468,0.051369107833589,2.42097982,252.34492465082735,14037.0,652.3151922350831,252.34079685568065
2024-06-24 08:02:14,0.281306629,0.051371158159184,2.42107645,252.3447805339095,14045.0,652.3151922350831,252.3407471365468
2024-06-24 08:02:27,0.281310249,0.051370709604045,2.42105531,252.34916504819452,14058.0,652.3151922350831,252.34528928783064
2024-06-24 08:02:35,0.28132322,0.0513692359922001,2.42098586,252.36479432874523,14066.0,652.3151922350831,252.36101820233364
2024-06-24 08:02:39,0.281316282,0.0513677623803552,2.42091641,252.3655901780396,14070.0,652.3151922350831,252.36186462323505
2024-06-24 08:02:48,0.281322316,0.0513683388819222,2.42094358,252.3676251260731,14079.0,652.3151922350831,252.36401520536876
2024-06-24 08:02:56,0.281324125,0.0513678264596608,2.42091943,252.3709704678595,14087.0,652.3151922350831,252.36746549107696
2024-06-24 08:03:05,0.281328349,0.0513673779045218,2.42089829,252.37584423165973,14096.0,652.3151922350831,252.37245975849837
2024-06-24 08:03:09,0.28133227,0.0513672497459107,2.42089225,252.3792458329072,14100.0,652.3151922350831,252.3759157505906
2024-06-24 08:03:17,0.281336192,0.0513678264596608,2.42091943,252.37970620815958,14108.0,652.3151922350831,252.37648645368665
2024-06-24 08:03:26,0.281347655,0.0513683388819222,2.42094358,252.38605092722904,14117.0,652.3151922350831,252.38295776701244
2024-06-24 08:03:30,0.281341622,0.0513682109354942,2.42093755,252.38200761750298,14121.0,652.3151922350831,252.37897156654904
2024-06-24 08:03:39,0.281357006,0.0513689796749778,2.42097378,252.3902301379811,14130.0,652.3151922350831,252.38732449347668
2024-06-24 08:03:47,0.281361833,0.0513685951991444,2.42095566,252.39529471793242,14138.0,652.3151922350831,252.3925072211692
2024-06-24 08:03:51,0.281360928,0.0513673138252162,2.42089527,252.39980517471824,14142.0,652.3151922350831,252.39707754273945
2024-06-24 08:03:59,0.281362436,0.0513682750147997,2.42094057,252.39687536185144,14150.0,652.3151922350831,252.39426904801292
2024-06-24 08:04:12,0.281389284,0.0513682750147997,2.42094057,252.4167444998465,14163.0,652.3151922350831,252.4143398694778
2024-06-24 08:04:20,0.281387776,0.051368082776883,2.42093151,252.41627746943763,14171.0,652.3151922350831,252.4139997638769
2024-06-24 08:04:24,0.281394412,0.05136865927845,2.42095868,252.41881324338644,14175.0,652.3151922350831,252.4165998078553
2024-06-24 08:04:28,0.281391999,0.0513682750147997,2.42094057,252.41851815999715,14179.0,652.3151922350831,252.4163695347164
2024-06-24 08:04:33,0.281392904,0.0513672497459107,2.42089225,252.4233116824913,14184.0,652.3151922350831,252.4212448317709
2024-06-24 08:04:41,0.281398635,0.051367057507994,2.42088319,252.42825081125957,14192.0,652.3151922350831,252.426316566553
2024-06-24 08:04:45,0.281402859,0.0513676342217441,2.42091037,252.4289796060141,14196.0,652.3151922350831,252.4271124826011
2024-06-24 08:04:54,0.281410702,0.0513669934286884,2.42088017,252.43731430671156,14205.0,652.3151922350831,252.435600209456
2024-06-24 08:05:06,0.281415227,0.0513669293493828,2.42087715,252.44075124506722,14217.0,652.3151922350831,252.4392455196288
2024-06-24 08:05:15,0.281417037,0.0513664169271214,2.420853,252.44404361008347,14226.0,652.3151922350831,252.4426974362579
2024-06-24 08:05:19,0.281422768,0.0513654557375379,2.4208077,252.45219332707748,14230.0,652.3151922350831,252.45091897011812
2024-06-24 08:05:27,0.281422466,0.0513654557375379,2.4208077,252.45182223292773,14238.0,652.3151922350831,252.45069318767835
2024-06-24 08:05:36,0.281430913,0.0513642384429153,2.42075033,252.46295768292143,14247.0,652.3151922350831,252.46199479900488
2024-06-24 08:05:40,0.281433025,0.0513657120547602,2.42081978,252.45842553117933,14251.0,652.3151922350831,252.45753741338785
2024-06-24 08:05:44,0.281431818,0.0513653916582323,2.42080468,252.45876023718787,14255.0,652.3151922350831,252.45794745153927
2024-06-24 08:05:48,0.281439058,0.0513634054119429,2.42071107,252.47223382538513,14259.0,652.3151922350831,252.4714969392595
2024-06-24 08:05:57,0.281443583,0.0513650712617045,2.42078958,252.4686197762288,14268.0,652.3151922350831,252.4680557455745
2024-06-24 08:06:01,0.281452331,0.0513654557375379,2.4208077,252.47350725535833,14272.0,652.3151922350831,252.47302097762812
2024-06-24 08:06:09,0.281465302,0.0513664169271214,2.420853,252.4791098023226,14280.0,652.3151922350831,252.4787807513333
2024-06-24 08:06:13,0.28146681,0.0513652634996212,2.42079864,252.48488295284682,14284.0,652.3151922350831,252.4846333784045
2024-06-24 08:06:22,0.28147405,0.0513653916582323,2.42080468,252.48958978602948,14293.0,652.3151922350831,252.4895211465503
2024-06-24 08:06:34,0.281487323,0.0513660965305936,2.4208379,252.4963793293042,14305.0,652.3151922350831,252.49655650936657
2024-06-24 08:06:43,0.281491546,0.0513659683719824,2.42083186,252.49987376195213,14314.0,652.3151922350831,252.50023875655924
2024-06-24 08:06:47,0.281498786,0.0513645588394431,2.42076543,252.51097740129913,14318.0,652.3151922350831,252.51142682284657
2024-06-24 08:06:55,0.281501803,0.051365583896149,2.42081374,252.50886239467204,14326.0,652.3151922350831,252.50948243816944
2024-06-24 08:07:04,0.281506629,0.0513648151566654,2.42077751,252.5154255236796,14335.0,652.3151922350831,252.51624034619792
2024-06-24 08:07:08,0.281510853,0.0513659683719824,2.42083186,252.51377079171047,14339.0,652.3151922350831,252.51467314818316
2024-06-24 08:07:16,0.281522919,0.0513655198168435,2.42081072,252.52445275816683,14347.0,652.3151922350831,252.52553197221368
2024-06-24 08:07:25,0.281528047,0.0513644947601375,2.42076241,252.5322852155587,14356.0,652.3151922350831,252.5335662581418
2024-06-24 08:07:29,0.281532572,0.0513654557375379,2.4208077,252.5316397165545,14360.0,652.3151922350831,252.53301143792103
2024-06-24 08:07:42,0.281532572,0.0513632772533318,2.42070503,252.54026810040517,14373.0,652.3151922350831,252.5419387015324
2024-06-24 08:07:50,0.281542225,0.0513634694912485,2.42071409,252.5465103527669,14381.0,652.3151922350831,252.5483680677215
2024-06-24 08:07:55,0.281547353,0.0513643025222208,2.42075335,252.54681223252123,14386.0,652.3151922350831,252.54878813305737
2024-06-24 08:08:03,0.281551577,0.0513637898877763,2.42072919,252.5518801641253,14394.0,652.3151922350831,252.55404715252627
2024-06-24 08:08:11,0.281559118,0.0513625725931536,2.42067182,252.56231389331592,14402.0,652.3151922350831,252.564674429607
2024-06-24 08:08:15,0.28156485,0.0513626366724592,2.42067484,252.56623926619886,14406.0,652.3151922350831,252.56869750239056
2024-06-24 08:08:24,0.281566056,0.0513638539670819,2.42073221,252.5619296318952,14415.0,652.3151922350831,252.56460995870427
2024-06-24 08:08:32,0.281581139,0.0513639180463874,2.42073523,252.5727439421613,14423.0,652.3151922350831,252.57562432691404
2024-06-24 08:08:37,0.281575408,0.0513633413326373,2.42070805,252.57069656396231,14428.0,652.3151922350831,252.57370325377707
2024-06-24 08:08:41,0.281591094,0.0513647510773598,2.42077449,252.57654442262782,14432.0,652.3151922350831,252.5796528614396
2024-06-24 08:08:45,0.281587474,0.0513632772533318,2.42070503,252.57977649668223,14436.0,652.3151922350831,252.58298731260808
2024-06-24 08:08:53,0.281595619,0.0513636617291652,2.42072315,252.58408366459784,14444.0,652.3151922350831,252.5875011246323
2024-06-24 08:08:58,0.281600446,0.0513632772533318,2.42070503,252.58913822046136,14449.0,652.3151922350831,252.59268611664956
2024-06-24 08:09:06,0.281606479,0.0513628929896815,2.42068692,252.59501336029967,14457.0,652.3151922350831,252.59877201594017
2024-06-24 08:09:10,0.2816104,0.0513627648310704,2.42068088,252.5983640622349,14461.0,652.3151922350831,252.6022290520534
2024-06-24 08:09:14,0.281601049,0.0513629570689871,2.42068994,252.59047748959807,14465.0,652.3151922350831,252.59444945174212
2024-06-24 08:09:19,0.281620355,0.0513606504261698,2.42058123,252.61423417083935,14470.0,652.3151922350831,252.6183407478955
2024-06-24 08:09:27,0.281619148,0.0513622521966258,2.42065672,252.60654736182718,14478.0,652.3151922350831,252.6108714079792
2024-06-24 08:09:31,0.281620355,0.0513613550863479,2.42061444,252.61101801503312,14482.0,652.3151922350831,252.61545176109567
2024-06-24 08:09:40,0.281629103,0.0513616754828757,2.42062954,252.61599619618244,14491.0,652.3151922350831,252.62067912898917
2024-06-24 08:09:52,0.281634231,0.0513612271399199,2.42060841,252.62133125055703,14503.0,652.3151922350831,252.62635154238976
2024-06-24 08:10:00,0.281636041,0.0513612912192254,2.42061143,252.62219371274574,14511.0,652.3151922350831,252.62744217183936
2024-06-24 08:10:05,0.281643281,0.0513610349020032,2.42059935,252.62851412949243,14516.0,652.3151922350831,252.63390652388367
2024-06-24 08:10:13,0.281655046,0.0513607785847809,2.42058727,252.63812953127353,14524.0,652.3151922350831,252.64375435926243
2024-06-24 08:10:17,0.281655046,0.051361483244959,2.42062048,252.63512299689927,14528.0,652.3151922350831,252.6408650310061
2024-06-24 08:10:26,0.281667112,0.0513617395621813,2.42063256,252.6428276841304,14537.0,652.3151922350831,252.64883585237004
2024-06-24 08:10:34,0.281663492,0.0513610989813087,2.42060237,252.64250824450582,14545.0,652.3151922350831,252.64875580019088
2024-06-24 08:10:38,0.281668922,0.0513606504261698,2.42058123,252.64828700529384,14549.0,652.3151922350831,252.6546552549826
2024-06-24 08:10:51,0.28167948,0.0513607145054753,2.42058425,252.65552185037646,14562.0,652.3151922350831,252.66228698108563
2024-06-24 08:10:59,0.281678575,0.0513589845764082,2.42050272,252.66169167036807,14570.0,652.3151922350831,252.6687045670236
2024-06-24 08:11:03,0.281684609,0.0513590486557137,2.42050574,252.66581590769846,14574.0,652.3151922350831,252.6729537006782
2024-06-24 08:11:12,0.2817012,0.0513607145054753,2.42058425,252.67110630263062,14583.0,652.3151922350831,252.6785275913123
2024-06-24 08:11:24,0.281701501,0.0513594331315471,2.42052386,252.67620318863814,14595.0,652.3151922350831,252.6840078338239
2024-06-24 08:11:33,0.281708138,0.051359304972936,2.42051782,252.6814000422169,14604.0,652.3151922350831,252.68949624708625
2024-06-24 08:11:41,0.281708138,0.0513586001005748,2.4204846,252.68402897522992,14612.0,652.3151922350831,252.69238726736995
2024-06-24 08:11:54,0.281722919,0.0513600096331141,2.42055103,252.6888683855988,14625.0,652.3151922350831,252.69765846709788
2024-06-24 08:12:02,0.281724729,0.0513593690522416,2.42052084,252.69257985228901,14633.0,652.3151922350831,252.70163929733403
2024-06-24 08:12:06,0.281730159,0.0513583437833525,2.42047252,252.7007099393691,14637.0,652.3151922350831,252.7099051125685
2024-06-24 08:12:14,0.281733779,0.0513589845764082,2.42050272,252.7005148084847,14645.0,652.3151922350831,252.70998353776164
2024-06-24 08:12:19,0.281731064,0.0513586001005748,2.4204846,252.69988931884,14650.0,652.3151922350831,252.70953044641732
2024-06-24 08:12:27,0.281741622,0.0513587282591859,2.42049064,252.70698038232894,14658.0,652.3151922350831,252.71689963636533
2024-06-24 08:12:31,0.281742829,0.0513579593075191,2.4204544,252.7108971481915,14662.0,652.3151922350831,252.72095652498223
2024-06-24 08:12:39,0.281748862,0.0513571264887298,2.42041515,252.71854260910519,14670.0,652.3151922350831,252.7288843574709
2024-06-24 08:12:52,0.281754292,0.0513579593075191,2.4204544,252.71872159043645,14683.0,652.3151922350831,252.72952826356607
2024-06-24 08:13:00,0.281760627,0.0513559091941072,2.42035778,252.7315797013582,14691.0,652.3151922350831,252.7426762358291
2024-06-24 08:13:04,0.28177028,0.05135770320248,2.42044233,252.73129183856494,14695.0,652.3151922350831,252.74253438061083
2024-06-24 08:13:13,0.281786569,0.0513580874661302,2.42046044,252.74156471011304,14704.0,652.3151922350831,252.75313840315383
2024-06-24 08:13:21,0.281792904,0.0513603941089475,2.42056915,252.73654089030381,14712.0,652.3151922350831,252.7484120119333
2024-06-24 08:13:25,0.281792301,0.0513579593075191,2.4204544,252.74592958690897,14716.0,652.3151922350831,252.75795051081445
2024-06-24 08:13:34,0.281795318,0.0513584078626581,2.42047554,252.7460055259645,14725.0,652.3151922350831,252.7583661659536
2024-06-24 08:13:42,0.281799239,0.05135770320248,2.42044233,252.751523732652,14733.0,652.3151922350831,252.76418944605263
2024-06-24 08:13:50,0.281805272,0.0513578313610911,2.42044837,252.7552012650046,14741.0,652.3151922350831,252.76817498455483
2024-06-24 08:13:55,0.281805876,0.0513562293784519,2.42037287,252.76203234649967,14746.0,652.3151922350831,252.77520006418484
2024-06-24 08:14:03,0.281820054,0.0513568701715076,2.42040307,252.76969242266887,14754.0,652.3151922350831,252.783172936256
2024-06-24 08:14:15,0.28182669,0.0513573828059521,2.42042723,252.77207642114723,14766.0,652.3151922350831,252.7860316865205
2024-06-24 08:14:24,0.28183755,0.0513573828059521,2.42042723,252.77983697189035,14775.0,652.3151922350831,252.79415269812063
2024-06-24 08:14:32,0.281841471,0.05135770320248,2.42044233,252.78113064938364,14783.0,652.3151922350831,252.79576996375908
2024-06-24 08:14:36,0.281847505,0.0513576391231744,2.42043931,252.78574284829085,14787.0,652.3151922350831,252.8005450822687
2024-06-24 08:14:44,0.281847505,0.0513573828059521,2.42042723,252.7864666451167,14795.0,652.3151922350831,252.80159697642537
2024-06-24 08:14:53,0.281862286,0.0513582797040469,2.4204695,252.79346624191163,14804.0,652.3151922350831,252.80896929343487
2024-06-24 08:14:57,0.281866811,0.0513574468852577,2.42043025,252.80010106292346,14808.0,652.3151922350831,252.815770999069
2024-06-24 08:15:05,0.281873749,0.0513573187266465,2.42042421,252.80547923770604,14816.0,652.3151922350831,252.82148522349647
2024-06-24 08:15:14,0.281882799,0.0513584078626581,2.42047554,252.80739495085365,14825.0,652.3151922350831,252.82378263872465
2024-06-24 08:15:18,0.281880687,0.0513580874661302,2.42046044,252.80695972617977,14829.0,652.3151922350831,252.8235183026876
2024-06-24 08:15:26,0.281880687,0.0513575750438688,2.42043629,252.80871878509225,14837.0,652.3151922350831,252.8256214415724
2024-06-24 08:15:35,0.281892452,0.0513574468852577,2.42043025,252.81765187128295,14846.0,652.3151922350831,252.83494529951253
2024-06-24 08:15:43,0.281900597,0.0513575109645633,2.42043327,252.82312902846783,14854.0,652.3151922350831,252.84077309460667
2024-06-24 08:15:55,0.281908138,0.0513571264887298,2.42041515,252.8298145820913,14866.0,652.3151922350831,252.84799042828195
2024-06-24 08:16:04,0.281914473,0.0513570624094243,2.42041213,252.8344115472613,14875.0,652.3151922350831,252.8529908344996
2024-06-24 08:16:08,0.281922919,0.0513589845764082,2.42050272,252.8326566151561,14879.0,652.3151922350831,252.8514164815929
2024-06-24 08:16:16,0.281924126,0.0513579593075191,2.4204544,252.8374042861315,14887.0,652.3151922350831,252.85652766684865
2024-06-24 08:16:20,0.281930461,0.0513580874661302,2.42046044,252.84143255944088,14891.0,652.3151922350831,252.8607388780802
2024-06-24 08:16:28,0.281931366,0.0513566138542853,2.42039099,252.84779049630905,14899.0,652.3151922350831,252.8674650594593
2024-06-24 08:16:32,0.281933779,0.0513566138542853,2.42039099,252.84940967381277,14903.0,652.3151922350831,252.86926954639375
2024-06-24 08:16:41,0.281941622,0.0513580233868247,2.42045742,252.84906838206425,14912.0,652.3151922350831,252.8693481036982
2024-06-24 08:16:49,0.281946147,0.0513590486557137,2.42050574,252.8478666578405,14920.0,652.3151922350831,252.86852296344173
