time,voltage,current,shunt_voltage,temperature,temperature old
2024-03-14 20:59:05,0.170690677,0.0235560876401204,1.11017721,320.8479555201351,320.8479555201351
2024-03-14 20:59:10,0.170926574,0.0235522150857962,1.1099947,321.29493919905366,321.28515718818227
2024-03-14 20:59:14,0.171107268,0.0235477859751194,1.10978596,321.65539222173385,321.6377848837375
2024-03-14 20:59:18,0.17124573,0.0235450655751966,1.10965775,321.92541952731835,321.8999871125081
2024-03-14 20:59:22,0.17146745,0.0235431837230076,1.10956906,322.3233980670021,322.29014082571183
2024-03-14 20:59:26,0.171550104,0.023538184900624,1.10933347,322.5286046142635,322.48752279685
2024-03-14 20:59:31,0.171631552,0.0235365078051564,1.10925443,322.69369218699944,322.64283000153034
2024-03-14 20:59:35,0.171691281,0.0235354324610484,1.10920375,322.8135573309214,322.75487113271447
2024-03-14 20:59:39,0.171758249,0.0235334674330721,1.10911114,322.95620743485705,322.8896974743424
2024-03-14 20:59:43,0.171815565,0.0235332819850156,1.1091024,323.0613271724124,322.9869937000429
2024-03-14 20:59:47,0.171906967,0.0235319505358684,1.10903965,323.2368649932678,323.15470825951854
2024-03-14 20:59:51,0.171943166,0.0235284302055418,1.10887374,323.3473955644249,323.25741581979355
2024-03-14 20:59:56,0.171984795,0.0235285324778109,1.10887856,323.4249903940543,323.3252322381167
2024-03-14 21:00:00,0.172019788,0.02352746371138,1.10882819,323.50382462459714,323.39624402147865
2024-03-14 21:00:04,0.17206021,0.0235273100907931,1.10882095,323.5805698240575,323.4651670243282
2024-03-14 21:00:08,0.172100331,0.0235273484959398,1.10882276,323.65448699623516,323.5312622504873
2024-03-14 21:00:12,0.172154026,0.0235256393608195,1.10874221,323.77214068736714,323.64109424621495
2024-03-14 21:00:17,0.172176651,0.0235238024914543,1.10865564,323.8417638613381,323.7009406533907
2024-03-14 21:00:21,0.172204102,0.0235235463864151,1.10864357,323.8982467211459,323.7496023817569
2024-03-14 21:00:25,0.172230648,0.0235232071055886,1.10862758,323.954239747786,323.7977745276413
2024-03-14 21:00:29,0.172256289,0.0235220678943582,1.10857389,324.01845381525123,323.85416796505854
2024-03-14 21:00:33,0.172284041,0.0235223237872142,1.10858595,324.0692190649228,323.8971128354115
2024-03-14 21:00:37,0.172322051,0.0235214597775047,1.10854523,324.1506226901077,323.970696332029
2024-03-14 21:00:42,0.172344373,0.0235203973765677,1.10849516,324.2103630470912,324.02066188095546
2024-03-14 21:00:46,0.172370618,0.0235202308128099,1.10848731,324.26376766479143,324.06624693435776
2024-03-14 21:00:50,0.172391131,0.0235213829672113,1.10854161,324.2916178347013,324.0862777907915
2024-03-14 21:00:54,0.17240923,0.0235194436133938,1.10845021,324.35306973406057,324.1399106275177
2024-03-14 21:00:58,0.172422503,0.0235196611011031,1.10846046,324.38027288824827,324.1592949699368
2024-03-14 21:01:02,0.172456289,0.0235190402532617,1.1084312,324.4517263259116,324.22292984671753
2024-03-14 21:01:07,0.172473182,0.0235183041899802,1.10839651,324.4984995182293,324.259930190773
2024-03-14 21:01:11,0.172484947,0.0235170818029624,1.1083389,324.5407290950544,324.294341771287
2024-03-14 21:01:15,0.172496108,0.0235171136304321,1.1083404,324.5666870678838,324.3124819987604
2024-03-14 21:01:19,0.172511493,0.0235161600794413,1.10829546,324.6116566739473,324.3496341104444
2024-03-14 21:01:23,0.172522051,0.0235160896346418,1.10829214,324.63785959564126,324.3680197887563
2024-03-14 21:01:27,0.17255463,0.0235155326539229,1.10826589,324.7065477529403,324.42889095369185
2024-03-14 21:01:32,0.172580874,0.0235154558436295,1.10826227,324.76082505269034,324.47339736601424
2024-03-14 21:01:36,0.172588416,0.0235150717921623,1.10824417,324.7858426231516,324.4905985089805
2024-03-14 21:01:40,0.172595354,0.0235145727374382,1.10822065,324.81125925818816,324.5081989676086
2024-03-14 21:01:44,0.172612549,0.0235147070493601,1.10822698,324.84598718093173,324.5351109650512
2024-03-14 21:01:48,0.172631553,0.0235150270215217,1.10824206,324.8814551915149,324.5627633014616
2024-03-14 21:01:53,0.172648446,0.0235143423065579,1.10820979,324.9276186272574,324.59915749766884
2024-03-14 21:01:57,0.172652971,0.0235139005412791,1.10818897,324.94833256615505,324.612056327508
2024-03-14 21:02:01,0.172666546,0.0235123900095694,1.10811778,324.9971056520414,324.6530145555312
2024-03-14 21:02:05,0.172677104,0.0235131901521565,1.10815549,325.0126945999613,324.6607888968038
2024-03-14 21:02:09,0.172689472,0.0235118523375154,1.10809244,325.0573611402607,324.6976410816924
2024-03-14 21:02:14,0.172702745,0.0235130108574108,1.10814704,325.07503915782024,324.7055515083206
2024-03-14 21:02:18,0.172725671,0.0235129149506355,1.10814252,325.1220912528852,324.7447898133311
2024-03-14 21:02:22,0.172731704,0.0235126204404497,1.10812864,325.1435152855172,324.7584003072114
2024-03-14 21:02:26,0.172733816,0.0235110906000751,1.10805654,325.1734994142942,324.7805711485595
2024-03-14 21:02:30,0.1727492,0.0235111737758624,1.10806046,325.2058450148687,324.805103713048
2024-03-14 21:02:34,0.172753725,0.0235117818927159,1.10808912,325.2137521880906,324.80519810154726
2024-03-14 21:02:39,0.172764887,0.0235109369794882,1.1080493,325.25236382306537,324.83404410912874
2024-03-14 21:02:43,0.172790528,0.0235109817501289,1.10805141,325.3022113314207,324.8760793984018
2024-03-14 21:02:47,0.172801086,0.0235114555550604,1.10807374,325.3217738572497,324.8878299565769
2024-03-14 21:02:51,0.172808627,0.0235116028101533,1.10808068,325.34031124852316,324.89855563164457
2024-03-14 21:02:55,0.172814057,0.0235109946932998,1.10805202,325.36456309630864,324.9149960146923
2024-03-14 21:03:00,0.17282009,0.0235101304714072,1.10801129,325.3948962880099,324.9355652291283
2024-03-14 21:03:04,0.172835475,0.0235100986439376,1.10800979,325.42864688372754,324.96150492598366
2024-03-14 21:03:08,0.172840301,0.0235094584874313,1.10797962,325.4522888715504,324.9773362664763
2024-03-14 21:03:12,0.172852368,0.0235100152559671,1.10800586,325.4733419267098,324.9905789258571
2024-03-14 21:03:16,0.172861418,0.0235103418058057,1.10802125,325.4921947757617,325.00162163070195
2024-03-14 21:03:20,0.172873786,0.0235105208883683,1.10802969,325.5183584464007,325.0199754087247
2024-03-14 21:03:25,0.172878612,0.0235099129836979,1.10800104,325.54355940406623,325.0354143544492
2024-03-14 21:03:29,0.172880422,0.0235081720211079,1.10791899,325.5756387125197,325.059684336437
2024-03-14 21:03:33,0.172903047,0.0235091448807636,1.10796484,325.60914278203796,325.0853793311434
2024-03-14 21:03:37,0.172907873,0.0235100536611138,1.10800767,325.6138660733736,325.0822937993403
2024-03-14 21:03:41,0.17291451,0.0235092344220449,1.10796906,325.6427052445528,325.1033243990733
2024-03-14 21:03:45,0.172918431,0.0235091576117515,1.10796544,325.6579643604887,325.1107751952744
2024-03-14 21:03:50,0.172918431,0.0235076343490539,1.10789365,325.68633478117283,325.1293855702887
2024-03-14 21:03:54,0.172924163,0.0235083063330299,1.10792532,325.6954530329481,325.1306960687501
2024-03-14 21:03:58,0.172934721,0.0235078134316165,1.10790209,325.72681991569505,325.15425544995674
2024-03-14 21:04:02,0.172939849,0.0235068853426014,1.10785835,325.7544863528367,325.17411463735056
2024-03-14 21:04:06,0.172944977,0.0235071671217994,1.10787163,325.76736786439926,325.17918915097647
2024-03-14 21:04:10,0.1729492,0.0235070453286822,1.10786589,325.78367778382017,325.18769232429105
2024-03-14 21:04:15,0.172958552,0.0235071798527873,1.10787223,325.8073262315642,325.2015826935668
2024-03-14 21:04:19,0.172962775,0.0235080822676435,1.10791476,325.8111182425913,325.197568525174
2024-03-14 21:04:23,0.172967903,0.023506821475479,1.10785534,325.8428515665745,325.2214959216282
2024-03-14 21:04:27,0.172976048,0.0235067701271613,1.10785292,325.8648147221093,325.2356534015437
2024-03-14 21:04:31,0.172988416,0.0235067380875085,1.10785141,325.89355666872854,325.2565899244716
2024-03-14 21:04:36,0.172989924,0.0235062453982783,1.10782819,325.91184117635095,325.2651180067821
2024-03-14 21:04:40,0.172986908,0.0235067637616674,1.10785262,325.9082990919511,325.25377106559694
2024-03-14 21:04:44,0.172998069,0.0235061940499606,1.10782577,325.94160872311284,325.2792760919612
2024-03-14 21:04:48,0.173006817,0.0235066228720684,1.10784598,325.9587022574728,325.2885652735302
2024-03-14 21:04:52,0.173017677,0.0235065974100927,1.10784478,325.9848578826169,325.306916797908
2024-03-14 21:04:56,0.173021599,0.023506411749853,1.10783603,326.0014469742689,325.3157020408365
2024-03-14 21:05:01,0.17302009,0.0235058484036402,1.10780948,326.01558304008,325.3200836502061
2024-03-14 21:05:05,0.173026425,0.0235067062600389,1.10784991,326.0234204666147,325.32011779517995
2024-03-14 21:05:09,0.173032458,0.0235064692514815,1.10783874,326.0441434427169,325.3330377418231
2024-03-14 21:05:13,0.173049955,0.0235061172396672,1.10782215,326.08531706149813,325.3664085832648
2024-03-14 21:05:17,0.173042715,0.023505464352173,1.10779138,326.0890768770558,325.36236587362043
2024-03-14 21:05:22,0.173046033,0.0235053748108917,1.10778716,326.1054368982037,325.36897309286155
2024-03-14 21:05:26,0.173050256,0.0235054259470263,1.10778957,326.11962901716856,325.37536325399924
2024-03-14 21:05:30,0.173046636,0.0235051380145175,1.107776,326.1249384448455,325.3728709760444
2024-03-14 21:05:34,0.173049351,0.023504670787263,1.10775398,326.142964989472,325.3830960672523
2024-03-14 21:05:38,0.173057496,0.023504805099185,1.10776031,326.1626548481498,325.3949847247424
2024-03-14 21:05:43,0.173077406,0.0235064308463348,1.10783693,326.1855963981931,325.4081751280273
2024-03-14 21:05:47,0.173075294,0.0235051636886764,1.10777721,326.2053884930298,325.42016658925974
2024-03-14 21:05:51,0.173075897,0.0235049139491312,1.10776544,326.2172456873599,325.4242234022734
2024-03-14 21:05:55,0.173074992,0.0235042035600085,1.10773196,326.23223274473503,325.4314103306373
2024-03-14 21:05:59,0.173080121,0.023505195516146,1.10777871,326.23641869582025,325.42779640503386
2024-03-14 21:06:03,0.173086455,0.0235050100680895,1.10776997,326.25700976419273,325.4405878490576
2024-03-14 21:06:08,0.173089472,0.0235042931012898,1.10773618,326.2805427725056,325.4543716818137
2024-03-14 21:06:12,0.173095505,0.0235048371388377,1.10776182,326.2917087639349,325.4577386167219
2024-03-14 21:06:16,0.173090377,0.0235046387476102,1.10775247,326.2934153275496,325.4516463762115
2024-03-14 21:06:20,0.173100935,0.0235043315064365,1.10773799,326.3225138438156,325.4729463407651
2024-03-14 21:06:24,0.173102745,0.0235043251409426,1.10773769,326.333397148852,325.47603134651894
2024-03-14 21:06:28,0.17310727,0.0235049971249185,1.10776936,326.3404908302483,325.4753269810797
2024-03-14 21:06:33,0.173111493,0.0235040435739277,1.10772442,326.36892164226055,325.4940105895766
2024-03-14 21:06:37,0.173122353,0.0235045746683047,1.10774945,326.38826307318436,325.50555454173207
2024-03-14 21:06:41,0.173116621,0.023504401951236,1.10774131,326.3886506872089,325.49814492949
2024-03-14 21:06:45,0.17311813,0.023504133115209,1.10772864,326.40224444173276,325.50394171026574
2024-03-14 21:06:49,0.173124163,0.0235028400712086,1.1076677,326.4358890933797,325.5297896406996
2024-03-14 21:06:53,0.173116621,0.023503192083023,1.10768429,326.4268464223851,325.5129505010438
2024-03-14 21:06:58,0.173127481,0.023503454553556,1.10769666,326.4514231755156,325.527782023524
2024-03-14 21:07:02,0.173125369,0.0235028914195263,1.10767012,326.4626020326482,325.53116498029755
2024-03-14 21:07:06,0.173125369,0.023503192083023,1.10768429,326.46671793053855,325.5274852304343
2024-03-14 21:07:10,0.173127481,0.0235032754709935,1.10768822,326.4770018345964,325.52997373936074
2024-03-14 21:07:14,0.173137134,0.0235031473123823,1.10768218,326.5024038866294,325.5475806489004
2024-03-14 21:07:19,0.173140452,0.0235033393381159,1.10769123,326.5153099857132,325.5507431751652
2024-03-14 21:07:23,0.173150407,0.0235041842513436,1.10773105,326.52930312106344,325.556941736518
2024-03-14 21:07:27,0.173147692,0.023503870644676,1.10771627,326.53642500631054,325.5562693004589
2024-03-14 21:07:31,0.17315825,0.0235044530873706,1.10774372,326.55463166412875,325.5666818896782
2024-03-14 21:07:35,0.173152217,0.023503064136595,1.10767826,326.5694029598502,325.57365936952414
2024-03-14 21:07:40,0.173150709,0.0235025778128587,1.10765534,326.5825923557561,325.5771068510024
2024-03-14 21:07:44,0.173154329,0.0235030257314482,1.10767645,326.59091736690715,325.5776386149641
2024-03-14 21:07:48,0.173164887,0.023504133115209,1.10772864,326.6026970777551,325.5816253313982
2024-03-14 21:07:52,0.173160965,0.0235030450401132,1.10767736,326.61729260117335,325.5884281131938
2024-03-14 21:07:56,0.173163379,0.023503057771101,1.10767796,326.62894015477303,325.5922831779778
2024-03-14 21:08:00,0.173158552,0.0235021937613915,1.10763724,326.6392891668788,325.5948399540908
2024-03-14 21:08:05,0.173162775,0.023502392152619,1.10764659,326.65361719365086,325.59942804142776
2024-03-14 21:08:09,0.1731673,0.0235018735770468,1.10762215,326.6752764319683,325.6132956126611
2024-03-14 21:08:13,0.173168507,0.0235030384624361,1.10767705,326.67081207535597,325.60103984183826
2024-03-14 21:08:17,0.173174238,0.0235026225834993,1.10765745,326.6932170170845,325.6156536222456
2024-03-14 21:08:21,0.173170317,0.0235023153423256,1.10764297,326.6982544074,325.61290010414456
2024-03-14 21:08:26,0.17317092,0.0235013422704868,1.10759711,326.72090846204287,325.62581587893754
2024-03-14 21:08:30,0.17317635,0.0235018481150711,1.10762095,326.731527978151,325.6286450557211
2024-03-14 21:08:34,0.173174238,0.0235020401408047,1.10763,326.7334576176693,325.62278460886955
2024-03-14 21:08:38,0.17317997,0.0235022448975261,1.10763965,326.7482647982846,325.629801956085
2024-03-14 21:08:42,0.173170618,0.023500920026056,1.10757721,326.7567365405561,325.6304841179417
2024-03-14 21:08:46,0.173176048,0.0235008111761098,1.10757208,326.7748817042205,325.64083995419185
2024-03-14 21:08:51,0.173182986,0.023501713590966,1.10761461,326.7850968239735,325.6413187704815
2024-03-14 21:08:55,0.173183891,0.0235022896681668,1.10764176,326.7873357178716,325.6357689062712
2024-03-14 21:08:59,0.173188416,0.0235025137335531,1.10765232,326.7998994398109,325.64054412315136
2024-03-14 21:09:03,0.173195656,0.0235027698385922,1.10766439,326.8165816550256,325.6494380863711
2024-03-14 21:09:07,0.173195354,0.0235024816939003,1.10765081,326.82739605809746,325.65246449052705
2024-03-14 21:09:11,0.173198974,0.023502660988646,1.10765926,326.8390033505023,325.6562840371101
2024-03-14 21:09:16,0.173201388,0.0235028914195263,1.10767012,326.84992715803986,325.6574735183061
2024-03-14 21:09:20,0.173205309,0.0235024625974185,1.10764991,326.8694803722578,325.66923955621746
2024-03-14 21:09:24,0.173201388,0.0235030961762477,1.10767977,326.8629940909537,325.6549663517486
2024-03-14 21:09:28,0.173193846,0.0235015472393913,1.10760677,326.87721569598574,325.66140128677233
2024-03-14 21:09:32,0.173192338,0.0235007407313103,1.10756876,326.89237273837335,325.66877191232254
2024-03-14 21:09:36,0.173192941,0.0235007280003225,1.10756816,326.9013168290027,325.66992983930004
2024-03-14 21:09:41,0.173197466,0.0235026416799811,1.10765835,326.89513413132886,325.6540147931256
2024-03-14 21:09:45,0.173204404,0.0235018224409123,1.10761974,326.9244799119997,325.67557497986485
2024-03-14 21:09:49,0.173201388,0.0235025521386998,1.10765413,326.9183182493009,325.66162797646666
2024-03-14 21:09:53,0.173202293,0.0235024241922718,1.1076481,326.929173809544,325.66469844925706
2024-03-14 21:09:57,0.173210136,0.0235028273402207,1.1076671,326.94505380486635,325.67279361038754
2024-03-14 21:10:02,0.173198371,0.023501444754939,1.10760194,326.952166224025,325.6701753429761
2024-03-14 21:10:06,0.173203499,0.0235012336327237,1.10759199,326.9710570505723,325.6812819052203
2024-03-14 21:10:10,0.173208326,0.0235018928857118,1.10762306,326.97878842428867,325.6812292679403
2024-03-14 21:10:14,0.173213756,0.0235026416799811,1.10765835,326.986424975461,325.6810820614372
2024-03-14 21:10:18,0.173218884,0.0235030384624361,1.10767705,326.9978701015479,325.68474368318346
2024-03-14 21:10:22,0.173219186,0.0235033906864336,1.10769365,327.0018419353908,325.6809322660344
2024-03-14 21:10:27,0.173225822,0.0235032370658467,1.10768641,327.0244778278993,325.69383945109564
2024-03-14 21:10:31,0.173215264,0.0235021744527266,1.10763633,327.02773055368925,325.6893094959788
2024-03-14 21:10:35,0.173218281,0.0235014895255797,1.10760405,327.04891443728775,325.7027109520643
2024-03-14 21:10:39,0.173223107,0.0235022321665382,1.10763905,327.0556204484057,325.7016347890764
2024-03-14 21:10:43,0.173220392,0.0235026930282988,1.10766077,327.0532471126655,325.6914795326512
2024-03-14 21:10:48,0.173218281,0.0235025905438465,1.10765594,327.0607215948663,325.68922697039
2024-03-14 21:10:52,0.173220995,0.0235029873263015,1.10767464,327.06815342310085,325.68887744818653
2024-03-14 21:10:56,0.173224917,0.0235029489211548,1.10767283,327.0829214933428,325.69586442145544
2024-03-14 21:11:00,0.173223409,0.0235024753284064,1.10765051,327.09399653054317,325.6991586151612
2024-03-14 21:11:04,0.17322009,0.0235029489211548,1.10767283,327.09046254647336,325.68784404108857
2024-03-14 21:11:09,0.173223409,0.0235025841783526,1.10765564,327.1101694541301,325.69782556773487
2024-03-14 21:11:13,0.173230347,0.023502110373421,1.10763331,327.13528062052956,325.7151567145367
2024-03-14 21:11:17,0.17322914,0.0235031793520351,1.10768369,327.12796291666723,325.70005924461174
2024-03-14 21:11:21,0.173227934,0.0235021680872327,1.10763603,327.14612349944105,325.710440314871
2024-03-14 21:11:25,0.173231855,0.0235032625278225,1.10768761,327.1470142218316,325.7035517783083
2024-03-14 21:11:29,0.173230649,0.023503467496727,1.10769727,327.15027925478023,325.6990378058778
2024-03-14 21:11:34,0.173230045,0.0235031793520351,1.10768369,327.1625278136649,325.7015629646474
2024-03-14 21:11:38,0.173230347,0.0235025969093405,1.10765624,327.17794116565005,325.7091978818432
2024-03-14 21:11:42,0.173229442,0.0235036595224606,1.10770632,327.1712022572293,325.6946807922494
2024-03-14 21:11:46,0.173224314,0.0235016111065138,1.10760978,327.19554620330814,325.71124681078464
2024-03-14 21:11:50,0.173228235,0.0235021487785678,1.10763512,327.2032540184,325.71117695197483
2024-03-14 21:11:54,0.173228839,0.0235015983755259,1.10760918,327.2187763302813,325.7189218436092
2024-03-14 21:11:59,0.173228537,0.0235027248557685,1.10766227,327.21419931016834,325.7046234049091
2024-03-14 21:12:03,0.173231855,0.0235026032748344,1.10765654,327.2289783846561,325.7116256299197
2024-03-14 21:12:07,0.17323095,0.0235022128578733,1.10763814,327.2400328369503,325.7149034864326
2024-03-14 21:12:11,0.173232157,0.0235028016660619,1.10766589,327.24260338537425,325.7096976927836
2024-03-14 21:12:15,0.173226425,0.0235022896681668,1.10764176,327.2471256395625,325.7064438586199
2024-03-14 21:12:19,0.173235475,0.0235031218504066,1.10768098,327.2597471228155,325.7112895072541
2024-03-14 21:12:24,0.173230649,0.023501841537394,1.10762064,327.27712825520956,325.7189512032062
2024-03-14 21:12:28,0.173227632,0.0235024112491008,1.10764749,327.27291272855723,325.70696041288045
2024-03-14 21:12:32,0.173235777,0.0235031602555533,1.10768279,327.2850482789274,325.7113209533504
2024-03-14 21:12:36,0.173232459,0.0235033138761402,1.10769003,327.2854285996952,325.7039265180037
2024-03-14 21:12:40,0.173228839,0.0235023089768317,1.10764267,327.2994951410001,325.7102185569919
2024-03-14 21:12:45,0.173231554,0.0235025073680592,1.10765202,327.3112944434488,325.71230008846624
2024-03-14 21:12:49,0.173237285,0.0235036979276073,1.10770813,327.3140101058814,325.70724181967125
2024-03-14 21:12:53,0.173235475,0.0235035697689962,1.10770209,327.32034590341044,325.7058039398097
2024-03-14 21:12:57,0.173232459,0.0235034354570742,1.10769576,327.32475295786804,325.7024375707257
2024-03-14 21:13:01,0.173235777,0.0235029041505142,1.10767072,327.3445460654282,325.71445750860494
2024-03-14 21:13:05,0.173233665,0.0235040754013974,1.10772592,327.334466000624,325.6966045279926
2024-03-14 21:13:10,0.173234268,0.0235031473123823,1.10768218,327.35654941776244,325.7089721573972
2024-03-14 21:13:14,0.173230045,0.023502526464541,1.10765292,327.36490843404573,325.7095588291289
2024-03-14 21:13:18,0.173231855,0.0235030066349665,1.10767555,327.3698073322293,325.7066856366717
2024-03-14 21:13:22,0.173227632,0.0235033713777687,1.10769274,327.3660955783595,325.6952020460837
2024-03-14 21:13:26,0.173231252,0.0235031409468884,1.10768188,327.3827039295608,325.70403881450085
2024-03-14 21:13:31,0.173231554,0.023502270571685,1.10764086,327.40357949219793,325.71520025577007
2024-03-14 21:13:35,0.17322733,0.0235029425556609,1.10767253,327.39610198366876,325.69995173585056
2024-03-14 21:13:39,0.173224615,0.023502936190167,1.10767223,327.3994395412685,325.6955185360314
2024-03-14 21:13:43,0.173229442,0.0235022321665382,1.10763905,327.4238527622191,325.7121612535457
2024-03-14 21:13:47,0.173219789,0.0235017647271006,1.10761702,327.42130801200415,325.7018462538886
2024-03-14 21:13:52,0.173223107,0.0235028016660619,1.10766589,327.42383452496335,325.6946603122417
2024-03-14 21:13:56,0.173225822,0.0235019633305112,1.10762638,327.44638256773055,325.7094386770946
2024-03-14 21:14:00,0.173229442,0.023502660988646,1.10765926,327.45162265235774,325.7069093378382
2024-03-14 21:14:04,0.173233665,0.023502916881502,1.10767132,327.463274799983,325.71079231562163
2024-03-14 21:14:08,0.173224012,0.0235028016660619,1.10766589,327.45641543928457,325.696164039134
2024-03-14 21:14:12,0.173226425,0.0235029489211548,1.10767283,327.4663901252608,325.6983700633848
2024-03-14 21:14:17,0.173229442,0.0235030514056071,1.10767766,327.4798584801347,325.70212794839586
2024-03-14 21:14:21,0.173224615,0.0235038195085414,1.10771386,327.4702001703197,325.684701548539
2024-03-14 21:14:25,0.173230347,0.0235034161484093,1.10769485,327.49243130302506,325.69916484530177
2024-03-14 21:14:29,0.173222504,0.0235027121247806,1.10766167,327.4957889750608,325.69475493550493
2024-03-14 21:14:33,0.173227632,0.023503326607128,1.10769063,327.504551678957,325.6957503116894
2024-03-14 21:14:37,0.173225219,0.0235033138761402,1.10769003,327.5084653606865,325.69189691983865
2024-03-14 21:14:42,0.173230649,0.0235038065653704,1.10771325,327.5211624932905,325.69488556785603
2024-03-14 21:14:46,0.173229744,0.0235026096403283,1.10765684,327.5420834395252,325.70804001234524
2024-03-14 21:14:50,0.173216772,0.0235031729865412,1.10768339,327.52139681730387,325.6795871425445
2024-03-14 21:14:54,0.173219789,0.0235020271976337,1.10762939,327.5482074092927,325.69863174113016
2024-03-14 21:14:58,0.173228235,0.0235035313638495,1.10770028,327.5515861651048,325.6942447577263
2024-03-14 21:15:02,0.173219186,0.0235026930282988,1.10766077,327.554582554314,325.6894756619167
2024-03-14 21:15:07,0.173214057,0.0235028080315558,1.10766619,327.55435848455215,325.6795450933621
2024-03-14 21:15:11,0.17322009,0.0235028464367025,1.107668,327.5716773734097,325.68909906918265
2024-03-14 21:15:15,0.173213152,0.0235014320239512,1.10760134,327.5852354061098,325.6948924430764
2024-03-14 21:15:19,0.173219789,0.0235027184902745,1.10766197,327.58827315211,325.6901657845113
2024-03-14 21:15:23,0.173206516,0.0235021744527266,1.10763633,327.58064515321,325.6747736352971
2024-03-14 21:15:27,0.173211946,0.023502520099047,1.10765262,327.5931988555422,325.6795634415762
2024-03-14 21:15:32,0.173217677,0.023502795300568,1.10766559,327.6090558289775,325.68571590251537
2024-03-14 21:15:36,0.173217074,0.023502929824673,1.10767193,327.6141698588859,325.6830666084949
2024-03-14 21:15:40,0.173210136,0.0235030384624361,1.10767705,327.6090746768894,325.6702083568635
2024-03-14 21:15:44,0.173204706,0.0235023473819784,1.10764448,327.61627761243295,325.6696484770755
2024-03-14 21:15:48,0.173204404,0.0235024625974185,1.10764991,327.6221275040067,325.667735807631
2024-03-14 21:15:52,0.173210437,0.0235026353144872,1.10765805,327.6377992034089,325.67564520033835
2024-03-14 21:15:57,0.173207421,0.0235028721108614,1.10766921,327.63959073849225,325.6677342097097
2024-03-14 21:16:01,0.173211041,0.0235030384624361,1.10767705,327.65133033182053,325.6717120686056
2024-03-14 21:16:05,0.173211946,0.0235031602555533,1.10768279,327.65910413669593,325.6717243934032
2024-03-14 21:16:09,0.173209834,0.0235031345813945,1.10768158,327.6636705473367,325.6685295783305
2024-03-14 21:16:14,0.173207722,0.0235024625974185,1.10764991,327.6780911420153,325.6732489985813
2024-03-14 21:16:18,0.173202896,0.023503736332754,1.10770994,327.66223652464225,325.6496337278488
2024-03-14 21:16:22,0.173211644,0.0235029809608076,1.10767434,327.6937813108593,325.6734181151015
2024-03-14 21:16:26,0.173203499,0.0235025712351816,1.10765503,327.6930251019352,325.66490176161744
2024-03-14 21:16:30,0.173194148,0.0235026993937927,1.10766107,327.6836782269134,325.6477949964493
2024-03-14 21:16:34,0.173193846,0.0235026930282988,1.10766077,327.6910140107571,325.64737114456966
2024-03-14 21:16:39,0.173198974,0.0235021937613915,1.10763724,327.7153473025097,325.6620052494644
2024-03-14 21:16:43,0.173195656,0.0235019056166996,1.10762366,327.721121498313,325.6600203820296
2024-03-14 21:16:47,0.173197164,0.0235027314334455,1.10766258,327.7212739203661,325.6524139952974
2024-03-14 21:16:51,0.173197768,0.023502788935074,1.10766529,327.7293319856041,325.652713506212
2024-03-14 21:16:55,0.173191433,0.0235026162180054,1.10765715,327.72867904139355,325.6443022621488
2024-03-14 21:17:00,0.173197164,0.0235021937613915,1.10763724,327.7530720140865,325.6589977178893
2024-03-14 21:17:04,0.173195354,0.0235034225139033,1.10769515,327.74277700300513,325.6409449795474
2024-03-14 21:17:08,0.173195656,0.0235030961762477,1.10767977,327.7550318622612,325.64544236604274
2024-03-14 21:17:12,0.173196259,0.0235030705020889,1.10767856,327.76410534194605,325.6467586274756
2024-03-14 21:17:16,0.173187511,0.0235026289489932,1.10765775,327.7627333835737,325.6376297053686
2024-03-14 21:17:20,0.173200483,0.0235042355996613,1.10773347,327.77237222529817,325.6395118378846
2024-03-14 21:17:25,0.173202896,0.0235049971249185,1.10776936,327.7767535800037,325.63419766402
2024-03-14 21:17:29,0.173195053,0.0235042419651552,1.10773377,327.78072425228464,325.63041219980784
2024-03-14 21:17:33,0.173197466,0.0235044914925173,1.10774553,327.7894343225091,325.6313663880933
2024-03-14 21:17:37,0.173191735,0.023503729755077,1.10770963,327.79699391388914,325.63117035209694
2024-03-14 21:17:41,0.173190528,0.0235028464367025,1.107668,327.8135586829714,325.6399797483739
2024-03-14 21:17:45,0.173187813,0.0235040435739277,1.10772442,327.8021460808458,325.6208120280226
2024-03-14 21:17:50,0.173184193,0.0235042099255025,1.10773226,327.8037886116455,325.61276101905526
2024-03-14 21:17:54,0.173183891,0.0235038258740353,1.10771416,327.81574301891027,325.6169608809287
2024-03-14 21:17:58,0.17318359,0.0235037042931012,1.10770843,327.82448564619517,325.6179492174288
2024-03-14 21:18:02,0.173185098,0.0235042546961431,1.10773437,327.8280070200019,325.61371655506554
2024-03-14 21:18:06,0.17318178,0.0235041778858497,1.10773075,327.83118839151143,325.60914414502787
2024-03-14 21:18:10,0.173180573,0.0235039601859572,1.10772049,327.83960159166656,325.6098038182668
2024-03-14 21:18:15,0.17317454,0.0235035890776611,1.107703,327.84381247807454,325.60432315411686
2024-03-14 21:18:19,0.173173937,0.0235046898837448,1.10775488,327.8370883253674,325.5898460474428
2024-03-14 21:18:23,0.173174842,0.023503864279182,1.10771597,327.8564509345011,325.6014559572666
2024-03-14 21:18:27,0.173167602,0.0235042994667837,1.10773648,327.84684732016785,325.5840998982886
2024-03-14 21:18:31,0.173170618,0.0235044787615294,1.10774493,327.8574156972928,325.5869160854416
2024-03-14 21:18:36,0.173174842,0.0235041074410502,1.10772743,327.87866878517565,325.598479294005
2024-03-14 21:18:40,0.173166998,0.0235045108011822,1.10774644,327.86845067751625,325.58050956941617
2024-03-14 21:18:44,0.1731673,0.0235032241226758,1.1076858,327.89245403230854,325.59676156197696
2024-03-14 21:18:48,0.173167903,0.0235038579136881,1.10771567,327.89344854486285,325.59000496700554
2024-03-14 21:18:52,0.173166998,0.0235043315064365,1.10773799,327.8938986416273,325.5827042109576
2024-03-14 21:18:56,0.173163379,0.0235033586467808,1.10769214,327.9075450613235,325.58860003256245
2024-03-14 21:19:01,0.173158552,0.023503601808649,1.1077036,327.9062364002445,325.57760348208194
2024-03-14 21:19:05,0.17316006,0.0235035890776611,1.107703,327.91664777707433,325.58026483396986
2024-03-14 21:19:09,0.173155837,0.023503595443155,1.1077033,327.9173031888283,325.5731704755273
2024-03-14 21:19:13,0.173157647,0.0235029489211548,1.10767283,327.93597402922103,325.5840918004758
2024-03-14 21:19:17,0.173163982,0.0235051636886764,1.10777721,327.927139033602,325.56750754417254
2024-03-14 21:19:22,0.173153725,0.0235037490637419,1.10771054,327.93709877694783,325.56778106993033
2024-03-14 21:19:26,0.173142564,0.0235041522116908,1.10772954,327.92136964888385,325.5443032544185
2024-03-14 21:19:30,0.173144676,0.023503864279182,1.10771597,327.9361510655052,325.55133623837526
2024-03-14 21:19:34,0.173144072,0.0235031152727295,1.10768067,327.9520633797892,325.5595003747851
2024-03-14 21:19:38,0.173140452,0.0235029105160081,1.10767102,327.9563028367333,325.55599190865263
2024-03-14 21:19:42,0.173142564,0.0235027377989395,1.10766288,327.96967377494354,325.5616151785909
2024-03-14 21:19:47,0.173134118,0.0235027184902745,1.10766197,327.9655609705714,325.5478181472083
2024-03-14 21:19:51,0.173143469,0.0235039667636343,1.1077208,327.97356645717497,325.54807653887565
2024-03-14 21:19:55,0.173144072,0.0235038963188348,1.10771748,327.9831773289573,325.5499405705487
2024-03-14 21:19:59,0.173141056,0.0235043571805954,1.1077392,327.9802726363489,325.539289292665
2024-03-14 21:20:03,0.173136531,0.0235041715203557,1.10773045,327.9827732516534,325.5340435775349
2024-03-14 21:20:08,0.173138944,0.0235043506029183,1.10773889,327.9942731248865,325.53586089610457
2024-03-14 21:20:12,0.173129291,0.0235041778858497,1.10773075,327.98809496465606,325.5219369788556
2024-03-14 21:20:16,0.173127481,0.023504549206329,1.10774825,327.98828924458405,325.5143857566273
2024-03-14 21:20:20,0.173127481,0.023503601808649,1.1077036,328.00762859091077,325.52597985566666
2024-03-14 21:20:24,0.173127783,0.0235047860027032,1.10775941,328.00138349115383,325.511989763498
2024-03-14 21:20:28,0.173123559,0.0235038899533409,1.10771718,328.0130757770082,325.51593731182254
2024-03-14 21:20:33,0.173122655,0.0235035827121672,1.1077027,328.0250143679031,325.5181953392427
2024-03-14 21:20:37,0.173120543,0.0235034354570742,1.10769576,328.03105161834037,325.516488425658
2024-03-14 21:20:41,0.173127179,0.0235044978580112,1.10774583,328.0368194842331,325.51451238243146
2024-03-14 21:20:45,0.173115716,0.0235042483306492,1.10773407,328.02857192470265,325.4985211686908
2024-03-14 21:20:49,0.173125369,0.0235047666940382,1.1077585,328.0460096291606,325.5082154738537
2024-03-14 21:20:53,0.173122956,0.0235050034904125,1.10776966,328.0468462624059,325.5013089627254
2024-03-14 21:20:58,0.173119336,0.0235043251409426,1.10773769,328.0588114222013,325.5035955505465
2024-03-14 21:21:02,0.173119638,0.0235041906168375,1.10773135,328.0687019233213,325.5057434808885
2024-03-14 21:21:06,0.173114208,0.0235057524968649,1.10780496,328.04831186852994,325.47761111026034
2024-03-14 21:21:10,0.173104857,0.0235031536778763,1.10768248,328.0723175729865,325.4938747538274
2024-03-14 21:21:14,0.173106667,0.02350346091905,1.10769696,328.07930693113207,325.4931223060367
2024-03-14 21:21:18,0.173102443,0.0235037811033947,1.10771205,328.0761125984521,325.4821864223794
2024-03-14 21:21:23,0.173103348,0.0235040626704095,1.10772532,328.0838474771446,325.4802447208955
2024-03-14 21:21:27,0.173100633,0.023503870644676,1.10771627,328.08942733353626,325.4780835999891
2024-03-14 21:21:31,0.173100633,0.0235043762770772,1.1077401,328.0909812646539,325.47189680878665
2024-03-14 21:21:35,0.173100633,0.0235038195085414,1.10771386,328.1055342269274,325.4787093037237
2024-03-14 21:21:39,0.173098522,0.0235041010755562,1.10772713,328.1063219751297,325.4717568395788
2024-03-14 21:21:44,0.173091584,0.0235039731291282,1.1077211,328.1060354811212,325.46179543872364
2024-03-14 21:21:48,0.17309098,0.0235044210477178,1.10774221,328.10729134411474,325.45531166311633
2024-03-14 21:21:52,0.17308917,0.0235041522116908,1.10772954,328.1153127662692,325.45559370167734
2024-03-14 21:21:56,0.173095505,0.0235044467218767,1.10774342,328.1299735016233,325.4625153084509
2024-03-14 21:22:00,0.173089472,0.0235045108011822,1.10774644,328.12690526215005,325.4517081954153
2024-03-14 21:22:05,0.173093695,0.0235046323821163,1.10775217,328.14210698304225,325.4572366829821
2024-03-14 21:22:09,0.173081629,0.0235036338483017,1.10770511,328.14201564784867,325.4494070480368
2024-03-14 21:22:13,0.173084947,0.0235040947100623,1.10772683,328.1496277541612,325.44928110963303
2024-03-14 21:22:17,0.173078914,0.0235035761344901,1.10770239,328.1536868270545,325.4456023928508
2024-03-14 21:22:21,0.173078009,0.0235042483306492,1.10773407,328.1516969691606,325.43587500032737
2024-03-14 21:22:26,0.173077406,0.0235045426286519,1.10774794,328.15676636881864,325.4312728403645
2024-03-14 21:22:30,0.173079819,0.023505195516146,1.10777871,328.16052517807145,325.42729468885966
2024-03-14 21:22:34,0.173082835,0.0235055157004907,1.1077938,328.16935556353206,325.4283883686252
2024-03-14 21:22:38,0.173073484,0.0235042099255025,1.10773226,328.17753073927145,325.42882709373674
2024-03-14 21:22:42,0.173079517,0.0235054132160385,1.10778897,328.18056971571883,325.4241298746286
2024-03-14 21:22:46,0.173071372,0.023504805099185,1.10776031,328.1822131945007,325.4180374129322
2024-03-14 21:22:51,0.173066546,0.0235050291645713,1.10777087,328.18112428598766,325.4072789375311
2024-03-14 21:22:55,0.173062021,0.0235038195085414,1.10771386,328.1961393602392,325.4145586452457
2024-03-14 21:22:59,0.173065339,0.0235051123403587,1.10777479,328.19357212955725,325.40425630311967
2024-03-14 21:23:03,0.173064736,0.0235047475975565,1.1077576,328.2047668296802,325.4077161468959
2024-03-14 21:23:07,0.173065038,0.0235050868783829,1.10777359,328.2088529833432,325.4040676993144
2024-03-14 21:23:11,0.173059004,0.023504133115209,1.10772864,328.218229510609,325.40570988044226
2024-03-14 21:23:16,0.173060513,0.0235063540360414,1.10783331,328.2032389057471,325.38105170165886
2024-03-14 21:23:20,0.173060513,0.0235059381571046,1.10781371,328.216059096223,325.38613812000364
2024-03-14 21:23:24,0.173061719,0.0235057524968649,1.10780496,328.22806686535205,325.39041237212297
2024-03-14 21:23:28,0.173052368,0.0235047412320625,1.1077573,328.23263441235576,325.3872466572427
2024-03-14 21:23:32,0.173055686,0.0235059188484397,1.1078128,328.2314762282356,325.37835546636865
2024-03-14 21:23:36,0.173053273,0.0235065012911343,1.10784025,328.2280771598971,325.3672236464107
2024-03-14 21:23:41,0.173048446,0.0235053300402511,1.10778505,328.24404842311486,325.3735293288936
2024-03-14 21:23:45,0.17304724,0.0235051059748647,1.10777449,328.2525175369801,325.37426626520755
2024-03-14 21:23:49,0.173048748,0.0235064374240119,1.10783724,328.24647096260634,325.3604877684305
2024-03-14 21:23:53,0.173040905,0.0235051316490236,1.1077757,328.2571427968799,325.3634279354532
2024-03-14 21:23:57,0.173040302,0.0235051123403587,1.10777479,328.2641085948825,325.36266232136137
2024-03-14 21:24:01,0.17304362,0.0235068469374547,1.10785654,328.2561387102201,325.34696127976486
2024-03-14 21:24:06,0.17303819,0.0235055668366253,1.10779621,328.2724362835222,325.3535952657247
2024-03-14 21:24:10,0.173031855,0.0235057972675056,1.10780707,328.26682491993625,325.34025331933003
2024-03-14 21:24:14,0.173029743,0.0235051507455054,1.1077766,328.2789529871984,325.3446510589568
2024-03-14 21:24:18,0.173033062,0.0235059829277452,1.10781582,328.28202004030805,325.339988039608
2024-03-14 21:24:22,0.173037888,0.0235071414476406,1.10787042,328.2836001041533,325.3338382861757
2024-03-14 21:24:27,0.173023107,0.023506539696281,1.10784206,328.2760663904492,325.3166426597284
2024-03-14 21:24:31,0.173013755,0.0235052020938231,1.10777902,328.28461564828353,325.3174626744558
2024-03-14 21:24:35,0.173028235,0.0235066742203861,1.1078484,328.29839823494433,325.3235162732024
2024-03-14 21:24:39,0.173026425,0.0235059636190803,1.10781491,328.31180934001577,325.32919864555623
2024-03-14 21:24:43,0.173023409,0.0235070262322004,1.10786499,328.3015345838513,325.3111954118742
2024-03-14 21:24:48,0.173021599,0.023506949421907,1.10786137,328.3091272918729,325.3091278818792
2024-03-14 21:24:52,0.173028838,0.0235077045816703,1.10789696,328.3196469804031,325.31191966710463
2024-03-14 21:24:56,0.173014962,0.0235075125559367,1.10788791,328.30667299625316,325.29121803486134
2024-03-14 21:25:00,0.173011946,0.0235069237477482,1.10786016,328.31658913028815,325.2934067760176
2024-03-14 21:25:04,0.173011041,0.0235064885601464,1.10783965,328.328133619076,325.2972241271448
2024-03-14 21:25:08,0.173001991,0.0235055157004907,1.1077938,328.3327214096616,325.29408503529095
2024-03-14 21:25:13,0.173005611,0.0235062004154545,1.10782607,328.3400215328407,325.29172691433064
2024-03-14 21:25:17,0.173015867,0.0235067894358262,1.10785383,328.3575831651727,325.3015622384829
2024-03-14 21:25:21,0.173011041,0.0235070135012126,1.10786439,328.35455311465034,325.29080613501253
2024-03-14 21:25:25,0.172998673,0.0235063092654007,1.1078312,328.35034362750906,325.2788708501579
2024-03-14 21:25:29,0.172998673,0.0235071414476406,1.10787042,328.3478955156967,325.2686971958699
2024-03-14 21:25:34,0.172996863,0.0235068917080954,1.10785865,328.35759848949385,325.2687436005054
2024-03-14 21:25:38,0.172999879,0.0235066165065744,1.10784568,328.37369786827276,325.2771180111046
2024-03-14 21:25:42,0.172995354,0.0235071989492691,1.10787313,328.36678558589233,325.262481015792
2024-03-14 21:25:46,0.172995656,0.0235069366909192,1.10786077,328.37821773000996,325.2661887022276
2024-03-14 21:25:50,0.172993846,0.02350747415079,1.1078861,328.3763651431407,325.2566119129294
2024-03-14 21:25:54,0.172987511,0.0235068405719608,1.10785624,328.38131095257756,325.2538337751932
2024-03-14 21:25:59,0.17298178,0.0235072246234279,1.10787434,328.3767511116046,325.2396193592114
2024-03-14 21:26:03,0.172979065,0.023506808532308,1.10785473,328.38505068584783,325.24019556061705
2024-03-14 21:26:07,0.172980271,0.0235080438624968,1.10791295,328.37967754878764,325.22709930598376
2024-03-14 21:26:11,0.172980271,0.0235072118924401,1.10787374,328.39756949150785,325.237268386398
2024-03-14 21:26:15,0.172979668,0.0235069814615598,1.10786288,328.4071071088759,325.23908339672965
2024-03-14 21:26:19,0.172977255,0.0235075382300956,1.10788912,328.4040157880482,325.2282697241378
2024-03-14 21:26:24,0.172973031,0.0235070198667065,1.10786469,328.412987832775,325.2275891881395
2024-03-14 21:26:28,0.172967903,0.0235071671217994,1.10787163,328.4103916202474,325.2172711982189
2024-03-14 21:26:32,0.172970317,0.0235072246234279,1.10787434,328.42142020650016,325.22057826235863
2024-03-14 21:26:36,0.172963077,0.0235073334733742,1.10787947,328.4157847993131,325.2072215883407
2024-03-14 21:26:40,0.17296368,0.0235071287166527,1.10786982,328.42701000845267,325.2107257859339
2024-03-14 21:26:44,0.172966395,0.0235072373544158,1.10787494,328.43791283630185,325.2139078575235
2024-03-14 21:26:49,0.172959758,0.0235073655130269,1.10788098,328.4349724347791,325.20131686967653
2024-03-14 21:26:53,0.172957949,0.0235076407145479,1.10789395,328.43632441731177,325.1949486703525
2024-03-14 21:26:57,0.172959155,0.0235082422537243,1.1079223,328.4386961919779,325.1896005184556
2024-03-14 21:27:01,0.17295644,0.0235084663191107,1.10793286,328.43916809676205,325.1823527519725
2024-03-14 21:27:05,0.172960362,0.0235084472226289,1.10793196,328.45363526441974,325.1891005036604
2024-03-14 21:27:10,0.172958853,0.023508562438069,1.10793739,328.45936977656885,325.1851861048627
2024-03-14 21:27:14,0.172954027,0.0235080886331374,1.10791506,328.46486271460344,325.18296020135426
2024-03-14 21:27:18,0.17295101,0.023507755929988,1.10789938,328.47163578658456,325.1820146870962
2024-03-14 21:27:22,0.172949804,0.0235088119654311,1.10794915,328.4644462438425,325.16710681342056
2024-03-14 21:27:26,0.172945279,0.0235088951412184,1.10795307,328.4636321471709,325.1585746411228
2024-03-14 21:27:31,0.172938944,0.0235086199396975,1.1079401,328.4661198271785,325.1514150856262
2024-03-14 21:27:35,0.172938944,0.0235082999675359,1.10792502,328.4777470574488,325.1553248147181
2024-03-14 21:27:39,0.172941659,0.0235089528550301,1.10795579,328.48199628707624,325.1518567984798
2024-03-14 21:27:43,0.172941659,0.0235092407875389,1.10796936,328.48619519449244,325.1483387153446
2024-03-14 21:27:47,0.172937134,0.0235084535881228,1.10793226,328.4960145464187,325.1504413320354
2024-03-14 21:27:51,0.172940754,0.0235097977682578,1.10799561,328.4933201767345,325.1400304824332
2024-03-14 21:27:56,0.172932307,0.023509496892578,1.10798143,328.49261186787993,325.1296769327232
2024-03-14 21:28:00,0.172926878,0.0235088631015657,1.10795156,328.49905395175034,325.12840311114473
2024-03-14 21:28:04,0.172928084,0.0235085688035629,1.10793769,328.5123683648764,325.13400187414385
2024-03-14 21:28:08,0.172928688,0.0235094073512967,1.10797721,328.5108419780817,325.12476009254544
2024-03-14 21:28:12,0.172922051,0.0235087287896437,1.10794523,328.51582371559823,325.1220266905826
2024-03-14 21:28:17,0.172922956,0.0235101304714072,1.10801129,328.5098465291588,325.10640593884585
2024-03-14 21:28:21,0.172917526,0.0235098425388984,1.10799772,328.5120599920705,325.10090483676265
2024-03-14 21:28:25,0.172917526,0.0235101177404194,1.10801069,328.5164125418601,325.0975430768856
2024-03-14 21:28:29,0.172921146,0.0235093305410033,1.10797359,328.5397554705383,325.11317195122643
2024-03-14 21:28:33,0.172919034,0.0235095416632186,1.10798354,328.5413822840503,325.1070849657314
2024-03-14 21:28:37,0.172914208,0.0235097145924704,1.10799169,328.53896792754074,325.09695706554606
2024-03-14 21:28:42,0.172911795,0.0235094137167906,1.10797751,328.5482772289479,325.0966247964197
2024-03-14 21:28:46,0.172900935,0.0235092537307099,1.10796997,328.5399072871527,325.08054188544764
2024-03-14 21:28:50,0.172901538,0.0235095927993532,1.10798595,328.54447978098176,325.0774016654342
2024-03-14 21:28:54,0.17290184,0.0235101818197249,1.10801371,328.5454991848278,325.0707086107727
2024-03-14 21:28:58,0.17289822,0.0235101818197249,1.10801371,328.5471991992343,325.06469642200744
2024-03-14 21:29:02,0.172904253,0.0235105081573804,1.10802909,328.5609449301725,325.0707302051105
2024-03-14 21:29:07,0.172897013,0.0235095032580719,1.10798173,328.5708342521699,325.0709799513819
2024-03-14 21:29:11,0.172895807,0.0235103418058057,1.10802125,328.56630049151283,325.0587348173992
2024-03-14 21:29:15,0.172890678,0.0235105017918865,1.10802879,328.5635393650257,325.048262572925
2024-03-14 21:29:19,0.172889773,0.0235103738454585,1.10802276,328.57130982990486,325.0483221751564
2024-03-14 21:29:23,0.172889472,0.0235105976986617,1.10803331,328.57578663189724,325.04508836984047
2024-03-14 21:29:27,0.17289279,0.0235110842345811,1.10805624,328.58306547191324,325.0446568578881
2024-03-14 21:29:32,0.172889773,0.0235113082999675,1.1080668,328.58495625451013,325.03691005959735
2024-03-14 21:29:36,0.17288736,0.0235107769934074,1.10804176,328.5951471285233,325.0393911561588
2024-03-14 21:29:40,0.172886757,0.0235114810170361,1.10807494,328.59325761396997,325.02979211949497
2024-03-14 21:29:44,0.172876802,0.0235110778690872,1.10805594,328.5893573957498,325.01818263450593
2024-03-14 21:29:48,0.172879215,0.0235109178830064,1.1080484,328.60302748055017,325.024143707879
2024-03-14 21:29:52,0.172873786,0.0235106297383145,1.10803482,328.6052386899178,325.0186461611613
2024-03-14 21:29:57,0.172865339,0.0235112251241801,1.10806288,328.59357561513883,324.99734750035043
2024-03-14 21:30:01,0.172862322,0.0235099129836979,1.10800104,328.61229580353086,325.0083595071769
2024-03-14 21:30:05,0.172862021,0.0235106681434612,1.10803663,328.61028242426954,324.99863820169224
2024-03-14 21:30:09,0.172860513,0.0235099513888446,1.10800285,328.62423798389085,325.0048860904324
2024-03-14 21:30:13,0.172858099,0.0235110842345811,1.10805624,328.61410348916047,324.98704418016314
2024-03-14 21:30:18,0.172859004,0.0235115644050066,1.10807887,328.6193775790579,324.98268435971164
2024-03-14 21:30:22,0.172856591,0.0235114362463955,1.10807283,328.6246419189939,324.9802418586283
2024-03-14 21:30:26,0.172843921,0.0235104824832216,1.10802788,328.6229520353724,324.9708453893292
2024-03-14 21:30:30,0.172841206,0.0235101688765539,1.1080131,328.6299783851314,324.9701654087521
2024-03-14 21:30:34,0.17284362,0.023510841072713,1.10804478,328.6334863941466,324.96596734277256
2024-03-14 21:30:39,0.172842111,0.0235105274660453,1.10803,328.644441473672,324.96729018762767
2024-03-14 21:30:43,0.17284,0.0235101818197249,1.10801371,328.65286125325264,324.9680044667303
2024-03-14 21:30:47,0.172845128,0.0235119291478088,1.10809606,328.6477497489796,324.9551877173194
2024-03-14 21:30:51,0.172843016,0.0235125499956502,1.10812532,328.644368359999,324.9441013385407
2024-03-14 21:30:55,0.172842111,0.0235120634597308,1.10810239,328.6565096018851,324.94853784596785
2024-03-14 21:31:00,0.172837888,0.0235113914757548,1.10807072,328.6673306963867,324.9497283814659
2024-03-14 21:31:04,0.172833665,0.0235110715035933,1.10805564,328.6719279957782,324.94662152090973
2024-03-14 21:31:08,0.172823107,0.0235111803535395,1.10806077,328.66076940767823,324.9277590281995
2024-03-14 21:31:12,0.172822202,0.0235114235154076,1.10807223,328.66400183318984,324.9232878044376
2024-03-14 21:31:16,0.172824615,0.0235123900095694,1.10811778,328.66391483607674,324.9154974133871
2024-03-14 21:31:20,0.172825822,0.0235130556280514,1.10814915,328.66549789854236,324.9093773372505
2024-03-14 21:31:25,0.17281828,0.0235120316322611,1.10810089,328.6751008571086,324.909351731628
2024-03-14 21:31:29,0.172819789,0.0235124988595156,1.10812291,328.6796063976045,324.9061547080232
2024-03-14 21:31:33,0.172807722,0.0235119739184495,1.10809817,328.67367721954577,324.89252322119626
2024-03-14 21:31:37,0.172817074,0.0235122811596232,1.10811265,328.6931593699266,324.9043033181405
2024-03-14 21:31:41,0.172814057,0.0235128381403421,1.1081389,328.68905311287176,324.8924952629798
2024-03-14 21:31:45,0.172815264,0.0235124347802101,1.10811989,328.70368198280823,324.89942259014015
2024-03-14 21:31:50,0.172807722,0.0235127420213838,1.10813437,328.6970346378224,324.88314867574
2024-03-14 21:31:54,0.172808627,0.0235130235883986,1.10814764,328.70280208571444,324.88121515534374
2024-03-14 21:31:58,0.172799276,0.0235126011317848,1.10812773,328.70013055924795,324.8708429159151
2024-03-14 21:32:02,0.172795354,0.0235132987899196,1.10816061,328.69280448663403,324.855816385664
2024-03-14 21:32:06,0.172797767,0.0235123452389288,1.10811567,328.7161483181582,324.87146001487474
2024-03-14 21:32:10,0.172796259,0.0235131581125037,1.10815398,328.7114241138835,324.85903586360905
2024-03-14 21:32:15,0.172797466,0.0235139709860786,1.10819229,328.71313360359204,324.8511207786241
2024-03-14 21:32:19,0.172797767,0.0235137278242105,1.10818083,328.7242999764812,324.854587778993
2024-03-14 21:32:23,0.172789623,0.0235134396795185,1.10816725,328.72199206932606,324.8445807546356
2024-03-14 21:32:27,0.172796259,0.0235135548949587,1.10817268,328.73930412074964,324.8541939441736
2024-03-14 21:32:31,0.172786606,0.0235132987899196,1.10816061,328.7340989616706,324.84129017852416
2024-03-14 21:32:35,0.172786908,0.0235139325809319,1.10819048,328.73456534020636,324.8340582058031
2024-03-14 21:32:40,0.172781478,0.0235131835744794,1.10815518,328.7443106449152,324.8341809304733
2024-03-14 21:32:44,0.172786003,0.0235149118060815,1.10823663,328.7384354631152,324.8206079718664
2024-03-14 21:32:48,0.172770015,0.023513369234719,1.10816393,328.73840617629617,324.8128811635488
2024-03-14 21:32:52,0.172778461,0.0235134973933302,1.10816997,328.75856434187455,324.82534206293525
2024-03-14 21:32:56,0.172771825,0.0235138621361324,1.10818716,328.7507921645581,324.809872874732
2024-03-14 21:33:01,0.172765791,0.0235134844501592,1.10816936,328.7550016887626,324.80446149434766
2024-03-14 21:33:05,0.17276911,0.0235139005412791,1.10818897,328.76313277294946,324.8048961420771
2024-03-14 21:33:09,0.172759758,0.0235133117330905,1.10816122,328.76248375139664,324.796550939366
2024-03-14 21:33:13,0.17275282,0.0235141052980005,1.10819862,328.7489783073498,324.7753495694578
2024-03-14 21:33:17,0.17275463,0.0235131965176504,1.10815579,328.7707659663433,324.7894415578852
2024-03-14 21:33:22,0.172754932,0.0235142782272523,1.10820677,328.7676904981036,324.7767468604437
2024-03-14 21:33:26,0.172762172,0.0235154303816537,1.10826107,328.77335224308985,324.7747135092705
2024-03-14 21:33:30,0.172756742,0.023514188685971,1.10820255,328.7871781100821,324.78084453539185
2024-03-14 21:33:34,0.172749804,0.0235150974663212,1.10824538,328.7722672889475,324.7582391286727
2024-03-14 21:33:38,0.172748899,0.0235147261458419,1.10822788,328.78298825265966,324.7612657620846
2024-03-14 21:33:42,0.17274739,0.0235153535713603,1.10825745,328.78052378980163,324.7511072242082
2024-03-14 21:33:47,0.172748899,0.023515667178028,1.10827223,328.7888213975655,324.749787597186
2024-03-14 21:33:51,0.172735927,0.023514463887492,1.10821552,328.7896533658133,324.7429260647916
2024-03-14 21:33:55,0.172735022,0.023513919849944,1.10818988,328.80247977236814,324.7480592259789
2024-03-14 21:33:59,0.172729894,0.0235136253397582,1.108176,328.8052503527301,324.7431368162454
2024-03-14 21:34:03,0.172719336,0.0235142205134407,1.10820405,328.78815302647536,324.7183467551648
2024-03-14 21:34:07,0.172725671,0.02351512314048,1.10824659,328.7953555735172,324.7178568226482
2024-03-14 21:34:12,0.172723559,0.0235142909582402,1.10820737,328.8116134653962,324.7244994740448
2024-03-14 21:34:16,0.172719336,0.0235143293633869,1.10820918,328.81182510135903,324.7170192047912
2024-03-14 21:34:20,0.172716319,0.0235141309721594,1.10819983,328.81692690436535,324.71442935784
2024-03-14 21:34:24,0.172710889,0.023514054161866,1.10819621,328.8165390160256,324.7063500747992
2024-03-14 21:34:28,0.172706063,0.0235141052980005,1.10819862,328.81559337685576,324.69771329618186
2024-03-14 21:34:33,0.172709985,0.0235145343322915,1.10821884,328.8264868100149,324.69899316397783
2024-03-14 21:34:37,0.172715113,0.0235152126817613,1.10825081,328.83441919425377,324.69923498308
2024-03-14 21:34:41,0.172708175,0.0235149118060815,1.10823663,328.8342592226295,324.6913847015636
2024-03-14 21:34:45,0.172706666,0.0235151615456267,1.1082484,328.8363984210069,324.68583384529063
2024-03-14 21:34:49,0.172699125,0.0235149565767222,1.10823874,328.8340670838944,324.67581270876684
2024-03-14 21:34:53,0.17270003,0.0235153022230426,1.10825503,328.83904450298894,324.6731005836859
2024-03-14 21:34:58,0.172696712,0.0235155455970939,1.1082665,328.84017964868815,324.6646241580869
2024-03-14 21:35:02,0.172690075,0.0235157823934681,1.10827766,328.833962107793,324.65071764728646
2024-03-14 21:35:06,0.172680422,0.0235151551801328,1.1082481,328.83327125625493,324.6423380810692
2024-03-14 21:35:10,0.172687058,0.0235154174384828,1.10826046,328.84877988743926,324.6501582527974
2024-03-14 21:35:14,0.172690377,0.0235158335296027,1.10828007,328.85690541888124,324.6505955800033
2024-03-14 21:35:18,0.172678009,0.023514322997893,1.10820888,328.8624759170162,324.64847812911887
2024-03-14 21:35:23,0.172679517,0.0235150270215217,1.10824206,328.866005409746,324.6423980444681
2024-03-14 21:35:27,0.172675897,0.0235156094642163,1.10826951,328.86058147884665,324.62928673877536
2024-03-14 21:35:31,0.172680422,0.0235155840022406,1.10826831,328.87609174713543,324.63710988747675
2024-03-14 21:35:35,0.172675897,0.023515929648561,1.1082846,328.8720520145089,324.6253832904656
2024-03-14 21:35:39,0.172672579,0.0235162816603754,1.10830119,328.86993866228875,324.6155833290604
2024-03-14 21:35:43,0.172667149,0.0235155519625878,1.1082668,328.8775053749886,324.6154636877711
2024-03-14 21:35:48,0.172665641,0.0235158271641088,1.10827977,328.88125439015585,324.609605119316
2024-03-14 21:35:52,0.172663529,0.0235166400376837,1.10831808,328.8755249092473,324.59618985859646
2024-03-14 21:35:56,0.172656892,0.0235154110729888,1.10826016,328.88717230380234,324.6001517285251
2024-03-14 21:36:00,0.172657496,0.0235161664449352,1.10829576,328.8866525436377,324.59194669891497
2024-03-14 21:36:04,0.172659306,0.0235170497633097,1.10833739,328.88657571009094,324.5841848511
2024-03-14 21:36:08,0.172652066,0.0235163584706688,1.10830481,328.89066678111953,324.5805911630341
2024-03-14 21:36:13,0.172654479,0.023517011358163,1.10833558,328.8963206113192,324.5766394031979
2024-03-14 21:36:17,0.172652971,0.0235159232830671,1.1082843,328.91476358455026,324.58739819146143
2024-03-14 21:36:21,0.172648446,0.023516467320615,1.10830994,328.9083038501065,324.57325452721153
2024-03-14 21:36:25,0.172640905,0.0235166400376837,1.10831808,328.9013629820414,324.5586299844979
2024-03-14 21:36:29,0.172640603,0.0235160128243484,1.10828852,328.9161895310309,324.56577311399235
2024-03-14 21:36:34,0.172638491,0.0235166400376837,1.10831808,328.9146426466594,324.55462231405613
2024-03-14 21:36:38,0.172644826,0.0235175106250702,1.10835911,328.92223238108,324.55452920306305
2024-03-14 21:36:42,0.172633966,0.0235171649787498,1.10834282,328.9160984373875,324.54071266909773
2024-03-14 21:36:46,0.172635475,0.0235176833421389,1.10836725,328.9199689115354,324.53690080810946
2024-03-14 21:36:50,0.172631855,0.0235172929251778,1.10834885,328.92639913475875,324.5356489513293
2024-03-14 21:36:55,0.172636078,0.0235185987001661,1.10841039,328.9270999833812,324.5267475587211
2024-03-14 21:36:59,0.172627028,0.0235179778523247,1.10838113,328.9273232759737,324.5192893453432
2024-03-14 21:37:03,0.17261285,0.0235162816603754,1.10830119,328.9321364163667,324.51642123488483
2024-03-14 21:37:07,0.172615565,0.0235165825360552,1.10831537,328.94065833416715,324.5172621569487
2024-03-14 21:37:11,0.172610437,0.0235164223377913,1.10830782,328.9417778681834,324.5107009503387
2024-03-14 21:37:16,0.172607119,0.0235162623517105,1.10830028,328.9478194900565,324.5071420051715
2024-03-14 21:37:20,0.172601387,0.0235167552531238,1.10832351,328.9399775910992,324.49161993957057
2024-03-14 21:37:24,0.172599577,0.0235162239465638,1.10829847,328.9511264734244,324.49508891034844
2024-03-14 21:37:28,0.172594449,0.0235169856840041,1.10833437,328.941011607631,324.4772943880995
2024-03-14 21:37:32,0.172600784,0.0235173824664591,1.10835307,328.95437341937094,324.4829767984709
2024-03-14 21:37:36,0.172605007,0.023517945812672,1.10837962,328.96219938246935,324.4831236152836
2024-03-14 21:37:41,0.172592337,0.0235164096068034,1.10830722,328.9694814728026,324.4808071314627
2024-03-14 21:37:45,0.172589622,0.0235180737591,1.10838565,328.95237799519765,324.4560250814912
2024-03-14 21:37:49,0.172582684,0.0235180930677649,1.10838656,328.9483038135667,324.4442725825615
2024-03-14 21:37:53,0.172587209,0.0235175169905642,1.10835941,328.97051151761514,324.45880222437387
2024-03-14 21:37:57,0.172581779,0.0235179330816841,1.10837902,328.96410627232007,324.44471917190106
2024-03-14 21:38:01,0.172584193,0.0235181762435522,1.10839048,328.9728289748078,324.4457643222644
2024-03-14 21:38:06,0.172579668,0.0235181185297406,1.10838776,328.9756170367245,324.43895580268713
2024-03-14 21:38:10,0.172574539,0.0235175553957109,1.10836122,328.98163954716455,324.4373013348551
2024-03-14 21:38:14,0.172560361,0.023517529721552,1.10836001,328.96609272102825,324.41407778548444
2024-03-14 21:38:18,0.172560663,0.023516723213471,1.108322,328.9840947226747,324.424403318929
2024-03-14 21:38:22,0.172556742,0.0235170240891508,1.10833618,328.98159661737503,324.4142290004552
2024-03-14 21:38:26,0.172560663,0.0235172481545372,1.10834674,328.9930524315891,324.4180088565176
2024-03-14 21:38:31,0.172557647,0.023517139304591,1.10834161,328.9989661121427,324.4143279479994
2024-03-14 21:38:35,0.172561568,0.0235185155243787,1.10840647,328.9963876642461,324.4040741157333
2024-03-14 21:38:39,0.17255644,0.0235185155243787,1.10840647,328.9955504234483,324.3955617455721
2024-03-14 21:38:43,0.172552217,0.0235181505693934,1.10838927,329.00066009341475,324.3929965411758
2024-03-14 21:38:47,0.172545279,0.0235177217472856,1.10836906,329.00204032708314,324.386702155477
2024-03-14 21:38:51,0.172549803,0.0235191618341958,1.10843693,328.9996859999928,324.3766734640097
2024-03-14 21:38:56,0.172548898,0.0235182721503275,1.108395,329.0186114090954,324.38600627621304
2024-03-14 21:39:00,0.17253653,0.0235177410559505,1.10836997,329.0122223622733,324.37194343872267
2024-03-14 21:39:04,0.172537134,0.0235183746347797,1.10839983,329.013182586191,324.36523012694494
2024-03-14 21:39:08,0.172532609,0.0235172545200311,1.10834704,329.0269855723382,324.371359832364
2024-03-14 21:39:12,0.172523559,0.0235172865596839,1.10834855,329.0192448826357,324.35594611689544
2024-03-14 21:39:17,0.172522956,0.0235170497633097,1.10833739,329.0307185708424,324.35782888142626
2024-03-14 21:39:21,0.172517526,0.0235181378384055,1.10838867,329.01612698007574,324.3355648385377
2024-03-14 21:39:25,0.172523257,0.0235180867022709,1.10838626,329.033935200565,324.34570086184885
2024-03-14 21:39:29,0.172516319,0.0235174338147768,1.10835549,329.03804046264815,324.34213418169224
2024-03-14 21:39:33,0.172504253,0.0235179585436598,1.10838022,329.01929301338623,324.31571504512306
2024-03-14 21:39:38,0.172506968,0.0235174592767525,1.10835669,329.0394684472959,324.32630122838896
2024-03-14 21:39:42,0.172509984,0.0235184257709143,1.10840224,329.040377731194,324.31953939855714
2024-03-14 21:39:46,0.172504253,0.0235183041899802,1.10839651,329.0400156999308,324.311506508478
2024-03-14 21:39:50,0.172511794,0.0235194179392349,1.108449,329.04664350994904,324.3104637145883
2024-03-14 21:39:54,0.172507269,0.0235189123068337,1.10842517,329.0529589411218,324.30910879675525
2024-03-14 21:39:59,0.172506968,0.0235189763861393,1.10842819,329.0612667041723,324.3078289819956
2024-03-14 21:40:03,0.172502443,0.0235199365148072,1.10847344,329.049736543043,324.2886290453687
2024-03-14 21:40:07,0.172499426,0.023520090135394,1.10848068,329.05052826631896,324.2817512480299
2024-03-14 21:40:11,0.172497616,0.0235193731685943,1.10844689,329.06392131140353,324.2874750273764
2024-03-14 21:40:15,0.172491583,0.0235189316154987,1.10842608,329.066951681934,324.2828363870395
2024-03-14 21:40:19,0.1724946,0.0235205189575018,1.10850089,329.06030505213147,324.26852100123426
2024-03-14 21:40:24,0.17249098,0.0235193411289415,1.10844538,329.0782197979879,324.2768501604812
2024-03-14 21:40:28,0.172484343,0.0235197379113965,1.10846408,329.0700414333366,324.2610036132499
2024-03-14 21:40:32,0.172482533,0.0235193795340882,1.10844719,329.0790674597694,324.2623617119472
2024-03-14 21:40:36,0.172479818,0.0235196547356092,1.10846016,329.07887868153904,324.25450526081966
2024-03-14 21:40:40,0.172471674,0.0235194179392349,1.108449,329.07591061975904,324.2438697809742
2024-03-14 21:40:44,0.172467752,0.0235197956252082,1.1084668,329.07247086695503,324.2327628649303
2024-03-14 21:40:49,0.172467752,0.023519808356196,1.1084674,329.0818995104938,324.23260791275794
2024-03-14 21:40:53,0.172473484,0.0235211334398492,1.10852985,329.0829526360233,324.2259944483816
2024-03-14 21:40:57,0.172468054,0.0235200196905945,1.10847736,329.09516151532614,324.2305369925832
2024-03-14 21:41:01,0.172464434,0.0235200260560884,1.10847766,329.09674162513386,324.2244510220879
2024-03-14 21:41:05,0.172453272,0.0235187650517408,1.10841823,329.10122795672515,324.22127152816773
2024-03-14 21:41:09,0.172455987,0.0235205060143308,1.10850028,329.09221157682447,324.2045895775407
2024-03-14 21:41:14,0.172446938,0.0235193731685943,1.10844689,329.10056024441803,324.2033566400076
2024-03-14 21:41:18,0.172449049,0.0235208132555045,1.10851476,329.09420397286743,324.1893353709726
2024-03-14 21:41:22,0.172446334,0.0235212293466244,1.10853437,329.09229940527433,324.1797660606585
2024-03-14 21:41:26,0.172443016,0.0235203012576094,1.10849063,329.1057503419482,324.1855525093679
2024-03-14 21:41:30,0.172442714,0.0235204164730495,1.10849606,329.111511294526,324.1836492287312
2024-03-14 21:41:35,0.172444826,0.0235209348364386,1.10852049,329.11828888236926,324.1808468832879
2024-03-14 21:41:39,0.172441508,0.0235211077656904,1.10852864,329.11834137986756,324.1732357207338
2024-03-14 21:41:43,0.172431251,0.0235210629950497,1.10852653,329.10952587386885,324.1567568094104
2024-03-14 21:41:47,0.172433966,0.0235214725084926,1.10854583,329.1167125056936,324.15628029063106
2024-03-14 21:41:51,0.172430346,0.023521549318786,1.10854945,329.11743282343775,324.1493377124847
2024-03-14 21:41:55,0.172424615,0.0235212997914239,1.10853769,329.1186197689095,324.1428620167727
2024-03-14 21:42:00,0.172415565,0.0235207173487293,1.10851024,329.12026365890625,324.13492796346014
2024-03-14 21:42:04,0.172423408,0.0235220231237176,1.10857178,329.12505654181814,324.1320587782523
2024-03-14 21:42:08,0.172417978,0.0235216261290794,1.10855307,329.12853617327374,324.1278765962718
2024-03-14 21:42:12,0.172420392,0.0235225287561188,1.10859561,329.12922342316824,324.12090228740675
2024-03-14 21:42:16,0.172419487,0.0235220038150527,1.10857087,329.1417687188834,324.12578627903144
2024-03-14 21:42:21,0.172417375,0.0235212870604361,1.10853709,329.15655954851377,324.13100083666643
2024-03-14 21:42:25,0.172411945,0.0235227912266518,1.10860798,329.13691045447183,324.10369101151343
2024-03-14 21:42:29,0.172408627,0.0235215174913164,1.10854795,329.1545586642694,324.1136787448454
2024-03-14 21:42:33,0.172407119,0.0235224262716665,1.10859078,329.14866129659487,324.1001211553435
2024-03-14 21:42:37,0.1724038,0.0235225030819599,1.1085944,329.1498788330429,324.0936787245951
2024-03-14 21:42:42,0.172407119,0.0235234248054811,1.10863784,329.15375036674095,324.08797565736074
2024-03-14 21:42:46,0.172406515,0.0235227975921458,1.10860828,329.16803627385156,324.09460217016687
2024-03-14 21:42:50,0.172395957,0.0235222853820675,1.10858414,329.1644038384767,324.08331059509413
2024-03-14 21:42:54,0.17239656,0.0235235784260679,1.10864508,329.1573367060307,324.06858457754925
2024-03-14 21:42:58,0.172393242,0.0235233800348404,1.10863573,329.16190191426335,324.0654911552743
2024-03-14 21:43:02,0.172380874,0.0235223815010259,1.10858867,329.16117914677784,324.057110011865
2024-03-14 21:43:07,0.172376651,0.023521690208385,1.10855609,329.1721509151608,324.0585091683399
2024-03-14 21:43:11,0.172376349,0.0235225607957716,1.10859712,329.16871946733517,324.04741991737586
2024-03-14 21:43:15,0.172378159,0.0235217926928373,1.10856092,329.1887225215613,324.05976542302227
2024-03-14 21:43:19,0.172365188,0.0235232327797475,1.10862879,329.157340570276,324.0207261777083
2024-03-14 21:43:23,0.172366998,0.0235215174913164,1.10854795,329.18886080998766,324.04458937793413
2024-03-14 21:43:27,0.172357948,0.0235226760112117,1.10860255,329.16740972873123,324.0154815117272
2024-03-14 21:43:32,0.172362473,0.0235228230541215,1.10860948,329.1827017049452,324.0212028646814
2024-03-14 21:43:36,0.172360663,0.0235224135406786,1.10859018,329.1923339428176,324.02317889027887
2024-03-14 21:43:40,0.172353121,0.0235226760112117,1.10860255,329.1842819129224,324.00747090261814
2024-03-14 21:43:44,0.172355836,0.0235235336554273,1.10864297,329.1860148449031,324.00154813133474
2024-03-14 21:43:48,0.172357646,0.0235240136136696,1.10866559,329.190838242575,323.99871608023614
2024-03-14 21:43:52,0.17235463,0.0235227782834809,1.10860737,329.20850890877085,324.0087315521466
2024-03-14 21:43:57,0.172352217,0.0235231302952952,1.10862396,329.2097928736819,324.0004468820588
2024-03-14 21:44:01,0.172344373,0.0235241288291098,1.10867102,329.1922903745673,323.9752897612212
2024-03-14 21:44:05,0.172351312,0.0235243081238555,1.10867947,329.2092796343004,323.98462465369016
2024-03-14 21:44:09,0.172340452,0.0235236231967086,1.10864719,329.20723942467475,323.9749303312509
2024-03-14 21:44:13,0.172342865,0.0235237193156669,1.10865172,329.2177289605552,323.9777660087601
2024-03-14 21:44:17,0.172336832,0.0235241351946037,1.10867132,329.21031524369465,323.9626986879624
2024-03-14 21:44:22,0.172344977,0.0235245321892418,1.10869003,329.2285715186832,323.9713883158146
2024-03-14 21:44:26,0.172334117,0.0235239752085229,1.10866378,329.2249745051904,323.96013827083056
2024-03-14 21:44:30,0.172331704,0.0235239752085229,1.10866378,329.2286230747954,323.9561340633512
2024-03-14 21:44:34,0.172325067,0.0235249737423375,1.10871084,329.21312431075785,323.93298277662745
2024-03-14 21:44:38,0.172317827,0.0235245642288946,1.10869154,329.21374046079893,323.9259466583722
2024-03-14 21:44:43,0.172317224,0.0235238152224421,1.10865624,329.2314092072196,323.9340504271452
2024-03-14 21:44:47,0.172312699,0.0235234759416156,1.10864025,329.2356761420828,323.930665666058
2024-03-14 21:44:51,0.172301839,0.0235230087143611,1.10861823,329.23098520582465,323.9183232882113
2024-03-14 21:44:55,0.172305761,0.0235234248054811,1.10863784,329.2400870963821,323.91977399153365
2024-03-14 21:44:59,0.172303951,0.0235243465290022,1.10868128,329.23353120620664,323.90556716846754
2024-03-14 21:45:04,0.17229641,0.0235237704518015,1.10865413,329.2375826869849,323.90005534079154
2024-03-14 21:45:08,0.172295505,0.0235239240723884,1.10866137,329.241864187427,323.8966864805865
2024-03-14 21:45:12,0.172290678,0.0235239945171878,1.10866469,329.2406482366255,323.8878204234541
2024-03-14 21:45:16,0.172290376,0.0235249610113496,1.10871024,329.23605121664264,323.8755735514477
2024-03-14 21:45:20,0.172287963,0.0235249864733253,1.10871144,329.23938744674354,323.8712601838235
2024-03-14 21:45:25,0.172283137,0.0235240649619873,1.10866801,329.252139746618,323.8744508441352
2024-03-14 21:45:29,0.172274087,0.0235241992739093,1.10867434,329.24313914628755,323.85780121821864
2024-03-14 21:45:33,0.17226926,0.0235233864003344,1.10863603,329.25265626410834,323.8596695647226
2024-03-14 21:45:37,0.172273182,0.0235238215879361,1.10865654,329.26152441376877,323.8608891973266
2024-03-14 21:45:41,0.172266545,0.0235234504796399,1.10863905,329.2626689656177,323.85438548637046
2024-03-14 21:45:45,0.172267752,0.0235240840584691,1.10866891,329.2646206282186,323.84868914040845
2024-03-14 21:45:50,0.172263529,0.0235244169738017,1.1086846,329.26312748039123,323.8376363393917
2024-03-14 21:45:54,0.172260814,0.0235243272203373,1.10868037,329.2673603792323,323.83422180168145
2024-03-14 21:45:58,0.172259004,0.0235247562546282,1.10870059,329.26679115408984,323.82600539420014
2024-03-14 21:46:02,0.172261115,0.0235252809835112,1.10872532,329.27156536045584,323.8231326724304
2024-03-14 21:46:06,0.172257797,0.0235247946597749,1.1087024,329.2796153288455,323.82353596687824
2024-03-14 21:46:10,0.172252066,0.0235242440445499,1.10867645,329.28444220798275,323.82071642625834
2024-03-14 21:46:15,0.172259004,0.0235259659106581,1.1087576,329.28459192827927,323.8113084792912
2024-03-14 21:46:19,0.172246334,0.0235248457959095,1.10870481,329.2848232543915,323.8038939575274
2024-03-14 21:46:23,0.172233363,0.0235240520188164,1.1086674,329.280589436391,323.79201454580493
2024-03-14 21:46:27,0.172236078,0.0235249353371908,1.10870903,329.2820086480623,323.7857884178989
2024-03-14 21:46:31,0.172235776,0.0235243465290022,1.10868128,329.29630584162595,323.7924405260204
2024-03-14 21:46:35,0.172233966,0.0235254793747387,1.10873467,329.2871852275931,323.7756750806709
2024-03-14 21:46:40,0.172228235,0.0235250505526309,1.10871446,329.29244085225804,323.7713750235397
2024-03-14 21:46:44,0.17222371,0.0235249801078314,1.10871114,329.29343259562364,323.7647225073363
2024-03-14 21:46:48,0.172217375,0.0235252618870294,1.10872442,329.2871423123044,323.7507882185424
2024-03-14 21:46:52,0.172223106,0.0235255625505261,1.10873859,329.3006431640013,323.75664531884945
2024-03-14 21:46:56,0.172218883,0.0235246217305231,1.10869425,329.312707793856,323.76106645138924
2024-03-14 21:47:00,0.172213453,0.023525440969592,1.10873286,329.30139006762965,323.7421054819132
2024-03-14 21:47:05,0.17221466,0.0235256202643377,1.10874131,329.31076872903765,323.7419304465235
2024-03-14 21:47:09,0.172210437,0.0235258827348708,1.10875368,329.30821666599735,323.7317357118445
2024-03-14 21:47:13,0.172205007,0.0235255691282031,1.1087389,329.3106584374592,323.72653506570106
2024-03-14 21:47:17,0.17220199,0.0235258891003647,1.10875398,329.3094086682402,323.71764313290026
2024-03-14 21:47:21,0.172203498,0.0235265356223649,1.10878445,329.31170090724106,323.7122934623325
2024-03-14 21:47:26,0.172207722,0.0235259659106581,1.1087576,329.33518027030254,323.72622079562484
2024-03-14 21:47:30,0.172193544,0.0235267531100742,1.1087947,329.3097380758572,323.6931372631051
2024-03-14 21:47:34,0.172195052,0.0235267467445803,1.1087944,329.3199584118159,323.6957165149702
2024-03-14 21:47:38,0.172195655,0.023525850695218,1.10875217,329.33948123126686,323.7075985042985
2024-03-14 21:47:42,0.172185399,0.0235263051914846,1.10877359,329.32458603652617,323.685062733396
2024-03-14 21:47:46,0.172190829,0.0235282318143142,1.10886439,329.31784160056986,323.67067797522856
2024-03-14 21:47:51,0.172186304,0.0235276621026075,1.10883754,329.3268017225268,323.67008805152403
2024-03-14 21:47:55,0.172176952,0.0235265803930055,1.10878656,329.33205970666995,323.66770628480776
2024-03-14 21:47:59,0.172179667,0.0235271371615413,1.1088128,329.33744340813115,323.66545048932693
2024-03-14 21:48:03,0.172163076,0.0235259147745235,1.10875519,329.3323979702876,323.6527658084485
2024-03-14 21:48:07,0.172157345,0.0235252105387117,1.108722,329.3390789379917,323.65180778701455
2024-03-14 21:48:12,0.17215644,0.0235257866159124,1.10874915,329.3401311381845,323.64331160781137
2024-03-14 21:48:16,0.17215825,0.023526509948206,1.10878324,329.3419905412131,323.6375325929316
2024-03-14 21:48:20,0.172157646,0.0235268492290325,1.10879923,329.3445075265868,323.6324114142603
2024-03-14 21:48:24,0.17215644,0.0235275468871673,1.10883211,329.34167501651234,323.62194099399323
2024-03-14 21:48:28,0.172157646,0.0235273805355926,1.10882427,329.35333295411465,323.62596127524495
2024-03-14 21:48:33,0.172154931,0.0235280141144218,1.10885413,329.35068409026434,323.61376569790576
2024-03-14 21:48:37,0.172147993,0.0235271307960474,1.1088125,329.3575335422107,323.61297806460755
2024-03-14 21:48:41,0.172143468,0.0235268171893798,1.10879772,329.36147002295934,323.60927771391925
2024-03-14 21:48:45,0.172140753,0.0235278988989817,1.1088487,329.3514716967772,323.5916428100972
2024-03-14 21:48:49,0.17214377,0.0235268171893798,1.10879772,329.3772439717135,323.60977876118
2024-03-14 21:48:53,0.172128989,0.0235266762997808,1.10879108,329.3620672699543,323.5869659893429
2024-03-14 21:48:58,0.172131704,0.0235275980233019,1.10883452,329.36492840234314,323.5802823909898
2024-03-14 21:49:02,0.17212929,0.0235281804659965,1.10886197,329.3614897930138,323.5692082825382
2024-03-14 21:49:06,0.172129894,0.0235283340865834,1.10886921,329.36826259020495,323.56834583434784
2024-03-14 21:49:10,0.17212386,0.0235278861679938,1.1088481,329.37132355916435,323.5637718116552
2024-03-14 21:49:14,0.172128687,0.0235283213555955,1.10886861,329.3816844543662,323.5664979689238
2024-03-14 21:49:18,0.172119335,0.0235276811990893,1.10883844,329.38157342402053,323.5587524543528
2024-03-14 21:49:23,0.172125369,0.0235288462966617,1.10889335,329.3869864218357,323.55462270364615
2024-03-14 21:49:27,0.172118129,0.023528916529278,1.10889666,329.38175744243534,323.541759810823
2024-03-14 21:49:31,0.172114207,0.0235284045313829,1.10887253,329.38909805575247,323.5414667643895
2024-03-14 21:49:35,0.172105459,0.0235274957510328,1.1088297,329.39324734005123,323.5379826425985
2024-03-14 21:49:39,0.172103348,0.023528250910796,1.10886529,329.3882142648162,323.5253164149236
2024-03-14 21:49:43,0.172095806,0.0235287054070627,1.10888671,329.37782040320116,323.5072896545076
2024-03-14 21:49:48,0.172100331,0.0235286222312753,1.10888279,329.3958770817603,323.5158055662279
2024-03-14 21:49:52,0.172093996,0.0235277645870598,1.10884237,329.4034069618081,323.515703118121
2024-03-14 21:49:56,0.172096711,0.0235288333534907,1.10889274,329.40257441599437,323.5072384977548
2024-03-14 21:50:00,0.172091884,0.0235281741005026,1.10886167,329.4101978883104,323.50723014910966
2024-03-14 21:50:04,0.172084041,0.0235277452783948,1.10884146,329.4100214592598,323.4994221526774
2024-03-14 21:50:08,0.172079818,0.0235280588850625,1.10885624,329.406841802318,323.4886111819225
2024-03-14 21:50:13,0.17208193,0.023528929472449,1.10889727,329.4093214890996,323.4815520830008
2024-03-14 21:50:17,0.172078913,0.023529460566826,1.1089223,329.4055041073906,323.4701039579659
2024-03-14 21:50:21,0.172072578,0.0235296207650899,1.10892985,329.4006823612981,323.45765172207865
2024-03-14 21:50:25,0.172068355,0.0235282252366372,1.10886408,329.41823725220553,323.4675763767112
2024-03-14 21:50:29,0.172064132,0.0235295566857843,1.10892683,329.4027093856536,323.44441852739266
2024-03-14 21:50:33,0.17206745,0.0235292814842634,1.10891386,329.4191815695255,323.4532609819946
2024-03-14 21:50:38,0.172066847,0.02352920467397,1.10891024,329.4286498741225,323.45319248146626
2024-03-14 21:50:42,0.172064735,0.0235294221616793,1.10892049,329.43013720798666,323.4470506563856
2024-03-14 21:50:46,0.172063529,0.0235299023321047,1.10894312,329.42994093433697,323.43922547725003
2024-03-14 21:50:50,0.172047842,0.0235285581519698,1.10887977,329.42785239624885,323.42950828712327
2024-03-14 21:50:54,0.172039999,0.023528807891515,1.10889154,329.4194408016431,323.4134682939144
2024-03-14 21:50:59,0.172048747,0.0235300432217037,1.10894976,329.4285038585044,323.4129962088975
2024-03-14 21:51:03,0.172042412,0.0235300816268505,1.10895157,329.425157439868,323.40202196184464
2024-03-14 21:51:07,0.172043619,0.0235299855078921,1.10894704,329.4359529569343,323.4051899038917
2024-03-14 21:51:11,0.172036681,0.0235304400041587,1.10896846,329.4265596132759,323.38816923859935
2024-03-14 21:51:15,0.172031854,0.0235297871166646,1.10893769,329.43409779815516,323.38808035521794
2024-03-14 21:51:20,0.172026424,0.0235286797329038,1.1088855,329.4480543972739,323.392503475299
2024-03-14 21:51:24,0.172022503,0.0235290383223952,1.1089024,329.444827450685,323.3816500304959
2024-03-14 21:51:28,0.172022503,0.0235296462270656,1.10893105,329.4450812586664,323.3742775935974
2024-03-14 21:51:32,0.172016771,0.023529063784371,1.1089036,329.4502623990084,323.371832742382
2024-03-14 21:51:36,0.172014056,0.0235301775336257,1.10895609,329.4398782338742,323.3538228390008
2024-03-14 21:51:41,0.172006515,0.0235297998476525,1.10893829,329.4414811105256,323.3458938990425
2024-03-14 21:51:45,0.172013151,0.0235298766579459,1.10894191,329.45918253227927,323.3559701524529
2024-03-14 21:51:49,0.172010436,0.0235308304211198,1.10898686,329.4507388890599,323.33990159416123
2024-03-14 21:51:53,0.172008023,0.0235295310116255,1.10892562,329.47011724242304,323.3516552857108
2024-03-14 21:51:57,0.172004102,0.0235296655357305,1.10893196,329.46960628474903,323.34351991946954
2024-03-14 21:52:01,0.171998973,0.0235313487845089,1.10901129,329.4483137973888,323.3146032767761
2024-03-14 21:52:06,0.171992035,0.0235295246461315,1.10892532,329.4684520604849,323.3252117017975
2024-03-14 21:52:10,0.171992035,0.0235300366440267,1.10894945,329.46986773278286,323.3190037884941
2024-03-14 21:52:14,0.171994449,0.0235307024746918,1.10898083,329.4734224736741,323.3149351969779
2024-03-14 21:52:18,0.171987812,0.0235303247887186,1.10896303,329.474615706012,323.30850535008994
2024-03-14 21:52:22,0.171978762,0.0235290830930359,1.10890451,329.4822813298217,323.3085481478428
2024-03-14 21:52:26,0.171976349,0.0235311824329342,1.10900345,329.46045024307756,323.2790944881985
2024-03-14 21:52:31,0.171977556,0.0235311633364524,1.10900255,329.4722115931292,323.28132797810747
2024-03-14 21:52:35,0.171973031,0.0235302863835719,1.10896122,329.4829589735473,323.28445335518217
2024-03-14 21:52:39,0.171967601,0.023530011182051,1.10894825,329.4849100513716,323.2787826827788
2024-03-14 21:52:43,0.171968807,0.0235315408102425,1.10902034,329.4759897145683,323.2622408488511
2024-03-14 21:52:47,0.171970617,0.0235309199624011,1.10899108,329.4941388332183,323.27276872346727
2024-03-14 21:52:51,0.171965489,0.0235318673600811,1.10903573,329.4817705413038,323.25277944059684
2024-03-14 21:52:56,0.171965791,0.0235328465852307,1.10908188,329.47992898219206,323.24141199866165
2024-03-14 21:53:00,0.171965791,0.0235320657513086,1.10904508,329.49701311666,323.2508757115524
2024-03-14 21:53:04,0.171958853,0.0235311697019463,1.10900285,329.5039865411617,323.2502289675134
2024-03-14 21:53:08,0.1719492,0.0235307472453325,1.10898294,329.5007159602443,323.23933847107884
2024-03-14 21:53:12,0.17195101,0.0235316880653354,1.10902728,329.4999348563442,323.2309377046726
2024-03-14 21:53:16,0.171944675,0.0235314064983205,1.10901401,329.50045946686794,323.2238429056878
2024-03-14 21:53:21,0.171940753,0.0235310288123473,1.10899621,329.508055631193,323.221915163886
2024-03-14 21:53:25,0.17194196,0.0235315280792546,1.10901974,329.5116255791829,323.2178662715655
2024-03-14 21:53:29,0.171934117,0.0235312401467458,1.10900617,329.5097250899074,323.2083471949355
2024-03-14 21:53:33,0.17193291,0.0235314321724794,1.10901522,329.51301432807657,323.2040180986929
2024-03-14 21:53:37,0.171933513,0.0235326161543504,1.10907102,329.5072849770905,323.1906706662248
2024-03-14 21:53:42,0.171926877,0.0235326034233626,1.10907042,329.50595557210227,323.1798190150466
2024-03-14 21:53:46,0.17192024,0.0235313617276799,1.1090119,329.51761129866935,323.18385722917577
2024-03-14 21:53:50,0.171923559,0.0235319121307217,1.10903784,329.524063835138,323.1826925060936
2024-03-14 21:53:54,0.171914207,0.0235316689688536,1.10902638,329.5191163055903,323.17012796986893
2024-03-14 21:53:58,0.171908777,0.0235316689688536,1.10902638,329.51772695519907,323.1611218656616
2024-03-14 21:54:03,0.171908174,0.0235321552925899,1.1090493,329.52035494588733,323.1542292696447
2024-03-14 21:54:07,0.171896711,0.0235311503932814,1.10900194,329.5211343923474,323.1473925311767
2024-03-14 21:54:11,0.171901537,0.0235310351778412,1.10899651,329.5381508254291,323.1567930321479
2024-03-14 21:54:15,0.171902141,0.0235318289549344,1.10903392,329.53715059741995,323.1481771248324
2024-03-14 21:54:19,0.171896711,0.0235327954490962,1.10907947,329.5240510132273,323.1274621141242
2024-03-14 21:54:24,0.171896711,0.0235329042990424,1.1090846,329.53225128465175,323.12614345787097
2024-03-14 21:54:28,0.171893091,0.0235329233955242,1.1090855,329.53363112029035,323.1199084357242
2024-03-14 21:54:32,0.171878008,0.02353094563656,1.10899229,329.54018964527216,323.1188523556678
2024-03-14 21:54:36,0.171878008,0.0235317394136531,1.1090297,329.5381876461998,323.1092360042909
2024-03-14 21:54:40,0.171876801,0.0235321489270959,1.109049,329.5388390318242,323.10227329033063
2024-03-14 21:54:44,0.171872578,0.0235312719742155,1.10900767,329.5500722386119,323.1058926502403
2024-03-14 21:54:49,0.171864433,0.0235320850599735,1.10904599,329.53623095444925,323.08253441282767
2024-03-14 21:54:53,0.17186745,0.0235322130064015,1.10905202,329.5472981629597,323.0859883429998
2024-03-14 21:54:57,0.171867752,0.023532821123255,1.10908068,329.548046179421,323.0791233337849
2024-03-14 21:55:01,0.171867752,0.0235330515541353,1.10909154,329.55286793411545,323.0763323154514
2024-03-14 21:55:05,0.17186383,0.0235333138124852,1.1091039,329.55079964610405,323.06665150704686
2024-03-14 21:55:09,0.171857495,0.0235340948585905,1.10914071,329.53844682479206,323.0466864179625
2024-03-14 21:55:14,0.17185659,0.0235327377352845,1.10907675,329.56289691024926,323.0616215239315
2024-03-14 21:55:18,0.171862623,0.0235330579196292,1.10909184,329.57663612945004,323.0677490437064
2024-03-14 21:55:22,0.17184754,0.0235334035659497,1.10910813,329.55504742797973,323.03854889538627
2024-03-14 21:55:26,0.171843317,0.0235328529507247,1.10908218,329.562323198128,323.03821347124665
2024-03-14 21:55:30,0.171844524,0.0235343059808059,1.10915066,329.554340072968,323.0226194043468
2024-03-14 21:55:34,0.17184754,0.0235340564534438,1.1091389,329.56997392239407,323.0306425645672
2024-03-14 21:55:39,0.171837284,0.0235339219293387,1.10913256,329.5641077439854,323.0152633797563
2024-03-14 21:55:43,0.171835474,0.023533345852138,1.10910541,329.5756919629397,323.01923747765534
2024-03-14 21:55:47,0.171832156,0.0235338707932041,1.10913015,329.57144281346416,323.0073784596132
2024-03-14 21:55:51,0.171830647,0.0235344275617399,1.10915639,329.569808523032,322.9981345530888
2024-03-14 21:55:55,0.171827028,0.0235342164395246,1.10914644,329.5739726387154,322.99468930514024
2024-03-14 21:55:59,0.171824916,0.0235334994727249,1.10911265,329.5867603441512,322.9998678993902
2024-03-14 21:56:04,0.171816771,0.0235336403623239,1.10911929,329.581058054025,322.9846545752624
2024-03-14 21:56:08,0.171814961,0.0235341843998718,1.10914493,329.5790781987089,322.97506617671235
2024-03-14 21:56:12,0.171800482,0.0235331922315512,1.10909817,329.57468710896933,322.9630667961388
2024-03-14 21:56:16,0.171805308,0.023533358795309,1.10910602,329.58828196925,322.96905361797087
2024-03-14 21:56:20,0.1718038,0.0235342675756592,1.10914885,329.5823867735516,322.9555506361953
2024-03-14 21:56:25,0.171796258,0.0235331410954166,1.10909576,329.5930263199316,322.9566808048541
2024-03-14 21:56:29,0.171801085,0.0235340882809134,1.1091404,329.59717154956707,322.9532188161953
2024-03-14 21:56:33,0.171791432,0.0235348884235005,1.10917811,329.5790852002073,322.9275255008657
2024-03-14 21:56:37,0.171793543,0.0235349972734467,1.10918324,329.58887493155265,322.9297085185514
2024-03-14 21:56:41,0.171793242,0.0235354324610484,1.10920375,329.5907146795642,322.9239418051989
2024-03-14 21:56:45,0.171789018,0.0235345364116861,1.10916152,329.60216242775806,322.92778334430983
2024-03-14 21:56:50,0.17178389,0.0235341139550723,1.10914161,329.60827973836876,322.9243932483149
2024-03-14 21:56:54,0.171777555,0.0235341266860602,1.10914221,329.6052258574288,322.91373372587134
2024-03-14 21:56:58,0.171779365,0.0235344916410455,1.10915941,329.6114153390489,322.9123178182215
2024-03-14 21:57:02,0.171766092,0.0235339796431504,1.10913528,329.60320689668674,322.8965042388084
2024-03-14 21:57:06,0.171766092,0.0235345941254978,1.10916424,329.6033746650804,322.88906712235564
2024-03-14 21:57:11,0.171770617,0.0235357142402464,1.10921703,329.60682787787715,322.88301458373445
2024-03-14 21:57:15,0.171760663,0.0235336787674706,1.1091211,329.6225604545566,322.8911428429737
2024-03-14 21:57:19,0.171764282,0.0235356181212881,1.1092125,329.61269485661444,322.8736731797478
2024-03-14 21:57:23,0.171759758,0.0235345811823268,1.10916363,329.62534582399724,322.8787203339886
2024-03-14 21:57:27,0.171747691,0.0235336724019766,1.1091208,329.6239371223005,322.8697080712769
2024-03-14 21:57:32,0.171750708,0.0235350165821116,1.10918415,329.6221772354571,322.8584440876956
2024-03-14 21:57:36,0.171744373,0.0235347027632609,1.10916936,329.62307283212084,322.8517366905755
2024-03-14 21:57:40,0.17174196,0.0235351765681924,1.10919169,329.62094093309724,322.84200204984666
2024-03-14 21:57:44,0.171742563,0.0235353365542732,1.10919923,329.6276074443913,322.841066071499
2024-03-14 21:57:48,0.171741658,0.0235350677182462,1.10918656,329.6369620047157,322.84281839423033
2024-03-14 21:57:52,0.171731402,0.023535099757899,1.10918807,329.6271697263101,322.8254241302652
2024-03-14 21:57:57,0.17173291,0.0235357206057404,1.10921733,329.63166052710096,322.820412803506
2024-03-14 21:58:01,0.171730195,0.0235361557933421,1.10923784,329.62949483104677,322.8106456889128
2024-03-14 21:58:05,0.171722352,0.0235354772316891,1.10920586,329.6323006817275,322.80585037303905
2024-03-14 21:58:09,0.171725067,0.0235358869573151,1.10922517,329.6394464520768,322.80539522880343
2024-03-14 21:58:13,0.171728083,0.0235364566690218,1.10925202,329.6451555547645,322.8035036688604
2024-03-14 21:58:17,0.171721145,0.0235358996883029,1.10922577,329.64799024844405,322.7987379518483
2024-03-14 21:58:22,0.171715715,0.0235364823431807,1.10925323,329.6414382176163,322.7826857619221
2024-03-14 21:58:26,0.171703347,0.0235355092713419,1.10920737,329.6403016605652,322.77394936098653
2024-03-14 21:58:30,0.171706062,0.0235357142402464,1.10921703,329.64992360709437,322.7759717155206
2024-03-14 21:58:34,0.171695504,0.0235360598865668,1.10923332,329.6358352618264,322.7542840301319
2024-03-14 21:58:38,0.171706665,0.0235360149037431,1.1092312,329.6624847790684,322.77333445911177
2024-03-14 21:58:42,0.171692186,0.0235350356785934,1.10918505,329.65792064633115,322.76117148995587
2024-03-14 21:58:47,0.171683739,0.0235353238232854,1.10919863,329.6499267431709,322.7436793954037
2024-03-14 21:58:51,0.171688264,0.023536571884462,1.10925745,329.6499322944254,322.73608667683084
2024-03-14 21:58:55,0.171691583,0.0235375256476359,1.1093024,329.6514980923189,322.73005445669
2024-03-14 21:58:59,0.171675595,0.0235363798587284,1.1092484,329.6464444134366,322.7174030115513
2024-03-14 21:59:03,0.1716765,0.0235361557933421,1.10923784,329.65825240135706,322.7216134849774
