time,voltage,current,shunt_voltage,temperature,seconds_combined,temperature_corr_err,temperature_uncorr
2024-05-13 06:07:48,0.099356383,0.0292752023696612,1.37971394,173.05588565392705,14394.0,1528.6389814374884,173.03927896422476
2024-05-13 06:07:53,0.0996870017,0.0292670012794642,1.37932743,173.51879896897367,14399.0,1528.6389814374884,173.50232081386213
2024-05-13 06:07:57,0.099947937,0.0292568139429779,1.37884731,173.900751602724,14403.0,1528.6389814374884,173.88437593779156
2024-05-13 06:08:01,0.100160004,0.0292506629661928,1.37855742,174.20194443696255,14407.0,1528.6389814374884,174.185670961396
2024-05-13 06:08:05,0.100334966,0.0292464984478803,1.37836115,174.44648973331942,14411.0,1528.6389814374884,174.4303181455519
2024-05-13 06:08:10,0.100485192,0.0292438714085352,1.37823734,174.6522700654775,14416.0,1528.6389814374884,174.636225412236
2024-05-13 06:08:14,0.100607364,0.0292413086606788,1.37811656,174.8215531885972,14420.0,1528.6389814374884,174.80560974188586
2024-05-13 06:08:18,0.100789868,0.0292392583350838,1.37801993,175.066620216465,14424.0,1528.6389814374884,175.05077767228343
2024-05-13 06:08:22,0.100858345,0.0292368876129609,1.3779082,175.16566564956096,14428.0,1528.6389814374884,175.14992370316492
2024-05-13 06:08:26,0.100913549,0.0292359907148661,1.37786593,175.24097768884798,14432.0,1528.6389814374884,175.22533603475148
2024-05-13 06:08:30,0.100956384,0.0292332995962155,1.3777391,175.30831034523422,14436.0,1528.6389814374884,175.29276867721194
2024-05-13 06:08:35,0.100998315,0.0292332995962155,1.3777391,175.36243244704158,14441.0,1528.6389814374884,175.3470153298599
2024-05-13 06:08:39,0.101030894,0.0292315055878427,1.37765455,175.412503136941,14445.0,1528.6389814374884,175.3971853141348
2024-05-13 06:08:43,0.101060155,0.0292315055878427,1.37765455,175.45026244564156,14449.0,1528.6389814374884,175.43504360859816
2024-05-13 06:08:47,0.101086098,0.0292327230946485,1.37771193,175.4782822153987,14453.0,1528.6389814374884,175.46316205477564
2024-05-13 06:08:51,0.101106611,0.0292313135621091,1.3776455,175.51103059017197,14457.0,1528.6389814374884,175.49600879589931
2024-05-13 06:08:56,0.101127425,0.0292300960553034,1.37758812,175.5432880770452,14462.0,1528.6389814374884,175.52838880357012
2024-05-13 06:09:00,0.101138285,0.0292294554744308,1.37755793,175.56011008883723,14466.0,1528.6389814374884,175.54530848140723
2024-05-13 06:09:04,0.10114462,0.0292300319759978,1.3775851,175.5656285596596,14470.0,1528.6389814374884,175.55092430585614
2024-05-13 06:09:08,0.101152764,0.0292292632365141,1.37754887,175.57951140754875,14474.0,1528.6389814374884,175.56490419423565
2024-05-13 06:09:12,0.101159401,0.029228686522764,1.37752169,175.59058530379747,14478.0,1528.6389814374884,175.5760748171229
2024-05-13 06:09:17,0.101167546,0.0292302242139145,1.37759416,175.59411766918075,14483.0,1528.6389814374884,175.57972764836398
2024-05-13 06:09:21,0.101169054,0.02922971157947,1.37757,175.59826865370658,14487.0,1528.6389814374884,175.58397465075757
2024-05-13 06:09:25,0.101173881,0.0292292632365141,1.37754887,175.60642676926284,14491.0,1528.6389814374884,175.5922284680201
2024-05-13 06:09:29,0.101172372,0.0292283661262362,1.37750659,175.60839690851685,14495.0,1528.6389814374884,175.5942939921131
2024-05-13 06:09:33,0.101174786,0.029229135077903,1.37754283,175.60798135039312,14499.0,1528.6389814374884,175.5939735012575
2024-05-13 06:09:37,0.101177802,0.0292291991572086,1.37754585,175.6115021470507,14503.0,1528.6389814374884,175.59758904691105
2024-05-13 06:09:41,0.101182629,0.0292299678966922,1.37758208,175.61421032053016,14507.0,1528.6389814374884,175.60039165041536
2024-05-13 06:09:45,0.101182025,0.0292300319759978,1.3775851,175.61304767136158,14511.0,1528.6389814374884,175.5993231116039
2024-05-13 06:09:50,0.101181724,0.0292299678966922,1.37758208,175.61282802593703,14516.0,1528.6389814374884,175.599220653535
2024-05-13 06:09:54,0.101188059,0.0292297756587755,1.37757302,175.62179275250517,14520.0,1528.6389814374884,175.6082787686721
2024-05-13 06:09:58,0.101186249,0.0292280457297083,1.37749149,175.62710696330998,14524.0,1528.6389814374884,175.61368604612943
2024-05-13 06:10:02,0.101181422,0.0292281738883195,1.37749753,175.6201939289015,14528.0,1528.6389814374884,175.60686575577014
2024-05-13 06:10:06,0.101183835,0.0292290069192919,1.37753679,175.61949234957976,14532.0,1528.6389814374884,175.60625659720947
2024-05-13 06:10:11,0.101186249,0.0292284302055418,1.37750961,175.6250843711086,14537.0,1528.6389814374884,175.61196368902634
2024-05-13 06:10:15,0.101188662,0.0292284302055418,1.37750961,175.62811508899756,14541.0,1528.6389814374884,175.61508609778645
2024-05-13 06:10:19,0.101188662,0.0292286224434585,1.37751867,175.6271625415284,14545.0,1528.6389814374884,175.61422491569073
2024-05-13 06:10:23,0.101193187,0.0292278537039748,1.37748244,175.63637078876937,14549.0,1528.6389814374884,175.62352420213244
2024-05-13 06:10:28,0.101192282,0.0292290709985974,1.37753981,175.62963293963819,14554.0,1528.6389814374884,175.61689969229727
2024-05-13 06:10:32,0.101193488,0.0292288787606807,1.37753075,175.6319643566879,14558.0,1528.6389814374884,175.61932141220302
2024-05-13 06:10:36,0.10119198,0.0292281738883195,1.37749753,175.6330808396281,14562.0,1528.6389814374884,175.62052786964864
2024-05-13 06:10:40,0.101194393,0.0292288787606807,1.37753075,175.6329557837559,14566.0,1528.6389814374884,175.62049245926585
2024-05-13 06:10:44,0.101198617,0.0292292632365141,1.37754887,175.6366097474469,14570.0,1528.6389814374884,175.62423573876725
2024-05-13 06:10:48,0.101198918,0.029229135077903,1.37754283,175.63748439637743,14574.0,1528.6389814374884,175.62519937316856
2024-05-13 06:10:52,0.101196505,0.0292285583641529,1.37751565,175.6368570983336,14578.0,1528.6389814374884,175.62466072959734
2024-05-13 06:10:57,0.101199522,0.0292279816504028,1.37748847,175.64323457991904,14583.0,1528.6389814374884,175.6311485628081
2024-05-13 06:11:01,0.101200125,0.0292296477123475,1.37756699,175.63646268686475,14587.0,1528.6389814374884,175.62446457708518
2024-05-13 06:11:05,0.101199823,0.0292292632365141,1.37754887,175.6377067872447,14591.0,1528.6389814374884,175.62579625167433
2024-05-13 06:11:10,0.101198918,0.0292273410695302,1.37745828,175.64503863255536,14596.0,1528.6389814374884,175.63323709530542
2024-05-13 06:11:14,0.101200125,0.0292281098090139,1.37749451,175.64306936308975,14600.0,1528.6389814374884,175.63135464815588
2024-05-13 06:11:18,0.101200427,0.0292275333074469,1.37746734,175.6459566872144,14604.0,1528.6389814374884,175.6343284593746
2024-05-13 06:11:22,0.101197712,0.0292271488316135,1.37744922,175.64407989101576,14608.0,1528.6389814374884,175.63253781440665
2024-05-13 06:11:26,0.101198013,0.0292274051488358,1.3774613,175.6432351386309,14612.0,1528.6389814374884,175.6317788767504
2024-05-13 06:11:31,0.101203443,0.0292275973867525,1.37747036,175.64929361272235,14617.0,1528.6389814374884,175.63794414507663
2024-05-13 06:11:35,0.10119922,0.0292274692281414,1.37746432,175.64431808322877,14621.0,1528.6389814374884,175.63305367085738
2024-05-13 06:11:39,0.101203142,0.0292274051488358,1.3774613,175.64959570303566,14625.0,1528.6389814374884,175.63841600737578
2024-05-13 06:11:43,0.101205857,0.029228237967625,1.37750055,175.64929299134636,14629.0,1528.6389814374884,175.6381976732058
2024-05-13 06:11:47,0.10120465,0.0292279816504028,1.37748847,175.6487955489465,14633.0,1528.6389814374884,175.63778426850632
2024-05-13 06:11:52,0.101209778,0.029228237967625,1.37750055,175.65417817119896,14638.0,1528.6389814374884,175.64327145906242
2024-05-13 06:11:56,0.10120827,0.0292284942848473,1.37751263,175.65099506592526,14642.0,1528.6389814374884,175.64017162461613
2024-05-13 06:12:00,0.10120827,0.029229135077903,1.37754283,175.6480410303462,14646.0,1528.6389814374884,175.63730051802403
2024-05-13 06:12:04,0.10121008,0.0292284942848473,1.37751263,175.65317167534295,14650.0,1528.6389814374884,175.64251374955
2024-05-13 06:12:09,0.101207968,0.0292283020469306,1.37750357,175.65119736823482,14655.0,1528.6389814374884,175.64064219308594
2024-05-13 06:12:13,0.101204952,0.0292277896246692,1.37747942,175.64950883000938,14659.0,1528.6389814374884,175.63903546861556
2024-05-13 06:12:17,0.101208873,0.0292272769902247,1.37745526,175.6567983247493,14663.0,1528.6389814374884,175.6464064326631
2024-05-13 06:12:21,0.101212795,0.0292279816504028,1.37748847,175.65863478339747,14667.0,1528.6389814374884,175.64832401556413
2024-05-13 06:12:25,0.101213096,0.0292287506020696,1.37752471,175.6554979051794,14671.0,1528.6389814374884,175.6452679159391
2024-05-13 06:12:29,0.10121189,0.0292268925143913,1.37743714,175.66218307165903,14675.0,1528.6389814374884,175.6520335147491
2024-05-13 06:12:33,0.10121551,0.0292280457297083,1.37749149,175.66161960211824,14679.0,1528.6389814374884,175.65155013067573
2024-05-13 06:12:37,0.101216113,0.0292280457297083,1.37749149,175.66232015962547,14683.0,1528.6389814374884,175.65233042618917
2024-05-13 06:12:42,0.101220638,0.0292290069192919,1.37753679,175.66376912068475,14688.0,1528.6389814374884,175.65387857023137
2024-05-13 06:12:46,0.101219733,0.0292281098090139,1.37749451,175.66653922365376,14692.0,1528.6389814374884,175.65672762724387
2024-05-13 06:12:50,0.101217621,0.0292277896246692,1.37747942,175.6651624817858,14696.0,1528.6389814374884,175.65542949003017
2024-05-13 06:12:54,0.101214605,0.0292284942848473,1.37751263,175.65802379896382,14700.0,1528.6389814374884,175.64836906188484
2024-05-13 06:12:59,0.101218225,0.0292267002764746,1.37742808,175.67065042487312,14705.0,1528.6389814374884,175.66109301309135
2024-05-13 06:13:03,0.101219431,0.0292276614660581,1.37747338,175.66782597007975,14709.0,1528.6389814374884,175.65834602338572
2024-05-13 06:13:07,0.101215811,0.0292263158006412,1.37740996,175.6690950114083,14713.0,1528.6389814374884,175.65969217792826
2024-05-13 06:13:11,0.10121913,0.0292283020469306,1.37750357,175.66441193863486,14717.0,1528.6389814374884,175.6550858659164
2024-05-13 06:13:15,0.101223654,0.0292284942848473,1.37751263,175.66932814225228,14721.0,1528.6389814374884,175.66007847726678
2024-05-13 06:13:20,0.101221241,0.0292268284350857,1.37743412,175.67357623666732,14726.0,1528.6389814374884,175.66442158402737
2024-05-13 06:13:24,0.10121732,0.0292277896246692,1.37747942,175.66411902718806,14730.0,1528.6389814374884,175.65503998587172
2024-05-13 06:13:28,0.101219733,0.0292265080385579,1.37741902,175.67290984068242,14734.0,1528.6389814374884,175.66390605580415
2024-05-13 06:13:32,0.101224861,0.0292264439592523,1.377416,175.6797582418391,14738.0,1528.6389814374884,175.67082935794696
2024-05-13 06:13:37,0.101223654,0.0292277896246692,1.37747942,175.67207215401083,14743.0,1528.6389814374884,175.66323639563794
2024-05-13 06:13:41,0.101228481,0.0292278537039748,1.37748244,175.67795716583564,14747.0,1528.6389814374884,175.66919550662297
2024-05-13 06:13:45,0.101228481,0.0292281098090139,1.37749451,175.67673562780038,14751.0,1528.6389814374884,175.66804771047106
2024-05-13 06:13:49,0.101225464,0.0292268925143913,1.37743714,175.67821380129635,14755.0,1528.6389814374884,175.6695992680169
2024-05-13 06:13:54,0.101224559,0.0292261878542132,1.37740393,175.68010973155125,14760.0,1528.6389814374884,175.6715864242865
2024-05-13 06:13:58,0.101224258,0.0292267643557801,1.3774311,175.67706374069584,14764.0,1528.6389814374884,175.6686130103324
2024-05-13 06:14:02,0.101229386,0.0292281098090139,1.37749451,175.67759731127362,14768.0,1528.6389814374884,175.6692187981849
2024-05-13 06:14:06,0.101233609,0.0292279177832803,1.37748546,175.68385074991633,14772.0,1528.6389814374884,175.67554409392903
2024-05-13 06:14:10,0.101229989,0.0292267643557801,1.3774311,175.68426453750715,14776.0,1528.6389814374884,175.6760293779035
2024-05-13 06:14:14,0.101230291,0.0292261237749076,1.37740091,175.68745548453077,14780.0,1528.6389814374884,175.67929146005076
2024-05-13 06:14:19,0.101230894,0.0292269565936968,1.37744016,175.68441448697453,14785.0,1528.6389814374884,175.6763388725551
2024-05-13 06:14:23,0.101231498,0.0292261237749076,1.37740091,175.68885874191295,14789.0,1528.6389814374884,175.68085344781196
2024-05-13 06:14:27,0.101231799,0.0292258033783798,1.37738581,175.69061449023135,14793.0,1528.6389814374884,175.6826791534429
2024-05-13 06:14:31,0.101231799,0.0292263798799467,1.37741298,175.68796074752558,14797.0,1528.6389814374884,175.68009500451126
2024-05-13 06:14:35,0.101238134,0.0292278537039748,1.37748244,175.6894833003245,14801.0,1528.6389814374884,175.68168678701613
2024-05-13 06:14:39,0.101240246,0.0292275333074469,1.37746734,175.69358355759158,14805.0,1528.6389814374884,175.6858559093931
2024-05-13 06:14:44,0.101242961,0.029227084752308,1.3774462,175.69902200970125,14810.0,1528.6389814374884,175.69137992937692
2024-05-13 06:14:48,0.101241151,0.0292271488316135,1.37744922,175.69632446955572,14814.0,1528.6389814374884,175.68875043208303
2024-05-13 06:14:52,0.10124839,0.0292268284350857,1.37743412,175.70706082258044,14818.0,1528.6389814374884,175.69955446166443
2024-05-13 06:14:56,0.101247787,0.0292283020469306,1.37750357,175.69960739210305,14822.0,1528.6389814374884,175.69216834093098
2024-05-13 06:15:01,0.10124839,0.029228237967625,1.37750055,175.70059129780125,14827.0,1528.6389814374884,175.6932358671935
2024-05-13 06:15:05,0.101248089,0.029227084752308,1.3774462,175.70530484255195,14831.0,1528.6389814374884,175.69801589447815
2024-05-13 06:15:09,0.101251407,0.0292281098090139,1.37749451,175.70493723722802,14835.0,1528.6389814374884,175.6977144032084
2024-05-13 06:15:13,0.101251407,0.0292268925143913,1.37743714,175.71032853163732,14839.0,1528.6389814374884,175.7031714426843
2024-05-13 06:15:17,0.101250804,0.0292267643557801,1.3774311,175.71005737358593,14843.0,1528.6389814374884,175.7029656602063
2024-05-13 06:15:21,0.101255027,0.0292271488316135,1.37744922,175.71373360224936,14847.0,1528.6389814374884,175.70670689444643
2024-05-13 06:15:26,0.101254122,0.0292274051488358,1.3774613,175.71133262713235,14852.0,1528.6389814374884,175.70438665522963
2024-05-13 06:15:30,0.101255932,0.0292284302055418,1.37750961,175.70901536541928,14856.0,1528.6389814374884,175.70213356477277
2024-05-13 06:15:34,0.101256234,0.029227084752308,1.3774462,175.71537412649278,14860.0,1528.6389814374884,175.70855612548604
2024-05-13 06:15:38,0.101254424,0.0292267002764746,1.37742808,175.71469212691764,14864.0,1528.6389814374884,175.70793755344096
2024-05-13 06:15:42,0.101259552,0.0292277255453636,1.3774764,175.71666850091364,14868.0,1528.6389814374884,175.70997698236613
2024-05-13 06:15:46,0.10125925,0.0292273410695302,1.37745828,175.7179387285293,14872.0,1528.6389814374884,175.71130989182132
2024-05-13 06:15:51,0.101264378,0.029227084752308,1.3774462,175.72564608890514,14877.0,1528.6389814374884,175.71909507909828
2024-05-13 06:15:55,0.101263172,0.0292277255453636,1.3774764,175.72115060338353,14881.0,1528.6389814374884,175.7146614341893
2024-05-13 06:15:59,0.101264982,0.0292277896246692,1.37747942,175.72314406619316,14885.0,1528.6389814374884,175.7167163629494
2024-05-13 06:16:03,0.1012683,0.0292271488316135,1.37744922,175.73024973780016,14889.0,1528.6389814374884,175.72388312536577
2024-05-13 06:16:07,0.101264378,0.0292280457297083,1.37749149,175.7210924393732,14893.0,1528.6389814374884,175.7147865421305
2024-05-13 06:16:12,0.1012683,0.0292270206730024,1.37744318,175.73068829713966,14898.0,1528.6389814374884,175.7244577649521
2024-05-13 06:16:16,0.101267395,0.0292279177832803,1.37748546,175.72543495228695,14902.0,1528.6389814374884,175.71926428842102
2024-05-13 06:16:20,0.101267093,0.0292272769902247,1.37745526,175.7278577242524,14906.0,1528.6389814374884,175.7217465515577
2024-05-13 06:16:24,0.10126649,0.0292261237749076,1.37740091,175.73218913657539,14910.0,1528.6389814374884,175.7261370774348
2024-05-13 06:16:29,0.1012683,0.0292268284350857,1.37743412,175.73129843270993,14915.0,1528.6389814374884,175.72531973378076
2024-05-13 06:16:33,0.101269507,0.0292265721178634,1.37742204,175.73395145682997,14919.0,1528.6389814374884,175.72803102012233
2024-05-13 06:16:37,0.101269507,0.0292267643557801,1.3774311,175.73303157950468,14923.0,1528.6389814374884,175.72716902590085
2024-05-13 06:16:41,0.101267395,0.0292272129109191,1.37745224,175.72822972404018,14927.0,1528.6389814374884,175.7224246739657
2024-05-13 06:16:45,0.101271015,0.0292263798799467,1.37741298,175.73659246568357,14931.0,1528.6389814374884,175.73084453910968
2024-05-13 06:16:50,0.101271317,0.0292277896246692,1.37747942,175.73059119296929,14936.0,1528.6389814374884,175.724914135667
2024-05-13 06:16:54,0.101265585,0.0292261878542132,1.37740393,175.7302993604564,14940.0,1528.6389814374884,175.7246785699403
2024-05-13 06:16:58,0.101271015,0.0292267002764746,1.37742808,175.73497275330044,14944.0,1528.6389814374884,175.72940784808094
2024-05-13 06:17:02,0.1012683,0.0292263798799467,1.37741298,175.73284044033528,14948.0,1528.6389814374884,175.72733103847824
2024-05-13 06:17:10,0.101274333,0.0292269565936968,1.37744016,175.73795182309135,14956.0,1528.6389814374884,175.7325522803905
2024-05-13 06:17:14,0.1012683,0.029226636197169,1.37742506,175.73152690173305,14960.0,1528.6389814374884,175.72618171394862
2024-05-13 06:17:19,0.101276746,0.0292256111404631,1.37737675,175.74698628090687,14965.0,1528.6389814374884,175.74170849715478
2024-05-13 06:17:23,0.101271317,0.0292267002764746,1.37742808,175.7350229568685,14969.0,1528.6389814374884,175.72979866412464
2024-05-13 06:17:27,0.101274333,0.0292258674576853,1.37738883,175.74260746764165,14973.0,1528.6389814374884,175.7374362812467
2024-05-13 06:17:31,0.101279461,0.0292258033783798,1.37738581,175.74947841969484,14977.0,1528.6389814374884,175.7443599545619
2024-05-13 06:17:35,0.101284891,0.0292277896246692,1.37747942,175.747545626829,14981.0,1528.6389814374884,175.74247949744586
2024-05-13 06:17:40,0.101285193,0.0292278537039748,1.37748244,175.747584198158,14986.0,1528.6389814374884,175.74258294569168
2024-05-13 06:17:44,0.101281875,0.0292273410695302,1.37745828,175.74553788651738,14990.0,1528.6389814374884,175.740588100856
2024-05-13 06:17:48,0.10127916,0.0292270206730024,1.37744318,175.7434101650828,14994.0,1528.6389814374884,175.7385114593484
2024-05-13 06:17:52,0.101278255,0.0292264439592523,1.377416,175.74477452595949,14998.0,1528.6389814374884,175.73992651285883
2024-05-13 06:17:56,0.101278858,0.0292272769902247,1.37745526,175.74176896180813,15002.0,1528.6389814374884,175.73697125363503
2024-05-13 06:18:00,0.101276143,0.0292254189025464,1.37736769,175.74653804018132,15006.0,1528.6389814374884,175.7417902488191
2024-05-13 06:18:05,0.101281271,0.029226636197169,1.37742506,175.74765337099757,15011.0,1528.6389814374884,175.74296742923798
2024-05-13 06:18:09,0.101279763,0.0292256111404631,1.37737675,175.75024982051255,15015.0,1528.6389814374884,175.74561292081208
2024-05-13 06:18:13,0.101280668,0.0292255470611575,1.37737373,175.75165975006425,15019.0,1528.6389814374884,175.74707150298786
2024-05-13 06:18:17,0.101287003,0.0292251625853241,1.37735561,175.7615343891273,15023.0,1528.6389814374884,175.75699440483936
2024-05-13 06:18:22,0.10128278,0.0292263798799467,1.37741298,175.75054991312794,15028.0,1528.6389814374884,175.74606970851272
2024-05-13 06:18:26,0.10128459,0.0292265080385579,1.37741902,175.75227010545137,15032.0,1528.6389814374884,175.7478372850418
2024-05-13 06:18:30,0.10128097,0.0292257392990742,1.37738279,175.7509860095101,15036.0,1528.6389814374884,175.74660018218475
2024-05-13 06:18:34,0.101287606,0.0292249703474074,1.37734655,175.76297626624444,15040.0,1528.6389814374884,175.75863704049118
2024-05-13 06:18:39,0.101289718,0.029226059695602,1.37739789,175.76076583888238,15045.0,1528.6389814374884,175.7564843139389
2024-05-13 06:18:43,0.101286701,0.0292261237749076,1.37740091,175.75652832911652,15049.0,1528.6389814374884,175.7522925234266
2024-05-13 06:18:47,0.101288511,0.029226636197169,1.37742506,175.7565271809382,15053.0,1528.6389814374884,175.75233670173628
2024-05-13 06:18:52,0.101287606,0.0292258674576853,1.37738883,175.75874767803066,15058.0,1528.6389814374884,175.75461330403243
2024-05-13 06:18:56,0.101286701,0.029224585871574,1.37732843,175.76328025859635,15062.0,1528.6389814374884,175.75919032597528
2024-05-13 06:19:00,0.101291528,0.0292268284350857,1.37743412,175.7594247213943,15066.0,1528.6389814374884,175.7553788361562
2024-05-13 06:19:04,0.101290321,0.0292263798799467,1.37741298,175.75983085098798,15070.0,1528.6389814374884,175.75582861876558
2024-05-13 06:19:08,0.101290924,0.0292264439592523,1.377416,175.7602805461903,15074.0,1528.6389814374884,175.7563215722456
2024-05-13 06:19:12,0.101290321,0.0292249062681018,1.37734353,175.76635427780516,15078.0,1528.6389814374884,175.76243816703197
2024-05-13 06:19:16,0.101289416,0.0292252266646297,1.37735863,175.76370346525007,15082.0,1528.6389814374884,175.75982982217607
2024-05-13 06:19:21,0.101294243,0.0292263798799467,1.37741298,175.7647252644206,15087.0,1528.6389814374884,175.7609041492839
2024-05-13 06:19:25,0.101288511,0.0292248421887963,1.37734051,175.7641626570757,15091.0,1528.6389814374884,175.7603831184996
2024-05-13 06:19:29,0.101291829,0.0292254829818519,1.37737071,175.7655413186594,15095.0,1528.6389814374884,175.7618029599983
2024-05-13 06:19:33,0.101290623,0.0292247140301851,1.37733447,175.76738887694643,15099.0,1528.6389814374884,175.76369130119886
2024-05-13 06:19:37,0.10128821,0.0292250985060185,1.37735259,175.76250107756255,15103.0,1528.6389814374884,175.75884388737333
2024-05-13 06:19:41,0.101299069,0.0292261237749076,1.37740091,175.77191551656787,15107.0,1528.6389814374884,175.76829831423063
2024-05-13 06:19:46,0.101292734,0.0292262517213356,1.37740694,175.76309391597167,15112.0,1528.6389814374884,175.7595261386433
2024-05-13 06:19:50,0.101297561,0.0292264439592523,1.377416,175.76843929969823,15116.0,1528.6389814374884,175.76491061411014
2024-05-13 06:19:54,0.101295751,0.029227084752308,1.3774462,175.7631841945172,15120.0,1528.6389814374884,175.75969420183753
2024-05-13 06:19:59,0.101295449,0.029225034426713,1.37734957,175.77194204466355,15125.0,1528.6389814374884,175.7684998567424
2024-05-13 06:20:03,0.101298466,0.0292259315369909,1.37739185,175.77178463367596,15129.0,1528.6389814374884,175.7683802400474
2024-05-13 06:20:07,0.101299069,0.0292256752197686,1.37737977,175.77367734324287,15133.0,1528.6389814374884,175.77031034397453
2024-05-13 06:20:11,0.101300276,0.0292254829818519,1.37737071,175.7760647147935,15137.0,1528.6389814374884,175.77273470961944
2024-05-13 06:20:15,0.101299371,0.0292249703474074,1.37734655,175.77715648392774,15141.0,1528.6389814374884,175.77386307225072
2024-05-13 06:20:19,0.101302689,0.029226059695602,1.37739789,175.7765277206028,15145.0,1528.6389814374884,175.7732705014967
2024-05-13 06:20:23,0.101303896,0.0292261878542132,1.37740393,175.7774790625267,15149.0,1528.6389814374884,175.77425763473892
2024-05-13 06:20:28,0.101302689,0.0292251625853241,1.37735561,175.7804720375938,15154.0,1528.6389814374884,175.77729478419874
2024-05-13 06:20:32,0.101302689,0.0292259956162965,1.37739487,175.77670030814483,15158.0,1528.6389814374884,175.77355794206792
2024-05-13 06:20:36,0.101304801,0.0292263158006412,1.37740996,175.7779627677025,15162.0,1528.6389814374884,175.77485488664627
2024-05-13 06:20:40,0.101306611,0.0292273410695302,1.37745828,175.77567206870964,15166.0,1528.6389814374884,175.77259827005997
2024-05-13 06:20:44,0.101308421,0.0292265080385579,1.37741902,175.78171737516254,15170.0,1528.6389814374884,175.77867725599128
2024-05-13 06:20:49,0.101305404,0.0292261237749076,1.37740091,175.77949521006806,15175.0,1528.6389814374884,175.77649662315233
2024-05-13 06:20:53,0.101304197,0.0292254189025464,1.37736769,175.7810623730994,15179.0,1528.6389814374884,175.77809655793732
2024-05-13 06:20:57,0.101301784,0.0292253548232408,1.37736467,175.77819464664404,15183.0,1528.6389814374884,175.77526119930286
2024-05-13 06:21:01,0.101304499,0.029225034426713,1.37734957,175.7831136469417,15187.0,1528.6389814374884,175.7802121631845
2024-05-13 06:21:06,0.101303896,0.0292259956162965,1.37739487,175.7779820611404,15192.0,1528.6389814374884,175.77511996294567
2024-05-13 06:21:10,0.101303292,0.0292255470611575,1.37737373,175.7791814819517,15196.0,1528.6389814374884,175.7763504367084
2024-05-13 06:21:14,0.101301784,0.0292254189025464,1.37736769,175.77777414619538,15200.0,1528.6389814374884,175.77497374869472
2024-05-13 06:21:18,0.101301784,0.0292242016079237,1.37731032,175.7832047291689,15204.0,1528.6389814374884,175.78043457390797
2024-05-13 06:21:22,0.101301181,0.0292252266646297,1.37735863,175.7777960392128,15208.0,1528.6389814374884,175.77505572039712
2024-05-13 06:21:27,0.101306912,0.0292243297665349,1.37731636,175.78919992520636,15213.0,1528.6389814374884,175.78649633085814
2024-05-13 06:21:31,0.101303594,0.0292242656872293,1.37731334,175.78516429551448,15217.0,1528.6389814374884,175.78248962351967
2024-05-13 06:21:35,0.101306912,0.0292248421887963,1.37734051,175.78684359182793,15221.0,1528.6389814374884,175.7841974354605
2024-05-13 06:21:39,0.101305102,0.0292249703474074,1.37734655,175.78389806755607,15225.0,1528.6389814374884,175.78128001980824
2024-05-13 06:21:43,0.101305102,0.029225034426713,1.37734957,175.78358289863658,15229.0,1528.6389814374884,175.78099255222148
2024-05-13 06:21:47,0.101306912,0.0292236889734792,1.37728616,175.79193430610053,15233.0,1528.6389814374884,175.78937125345436
2024-05-13 06:21:52,0.101311136,0.0292247781094907,1.37733749,175.7924810746912,15238.0,1528.6389814374884,175.7899515657018
2024-05-13 06:21:56,0.101310231,0.0292247140301851,1.37733447,175.79157094520798,15242.0,1528.6389814374884,175.78906781196906
2024-05-13 06:22:00,0.101305102,0.0292247781094907,1.37733749,175.78461959606787,15246.0,1528.6389814374884,175.7821424301323
2024-05-13 06:22:04,0.101306611,0.0292246499508796,1.37733145,175.7871219235487,15250.0,1528.6389814374884,175.7846703162025
2024-05-13 06:22:08,0.101310231,0.0292241375286182,1.3773073,175.7940807591078,15254.0,1528.6389814374884,175.79165430137255
2024-05-13 06:22:13,0.101307817,0.0292249703474074,1.37734655,175.78718931569136,15259.0,1528.6389814374884,175.78479371944508
2024-05-13 06:22:17,0.101308421,0.0292233044976458,1.37726804,175.79542066478643,15263.0,1528.6389814374884,175.79304929699538
2024-05-13 06:22:21,0.101315359,0.0292256111404631,1.37737675,175.79402706657223,15267.0,1528.6389814374884,175.79167951741505
2024-05-13 06:22:25,0.101314756,0.0292251625853241,1.37735561,175.7952356962964,15271.0,1528.6389814374884,175.79291155569751
2024-05-13 06:22:29,0.101309627,0.029224585871574,1.37732843,175.7911622372748,15275.0,1528.6389814374884,175.78886109490665
2024-05-13 06:22:34,0.101312644,0.0292254829818519,1.37737071,175.7910138233466,15280.0,1528.6389814374884,175.78874085136377
2024-05-13 06:22:38,0.101315359,0.0292238812113959,1.37729522,175.80169201012924,15284.0,1528.6389814374884,175.7994411122313
2024-05-13 06:22:42,0.101318979,0.029226059695602,1.37739789,175.7965811484601,15288.0,1528.6389814374884,175.79435191351706
2024-05-13 06:22:46,0.101316566,0.0292247140301851,1.37733447,175.79947449972153,15292.0,1528.6389814374884,175.79726651636162
2024-05-13 06:22:50,0.101318375,0.0292254829818519,1.37737071,175.79834481221113,15296.0,1528.6389814374884,175.79615766882307
2024-05-13 06:22:55,0.101316867,0.029224457925146,1.3773224,175.80096682531612,15301.0,1528.6389814374884,175.7988051527036
2024-05-13 06:22:59,0.101316264,0.0292249703474074,1.37734655,175.79786742044894,15305.0,1528.6389814374884,175.79572566081976
2024-05-13 06:23:03,0.101319582,0.0292247781094907,1.37733749,175.80300455123748,15309.0,1528.6389814374884,175.80088229221855
2024-05-13 06:23:07,0.101321694,0.0292249703474074,1.37734655,175.80485625426275,15313.0,1528.6389814374884,175.8027530832516
2024-05-13 06:23:11,0.101318979,0.0292251625853241,1.37735561,175.8004613391776,15317.0,1528.6389814374884,175.79837684334476
2024-05-13 06:23:15,0.101318375,0.0292247140301851,1.37733447,175.8016739428476,15321.0,1528.6389814374884,175.7996077091392
2024-05-13 06:23:19,0.10131747,0.029225034426713,1.37734957,175.7990473244934,15325.0,1528.6389814374884,175.79699893963317
2024-05-13 06:23:24,0.101316867,0.0292251625853241,1.37735561,175.7976702077395,15330.0,1528.6389814374884,175.79564355243522
2024-05-13 06:23:28,0.101321392,0.0292253548232408,1.37736467,175.80264689615672,15334.0,1528.6389814374884,175.80063715902912
2024-05-13 06:23:32,0.10132471,0.0292263158006412,1.37740996,175.80261277513256,15338.0,1528.6389814374884,175.80061954219968
2024-05-13 06:23:36,0.101327124,0.0292265721178634,1.37742204,175.80457070241286,15342.0,1528.6389814374884,175.80259355948067
2024-05-13 06:23:40,0.101323805,0.0292247781094907,1.37733749,175.80830916507477,15346.0,1528.6389814374884,175.80634769773962
2024-05-13 06:23:44,0.101326219,0.0292252266646297,1.37735863,175.80940539277674,15350.0,1528.6389814374884,175.80745918642762
2024-05-13 06:23:49,0.101325314,0.0292263158006412,1.37740996,175.80332891119306,15355.0,1528.6389814374884,175.80140119771778
2024-05-13 06:23:53,0.101328632,0.0292264439592523,1.377416,175.80703349330727,15359.0,1528.6389814374884,175.80512010719764
2024-05-13 06:23:57,0.101325615,0.0292252907439352,1.37736165,175.80828945262144,15363.0,1528.6389814374884,175.8063899786091
2024-05-13 06:24:01,0.101323805,0.0292259315369909,1.37739185,175.8030583845412,15367.0,1528.6389814374884,175.80117240716075
2024-05-13 06:24:06,0.10132833,0.0292254829818519,1.37737071,175.8109107753584,15372.0,1528.6389814374884,175.80904108422294
2024-05-13 06:24:10,0.101327727,0.0292262517213356,1.37740694,175.80666857639937,15376.0,1528.6389814374884,175.80481144638998
2024-05-13 06:24:14,0.101331648,0.0292267002764746,1.37742808,175.8097181183321,15380.0,1528.6389814374884,175.80787313335895
2024-05-13 06:24:18,0.101328934,0.0292267643557801,1.3774311,175.80590665887715,15384.0,1528.6389814374884,175.80407340266345
2024-05-13 06:24:22,0.101329235,0.0292265721178634,1.37742204,175.80714739135587,15388.0,1528.6389814374884,175.80532544744017
2024-05-13 06:24:27,0.101330442,0.029226059695602,1.37739789,175.81099501660265,15393.0,1528.6389814374884,175.8091866271332
2024-05-13 06:24:31,0.101324107,0.0292243297665349,1.37731636,175.81054833815173,15397.0,1528.6389814374884,175.80875032327938
2024-05-13 06:24:35,0.101325917,0.0292251625853241,1.37735561,175.8091439267122,15401.0,1528.6389814374884,175.80735586939193
2024-05-13 06:24:39,0.101325012,0.0292246499508796,1.37733145,175.81026337817246,15405.0,1528.6389814374884,175.8084848611849
2024-05-13 06:24:43,0.101328632,0.0292245217922684,1.37732541,175.81551436879417,15409.0,1528.6389814374884,175.8137449747477
2024-05-13 06:24:47,0.101332855,0.0292262517213356,1.37740694,175.81320845672064,15413.0,1528.6389814374884,175.8114477680541
2024-05-13 06:24:51,0.101330442,0.0292259315369909,1.37739185,175.81151407288388,15417.0,1528.6389814374884,175.80976167186873
2024-05-13 06:24:55,0.101333458,0.0292254829818519,1.37737071,175.8174221117044,15421.0,1528.6389814374884,175.8156775804472
2024-05-13 06:25:00,0.101330442,0.029224585871574,1.37732843,175.81753522806207,15426.0,1528.6389814374884,175.8157999460924
2024-05-13 06:25:04,0.101328934,0.0292263158006412,1.37740996,175.80781430736218,15430.0,1528.6389814374884,175.8060859542997
2024-05-13 06:25:08,0.101329537,0.029224457925146,1.3773224,175.8169246756356,15434.0,1528.6389814374884,175.81520283306753
2024-05-13 06:25:12,0.101332252,0.0292252266646297,1.37735863,175.81698272428997,15438.0,1528.6389814374884,175.81526697364882
2024-05-13 06:25:16,0.10133014,0.0292249703474074,1.37734655,175.81539389982643,15442.0,1528.6389814374884,175.8136838223923
2024-05-13 06:25:21,0.101332855,0.0292248421887963,1.37734051,175.81947622786424,15447.0,1528.6389814374884,175.81777265288588
2024-05-13 06:25:25,0.101329839,0.0292252907439352,1.37736165,175.81355542687535,15451.0,1528.6389814374884,175.81185658243976
2024-05-13 06:25:29,0.101333157,0.0292249703474074,1.37734655,175.8192829304288,15455.0,1528.6389814374884,175.8175883973376
2024-05-13 06:25:33,0.101332252,0.0292252907439352,1.37736165,175.81667007273245,15459.0,1528.6389814374884,175.8149794316451
2024-05-13 06:25:38,0.10133195,0.0292245217922684,1.37732541,175.81972553315518,15464.0,1528.6389814374884,175.8180391671624
2024-05-13 06:25:42,0.101334665,0.0292250985060185,1.37735259,175.82064834919836,15468.0,1528.6389814374884,175.818964931186
2024-05-13 06:25:46,0.101332553,0.0292257392990742,1.37738279,175.81503710405357,15472.0,1528.6389814374884,175.8133562142357
2024-05-13 06:25:50,0.101333458,0.0292265080385579,1.37741902,175.81275681923347,15476.0,1528.6389814374884,175.81107803769223
2024-05-13 06:25:54,0.10133738,0.0292257392990742,1.37738279,175.8212802042569,15480.0,1528.6389814374884,175.8196031109449
2024-05-13 06:25:59,0.101334967,0.0292252266646297,1.37735863,175.82045624593587,15485.0,1528.6389814374884,175.81878067202535
2024-05-13 06:26:03,0.101336475,0.0292253548232408,1.37736467,175.82183201982178,15489.0,1528.6389814374884,175.8201571885727
2024-05-13 06:26:07,0.101335268,0.0292256752197686,1.37737977,175.8188319017551,15493.0,1528.6389814374884,175.8171573927156
2024-05-13 06:26:11,0.101339793,0.0292267002764746,1.37742808,175.82008830440694,15497.0,1528.6389814374884,175.8184136970059
2024-05-13 06:26:15,0.10133557,0.0292255470611575,1.37737373,175.8197984444591,15501.0,1528.6389814374884,175.81812331800842
2024-05-13 06:26:19,0.10133919,0.0292253548232408,1.37736467,175.82534693784393,15505.0,1528.6389814374884,175.82367087154097
2024-05-13 06:26:24,0.101339793,0.0292256111404631,1.37737675,175.82497885567486,15510.0,1528.6389814374884,175.82330102263234
2024-05-13 06:26:28,0.101338888,0.0292249703474074,1.37734655,175.82668512739193,15514.0,1528.6389814374884,175.825005407285
2024-05-13 06:26:32,0.101343112,0.0292250985060185,1.37735259,175.83157894490816,15518.0,1528.6389814374884,175.82989691657855
2024-05-13 06:26:36,0.101341,0.0292258033783798,1.37738581,175.82568516101313,15522.0,1528.6389814374884,175.82400040319834
2024-05-13 06:26:40,0.101341,0.0292263158006412,1.37740996,175.82338885548276,15526.0,1528.6389814374884,175.82170094681842
2024-05-13 06:26:45,0.101335268,0.029224009370007,1.37730126,175.82632540812676,15531.0,1528.6389814374884,175.82463296820535
2024-05-13 06:26:49,0.10133557,0.0292253548232408,1.37736467,175.8206825001176,15535.0,1528.6389814374884,175.8189859609166
2024-05-13 06:26:53,0.101338888,0.0292247781094907,1.37733749,175.82756917264578,15539.0,1528.6389814374884,175.8258681124861
2024-05-13 06:26:57,0.101342508,0.0292248421887963,1.37734051,175.83197153851617,15543.0,1528.6389814374884,175.8302655356273
2024-05-13 06:27:01,0.10134462,0.0292250985060185,1.37735259,175.8335599158752,15547.0,1528.6389814374884,175.8318485483972
2024-05-13 06:27:06,0.101347335,0.0292258674576853,1.37738883,175.83362996409295,15552.0,1528.6389814374884,175.83191129750597
2024-05-13 06:27:10,0.101342207,0.0292252266646297,1.37735863,175.82987551503746,15556.0,1528.6389814374884,175.82815053436272
2024-05-13 06:27:14,0.101346128,0.0292257392990742,1.37738279,175.83265611485382,15560.0,1528.6389814374884,175.83092439795792
2024-05-13 06:27:18,0.101341905,0.0292249703474074,1.37734655,175.8306488575596,15564.0,1528.6389814374884,175.82890998223024
2024-05-13 06:27:23,0.101338888,0.0292249062681018,1.37734353,175.827041391648,15569.0,1528.6389814374884,175.82529297442426
2024-05-13 06:27:27,0.101342207,0.0292247140301851,1.37733447,175.8322076676904,15573.0,1528.6389814374884,175.830451141779
2024-05-13 06:27:31,0.101340095,0.0292246499508796,1.37733145,175.82977041858567,15577.0,1528.6389814374884,175.82800536153405
2024-05-13 06:27:35,0.101339793,0.0292230481804235,1.37725596,175.83657734854245,15581.0,1528.6389814374884,175.83480333782944
2024-05-13 06:27:40,0.101343715,0.0292234326562569,1.37727408,175.83993960123564,15586.0,1528.6389814374884,175.8381538041745
2024-05-13 06:27:44,0.101341905,0.0292238171320903,1.3772922,175.83588128711878,15590.0,1528.6389814374884,175.8340855854845
2024-05-13 06:27:48,0.10134643,0.029225034426713,1.37734957,175.8362846392081,15594.0,1528.6389814374884,175.83447861027258
2024-05-13 06:27:52,0.101347033,0.0292259956162965,1.37739487,175.832762101364,15598.0,1528.6389814374884,175.83094532234077
2024-05-13 06:27:56,0.101345223,0.0292258674576853,1.37738883,175.83100600148057,15602.0,1528.6389814374884,175.8291780495269
2024-05-13 06:28:00,0.101344318,0.0292249703474074,1.37734655,175.83387241345213,15606.0,1528.6389814374884,175.8320328656717
2024-05-13 06:28:04,0.101348541,0.0292249703474074,1.37734655,175.83934980179689,15610.0,1528.6389814374884,175.8374982352421
2024-05-13 06:28:08,0.101343715,0.0292236889734792,1.37728616,175.83886738070618,15614.0,1528.6389814374884,175.83700337238068
2024-05-13 06:28:13,0.101345525,0.0292251625853241,1.37735561,175.83461235958396,15619.0,1528.6389814374884,175.83273220413588
2024-05-13 06:28:17,0.101347938,0.0292248421887963,1.37734051,175.83918657395802,15623.0,1528.6389814374884,175.8372930248313
2024-05-13 06:28:21,0.101347636,0.0292256111404631,1.37737675,175.83535850785057,15627.0,1528.6389814374884,175.83345114190678
2024-05-13 06:28:25,0.101344318,0.0292234967355625,1.3772771,175.84056823693658,15631.0,1528.6389814374884,175.83864663099868
2024-05-13 06:28:29,0.101349446,0.029225034426713,1.37734957,175.8403181516133,15635.0,1528.6389814374884,175.8383818824682
2024-05-13 06:28:33,0.101345826,0.0292249703474074,1.37734655,175.8359358616478,15639.0,1528.6389814374884,175.83398450604872
2024-05-13 06:28:38,0.101346128,0.0292238171320903,1.3772922,175.8415219796314,15644.0,1528.6389814374884,175.8395511707265
2024-05-13 06:28:42,0.101345525,0.0292240734493126,1.37730428,175.83960716832377,15648.0,1528.6389814374884,175.8376203205487
2024-05-13 06:28:46,0.101347335,0.0292246499508796,1.37733145,175.83937871875946,15652.0,1528.6389814374884,175.83737540877453
2024-05-13 06:28:50,0.101349446,0.0292240734493126,1.37730428,175.8447151956641,15656.0,1528.6389814374884,175.84269500010626
2024-05-13 06:28:54,0.10134824,0.029225034426713,1.37734957,175.83885859578024,15660.0,1528.6389814374884,175.83682109126534
2024-05-13 06:28:59,0.101348843,0.029224457925146,1.3773224,175.842248663204,15665.0,1528.6389814374884,175.84018892708076
2024-05-13 06:29:03,0.10135005,0.029224585871574,1.37732843,175.84325477936807,15669.0,1528.6389814374884,175.84117678160925
2024-05-13 06:29:07,0.101349145,0.029224585871574,1.37732843,175.84210220596609,15673.0,1528.6389814374884,175.84000552313606
2024-05-13 06:29:11,0.10135367,0.029224585871574,1.37732843,175.84797760684975,15677.0,1528.6389814374884,175.84586181550213
2024-05-13 06:29:15,0.10134643,0.0292228559425068,1.3772469,175.8463916562453,15681.0,1528.6389814374884,175.8442563329255
2024-05-13 06:29:20,0.101350955,0.0292238171320903,1.3772922,175.84795881209575,15686.0,1528.6389814374884,175.845798478319
2024-05-13 06:29:24,0.101353368,0.0292241375286182,1.3773073,175.84966416781285,15690.0,1528.6389814374884,175.84748334927335
2024-05-13 06:29:28,0.101356385,0.029224585871574,1.37732843,175.85157731768874,15694.0,1528.6389814374884,175.84937559092174
2024-05-13 06:29:32,0.101354575,0.0292252907439352,1.37736165,175.8460924042385,15698.0,1528.6389814374884,175.8438693457813
2024-05-13 06:29:36,0.101356385,0.029225034426713,1.37734957,175.84960706933833,15702.0,1528.6389814374884,175.8473622557326
2024-05-13 06:29:41,0.101354876,0.0292261878542132,1.37740393,175.8425051416857,15707.0,1528.6389814374884,175.84023253866695
2024-05-13 06:29:45,0.101360909,0.0292265080385579,1.37741902,175.84889832293587,15711.0,1528.6389814374884,175.8466030120165
2024-05-13 06:29:49,0.101353971,0.0292255470611575,1.37737373,175.8442557031704,15715.0,1528.6389814374884,175.84193726092343
2024-05-13 06:29:53,0.101356988,0.0292243938458404,1.37731938,175.8533599336296,15719.0,1528.6389814374884,175.8510179366429
2024-05-13 06:29:58,0.101355178,0.0292248421887963,1.37734051,175.8490350462449,15724.0,1528.6389814374884,175.8466630104366
2024-05-13 06:30:02,0.101358496,0.0292250985060185,1.37735259,175.85220321033273,15728.0,1528.6389814374884,175.84980666717394
2024-05-13 06:30:06,0.101359703,0.0292247781094907,1.37733749,175.8552283776424,15732.0,1528.6389814374884,175.85280690378585
2024-05-13 06:30:10,0.101358195,0.0292259956162965,1.37739487,175.84783740597484,15736.0,1528.6389814374884,175.84539057809835
2024-05-13 06:30:14,0.101359703,0.0292249703474074,1.37734655,175.85441661931574,15740.0,1528.6389814374884,175.85194401412468
2024-05-13 06:30:19,0.101362719,0.029224585871574,1.37732843,175.8600785917943,15745.0,1528.6389814374884,175.85757316974787
2024-05-13 06:30:23,0.101359099,0.0292245217922684,1.37732541,175.8557078825744,15749.0,1528.6389814374884,175.85317573091382
2024-05-13 06:30:27,0.101363021,0.0292243938458404,1.37731938,175.8613853165269,15753.0,1528.6389814374884,175.85882601206396
2024-05-13 06:30:31,0.101361814,0.0292245217922684,1.37732541,175.85927642401944,15757.0,1528.6389814374884,175.85668954360375
2024-05-13 06:30:35,0.101367848,0.0292259956162965,1.37739487,175.8604979136057,15761.0,1528.6389814374884,175.8578830341272
2024-05-13 06:30:40,0.101367546,0.0292255470611575,1.37737373,175.86215611342647,15766.0,1528.6389814374884,175.85950564018646
2024-05-13 06:30:44,0.101365736,0.0292259315369909,1.37739185,175.85811682484015,15770.0,1528.6389814374884,175.85543740069988
2024-05-13 06:30:48,0.101365736,0.0292239452907015,1.37729824,175.86706226429175,15774.0,1528.6389814374884,175.86435346628917
2024-05-13 06:30:52,0.101365434,0.029225034426713,1.37734957,175.86181203762956,15778.0,1528.6389814374884,175.85907344285326
2024-05-13 06:30:56,0.101367244,0.0292257392990742,1.37738279,175.8610207048176,15782.0,1528.6389814374884,175.8582518904093
2024-05-13 06:31:00,0.101366038,0.0292240734493126,1.37730428,175.866968456103,15786.0,1528.6389814374884,175.86416899925993
2024-05-13 06:31:05,0.101364228,0.0292249062681018,1.37734353,175.86092627455295,15791.0,1528.6389814374884,175.85808792018878
2024-05-13 06:31:09,0.101372071,0.0292252907439352,1.37736165,175.8693823541569,15795.0,1528.6389814374884,175.8665124062677
2024-05-13 06:31:13,0.101368451,0.0292247781094907,1.37733749,175.86703062243336,15799.0,1528.6389814374884,175.86412865841385
2024-05-13 06:31:17,0.101368753,0.0292255470611575,1.37737373,175.86400211401042,15803.0,1528.6389814374884,175.86106771132128
2024-05-13 06:31:22,0.101371468,0.0292248421887963,1.37734051,175.87072117248073,15808.0,1528.6389814374884,175.86774562736298
2024-05-13 06:31:26,0.101369658,0.0292258033783798,1.37738581,175.86409730589958,15812.0,1528.6389814374884,175.8610883716524
2024-05-13 06:31:30,0.101368753,0.0292259956162965,1.37739487,175.8620969916431,15816.0,1528.6389814374884,175.85905424595836
2024-05-13 06:31:34,0.101372372,0.0292247140301851,1.37733447,175.87256790602584,15820.0,1528.6389814374884,175.86949092667157
2024-05-13 06:31:38,0.101374182,0.029224585871574,1.37732843,175.87552043901195,15824.0,1528.6389814374884,175.87240880383513
2024-05-13 06:31:43,0.101373277,0.0292256752197686,1.37737977,175.86950280686455,15829.0,1528.6389814374884,175.86634725838064
2024-05-13 06:31:47,0.101371468,0.0292252907439352,1.37736165,175.86892316479464,15833.0,1528.6389814374884,175.86573201094427
2024-05-13 06:31:51,0.101371468,0.0292254829818519,1.37737071,175.86809623249772,15837.0,1528.6389814374884,175.8648690514006
2024-05-13 06:31:55,0.101373277,0.029226059695602,1.37739789,175.86788499539193,15841.0,1528.6389814374884,175.86462136525694
2024-05-13 06:32:00,0.101371769,0.0292246499508796,1.37733145,175.8723079682957,15846.0,1528.6389814374884,175.8689981838594
2024-05-13 06:32:04,0.101373579,0.029224457925146,1.3773224,175.8755499716836,15850.0,1528.6389814374884,175.87220278951798
2024-05-13 06:32:08,0.101381724,0.0292258033783798,1.37738581,175.88008877072193,15854.0,1528.6389814374884,175.8767037693425
2024-05-13 06:32:12,0.101376294,0.0292258674576853,1.37738883,175.87281203606517,15858.0,1528.6389814374884,175.86938879408694
2024-05-13 06:32:16,0.101375992,0.0292236889734792,1.37728616,175.8822399603686,15862.0,1528.6389814374884,175.87877805650862
2024-05-13 06:32:20,0.101377802,0.029224009370007,1.37730126,175.88318314483686,15866.0,1528.6389814374884,175.8796821579166
2024-05-13 06:32:24,0.101378104,0.029224585871574,1.37732843,175.88102522238367,15870.0,1528.6389814374884,175.87748473133144
2024-05-13 06:32:29,0.101376897,0.0292259956162965,1.37739487,175.87318432146452,15875.0,1528.6389814374884,175.86959385828212
2024-05-13 06:32:33,0.101378104,0.0292252266646297,1.37735863,175.87823883092258,15879.0,1528.6389814374884,175.8746079166005
2024-05-13 06:32:37,0.101379311,0.0292252266646297,1.37735863,175.8798417910295,15883.0,1528.6389814374884,175.87617000486034
2024-05-13 06:32:41,0.101378104,0.029226059695602,1.37739789,175.87458132465179,15887.0,1528.6389814374884,175.87086824604552
2024-05-13 06:32:45,0.101380819,0.0292247781094907,1.37733749,175.8838902470513,15891.0,1528.6389814374884,175.88013545553764
2024-05-13 06:32:50,0.101381422,0.0292251625853241,1.37735561,175.882997250536,15896.0,1528.6389814374884,175.8791897267881
2024-05-13 06:32:54,0.101383836,0.0292249062681018,1.37734353,175.8873148732831,15900.0,1528.6389814374884,175.88346469102012
2024-05-13 06:32:58,0.101385344,0.0292256111404631,1.37737675,175.8861449670692,15904.0,1528.6389814374884,175.88225170622698
2024-05-13 06:33:02,0.101383836,0.0292243938458404,1.37731938,175.88970211998387,15908.0,1528.6389814374884,175.8857653606284
2024-05-13 06:33:07,0.101386852,0.0292242016079237,1.37731032,175.8945236288901,15913.0,1528.6389814374884,175.89053190606313
2024-05-13 06:33:11,0.101383836,0.0292240734493126,1.37730428,175.89124008124242,15917.0,1528.6389814374884,175.88720391553932
2024-05-13 06:33:15,0.101384439,0.0292243297665349,1.37731636,175.89091451814542,15921.0,1528.6389814374884,175.88683349007218
2024-05-13 06:33:19,0.101382026,0.0292247781094907,1.37733749,175.88582387756986,15925.0,1528.6389814374884,175.88169756777313
2024-05-13 06:33:23,0.101387757,0.029224457925146,1.3773224,175.89472431965615,15929.0,1528.6389814374884,175.89055230892558
2024-05-13 06:33:27,0.101387154,0.029224457925146,1.3773224,175.89399002209214,15933.0,1528.6389814374884,175.88977189136295
2024-05-13 06:33:32,0.101391075,0.0292238812113959,1.37729522,175.90171251175298,15938.0,1528.6389814374884,175.89743614194126
2024-05-13 06:33:36,0.101390774,0.0292248421887963,1.37734051,175.8970550352431,15942.0,1528.6389814374884,175.8927316030817
2024-05-13 06:33:40,0.101392584,0.0292242656872293,1.37731334,175.90203364503876,15946.0,1528.6389814374884,175.89766273195278
2024-05-13 06:33:44,0.101385344,0.029223560814868,1.37728012,175.8958762323692,15950.0,1528.6389814374884,175.89145741993968
2024-05-13 06:33:48,0.101388662,0.0292236248941736,1.37728314,175.89993118243441,15954.0,1528.6389814374884,175.89546405240085
2024-05-13 06:33:53,0.101387757,0.0292232404183402,1.37726502,175.9005472878213,15959.0,1528.6389814374884,175.89601917284915
2024-05-13 06:33:57,0.101391075,0.0292236889734792,1.37728616,175.90287673608597,15963.0,1528.6389814374884,175.8982993630156
2024-05-13 06:34:01,0.101392584,0.0292238812113959,1.37729522,175.9040162146231,15967.0,1528.6389814374884,175.89938916572586
2024-05-13 06:34:05,0.101395299,0.0292236248941736,1.37728314,175.90873124374917,15971.0,1528.6389814374884,175.9040541014653
2024-05-13 06:34:10,0.10139741,0.0292241375286182,1.3773073,175.90922458594844,15976.0,1528.6389814374884,175.90448423999905
2024-05-13 06:34:14,0.101397109,0.0292236889734792,1.37728616,175.9109003506574,15980.0,1528.6389814374884,175.90610897244215
2024-05-13 06:34:18,0.101396204,0.0292231763390346,1.377262,175.91208259999584,15984.0,1528.6389814374884,175.9072397725207
2024-05-13 06:34:22,0.101398014,0.0292227279960788,1.37724087,175.9164906346587,15988.0,1528.6389814374884,175.9115959411091
2024-05-13 06:34:26,0.101398617,0.0292238812113959,1.37729522,175.9121444149478,15992.0,1528.6389814374884,175.90719743869107
2024-05-13 06:34:30,0.101398315,0.0292231122597291,1.37725898,175.9152594752746,15996.0,1528.6389814374884,175.91025979986222
2024-05-13 06:34:35,0.101404952,0.0292229841011179,1.37725294,175.92449176584762,16001.0,1528.6389814374884,175.9194256311447
2024-05-13 06:34:39,0.101403443,0.0292242656872293,1.37731334,175.9168366804489,16005.0,1528.6389814374884,175.91171691026773
2024-05-13 06:34:43,0.101405253,0.0292234326562569,1.37727408,175.9229744766054,16009.0,1528.6389814374884,175.91780065511335
2024-05-13 06:34:47,0.101406762,0.0292230481804235,1.37725596,175.92670880191451,16013.0,1528.6389814374884,175.92148051347385
2024-05-13 06:34:51,0.101405857,0.0292230481804235,1.37725596,175.9255923444856,16017.0,1528.6389814374884,175.92030917365565
2024-05-13 06:34:56,0.101405555,0.0292224716788565,1.37722879,175.92785993693641,16022.0,1528.6389814374884,175.92250757921096
2024-05-13 06:35:00,0.101413398,0.0292241375286182,1.3773073,175.93058488145715,16026.0,1528.6389814374884,175.9251767073349
2024-05-13 06:35:04,0.101409778,0.0292228559425068,1.3772469,175.93171195876948,16030.0,1528.6389814374884,175.9262475534678
2024-05-13 06:35:08,0.101409175,0.0292236248941736,1.37728314,175.92753447911008,16034.0,1528.6389814374884,175.92201342805407
2024-05-13 06:35:12,0.101412493,0.0292231763390346,1.377262,175.93390061366682,16038.0,1528.6389814374884,175.9283225024918
2024-05-13 06:35:16,0.101412192,0.0292231763390346,1.377262,175.93356850590584,16042.0,1528.6389814374884,175.92793292045968
2024-05-13 06:35:21,0.101409778,0.0292229200218124,1.37724992,175.93166775029792,16047.0,1528.6389814374884,175.9259597399394
2024-05-13 06:35:25,0.101411287,0.0292225998374677,1.37723483,175.93511740870244,16051.0,1528.6389814374884,175.92935099302088
2024-05-13 06:35:29,0.101413097,0.0292228559425068,1.3772469,175.93636859170763,16055.0,1528.6389814374884,175.93054335725913
2024-05-13 06:35:33,0.101413398,0.0292215745685786,1.37718651,175.9425731979906,16059.0,1528.6389814374884,175.93668873155428
2024-05-13 06:35:37,0.101410985,0.0292224716788565,1.37722879,175.93547986818888,16063.0,1528.6389814374884,175.92953575676967
2024-05-13 06:35:41,0.101416113,0.0292215745685786,1.37718651,175.94620709738626,16067.0,1528.6389814374884,175.94020292821713
2024-05-13 06:35:46,0.101411588,0.0292214464099675,1.37718047,175.9410014468407,16072.0,1528.6389814374884,175.9349216253819
2024-05-13 06:35:50,0.101410985,0.0292218308858009,1.37719859,175.93855487851908,16076.0,1528.6389814374884,175.9324140714312
2024-05-13 06:35:54,0.10141913,0.0292222794409398,1.37721973,175.94714377832932,16080.0,1528.6389814374884,175.9409415736037
2024-05-13 06:35:58,0.101418526,0.0292225998374677,1.37723483,175.9449845751509,16084.0,1528.6389814374884,175.93872056101748
2024-05-13 06:36:02,0.101416716,0.029221510489273,1.37718349,175.94759752415004,16088.0,1528.6389814374884,175.94127128907985
2024-05-13 06:36:06,0.1014137,0.0292202291153448,1.3771231,175.94951268294957,16092.0,1528.6389814374884,175.94312381565717
2024-05-13 06:36:11,0.101413398,0.0292232404183402,1.37726502,175.93567375524714,16097.0,1528.6389814374884,175.9292060196819
2024-05-13 06:36:15,0.10142094,0.0292224716788565,1.37722879,175.94895204123688,16101.0,1528.6389814374884,175.9424207489606
2024-05-13 06:36:19,0.101423051,0.0292220872030231,1.37721067,175.9534755048303,16105.0,1528.6389814374884,175.94688024536617
2024-05-13 06:36:23,0.101422146,0.0292212541720508,1.37717141,175.9561108478696,16109.0,1528.6389814374884,175.94945121099505
2024-05-13 06:36:27,0.101420336,0.0292209339877061,1.37715632,175.95527125272315,16113.0,1528.6389814374884,175.9485468284721
2024-05-13 06:36:31,0.101423655,0.0292220231237176,1.37720765,175.95473951780738,16117.0,1528.6389814374884,175.94794989647275
2024-05-13 06:36:36,0.101426671,0.0292222153616343,1.37721671,175.95786170852014,16122.0,1528.6389814374884,175.9509900150792
2024-05-13 06:36:40,0.101428481,0.0292222794409398,1.37721973,175.95998271095567,16126.0,1528.6389814374884,175.95304489955032
2024-05-13 06:36:44,0.101429084,0.0292225998374677,1.37723483,175.95939032875907,16130.0,1528.6389814374884,175.95238599054125
2024-05-13 06:36:48,0.101432704,0.0292224716788565,1.37722879,175.9647185106716,16134.0,1528.6389814374884,175.95764723706293
2024-05-13 06:36:53,0.101433609,0.0292226639167732,1.37723785,175.96511045715903,16139.0,1528.6389814374884,175.95795494016312
2024-05-13 06:36:57,0.101435118,0.0292227279960788,1.37724087,175.96684355722064,16143.0,1528.6389814374884,175.95962018653097
2024-05-13 06:37:01,0.101434213,0.0292222153616343,1.37721671,175.9680436041191,16147.0,1528.6389814374884,175.9607519720505
2024-05-13 06:37:05,0.101435721,0.0292229841011179,1.37725294,175.96661035672062,16151.0,1528.6389814374884,175.9592500558682
2024-05-13 06:37:09,0.101436324,0.0292218949651064,1.37720161,175.97235325157243,16155.0,1528.6389814374884,175.9649238748138
2024-05-13 06:37:14,0.101437833,0.029221959044412,1.37720463,175.97410544344208,16160.0,1528.6389814374884,175.96658914971945
2024-05-13 06:37:18,0.101434514,0.029222407599551,1.37722577,175.96786416223705,16164.0,1528.6389814374884,175.96027787762915
2024-05-13 06:37:22,0.101434213,0.029221959044412,1.37720463,175.96956025804977,16168.0,1528.6389814374884,175.96190357636988
2024-05-13 06:37:26,0.101436928,0.0292225357581621,1.37723181,175.9705540903645,16172.0,1528.6389814374884,175.9628266057191
2024-05-13 06:37:31,0.101442357,0.0292220872030231,1.37721067,175.97968552982286,16177.0,1528.6389814374884,175.97186897113357
2024-05-13 06:37:35,0.101443262,0.0292227918632012,1.37724388,175.97776246851217,16181.0,1528.6389814374884,175.96987419468195
2024-05-13 06:37:39,0.101446279,0.0292232404183402,1.37726502,175.97972413404648,16185.0,1528.6389814374884,175.9717637401518
2024-05-13 06:37:43,0.101442659,0.029222407599551,1.37722577,175.9788531744196,16189.0,1528.6389814374884,175.97082025584078
2024-05-13 06:37:48,0.101445374,0.0292225357581621,1.37723181,175.98188267451175,16194.0,1528.6389814374884,175.973758531548
