time,voltage,current,shunt_voltage,temperature,temperature old
2024-06-08 10:35:29,0.167819327,0.0329549571283983,1.55313747,237.63465717724048,237.63465717724048
2024-06-08 10:35:33,0.168169252,0.0329479092535185,1.55280531,238.08222351841587,238.08290968320927
2024-06-08 10:35:38,0.168638936,0.0329436806559005,1.55260602,238.65227086814707,238.6538148776212
2024-06-08 10:35:42,0.168815105,0.0329395800047104,1.55241276,238.88075414890403,238.8829845450709
2024-06-08 10:35:46,0.168962315,0.0329375296791154,1.55231613,239.06341092364414,239.0663278051217
2024-06-08 10:35:50,0.16909595,0.0329313148352079,1.55202323,239.25517652209516,239.25877998749883
2024-06-08 10:35:55,0.169220535,0.0329284314786405,1.55188734,239.41641375642365,239.42087559040908
2024-06-08 10:35:59,0.169327021,0.0329263813652287,1.55179072,239.55182284045654,239.5569714802436
2024-06-08 10:36:03,0.169422345,0.0329238824844947,1.55167295,239.67695607202603,239.68279161622192
2024-06-08 10:36:07,0.169515257,0.0329227292691776,1.5516186,239.79124606841685,239.79776861562624
2024-06-08 10:36:11,0.169677248,0.0329201022298325,1.55149479,239.99474228608935,240.0019519349143
2024-06-08 10:36:15,0.169746931,0.0329188849352098,1.55143742,240.08242392069172,240.09032076973176
2024-06-08 10:36:20,0.169820234,0.032916065657948,1.55130455,240.1837696852932,240.19252567325373
2024-06-08 10:36:24,0.169885091,0.0329133747514805,1.55117773,240.2747076244311,240.28415103444604
2024-06-08 10:36:28,0.169952059,0.0329114525844966,1.55108714,240.3634991261284,240.3736300567888
2024-06-08 10:36:33,0.170004246,0.0329107479243185,1.55105393,240.42760855977184,240.43859902987867
2024-06-08 10:36:37,0.170066388,0.0329096585761238,1.55100259,240.50579309230167,240.5174713048741
2024-06-08 10:36:41,0.170122497,0.0329076723298344,1.55090898,240.58235886358221,240.59472491720257
2024-06-08 10:36:45,0.170181622,0.0329074800919177,1.55089992,240.65164638483196,240.66470037808
2024-06-08 10:36:49,0.17027936,0.0329053018198947,1.55079726,240.77784368848242,240.79158571993509
2024-06-08 10:36:54,0.170338787,0.0329056860835449,1.55081537,240.84384564365698,240.85844786148516
2024-06-08 10:36:58,0.170385544,0.0329045969475334,1.55076404,240.90415144476128,240.9194419225824
2024-06-08 10:37:02,0.170428681,0.0329024825426328,1.55066439,240.96643024161835,240.98240907800053
2024-06-08 10:37:06,0.17047031,0.0329017778824547,1.55063118,241.01845783454553,241.0351251280541
2024-06-08 10:37:10,0.170513448,0.0329014574859269,1.55061608,241.06992645551847,241.08728230471604
2024-06-08 10:37:14,0.170552965,0.0329002401913043,1.55055871,241.1225940276966,241.14063853114297
2024-06-08 10:37:19,0.170596404,0.0328996634775542,1.55053153,241.17579291295965,241.1946983728124
2024-06-08 10:37:23,0.170635921,0.0328981898657093,1.55046208,241.23001643639225,241.2496107722431
2024-06-08 10:37:27,0.170666992,0.0328962676987254,1.55037149,241.2771200191375,241.29740332953708
2024-06-08 10:37:31,0.17074663,0.0328960113815031,1.55035941,241.37072102552085,241.391693409017
2024-06-08 10:37:35,0.170780115,0.0328962676987254,1.55037149,241.40747735959368,241.42913891473128
2024-06-08 10:37:40,0.170811487,0.0328947940868805,1.55030204,241.45206134730643,241.4745845055703
2024-06-08 10:37:44,0.17084467,0.032893384342158,1.5502356,241.49854494602462,241.5217574976456
2024-06-08 10:37:48,0.170877852,0.03289325639573,1.55022957,241.53727599442726,241.5611780379409
2024-06-08 10:37:52,0.17091375,0.0328913342287461,1.55013898,241.59002990584997,241.6146215397889
2024-06-08 10:37:57,0.170949044,0.032890757514996,1.5501118,241.63376878079325,241.65922254132087
2024-06-08 10:38:01,0.17097559,0.0328905652770793,1.55010274,241.6651639485749,241.69130752121552
2024-06-08 10:38:05,0.171038938,0.0328889635066233,1.55002725,241.74796665632385,241.7748001396006
2024-06-08 10:38:09,0.171068803,0.0328904371184682,1.5500967,241.7731379176982,241.80066141013108
2024-06-08 10:38:14,0.171095047,0.0328904371184682,1.5500967,241.8028457581168,241.83123190053425
2024-06-08 10:38:18,0.17112099,0.0328869131810282,1.54993062,241.85373474230846,241.8828111155414
2024-06-08 10:38:22,0.171148441,0.0328851191726555,1.54984607,241.89590224773167,241.92566895029043
2024-06-08 10:38:26,0.171168954,0.0328844145124774,1.54981286,241.92338427323128,241.9538414036231
2024-06-08 10:38:31,0.171202136,0.0328846067503941,1.54982192,241.96001563614726,241.9913359398517
2024-06-08 10:38:35,0.171234715,0.0328848628554332,1.54983399,241.99572936680596,242.02774031997384
2024-06-08 10:38:39,0.171254927,0.0328830047677549,1.54974642,242.02986247926535,242.06256418039396
2024-06-08 10:38:43,0.171305304,0.0328823001075768,1.54971321,242.0921477434862,242.1255402910698
2024-06-08 10:38:47,0.171334866,0.032881979711049,1.54969811,242.12784845690769,242.16193194943745
2024-06-08 10:38:51,0.171355077,0.0328812748386877,1.54966489,242.1549884809189,242.1897630168829
2024-06-08 10:38:56,0.17138283,0.0328806983371208,1.54963772,242.18996602417985,242.22560450293065
2024-06-08 10:39:00,0.171397611,0.0328800575440651,1.54960752,242.21039159220246,242.2467213359741
2024-06-08 10:39:04,0.171426872,0.032879929385454,1.54960148,242.2445777971285,242.28159890439883
2024-06-08 10:39:08,0.171449799,0.032879929385454,1.54960148,242.2706042252666,242.30831679451023
2024-06-08 10:39:13,0.171476345,0.0328797371475372,1.54959242,242.30184361815773,242.34042065334307
2024-06-08 10:39:17,0.171533358,0.0328796089889261,1.54958638,242.36837257026045,242.40764128897536
2024-06-08 10:39:21,0.171553569,0.0328804420198985,1.54962564,242.38616933180123,242.42612983251
2024-06-08 10:39:25,0.171574384,0.0328779431391645,1.54950787,242.42493149766864,242.46558387883215
2024-06-08 10:39:30,0.171589467,0.0328766617652363,1.54944748,242.44943949190463,242.49095686209253
2024-06-08 10:39:34,0.171610885,0.0328776229548198,1.54949278,242.4678628778941,242.5100723500622
2024-06-08 10:39:38,0.171630794,0.0328766617652363,1.54944748,242.49622258360898,242.53912425620763
2024-06-08 10:39:42,0.171652212,0.0328753163120025,1.54938407,242.5286814767859,242.57227544826225
2024-06-08 10:39:46,0.1716682,0.0328751881533914,1.54937803,242.54740442735962,242.59169079615748
2024-06-08 10:39:50,0.171686903,0.0328744832810301,1.54934481,242.572802827946,242.61778169250584
2024-06-08 10:39:54,0.171708622,0.0328742910431134,1.54933575,242.59859681041326,242.6442682691722
2024-06-08 10:39:59,0.171752966,0.0328730737484908,1.54927838,242.65683371424396,242.70337105417403
2024-06-08 10:40:03,0.171776194,0.0328740349380743,1.54932368,242.67736304237872,242.72459319797932
2024-06-08 10:40:07,0.171794294,0.0328728174312685,1.5492663,242.70518550071708,242.75310857041444
2024-06-08 10:40:11,0.171805757,0.032872753351963,1.54926328,242.71824554746112,242.76686162967815
2024-06-08 10:40:16,0.171833811,0.0328726251933518,1.54925724,242.75086327688837,242.80034576315688
2024-06-08 10:40:20,0.171847687,0.0328714078987292,1.54919987,242.77376446719128,242.82394018741837
2024-06-08 10:40:24,0.171864882,0.0328719846124793,1.54922705,242.78960166455795,242.84047071715543
2024-06-08 10:40:28,0.171876043,0.032870703026368,1.54916665,242.80973147283984,242.861293956216
2024-06-08 10:40:32,0.171896556,0.032870703026368,1.54916665,242.8329524278174,242.88520844037703
2024-06-08 10:40:36,0.171914354,0.0328702546834121,1.54914552,242.8557418774791,242.90869151762365
2024-06-08 10:40:40,0.171954475,0.0328700624454954,1.54913646,242.90299571968256,242.9566390858099
2024-06-08 10:40:45,0.171976798,0.0328708311849791,1.54917269,242.92346503087842,242.977975692851
2024-06-08 10:40:49,0.171991881,0.0328694857317453,1.54910928,242.94856324681257,243.00376785615043
2024-06-08 10:40:53,0.17201179,0.0328694216524397,1.54910626,242.97147211671464,243.02737077180427
2024-06-08 10:40:57,0.172025666,0.0328684606750394,1.54906097,242.99282000651803,243.0494128057423
2024-06-08 10:41:01,0.172034113,0.0328668589045833,1.54898548,243.01175000060476,243.0690370423431
2024-06-08 10:41:06,0.172049498,0.0328671793011112,1.54900058,243.02686548897478,243.08502047219625
2024-06-08 10:41:10,0.172072424,0.0328678198819837,1.54903077,243.04899243214265,243.10784187921877
2024-06-08 10:41:14,0.172093841,0.0328683325164282,1.54905493,243.07014020032727,243.1296842096257
2024-06-08 10:41:18,0.172127929,0.0328682043578171,1.54904889,243.1099738302183,243.17021250010328
2024-06-08 10:41:22,0.172146632,0.0328670511425,1.54899454,243.1381292313347,243.19906266016665
2024-06-08 10:41:27,0.172157793,0.0328688451508728,1.54907909,243.1393180951299,243.2011201109595
2024-06-08 10:41:31,0.172172273,0.0328671793011112,1.54900058,243.16568124042652,243.22817823650087
2024-06-08 10:41:35,0.172181624,0.0328657695563887,1.54893414,243.1845015682503,243.2476936429181
2024-06-08 10:41:39,0.172197311,0.0328658336356942,1.54893716,243.20170742971257,243.2655946813187
2024-06-08 10:41:43,0.172209377,0.0328646804203772,1.54888281,243.22212872587176,243.28671125275747
2024-06-08 10:41:48,0.172223555,0.0328640396273215,1.54885261,243.24170900667775,243.30716076594973
2024-06-08 10:41:52,0.172237733,0.0328642959445438,1.54886469,243.25598093575533,243.3221281915612
2024-06-08 10:41:56,0.172269709,0.0328630145706156,1.5488043,243.30040787451125,243.3672507251801
2024-06-08 10:42:00,0.172282077,0.0328643600238493,1.54886771,243.30591045911385,243.3734490029711
2024-06-08 10:42:04,0.172299272,0.0328616050380762,1.54873787,243.342112340424,243.4103466757913
2024-06-08 10:42:08,0.172314958,0.0328613487208539,1.54872579,243.36127830649397,243.43020853168915
2024-06-08 10:42:12,0.172321594,0.0328603234519649,1.54867747,243.37459248753987,243.44421870087703
2024-06-08 10:42:17,0.172338186,0.0328613487208539,1.54872579,243.38680290463705,243.45729924140005
2024-06-08 10:42:21,0.17235357,0.032861925434604,1.54875297,243.40052136162558,243.47171390772323
2024-06-08 10:42:25,0.172362017,0.0328610283243261,1.54871069,243.41516461279824,243.48705346653225
2024-06-08 10:42:29,0.172376195,0.0328603875312704,1.54868049,243.43492479179605,243.50751005146415
2024-06-08 10:42:33,0.172393389,0.0328599391883146,1.54865936,243.45702596272125,243.53030772661745
2024-06-08 10:42:38,0.172412092,0.0328596187917868,1.54864426,243.4799305849602,243.55408311736144
2024-06-08 10:42:42,0.172433812,0.0328594265538701,1.5486352,243.5057445267685,243.58059378454504
2024-06-08 10:42:46,0.172446481,0.0328592343159534,1.54862614,243.5210015483982,243.59654762983135
2024-06-08 10:42:50,0.172454626,0.0328589779987311,1.54861406,243.53137416876956,243.60761717213668
2024-06-08 10:42:54,0.172468503,0.0328589139194255,1.54861104,243.5472559657847,243.6241959893593
2024-06-08 10:42:59,0.172487809,0.0328584655764697,1.54858991,243.5716488692641,243.64946030628903
2024-06-08 10:43:03,0.172491429,0.0328573121489695,1.54853555,243.58223728948326,243.66074596781647
2024-06-08 10:43:07,0.172505305,0.0328573121489695,1.54853555,243.59772628490208,243.6769323028042
2024-06-08 10:43:11,0.172521293,0.0328571199110528,1.54852649,243.61685626096332,243.6967597166909
2024-06-08 10:43:15,0.172551459,0.0328575043868862,1.54854461,243.6489925844384,243.72959357624413
2024-06-08 10:43:20,0.17256262,0.0328572480696639,1.54853253,243.66271017222905,243.74418322229403
2024-06-08 10:43:24,0.172574687,0.0328570558317472,1.54852347,243.6772666526235,243.7594374598203
2024-06-08 10:43:28,0.172592786,0.0328564152508747,1.54849328,243.7016071852302,243.78447584779832
2024-06-08 10:43:32,0.172593993,0.0328554540612912,1.54844798,243.70820750172075,243.7917741178957
2024-06-08 10:43:36,0.172603948,0.0328550695854578,1.54842986,243.72147924258454,243.80574391059767
2024-06-08 10:43:40,0.172617522,0.032855774457819,1.54846308,243.73229646404565,243.8172592821243
2024-06-08 10:43:44,0.172633812,0.0328551336647633,1.54843288,243.75452987568494,243.84019094205232
2024-06-08 10:43:49,0.17264075,0.0328555181405967,1.548451,243.75939404908058,243.84592806392905
2024-06-08 10:43:53,0.17265704,0.0328548134804186,1.54841779,243.7820197424418,243.86925222656623
2024-06-08 10:43:57,0.172675441,0.0328548775597242,1.54842081,243.80239557950674,243.89032663111695
2024-06-08 10:44:01,0.172691429,0.0328543649252797,1.54839665,243.82349277148603,243.91212248878773
2024-06-08 10:44:05,0.172703495,0.0328538522908351,1.54837249,243.84001491253318,243.9293433937279
2024-06-08 10:44:10,0.172714657,0.0328536600529184,1.54836343,243.8533429219725,243.943544996123
2024-06-08 10:44:14,0.172723103,0.032853724132224,1.54836645,243.86210480522885,243.95300586421044
2024-06-08 10:44:18,0.172733661,0.0328544290045852,1.54839967,243.86940008333136,243.961000225332
2024-06-08 10:44:22,0.172747538,0.0328543649252797,1.54839665,243.88528396565593,243.9775832888592
2024-06-08 10:44:26,0.172765335,0.0328541086080574,1.54838457,243.90692059888818,243.9999192014736
2024-06-08 10:44:30,0.172766844,0.0328529553927403,1.54833022,243.91505725366943,244.0087552338122
2024-06-08 10:44:35,0.17279339,0.0328519942031568,1.54828492,243.9510538342975,244.04562617443935
2024-06-08 10:44:39,0.172805758,0.0328521864410735,1.54829398,243.9636051877972,244.05887712637497
2024-06-08 10:44:43,0.172817523,0.0328529553927403,1.54833022,243.97191311580738,244.06788475098244
2024-06-08 10:44:47,0.172826874,0.0328521223617679,1.54829096,243.9872367956098,244.08390822553912
2024-06-08 10:44:51,0.172832907,0.0328509050671453,1.54823359,244.00104860381748,244.09841992665383
2024-06-08 10:44:56,0.172841957,0.0328513536222843,1.54825473,244.0079797457017,244.10622607269244
2024-06-08 10:45:00,0.172861565,0.0328510332257564,1.54823963,244.03212589770763,244.1310723384331
2024-06-08 10:45:04,0.172868201,0.0328497518518282,1.54817924,244.04703688527476,244.14668353787357
2024-06-08 10:45:08,0.172874536,0.0328504565120063,1.54821245,244.0494016772013,244.1497486398077
2024-06-08 10:45:12,0.172885698,0.0328503924327008,1.54820943,244.06211936956052,244.16316674030435
2024-06-08 10:45:17,0.172904099,0.0328499438775618,1.54818829,244.08547024093323,244.18739325983725
2024-06-08 10:45:21,0.172920087,0.0328500079568674,1.54819131,244.10303226357323,244.20565591139075
2024-06-08 10:45:25,0.172925818,0.032849046979467,1.54814602,244.11492216477453,244.21824653962105
2024-06-08 10:45:29,0.172936376,0.0328477656055388,1.54808563,244.1344141079502,244.23843930793677
2024-06-08 10:45:33,0.172943918,0.0328482139484946,1.54810676,244.13975987785375,244.2444860010871
2024-06-08 10:45:37,0.172955079,0.0328470607331775,1.54805241,244.15916951098203,244.26459665556425
2024-06-08 10:45:42,0.172967447,0.0328477656055388,1.54808563,244.16839516612012,244.27469872533783
2024-06-08 10:45:46,0.172974989,0.0328472529710942,1.54806147,244.179645714284,244.28665051556408
2024-06-08 10:45:50,0.172981927,0.0328457152799438,1.547989,244.19649184428116,244.30419798571128
2024-06-08 10:45:54,0.17301149,0.0328466121780386,1.54803127,244.22477916989018,244.33318674955336
2024-06-08 10:45:59,0.173015713,0.0328474452090109,1.54807053,244.22370992573374,244.33299444111063
2024-06-08 10:46:03,0.173025366,0.0328471888917887,1.54805845,244.23584912331972,244.3458352976
2024-06-08 10:46:07,0.173047689,0.0328483421071058,1.5481128,244.25410904962635,244.3647969808783
2024-06-08 10:46:11,0.173045577,0.032845971597166,1.54800108,244.2655168482673,244.37690663455464
2024-06-08 10:46:15,0.17306247,0.032846548098733,1.54802825,244.28098538025378,244.39307711963565
2024-06-08 10:46:19,0.173070313,0.0328470607331775,1.54805241,244.28628427693548,244.3990780674664
2024-06-08 10:46:24,0.173079665,0.0328468684952608,1.54804335,244.29750301997132,244.41117451232077
2024-06-08 10:46:28,0.173089921,0.0328476374469276,1.54807959,244.30404121762467,244.41841498172903
2024-06-08 10:46:32,0.173106814,0.0328452667248048,1.54796786,244.33763515185973,244.4527112857585
2024-06-08 10:46:36,0.173114054,0.0328457793592493,1.54799202,244.342229297759,244.4580078994871
2024-06-08 10:46:40,0.17311888,0.0328452026454992,1.54796484,244.35070689593965,244.4671880635272
2024-06-08 10:46:44,0.17313155,0.0328456512006382,1.54798598,244.36203226820047,244.479216099673
2024-06-08 10:46:49,0.173145426,0.0328448822489714,1.54794974,244.38207973790895,244.500142037079
2024-06-08 10:46:53,0.173150253,0.0328450744868881,1.5479588,244.3858278890044,244.50459307259968
2024-06-08 10:46:57,0.173160509,0.0328452667248048,1.54796786,244.39591230494327,244.515380470974
2024-06-08 10:47:01,0.173168956,0.0328447540903603,1.5479437,244.4082226112334,244.5283938577051
2024-06-08 10:47:05,0.173178307,0.0328440494301822,1.54791049,244.42277012683206,244.5436445517455
2024-06-08 10:47:10,0.1731952,0.0328447540903603,1.5479437,244.43727137792015,244.559024913692
2024-06-08 10:47:14,0.173201837,0.0328453948834159,1.5479739,244.44037055987997,244.5628274945778
2024-06-08 10:47:18,0.173209076,0.032842319501115,1.54782896,244.46704659267363,244.59020702428265
2024-06-08 10:47:22,0.17321511,0.0328432804785153,1.54787425,244.467470355193,244.59133438169368
2024-06-08 10:47:26,0.173227478,0.0328420631838927,1.54781688,244.48869745056734,244.6132651699353
2024-06-08 10:47:31,0.173231701,0.0328425117390317,1.54783802,244.4899853885956,244.61543286181856
2024-06-08 10:47:35,0.173247387,0.0328432163992098,1.54787123,244.50325239449666,244.62940378101436
2024-06-08 10:47:39,0.173251912,0.0328436649543487,1.54789237,244.5050682804101,244.63192367818252
2024-06-08 10:47:43,0.173266995,0.0328436008750432,1.54788935,244.52236400074227,244.64992350772437
2024-06-08 10:47:48,0.173282983,0.0328425117390317,1.54783802,244.54685306596141,244.6752928471975
2024-06-08 10:47:52,0.173290826,0.0328419991045871,1.54781386,244.55846108891245,244.6876051997392
2024-06-08 10:47:56,0.173304401,0.0328418068666704,1.5478048,244.5747869002689,244.7046354386255
2024-06-08 10:48:00,0.173306211,0.0328408458892701,1.54775951,244.58211493994014,244.7126680037607
2024-06-08 10:48:04,0.173317071,0.0328415505494482,1.54779272,244.5897466514243,244.72100433863824
2024-06-08 10:48:09,0.173322802,0.0328407818099645,1.54775649,244.600291691298,244.73243029545904
2024-06-08 10:48:13,0.173330645,0.0328413583115315,1.54778366,244.60519052540025,244.73803397327737
2024-06-08 10:48:17,0.173335472,0.0328403332548255,1.54773535,244.61643600452464,244.74998439403103
2024-06-08 10:48:21,0.173349348,0.0328411660736148,1.5477746,244.62679777911129,244.76105120815504
2024-06-08 10:48:25,0.173366844,0.0328405254927422,1.54774441,244.65046420863231,244.78542277511667
2024-06-08 10:48:30,0.173375593,0.0328402050962144,1.54772931,244.66177061042183,244.7976107363756
2024-06-08 10:48:34,0.173379514,0.0328407818099645,1.54775649,244.66208823199148,244.7986337156496
2024-06-08 10:48:38,0.173384039,0.0328395643031587,1.54769911,244.67416917652906,244.81142011577836
2024-06-08 10:48:42,0.173392787,0.032839244118814,1.54768402,244.6856498521013,244.8236063448236
2024-06-08 10:48:46,0.173397915,0.0328387955636751,1.54766288,244.69369585284124,244.83235799691323
2024-06-08 10:48:50,0.173410283,0.0328391800395085,1.547681,244.70505888262508,244.8444267759184
2024-06-08 10:48:54,0.173414808,0.0328395002238532,1.54769609,244.70766179060718,244.8477355309884
2024-06-08 10:48:59,0.173428383,0.0328388596429806,1.5476659,244.72657673833805,244.8675329251962
2024-06-08 10:49:03,0.173442561,0.0328395002238532,1.54769609,244.73847310696743,244.8801353610945
2024-06-08 10:49:07,0.173448292,0.0328393079859365,1.54768703,244.7456428726636,244.8880112919095
2024-06-08 10:49:11,0.173463677,0.03284026917552,1.54773233,244.756970561277,244.90004524348652
2024-06-08 10:49:15,0.173469107,0.0328390518808973,1.54767496,244.77011010066647,244.9138911436792
2024-06-08 10:49:20,0.17347333,0.0328393079859365,1.54768703,244.77257778495692,244.9172419165527
2024-06-08 10:49:24,0.173479363,0.0328370015553023,1.54757833,244.79313988501713,244.93851059753632
2024-06-08 10:49:28,0.173485698,0.0328368093173856,1.54756927,244.80101536083885,244.94709275210428
2024-06-08 10:49:32,0.173502591,0.0328385392464528,1.5476508,244.8093605197799,244.95614468760903
2024-06-08 10:49:36,0.17349867,0.0328378984533971,1.5476206,244.80802859499494,244.95551963720013
2024-06-08 10:49:41,0.173513451,0.0328371297139134,1.54758437,244.82914449469192,244.9775192674078
2024-06-08 10:49:45,0.173525216,0.0328370656346079,1.54758135,244.84256893460008,244.9916508017506
2024-06-08 10:49:49,0.173537885,0.0328368093173856,1.54756927,244.85823505787025,245.00802411725064
2024-06-08 10:49:54,0.173548142,0.0328370015553023,1.54757833,244.86814043907054,245.01881362625485
2024-06-08 10:49:58,0.173550857,0.0328373219518301,1.54759343,244.8686258672265,245.0200064666608
2024-06-08 10:50:02,0.17356413,0.0328386674050639,1.54765684,244.87511257430495,245.02720068376723
2024-06-08 10:50:06,0.173563225,0.0328359762864132,1.54753001,244.8899556728184,245.04275139008143
2024-06-08 10:50:10,0.173571068,0.0328366811587745,1.54756323,244.8940551178468,245.047558540678
2024-06-08 10:50:14,0.173577101,0.0328364248415522,1.54755115,244.9019733315627,245.05618455772412
2024-06-08 10:50:19,0.173591882,0.0328365530001633,1.54755719,244.91755561623808,245.0726517340321
2024-06-08 10:50:23,0.173600027,0.0328357842606797,1.54752096,244.9311030258465,245.0869071669159
2024-06-08 10:50:27,0.173601535,0.0328355279434574,1.54750888,244.93373797345117,245.0902502355405
2024-06-08 10:50:31,0.173619635,0.0328344385952628,1.54745754,244.9608897707193,245.11811025156783
2024-06-08 10:50:35,0.173623255,0.0328353357055407,1.54749982,244.95886939567433,245.1167981930159
2024-06-08 10:50:39,0.173635623,0.0328356561020685,1.54751492,244.97062414656918,245.1292613581322
2024-06-08 10:50:44,0.173638036,0.0328353357055407,1.54749982,244.97453432848346,245.13405719524556
2024-06-08 10:50:52,0.173653119,0.0328345026745683,1.54746056,244.99587295539524,245.15681318804903
2024-06-08 10:50:56,0.173658549,0.0328341181987349,1.54744244,245.00387915777196,245.16552821993216
2024-06-08 10:51:01,0.173672124,0.0328341822780405,1.54744546,245.0184487824956,245.18098401892843
2024-06-08 10:51:05,0.173676347,0.032834246357346,1.54744848,245.02227514823267,245.1855194339886
2024-06-08 10:51:09,0.17368781,0.0328329009041123,1.54738507,245.0432625394825,245.2072159722489
2024-06-08 10:51:13,0.173690827,0.0328325164282789,1.54736695,245.04845159956187,245.2131142770206
2024-06-08 10:51:17,0.17370048,0.0328334776178624,1.54741225,245.05307661614773,245.218448635975
2024-06-08 10:51:21,0.173713753,0.0328329009041123,1.54738507,245.0714297062941,245.2375111661607
2024-06-08 10:51:26,0.173718881,0.0328336057764735,1.54741829,245.0721759982472,245.23914439550396
2024-06-08 10:51:30,0.173720993,0.0328325805075844,1.54736997,245.080267341445,245.24794539847989
2024-06-08 10:51:34,0.173725819,0.0328309146578228,1.54729146,245.09548718202623,245.2638749964919
2024-06-08 10:51:38,0.173736076,0.0328325805075844,1.54736997,245.0964613923353,245.26555906187872
2024-06-08 10:51:42,0.173747539,0.0328319399267119,1.54733978,245.1130965021551,245.2829041244177
2024-06-08 10:51:46,0.173756287,0.0328327727455011,1.54737903,245.11745542182967,245.2879730944472
2024-06-08 10:51:51,0.173763225,0.0328321321646286,1.54734884,245.12862882558585,245.3000341984388
2024-06-08 10:51:55,0.173770766,0.0328324523489733,1.54736393,245.13474602688171,245.30686166974945
2024-06-08 10:51:59,0.173781928,0.0328322603232397,1.54735488,245.14825760646434,245.32108361696424
2024-06-08 10:52:03,0.173782229,0.0328319399267119,1.54733978,245.14987912071274,245.32341559645653
2024-06-08 10:52:08,0.173790676,0.0328316836094896,1.5473277,245.16043995346038,245.3348646480168
2024-06-08 10:52:12,0.173793994,0.0328314272922674,1.54731562,245.1651886591995,245.34032403860536
2024-06-08 10:52:16,0.173805156,0.0328304022355614,1.54726731,245.18385087086685,245.3596970327153
2024-06-08 10:52:20,0.173817222,0.0328320040060175,1.5473428,245.18732803704233,245.36388507892076
2024-06-08 10:52:25,0.173817222,0.0328314272922674,1.54731562,245.19000498465059,245.3674507637901
2024-06-08 10:52:29,0.1738314,0.0328315554508785,1.54732166,245.20505921914753,245.38321609786777
2024-06-08 10:52:33,0.17383321,0.0328307864992117,1.54728542,245.21121666465555,245.3900847405252
2024-06-08 10:52:37,0.173834417,0.0328299536804225,1.54724617,245.21706504630117,245.3966444168832
2024-06-08 10:52:41,0.173843768,0.0328295692045891,1.54722805,245.2296525917316,245.4099433545831
2024-06-08 10:52:46,0.173847388,0.0328288643322278,1.54719483,245.23735064505675,245.418530785426
2024-06-08 10:52:50,0.173856136,0.0328299536804225,1.54724617,245.24011858766096,245.42201033978196
2024-06-08 10:52:54,0.173875744,0.032830017759728,1.54724919,245.26191100128787,245.4445144626989
2024-06-08 10:52:58,0.173881174,0.0328291847287556,1.54720993,245.27269407806156,245.45600934629488
2024-06-08 10:53:02,0.173886905,0.0328294410459779,1.54722201,245.2770900771351,245.46111724971732
2024-06-08 10:53:06,0.173892033,0.0328282878306608,1.54716766,245.28950182679557,245.4742410012472
2024-06-08 10:53:11,0.173897162,0.0328291206494501,1.54720691,245.28944974840508,245.47507906232295
2024-06-08 10:53:15,0.173896257,0.0328296332838946,1.54723107,245.2845090653337,245.47085060052092
2024-06-08 10:53:19,0.173906513,0.0328294410459779,1.54722201,245.29696449273965,245.48401834669767
2024-06-08 10:53:23,0.173907418,0.0328277751962163,1.5471435,245.30761614407146,245.49538241429576
2024-06-08 10:53:27,0.173922803,0.032827967434133,1.54715256,245.32368394520415,245.5121627291843
2024-06-08 10:53:32,0.173929439,0.0328275829582996,1.54713444,245.33292339888786,245.52229296214853
2024-06-08 10:53:36,0.173931853,0.0328272625617718,1.54711934,245.33701310504367,245.52709540139003
2024-06-08 10:53:40,0.173946936,0.0328270705360382,1.54711029,245.35510627826656,245.5459014051688
2024-06-08 10:53:44,0.173952667,0.0328280955927441,1.5471586,245.35474298197778,245.5462510369001
2024-06-08 10:53:48,0.173955985,0.0328277751962163,1.5471435,245.35988846641334,245.55210954681397
2024-06-08 10:53:53,0.17395689,0.0328261093464547,1.54706499,245.37036539528995,245.5634778945799
2024-06-08 10:53:57,0.173966242,0.0328275829582996,1.54713444,245.3714542254788,245.565279969506
2024-06-08 10:54:01,0.173973482,0.0328259811878436,1.54705895,245.38911316346568,245.58365224966877
2024-06-08 10:54:05,0.17398223,0.0328265579015937,1.54708613,245.39504781058528,245.59030033639684
2024-06-08 10:54:09,0.173990676,0.0328266219808992,1.54708915,245.40380310845237,245.59976917129887
2024-06-08 10:54:14,0.173993089,0.0328260452671491,1.54706197,245.40930029490772,245.60615841604465
2024-06-08 10:54:18,0.174000329,0.0328263015843714,1.54707405,245.41545658304548,245.61302846040476
2024-06-08 10:54:22,0.174006664,0.0328259811878436,1.54705895,245.42412649775227,245.62241222874064
2024-06-08 10:54:26,0.174011491,0.0328261734257603,1.54706801,245.42786063996414,245.6268603219821
2024-06-08 10:54:31,0.174019032,0.0328257889499269,1.54704989,245.43815755917115,245.6380498169364
2024-06-08 10:54:35,0.17402597,0.0328257889499269,1.54704989,245.44554776931344,245.6461541972372
2024-06-08 10:54:39,0.174037132,0.0328264938222881,1.54708311,245.4535067583652,245.6548274538281
2024-06-08 10:54:43,0.17403321,0.0328258530292324,1.54705291,245.45217949017143,245.65421455054795
2024-06-08 10:54:47,0.174059756,0.0328258530292324,1.54705291,245.48247408049926,245.68522360315765
2024-06-08 10:54:52,0.174059454,0.0328261093464547,1.54706499,245.47964047615224,245.68328321357765
2024-06-08 10:54:56,0.174062169,0.0328250842897488,1.54701668,245.48844662658442,245.6928040453477
2024-06-08 10:55:00,0.174068806,0.0328246357346098,1.54699554,245.498263579742,245.70333577719123
2024-06-08 10:55:04,0.174070013,0.0328251483690543,1.5470197,245.49578302903618,245.7015701025132
2024-06-08 10:55:08,0.174069108,0.0328241231001652,1.54697138,245.50036227330307,245.70686432014355
2024-06-08 10:55:12,0.174085096,0.0328243794173875,1.54698346,245.51673634269486,245.72395346022816
2024-06-08 10:55:17,0.174094447,0.0328250842897488,1.54701668,245.52239891503444,245.7305100077936
2024-06-08 10:55:21,0.174091732,0.0328239308622485,1.54696232,245.5256583718099,245.73448475423
2024-06-08 10:55:25,0.174101687,0.0328229058055426,1.54691401,245.54292425678395,245.752466026174
2024-06-08 10:55:29,0.17412039,0.0328238027036374,1.54695628,245.55850036085454,245.76875761451717
2024-06-08 10:55:34,0.174119485,0.0328240590208597,1.54696836,245.55496022985005,245.7661119756756
2024-06-08 10:55:38,0.17412763,0.0328239949415541,1.54696534,245.5641567497842,245.7760241987902
2024-06-08 10:55:42,0.174135473,0.0328243153380819,1.54698044,245.57061762350844,245.7832008729769
2024-06-08 10:55:46,0.174141204,0.0328227135676259,1.54690495,245.58652436383653,245.7998235110432
2024-06-08 10:55:51,0.174139394,0.032823290281376,1.54693213,245.57994029697434,245.794134453138
2024-06-08 10:55:55,0.174151159,0.0328241231001652,1.54697138,245.58780659378337,245.8027168665323
2024-06-08 10:55:59,0.174160812,0.0328232262020704,1.54692911,245.6039267955099,245.81955328209904
2024-06-08 10:56:03,0.174171068,0.0328229698848482,1.54691703,245.61678109287251,245.83312389055044
2024-06-08 10:56:07,0.174176197,0.0328242512587764,1.54697742,245.61411322624477,245.83117243225357
2024-06-08 10:56:11,0.174185548,0.032823866782943,1.5469593,245.62670425646127,245.8444799680367
2024-06-08 10:56:16,0.174181627,0.0328227776469315,1.54690797,245.62797994423627,245.84665142449785
2024-06-08 10:56:20,0.174192185,0.0328227135676259,1.54690495,245.6399952459635,245.85938345054845
2024-06-08 10:56:24,0.174197011,0.0328225213297092,1.54689589,245.64610853130344,245.8662135574265
2024-06-08 10:56:28,0.174202441,0.0328225854090148,1.54689891,245.65133812309804,245.87216006796737
2024-06-08 10:56:32,0.174203044,0.0328213040350866,1.54683852,245.65927120025418,245.8808101610716
2024-06-08 10:56:36,0.174212697,0.0328219446159591,1.54686871,245.66585960908208,245.88811568304277
2024-06-08 10:56:41,0.174224161,0.0328220727745702,1.54687475,245.6775618698083,245.90071447186895
2024-06-08 10:56:45,0.174237132,0.0328227135676259,1.54690495,245.68802468607257,245.91189461994196
2024-06-08 10:56:49,0.174238942,0.032823290281376,1.54693213,245.6858452180526,245.9104325809047
2024-06-08 10:56:53,0.174244673,0.0328229698848482,1.54691703,245.69381019076854,245.9191150797708
2024-06-08 10:56:57,0.174247388,0.0328216244316144,1.54685362,245.7046094739117,245.93063198622497
2024-06-08 10:57:02,0.174257946,0.0328218166695311,1.54686268,245.71485519229788,245.94177487037237
2024-06-08 10:57:06,0.174259756,0.0328210477178643,1.54682644,245.72102194287214,245.94865946284557
2024-06-08 10:57:10,0.174261265,0.032820791400642,1.54681436,245.72365711464698,245.9520125736588
2024-06-08 10:57:14,0.174265186,0.0328209195592532,1.5468204,245.72672525747902,245.955798752662
2024-06-08 10:57:19,0.174276649,0.032820791400642,1.54681436,245.7400157839346,245.9699869609145
2024-06-08 10:57:23,0.174288112,0.0328205991627253,1.5468053,245.7538834292538,245.98457286092943
2024-06-08 10:57:27,0.174291129,0.0328219446159591,1.54686871,245.7483424040871,245.97975018756975
2024-06-08 10:57:31,0.174292939,0.0328204069248086,1.54679624,245.7592792262559,245.9914054586501
2024-06-08 10:57:35,0.174294749,0.0328195100267138,1.54675397,245.76624073324209,245.9990855116457
2024-06-08 10:57:39,0.174298972,0.0328198304232416,1.54676907,245.76846823668043,246.00203165818468
2024-06-08 10:57:43,0.174303497,0.0328194459474082,1.54675095,245.7754225039044,246.0097046655937
2024-06-08 10:57:48,0.17430772,0.0328198304232416,1.54676907,245.77707235055848,246.01225307399395
2024-06-08 10:57:52,0.174318882,0.0328198304232416,1.54676907,245.7893953950743,246.0252950771104
2024-06-08 10:57:56,0.17431496,0.032818741075047,1.54671773,245.79085430689724,246.0274730445965
2024-06-08 10:58:00,0.1743222,0.0328175878597299,1.54666338,245.8057525542413,246.04309044465955
2024-06-08 10:58:04,0.17433125,0.0328186129164359,1.54671169,245.80924570472243,246.04730284490876
2024-06-08 10:58:09,0.174342109,0.0328175878597299,1.54666338,245.82739812450336,246.06635446336475
2024-06-08 10:58:13,0.174346333,0.0328183568113967,1.54669962,245.82684104827817,246.0665168552433
2024-06-08 10:58:17,0.174347841,0.0328175237804244,1.54666036,245.83305485684005,246.07345022893588
2024-06-08 10:58:21,0.174355382,0.0328176519390355,1.5466664,245.8403513986384,246.0814664328852
2024-06-08 10:58:25,0.174355081,0.032817139304591,1.54664224,245.84246248196175,246.0842972753728
2024-06-08 10:58:30,0.174362321,0.0328172674632021,1.54664828,245.8492271736966,246.0919618024776
2024-06-08 10:58:34,0.174359304,0.0328168829873687,1.54663016,245.84736876204724,246.0908233682476
2024-06-08 10:58:38,0.174373482,0.0328162424064961,1.54659997,245.86719397798942,246.11136865860013
2024-06-08 10:58:42,0.174372577,0.0328162424064961,1.54659997,245.86541623974657,246.11031109175187
2024-06-08 10:58:46,0.174390073,0.0328160501685795,1.54659091,245.8863352907082,246.13195041108543
2024-06-08 10:58:51,0.17439671,0.0328169470666743,1.54663318,245.8876208747406,246.13413646694656
2024-06-08 10:58:55,0.174398821,0.0328163705651073,1.54660601,245.89294738020624,246.1401834589578
2024-06-08 10:58:59,0.174403648,0.0328167548287576,1.54662412,245.89548110122607,246.14343776347812
2024-06-08 10:59:03,0.174403346,0.0328156016134405,1.54656977,245.90156956657253,246.1502469092729
2024-06-08 10:59:07,0.174411491,0.0328169470666743,1.54663318,245.90201080415721,246.1514089242469
2024-06-08 10:59:12,0.174416619,0.0328159860892739,1.54658789,245.91307069154894,246.16336991968785
2024-06-08 10:59:16,0.174427781,0.0328162424064961,1.54659997,245.92380154842036,246.17482177204027
2024-06-08 10:59:20,0.174438942,0.0328166268823296,1.54661809,245.933734878724,246.1854761947432
2024-06-08 10:59:24,0.174436227,0.0328160501685795,1.54659091,245.93342335436566,246.1858858596953
2024-06-08 10:59:28,0.174443769,0.0328155375341349,1.54656675,245.94470022868703,246.1978840202315
2024-06-08 10:59:33,0.17444769,0.0328167548287576,1.54662412,245.94081860992657,246.1949041455004
2024-06-08 10:59:37,0.174458852,0.0328156016134405,1.54656977,245.9603053306454,246.2151123704429
2024-06-08 10:59:41,0.17445312,0.0328152812169126,1.54655467,245.95487566446604,246.21040430536863
2024-06-08 10:59:45,0.174461868,0.0328154093755238,1.54656071,245.96358099136177,246.21983133024375
2024-06-08 10:59:49,0.174462472,0.032815665692746,1.54657279,245.9619725574637,246.2189446911923
2024-06-08 10:59:54,0.174476348,0.0328157297720516,1.54657581,245.9768879111063,246.234762424602
2024-06-08 10:59:58,0.174471823,0.0328142561602067,1.54650636,245.9800341943528,246.23863072062056
2024-06-08 11:00:02,0.174481778,0.0328150248996904,1.54654259,245.98616931897686,246.2454879548608
2024-06-08 11:00:06,0.174484794,0.0328143843188178,1.5465124,245.9929524297902,246.25299327212744
2024-06-08 11:00:10,0.174496559,0.0328147047153457,1.5465275,246.00398857341986,246.26475171904036
2024-06-08 11:00:15,0.174500179,0.0328139998429844,1.54649428,246.01169683727682,246.27336299815755
2024-06-08 11:00:19,0.174507117,0.0328147047153457,1.5465275,246.01470190992225,246.2770905919274
2024-06-08 11:00:23,0.174508324,0.0328144483981234,1.54651542,246.01698290822253,246.28009420815872
2024-06-08 11:00:27,0.174516469,0.0328139998429844,1.54649428,246.02856711163864,246.29240112630535
2024-06-08 11:00:31,0.174515262,0.0328131668120121,1.54645502,246.03161153017786,246.29616835636745
2024-06-08 11:00:35,0.174519787,0.0328132949706232,1.54646106,246.03538050198873,246.3006602364862
2024-06-08 11:00:40,0.174528535,0.0328141920809011,1.54650334,246.03912427402364,246.30530777999903
2024-06-08 11:00:44,0.174536076,0.0328122058346117,1.54640973,246.05956212349227,246.3264687555156
2024-06-08 11:00:48,0.174542713,0.0328131668120121,1.54645502,246.06062161706217,246.328251471895
2024-06-08 11:00:52,0.17454211,0.0328128466276674,1.54643993,246.06118410591878,246.3295372803154
2024-06-08 11:00:57,0.174543316,0.032812013596695,1.54640067,246.06686844224643,246.33612590214756
2024-06-08 11:01:01,0.174546634,0.0328121417553061,1.54640671,246.06922611222635,246.3392071093619
2024-06-08 11:01:05,0.174554478,0.0328129107069729,1.54644295,246.072889393447,246.34359402454768
2024-06-08 11:01:09,0.174555383,0.0328119495173894,1.54639765,246.07919969280658,246.35062805459572
2024-06-08 11:01:13,0.174569259,0.0328118213587783,1.54639161,246.09549105763566,246.3676432468293
2024-06-08 11:01:18,0.174569259,0.0328118213587783,1.54639161,246.09458613738425,246.3676432468293
2024-06-08 11:01:22,0.174576499,0.0328113730158224,1.54637048,246.10511236062825,246.3788935150621
2024-06-08 11:01:26,0.174584342,0.0328121417553061,1.54640671,246.10877450553528,246.38327980165008
2024-06-08 11:01:31,0.174592487,0.0328129107069729,1.54644295,246.11260692093447,246.38801753011268
2024-06-08 11:01:35,0.174597615,0.032812462151834,1.54642181,246.1206655897809,246.39680055817055
2024-06-08 11:01:39,0.174595805,0.0328119495173894,1.54639765,246.12101381894732,246.39787324321665
2024-06-08 11:01:43,0.17460395,0.0328107963020723,1.5463433,246.13698207211186,246.41456604892164
2024-06-08 11:01:47,0.174605458,0.0328111807779057,1.54636142,246.13562858359478,246.41393720959837
2024-06-08 11:01:52,0.174607268,0.0328116291208616,1.54638255,246.13404954906997,246.41326412247344
2024-06-08 11:01:56,0.174614508,0.0328108603813779,1.54634632,246.14656875336468,246.426508193405
2024-06-08 11:02:00,0.174618429,0.0328107322227668,1.54634028,246.15122407772677,246.43188848103316
2024-06-08 11:02:04,0.174622351,0.0328112448572113,1.54636444,246.15189433306912,246.4332837962633
2024-06-08 11:02:09,0.174635322,0.0328111166986002,1.5463584,246.1669461374101,246.44924206132703
2024-06-08 11:02:13,0.174636831,0.0328113089365169,1.54636746,246.16678870858627,246.44980990976265
2024-06-08 11:02:17,0.174639847,0.0328115009622504,1.54637651,246.16839394316108,246.4521405181943
2024-06-08 11:02:21,0.174644674,0.0328106681434612,1.54633726,246.17849185209127,246.4629638975713
2024-06-08 11:02:25,0.174652215,0.0328102195883222,1.54631612,246.18937165212,246.47456926462928
2024-06-08 11:02:30,0.174659455,0.0328109244606835,1.54634934,246.19254141715453,246.47864612425784
2024-06-08 11:02:34,0.174658248,0.0328104759055445,1.5463282,246.193195788241,246.4800262796564
2024-06-08 11:02:38,0.174666695,0.0328114368829449,1.54637349,246.1963638840299,246.4839202563152
2024-06-08 11:02:42,0.174670617,0.0328114368829449,1.54637349,246.20022210766678,246.4885044573724
2024-06-08 11:02:46,0.174669108,0.0328106681434612,1.54633726,246.20251564549523,246.49152406916383
2024-06-08 11:02:50,0.174677856,0.0328103477469334,1.54632216,246.21400858896757,246.50374318313428
2024-06-08 11:02:55,0.174678761,0.032809386769533,1.54627687,246.22013899165398,246.51078143468428
2024-06-08 11:02:59,0.174686604,0.0328108603813779,1.54634632,246.21940958747385,246.51077841817855
2024-06-08 11:03:03,0.174686303,0.0328095149281441,1.54628291,246.22670456090913,246.51879987579863
2024-06-08 11:03:07,0.174690828,0.0328086178178662,1.54624063,246.2368509605185,246.5296728560955
2024-06-08 11:03:12,0.174701687,0.032809386769533,1.54627687,246.2438500325741,246.53758028970583
2024-06-08 11:03:16,0.174698068,0.0328086178178662,1.54624063,246.24367904193832,246.5381360968608
2024-06-08 11:03:20,0.174703196,0.0328084896592551,1.54623459,246.2497442920264,246.5449282412174
2024-06-08 11:03:24,0.174709832,0.0328081051834217,1.54621647,246.25916792220923,246.555078862139
2024-06-08 11:03:28,0.174709531,0.0328081051834217,1.54621647,246.25808896993576,246.55472699706664
2024-06-08 11:03:32,0.174715262,0.0328093226902274,1.54627385,246.25648220280758,246.5538474135944
2024-06-08 11:03:37,0.174728233,0.0328091945316163,1.54626781,246.2715332819129,246.56980760789736
2024-06-08 11:03:41,0.174730345,0.0328080411041161,1.54621345,246.28045551210312,246.5794572387384
2024-06-08 11:03:45,0.174735172,0.0328077209197714,1.54619836,246.28736421979204,246.5870934435078
2024-06-08 11:03:49,0.174741205,0.0328083615006439,1.54622855,246.2897007998797,246.5901576170978
2024-06-08 11:03:53,0.174746031,0.032808938214394,1.54625573,246.29102387542264,246.59220838255712
2024-06-08 11:03:58,0.174748746,0.0328080411041161,1.54621345,246.2988735651241,246.6009678202245
2024-06-08 11:04:02,0.174749953,0.0328070801267157,1.54616816,246.30554045549096,246.60836261741093
2024-06-08 11:04:06,0.174753573,0.0328068238094935,1.54615608,246.310640491279,246.6141906564074
2024-06-08 11:04:10,0.174756288,0.0328068238094935,1.54615608,246.31308634992646,246.61736461464412
2024-06-08 11:04:15,0.174771672,0.0328069519681046,1.54616212,246.32936253456754,246.63455105929563
2024-06-08 11:04:19,0.174781326,0.0328074646025491,1.54618628,246.33672742569777,246.6426442668436
2024-06-08 11:04:23,0.174785247,0.0328090663730052,1.54626177,246.33060726420183,246.63725251812093
2024-06-08 11:04:27,0.174784945,0.0328076568404658,1.54619534,246.33830393015856,246.6456776931985
2024-06-08 11:04:32,0.174790677,0.0328077209197714,1.54619836,246.34369487922896,246.65197941414675
2024-06-08 11:04:36,0.174796107,0.0328081051834217,1.54621647,246.3469206269841,246.65593388777597
2024-06-08 11:04:40,0.174794599,0.032807336443938,1.54618024,246.349216947621,246.6589590306089
2024-06-08 11:04:44,0.174803045,0.0328084255799495,1.54623157,246.3515779085666,246.66204891006467
2024-06-08 11:04:49,0.174813603,0.0328085537385606,1.54623761,246.36221066668023,246.6735929517455
2024-06-08 11:04:53,0.174812095,0.0328079131576881,1.54620742,246.36370875054567,246.6758201707987
2024-06-08 11:04:57,0.17481662,0.0328071442060213,1.54617118,246.37305932639723,246.6858999781262
2024-06-08 11:05:01,0.174820843,0.0328074005232436,1.54618326,246.37567015466178,246.68924013414704
2024-06-08 11:05:05,0.174826273,0.0328069519681046,1.54616212,246.3840829828493,246.6983823863632
2024-06-08 11:05:10,0.174828686,0.0328079770248105,1.54621043,246.3796061901777,246.69481750909816
2024-06-08 11:05:14,0.174832909,0.0328061832286209,1.54612589,246.39498878588327,246.71092974541585
2024-06-08 11:05:18,0.174830194,0.0328056705941764,1.54610173,246.39427888396673,246.7109495803579
2024-06-08 11:05:22,0.174840752,0.0328066315715767,1.54614702,246.399904969615,246.717305499103
2024-06-08 11:05:26,0.174843166,0.0328052220390374,1.54608059,246.4107798163577,246.7289102751728
2024-06-08 11:05:30,0.174844976,0.0328054783562597,1.54609267,246.41056875909743,246.729429243462
2024-06-08 11:05:35,0.174859757,0.032805286118343,1.54608361,246.4281348024192,246.7479079540208
2024-06-08 11:05:39,0.174858249,0.0328072082853269,1.5461742,246.41366393570985,246.73416732933148
2024-06-08 11:05:43,0.174858852,0.0328040047444148,1.54602322,246.4336016381878,246.7548353700256
2024-06-08 11:05:47,0.174866695,0.0328056705941764,1.54610173,246.43165921283395,246.7536233790758
2024-06-08 11:05:52,0.174863377,0.0328059269113986,1.54611381,246.42526960328394,246.7481469477829
2024-06-08 11:05:56,0.174871823,0.0328047734838984,1.54605945,246.4416016562467,246.7652096515431
2024-06-08 11:06:00,0.174878158,0.0328050938804263,1.54607455,246.44628062443547,246.77061936669097
2024-06-08 11:06:04,0.1748857,0.0328041329030259,1.54602926,246.46035720847468,246.78542679384267
2024-06-08 11:06:08,0.174886303,0.0328054783562597,1.54609267,246.45194519926835,246.7777457238942
2024-06-08 11:06:13,0.174892638,0.0328041329030259,1.54602926,246.46682422831512,246.79353856220527
2024-06-08 11:06:17,0.174903799,0.0328045812459817,1.54605039,246.47634749216724,246.80379298161247
2024-06-08 11:06:21,0.174902291,0.0328053501976485,1.54608663,246.4690599043798,246.79723664549888
2024-06-08 11:06:25,0.174912246,0.0328049016425096,1.54606549,246.4827635984403,246.8116716873439
2024-06-08 11:06:29,0.174914659,0.032804837563204,1.54606247,246.48525281771768,246.81489235050816
2024-06-08 11:06:34,0.174915866,0.0328044530873706,1.54604435,246.4881464196348,246.81870039241537
2024-06-08 11:06:38,0.174919787,0.0328046453252873,1.54605341,246.4908006559583,246.8220862888261
2024-06-08 11:06:42,0.174932457,0.0328051579597318,1.54607757,246.50168627404392,246.8337036630747
2024-06-08 11:06:46,0.174939093,0.0328051579597318,1.54607757,246.5087129403494,246.84146218161052
2024-06-08 11:06:50,0.174944523,0.0328050938804263,1.54607455,246.51472903848372,246.8482102280344
2024-06-08 11:06:55,0.174954176,0.0328050298011207,1.54607153,246.5254995137281,246.8598957737113
2024-06-08 11:06:59,0.174954176,0.032804837563204,1.54606247,246.5259660323321,246.86109445670772
2024-06-08 11:07:03,0.174953875,0.032804261061637,1.5460353,246.52847665269013,246.8643373374904
2024-06-08 11:07:07,0.174968354,0.032804837563204,1.54606247,246.54107805099702,246.87767109224592
2024-06-08 11:07:11,0.174970164,0.0328052220390374,1.54608059,246.54006424350013,246.8773897372133
2024-06-08 11:07:15,0.174970466,0.032805286118343,1.54608361,246.53928519288573,246.8773432350704
2024-06-08 11:07:20,0.174978611,0.032804837563204,1.54606247,246.55068950981803,246.88966337258972
2024-06-08 11:07:24,0.174974388,0.032804837563204,1.54606247,246.5450192977743,246.88472592500352
2024-06-08 11:07:28,0.174985549,0.0328037484271925,1.54601114,246.56412840353195,246.9045678911988
2024-06-08 11:07:33,0.174986152,0.0328050298011207,1.54607153,246.5559255595161,246.89728125768937
2024-06-08 11:07:37,0.174988264,0.0328040688237203,1.54602624,246.56365523978232,246.905744014318
2024-06-08 11:07:41,0.174996409,0.0328034280306647,1.54599604,246.57644227381888,246.91926422066985
2024-06-08 11:07:45,0.175001235,0.032804261061637,1.5460353,246.5761556809307,246.9197108960415
2024-06-08 11:07:49,0.175004855,0.032804261061637,1.5460353,246.57965486940128,246.923943448708
2024-06-08 11:07:53,0.175007872,0.0328040688237203,1.54602624,246.583648046444,246.92867008587424
2024-06-08 11:07:58,0.175017223,0.0328039406651092,1.5460202,246.59446392938173,246.9404029288518
2024-06-08 11:08:02,0.17502567,0.0328047734838984,1.54605945,246.59841136439377,246.94508403979373
2024-06-08 11:08:06,0.175030195,0.0328045171666762,1.54604737,246.60456720639567,246.9519736536257
2024-06-08 11:08:10,0.175033211,0.0328044530873706,1.54604435,246.60775945864998,246.9558997736018
2024-06-08 11:08:14,0.175045881,0.0328063111750489,1.54613192,246.61024754914297,246.95912182769976
2024-06-08 11:08:18,0.175052819,0.0328065034129656,1.54614098,246.61642579701697,246.9660341350535
2024-06-08 11:08:22,0.175048596,0.0328044530873706,1.54604435,246.62354572056512,246.97388821394756
2024-06-08 11:08:27,0.175054327,0.0328053501976485,1.54608663,246.6237314983785,246.97499182074225
2024-06-08 11:08:31,0.175062472,0.0328047094045929,1.54605643,246.63651830619403,246.9885129995715
2024-06-08 11:08:35,0.175057947,0.0328039406651092,1.5460202,246.635289697926,246.98801885815567
2024-06-08 11:08:39,0.175057947,0.0328049016425096,1.54606549,246.62855917065966,246.9820228935715
2024-06-08 11:08:43,0.175068505,0.0328039406651092,1.5460202,246.64616529189254,247.0003636733079
2024-06-08 11:08:48,0.175069712,0.0328034280306647,1.54599604,246.6498570668442,247.00497390612463
2024-06-08 11:08:52,0.175070315,0.0328029794755257,1.5459749,246.65262643255633,247.00847814590696
2024-06-08 11:08:56,0.175081778,0.032802659291181,1.54595981,246.6672932345573,247.0238799177716
2024-06-08 11:09:00,0.175087208,0.0328030435548313,1.54597792,246.67050919886512,247.0278309477279
2024-06-08 11:09:05,0.175090828,0.0328028513169146,1.54596886,246.675022838423,247.03326355403067
2024-06-08 11:09:09,0.175092638,0.0328015058636808,1.54590545,246.68480175447945,247.04377775121995
2024-06-08 11:09:13,0.175089923,0.0328018903395142,1.54592357,246.67849184875647,247.0382032223866
2024-06-08 11:09:17,0.175103498,0.0328036202685814,1.5460051,246.68283212436774,247.04327897063564
2024-06-08 11:09:21,0.175101688,0.0328031717134424,1.54598396,246.68277983155207,247.0439622461972
2024-06-08 11:09:26,0.175106514,0.0328022748153476,1.54594169,246.69310156701547,247.0552035767525
2024-06-08 11:09:30,0.175117676,0.0328036843478869,1.54600812,246.6966190966504,247.05945689014663
2024-06-08 11:09:34,0.175119184,0.0328029153962201,1.54597188,246.7024464222174,247.0660200951841
2024-06-08 11:09:38,0.175118279,0.0328015699429863,1.54590847,246.70905130321614,247.0733609513558
2024-06-08 11:09:43,0.175125821,0.0328021466567364,1.54593565,246.71335001084748,247.07857976252168
2024-06-08 11:09:47,0.175120391,0.032801762180903,1.54591753,246.70866455828013,247.07463050042597
2024-06-08 11:09:51,0.175135775,0.032802210736042,1.54593867,246.7231169566923,247.08981918498395
2024-06-08 11:09:55,0.175134267,0.0328008652828082,1.54587526,246.72901743312372,247.0964560432265
2024-06-08 11:09:59,0.17513849,0.0328006730448915,1.5458662,246.73441954876066,247.10259463633116
2024-06-08 11:10:04,0.175139697,0.0328013777050696,1.54589941,246.7305104823935,247.09960630130237
2024-06-08 11:10:08,0.175140904,0.0327999040932247,1.54582996,246.74038650997656,247.1102190215484
2024-06-08 11:10:12,0.175144222,0.0327999681725303,1.54583298,246.74312971823332,247.1136990180961
2024-06-08 11:10:16,0.175144222,0.0327995196173913,1.54581184,246.7451938388769,247.11650002264983
2024-06-08 11:10:20,0.175146635,0.0327991994330466,1.54579675,246.74927816971973,247.1213213330132
2024-06-08 11:10:25,0.175152065,0.0327997759346136,1.54582392,246.75110671354122,247.124071235674
2024-06-08 11:10:29,0.175163226,0.0327993914587802,1.5458058,246.76582261089754,247.13952432764185
2024-06-08 11:10:33,0.175160813,0.0327990712744355,1.54579071,246.76426311073297,247.1387021176705
2024-06-08 11:10:37,0.175174388,0.0327992633001691,1.54579976,246.77820168649018,247.15337807919363
2024-06-08 11:10:41,0.175172276,0.0327990712744355,1.54579071,246.77619366786632,247.1521075418996
2024-06-08 11:10:46,0.175179214,0.032800608965586,1.54586318,246.77378132581916,247.15061718588785
2024-06-08 11:10:50,0.175178309,0.0327993914587802,1.5458058,246.77958948630965,247.1571630426944
2024-06-08 11:10:54,0.175181628,0.032798558639991,1.54576655,246.7879350545101,247.16624640274577
2024-06-08 11:11:02,0.175192186,0.0327995836966969,1.54581486,246.792403504797,247.1721907233038
2024-06-08 11:11:07,0.175199727,0.0328009293621138,1.54587828,246.7918941643915,247.1726039958231
2024-06-08 11:11:11,0.17521119,0.0328008012035027,1.54587224,246.80536130215225,247.18680933135863
2024-06-08 11:11:15,0.175217827,0.0328016340222919,1.54591149,246.8071820060965,247.18936832856568
2024-06-08 11:11:19,0.175213604,0.032799711855308,1.5458209,246.81351254971023,247.1964372609212
2024-06-08 11:11:23,0.175209984,0.0327994555380858,1.54580882,246.81014190233452,247.1938050977572
2024-06-08 11:11:28,0.175222653,0.0327986227192965,1.54576957,246.82923771017676,247.2138241451051
2024-06-08 11:11:32,0.175230798,0.0328004167276693,1.54585412,246.82681588779874,247.21214102171345
2024-06-08 11:11:36,0.175226273,0.0327993273794746,1.54580278,246.82759115721976,247.21365508556147
2024-06-08 11:11:40,0.175233211,0.0327986227192965,1.54576957,246.83936881531406,247.22617163351453
2024-06-08 11:11:44,0.175239848,0.0327991994330466,1.54579675,246.84278822363487,247.23033002711668
2024-06-08 11:11:48,0.175243769,0.0327990071951299,1.54578769,246.84783582345173,247.23611670762847
2024-06-08 11:11:53,0.175244373,0.0327996477760025,1.54581788,246.84361561615142,247.2328204853584
2024-06-08 11:11:57,0.175252518,0.0327994555380858,1.54580882,246.85360274234395,247.2435469068932
2024-06-08 11:12:01,0.175252216,0.0327973413453683,1.54570918,246.86572184364476,247.2564053989204
2024-06-08 11:12:06,0.175246786,0.0327973413453683,1.54570918,246.85844681610754,247.2500547439111
2024-06-08 11:12:10,0.175251311,0.0327983023227687,1.54575447,246.85699403277326,247.24934156588407
2024-06-08 11:12:14,0.175265187,0.0327992633001691,1.54579976,246.8664770000923,247.2595642338648
2024-06-08 11:12:18,0.175257043,0.032798110084852,1.54574541,246.8634195473823,247.25724657716185
2024-06-08 11:12:22,0.175267601,0.0327975974504074,1.54572125,246.87823135014992,247.27279827127268
2024-06-08 11:12:26,0.175273935,0.0327977896883242,1.54573031,246.88369772436423,247.2790046321572
2024-06-08 11:12:30,0.175273634,0.0327975974504074,1.54572125,246.8838071198884,247.27985410966943
2024-06-08 11:12:35,0.175280572,0.0327982382434631,1.54575145,246.88699102836028,247.28396325465317
2024-06-08 11:12:39,0.17528389,0.0327977256090186,1.54572729,246.89333534206366,247.29104786477623
2024-06-08 11:12:43,0.175287208,0.0327984304813798,1.54576051,246.8920697067099,247.29052262113015
2024-06-08 11:12:47,0.175292035,0.032797661529713,1.54572427,246.90178088937836,247.30097429078512
2024-06-08 11:12:52,0.175296862,0.0327981741641576,1.54574843,246.90329613491306,247.30341527902465
2024-06-08 11:12:56,0.175297163,0.0327977256090186,1.54572729,246.90571134291193,247.30657118835356
2024-06-08 11:13:00,0.175308023,0.032798110084852,1.54574541,246.91526836734963,247.31686900937004
2024-06-08 11:13:04,0.17530742,0.0327979178469353,1.54573635,246.91502397430529,247.317365508144
2024-06-08 11:13:08,0.175309833,0.032797661529713,1.54572427,246.91870744060614,247.3217899614935
2024-06-08 11:13:13,0.175322503,0.0327983664020743,1.54575749,246.92819256873247,247.332201457334
2024-06-08 11:13:17,0.175327329,0.0327986867986021,1.54577259,246.93109245422585,247.33584254411016
2024-06-08 11:13:21,0.175328837,0.0327984945606854,1.54576353,246.93331661868663,247.33880800505383
2024-06-08 11:13:25,0.175330647,0.0327977896883242,1.54573031,246.9390989477813,247.34533172582212
2024-06-08 11:13:29,0.175335172,0.0327981741641576,1.54574843,246.9412458169574,247.34822008185336
2024-06-08 11:13:34,0.175336681,0.0327984945606854,1.54576353,246.94008047368,247.34798173097957
2024-06-08 11:13:38,0.175340904,0.0327975974504074,1.54572125,246.94988688130005,247.3585298395789
2024-06-08 11:13:42,0.175346032,0.0327971491074516,1.54570012,246.9579460848336,247.3673308392428
2024-06-08 11:13:46,0.175350859,0.032797085028146,1.5456971,246.96325046851604,247.3733771141974
2024-06-08 11:13:50,0.175358702,0.0327993273794746,1.54580278,246.95765993107136,247.3685285631572
2024-06-08 11:13:55,0.175361115,0.0327979178469353,1.54573635,246.96836814581556,247.38016439467265
2024-06-08 11:13:59,0.175366243,0.0327984304813798,1.54576051,246.97041773403822,247.38295618331333
2024-06-08 11:14:03,0.175365942,0.032797661529713,1.54572427,246.97413196975933,247.3874127145543
2024-06-08 11:14:07,0.175365942,0.0327967646316182,1.545682,246.97899852584445,247.3930216612517
2024-06-08 11:14:11,0.175363528,0.0327968287109238,1.54568502,246.97503189714715,247.3897975182497
2024-06-08 11:14:16,0.175379215,0.0327972772660627,1.54570616,246.9896457533844,247.40533961530215
2024-06-08 11:14:20,0.17537831,0.0327970209488405,1.54569408,246.9894476466287,247.405884208144
2024-06-08 11:14:24,0.175386756,0.0327965083143959,1.54566992,247.00178966390064,247.41896902006576
2024-06-08 11:14:28,0.175390376,0.032797085028146,1.5456971,247.00167355274627,247.419595798604
2024-06-08 11:14:32,0.175394599,0.0327972772660627,1.54570616,247.00466736390376,247.42333259448748
2024-06-08 11:14:36,0.175393694,0.0327966364730071,1.54567596,247.0068738838038,247.4262821941374
2024-06-08 11:14:40,0.175391884,0.0327952910197733,1.54561255,247.0124297705396,247.43258125563736
2024-06-08 11:14:44,0.175393393,0.0327958675213403,1.54563972,247.0098452789526,247.43074003381943
2024-06-08 11:14:49,0.175403649,0.0327962519971737,1.54565784,247.01850677777333,247.44033075343756
2024-06-08 11:14:53,0.175400632,0.0327951628611622,1.54560651,247.02104772532303,247.44361518448235
2024-06-08 11:14:57,0.175408174,0.0327958034420347,1.5456367,247.02511832386762,247.44842936149595
2024-06-08 11:15:01,0.175416319,0.0327959316006458,1.54564274,247.03309969849116,247.4571544095528
2024-06-08 11:15:05,0.175419034,0.032796059759257,1.54564878,247.0347297458069,247.45952822525663
2024-06-08 11:15:10,0.175421749,0.0327959316006458,1.54564274,247.03777729228568,247.463505615736
2024-06-08 11:15:14,0.175427782,0.0327961238385625,1.5456518,247.0428870774515,247.46935938290304
2024-06-08 11:15:18,0.175429592,0.0327953550990789,1.54561557,247.04906981832423,247.47628620070063
2024-06-08 11:15:23,0.17542748,0.0327952910197733,1.54561255,247.04607017131352,247.4742167833176
2024-06-08 11:15:27,0.175438038,0.0327962519971737,1.54565784,247.05166248828985,247.4805533907617
2024-06-08 11:15:31,0.17544015,0.0327966364730071,1.54567596,247.0509827962917,247.48061808412365
2024-06-08 11:15:35,0.175441055,0.0327958675213403,1.54563972,247.05610808069264,247.48648784876747
2024-06-08 11:15:39,0.175443166,0.0327949065439399,1.54559443,247.0638457723525,247.49497011554317
2024-06-08 11:15:44,0.175457646,0.0327954191783844,1.54561859,247.07664407612984,247.50869927161585
2024-06-08 11:15:48,0.175460361,0.0327962519971737,1.54565784,247.07386334906292,247.50666333309383
2024-06-08 11:15:52,0.175453121,0.032795034702551,1.54560047,247.07226756041885,247.5058124278363
2024-06-08 11:15:56,0.175469411,0.0327947143060232,1.54558537,247.0925821337208,247.5268719793567
2024-06-08 11:16:00,0.175469109,0.0327958034420347,1.5456367,247.08466761768912,247.51970253636568
2024-06-08 11:16:05,0.175476047,0.0327970209488405,1.54569408,247.08423195819088,247.52019835149727
2024-06-08 11:16:09,0.175473332,0.0327949065439399,1.54559443,247.09354356914906,247.5302552488106
2024-06-08 11:16:13,0.175473031,0.032796059759257,1.54564878,247.08522882363735,247.5226858844446
2024-06-08 11:16:17,0.175477254,0.0327946502267176,1.54558235,247.09824452148345,247.53644705821736
2024-06-08 11:16:22,0.175486605,0.0327945861474121,1.54557933,247.10865158532465,247.5477861002376
2024-06-08 11:16:26,0.175484795,0.032794009433662,1.54555215,247.10939852652322,247.5492787305841
2024-06-08 11:16:30,0.175488114,0.0327944579888009,1.54557329,247.1097273956078,247.55035338356572
2024-06-08 11:16:34,0.17549294,0.0327943939094954,1.54557027,247.11502774090332,247.5563996074976
2024-06-08 11:16:39,0.175493242,0.032795034702551,1.54560047,247.11043748422932,247.5527418323314
2024-06-08 11:16:43,0.175505007,0.032795034702551,1.54560047,247.12345301701902,247.5665034568852
2024-06-08 11:16:47,0.175514056,0.0327965083143959,1.54566992,247.1240669762661,247.56786360260384
2024-06-08 11:16:51,0.175511643,0.0327957393627291,1.54563368,247.1253116463595,247.5698545538664
2024-06-08 11:16:55,0.175511945,0.0327947143060232,1.54558537,247.13133532469348,247.5766246080574
2024-06-08 11:16:59,0.175514961,0.032794009433662,1.54555215,247.13852950894352,247.58456526284235
2024-06-08 11:17:04,0.175514961,0.0327933047734839,1.54551894,247.14200792735767,247.58897690255097
2024-06-08 11:17:08,0.17551828,0.0327936251700117,1.54553404,247.1431377562526,247.5908534149701
2024-06-08 11:17:12,0.175523408,0.032793881487234,1.54554612,247.14678471936264,247.59524715625025
2024-06-08 11:17:16,0.175527631,0.0327944579888009,1.54557329,247.1473682711453,247.59657758083893
2024-06-08 11:17:21,0.175531251,0.0327945861474121,1.54557933,247.14986657767696,247.60000961144493
2024-06-08 11:17:25,0.175534871,0.0327943298301898,1.54556725,247.15495877920756,247.60584889867627
2024-06-08 11:17:29,0.175537586,0.0327933047734839,1.54551894,247.1638058306443,247.6154431304175
2024-06-08 11:17:33,0.175548144,0.0327927280597337,1.54549176,247.1790206020899,247.63140517676143
2024-06-08 11:17:37,0.175542111,0.0327918952409445,1.54545251,247.17643109460877,247.62956303876248
2024-06-08 11:17:41,0.175546032,0.0327926639804282,1.54548874,247.17545642049117,247.629335828701
2024-06-08 11:17:46,0.175549049,0.0327928562183449,1.5454978,247.1768474132666,247.63166128452588
2024-06-08 11:17:50,0.175552669,0.0327932406941783,1.54551592,247.17792670375212,247.63348825182237
2024-06-08 11:17:54,0.175559004,0.0327933688527894,1.54552196,247.18378693927912,247.6400962587018
2024-06-08 11:17:58,0.175556892,0.0327916389237222,1.54544043,247.1914024662606,247.6484596515672
2024-06-08 11:18:03,0.175566243,0.0327918311616389,1.54544949,247.20020274798003,247.6581948985612
2024-06-08 11:18:07,0.17556564,0.0327928562183449,1.5454978,247.192329208395,247.6510694375193
2024-06-08 11:18:11,0.175562322,0.0327915107651111,1.54543439,247.19612624234452,247.655614644511
2024-06-08 11:18:15,0.175568657,0.0327909981306666,1.54541023,247.20599999312654,247.666236662824
2024-06-08 11:18:19,0.175566545,0.0327922795045948,1.54547062,247.19475507635588,247.6557401080632
2024-06-08 11:18:24,0.17558193,0.0327919593202501,1.54545553,247.21382293101627,247.6757435480815
2024-06-08 11:18:28,0.175584946,0.0327925999011226,1.54548572,247.21259012159024,247.6752593132059
2024-06-08 11:18:32,0.17558374,0.0327912544478888,1.54542231,247.21885845165946,247.6822763122717
2024-06-08 11:18:36,0.175596108,0.0327920233995556,1.54545855,247.22776156082645,247.6919281848714
2024-06-08 11:18:41,0.175598823,0.032792535821817,1.5454827,247.2267916186959,247.69189432981688
2024-06-08 11:18:45,0.175594599,0.0327911262892777,1.54541627,247.22993109654303,247.69578278354075
2024-06-08 11:18:49,0.175605158,0.0327908058927499,1.54540117,247.2435421347094,247.710142891987
2024-06-08 11:18:53,0.175606364,0.0327919593202501,1.54545553,247.23697764620752,247.7043275681581
2024-06-08 11:18:57,0.175601538,0.0327906136548332,1.54539211,247.239013066178,247.70711224718443
2024-06-08 11:19:02,0.175607872,0.0327915748444167,1.54543741,247.23946452950503,247.70850041704176
2024-06-08 11:19:06,0.175611794,0.0327911262892777,1.54541627,247.24611358050373,247.71589893942067
2024-06-08 11:19:10,0.175618431,0.0327924076632059,1.54547666,247.24510038436713,247.71563530901415
2024-06-08 11:19:18,0.175618129,0.0327911903685833,1.54541929,247.25087434354404,247.7229086826601
2024-06-08 11:19:22,0.175630195,0.0327904857084052,1.54538608,247.26865576073436,247.74143994856897
2024-06-08 11:19:26,0.175635927,0.0327908058927499,1.54540117,247.27260535722297,247.74613948808516
2024-06-08 11:19:31,0.175632307,0.0327907418134443,1.54539815,247.26783429547694,247.74230598773025
2024-06-08 11:19:35,0.175632307,0.0327914466858055,1.54543137,247.2626673862762,247.73788923371512
2024-06-08 11:19:39,0.175640452,0.032790934051361,1.54540721,247.27465809279641,247.75063018969672
2024-06-08 11:19:43,0.175641658,0.0327914466858055,1.54543137,247.2721062968862,247.74882873751355
2024-06-08 11:19:48,0.175650105,0.0327909981306666,1.54541023,247.28386122198233,247.76152172481375
2024-06-08 11:19:52,0.175654931,0.0327910622099721,1.54541325,247.28835504264342,247.7667661012618
2024-06-08 11:19:56,0.175654328,0.0327917030030278,1.54544345,247.28288323408617,247.76204494272363
2024-06-08 11:20:00,0.175665489,0.0327911903685833,1.54541929,247.29840226669856,247.77831471957705
2024-06-08 11:20:04,0.175667903,0.0327917030030278,1.54544345,247.2972627583005,247.7779260496316
2024-06-08 11:20:09,0.175668204,0.0327908058927499,1.54540117,247.3022986902315,247.78390066209755
2024-06-08 11:20:13,0.175662171,0.0327888196464604,1.54530756,247.30693867897813,247.78929170123507
2024-06-08 11:20:17,0.175663981,0.0327892682015994,1.5453287,247.30549365061634,247.7885978174421
2024-06-08 11:20:21,0.175670014,0.0327904857084052,1.54538608,247.30416958891797,247.78802499448025
2024-06-08 11:20:25,0.175669411,0.0327893963602105,1.54533474,247.30954068249196,247.7941474209481
2024-06-08 11:20:30,0.175683891,0.032790357549794,1.54538004,247.31951734984037,247.8050633868067
2024-06-08 11:20:34,0.175678762,0.0327888196464604,1.54530756,247.32240538361245,247.8087029652886
2024-06-08 11:20:38,0.175685097,0.0327904216290996,1.54538306,247.31902344383482,247.8060726643444
2024-06-08 11:20:42,0.175692035,0.0327896526774328,1.54534682,247.3312090693759,247.8190100228321
2024-06-08 11:20:46,0.175695052,0.0327905495755276,1.54538909,247.3283645612493,247.8169173417549
2024-06-08 11:20:50,0.175703197,0.0327908699720554,1.54540419,247.33513322695458,247.82443792860192
2024-06-08 11:20:55,0.175699879,0.0327902934704885,1.54537702,247.33392535395183,247.82417008932785
2024-06-08 11:20:59,0.175704102,0.0327901012325718,1.54536796,247.33931904053458,247.83031590872204
2024-06-08 11:21:03,0.175705912,0.0327904216290996,1.54538306,247.33867581835764,247.83042491341496
2024-06-08 11:21:07,0.175710437,0.0327907418134443,1.54539815,247.34121017947572,247.8337115954509
2024-06-08 11:21:12,0.175711643,0.0327901012325718,1.54536796,247.3456965442568,247.83913849361835
2024-06-08 11:21:16,0.175716168,0.032789332280905,1.54533172,247.3550591191307,247.84925360097972
2024-06-08 11:21:20,0.175724011,0.0327897808360439,1.54535286,247.36067022426215,247.8556173326127
2024-06-08 11:21:24,0.175733061,0.0327905495755276,1.54538909,247.36568561863533,247.8613854474908
2024-06-08 11:21:29,0.175728536,0.0327899089946551,1.5453589,247.36346702580136,247.86010788746424
2024-06-08 11:21:33,0.175731553,0.032788883725766,1.54531058,247.37267276598573,247.87006655962284
2024-06-08 11:21:37,0.175735776,0.0327905495755276,1.54538909,247.36641503064612,247.8645618502267
2024-06-08 11:21:41,0.175741809,0.0327902934704885,1.54537702,247.37432607554527,247.873226015028
2024-06-08 11:21:45,0.175740904,0.0327898449153495,1.54535588,247.3753267203666,247.8749798736997
2024-06-08 11:21:49,0.175743619,0.0327901012325718,1.54536796,247.37614261054975,247.8765490716708
2024-06-08 11:21:54,0.175747842,0.0327895245188217,1.54534078,247.3837580787715,247.8851063067112
2024-06-08 11:21:58,0.175747541,0.0327889478050716,1.5453136,247.3862690025498,247.8883707495984
2024-06-08 11:22:02,0.175754177,0.0327902934704885,1.54537702,247.38484065713092,247.8876960171917
2024-06-08 11:22:06,0.175758401,0.0327907418134443,1.54539815,247.38621729935585,247.88982636632144
2024-06-08 11:22:11,0.175771674,0.0327901012325718,1.54536796,247.4048211188562,247.9093724514731
2024-06-08 11:22:15,0.175772277,0.0327884994621157,1.54529247,247.41481898150923,247.9201242322506
2024-06-08 11:22:19,0.175770165,0.0327896526774328,1.54534682,247.40436089709473,247.91042015981864
2024-06-08 11:22:23,0.175765339,0.0327873460346155,1.54523811,247.41242779003085,247.9192411585848
2024-06-08 11:22:28,0.175774388,0.0327890118843771,1.54531662,247.41162398446951,247.91938011726788
2024-06-08 11:22:32,0.175782533,0.032788883725766,1.54531058,247.42120330062113,247.92971375036748
2024-06-08 11:22:36,0.17578193,0.0327897808360439,1.54535286,247.41411640547852,247.92338126598568
2024-06-08 11:22:40,0.175786455,0.0327894604395161,1.54533776,247.42066573383678,247.9306850989069
2024-06-08 11:22:45,0.175786756,0.0327895885981272,1.5453438,247.41927077589733,247.93023340356424
2024-06-08 11:22:49,0.17579098,0.0327887555671549,1.54530454,247.42868346782623,247.94040081107195
2024-06-08 11:22:53,0.175795203,0.0327885635414213,1.54529549,247.43407425129732,247.94654640388924
2024-06-08 11:22:57,0.175796711,0.032788883725766,1.54531058,247.43307521022146,247.94630226591624
2024-06-08 11:23:01,0.175800934,0.0327883713035046,1.54528643,247.44047581086457,247.95445786340824
2024-06-08 11:23:06,0.175804554,0.0327883713035046,1.54528643,247.4437675108654,247.95869344128403
2024-06-08 11:23:10,0.175801839,0.0327877305104489,1.54525623,247.4438556928562,247.95953683101283
2024-06-08 11:23:14,0.175801236,0.0327874101139211,1.54524113,247.44440492658785,247.9608413661935
2024-06-08 11:23:18,0.175801236,0.032786256898604,1.54518678,247.4508848443947,247.9680766791496
2024-06-08 11:23:22,0.175809984,0.0327876023518378,1.54525019,247.45192381462675,247.9698711382204
2024-06-08 11:23:26,0.175814208,0.0327876664311433,1.54525321,247.4557085897604,247.97441149587155
2024-06-08 11:23:31,0.175816319,0.0327888196464604,1.54530756,247.4499986951242,247.9696462111014
2024-06-08 11:23:35,0.175825671,0.0327879227483656,1.54526529,247.46581247584834,247.9862157850806
2024-06-08 11:23:39,0.175830799,0.0327870897173932,1.54522603,247.47628381264784,247.99744300877865
2024-06-08 11:23:43,0.17582929,0.0327885635414213,1.54529549,247.4645144204609,247.9864295971231
2024-06-08 11:23:48,0.175833212,0.0327868976916597,1.54521698,247.47861116333712,248.00147144731815
2024-06-08 11:23:52,0.175838944,0.0327856801848539,1.5451596,247.4922027248064,248.01581919995283
2024-06-08 11:23:56,0.175833815,0.0327856801848539,1.5451596,247.48544469962562,248.00981745953504
2024-06-08 11:24:01,0.175847993,0.0327868336123541,1.54521396,247.4938508094156,248.01916905688364
2024-06-08 11:24:05,0.175845278,0.0327860005813817,1.5451747,247.4951454115851,248.02122015437075
2024-06-08 11:24:09,0.175842563,0.0327863850572151,1.54519282,247.48879897221704,248.01563030388243
2024-06-08 11:24:13,0.175846183,0.0327856801848539,1.5451596,247.49670195966885,248.0242899737653
2024-06-08 11:24:17,0.175847088,0.0327864491365207,1.54519584,247.49217820968906,248.02052299975688
2024-06-08 11:24:22,0.175850708,0.0327853597883261,1.5451445,247.50230497498472,248.03159586654124
2024-06-08 11:24:26,0.175854027,0.0327854879469372,1.54515054,247.50462738995077,248.0346752679046
2024-06-08 11:24:30,0.175860361,0.0327860005813817,1.5451747,247.50806451725688,248.0388694751128
2024-06-08 11:24:34,0.175864283,0.032786705453743,1.54520792,247.5074725008737,248.0390346321256
2024-06-08 11:24:38,0.175873333,0.0327865772951318,1.54520188,247.51810925708085,248.05042865521173
2024-06-08 11:24:42,0.175876048,0.0327856161055483,1.54515658,247.52656233022645,248.05963908870828
2024-06-08 11:24:47,0.1758673,0.0327852957090205,1.54514148,247.51738997130403,248.0514135616528
2024-06-08 11:24:51,0.175872126,0.0327854238676316,1.54514752,247.52147522560193,248.05625638657352
2024-06-08 11:24:55,0.175876651,0.0327859365020762,1.54517168,247.52279466300206,248.05833348803276
2024-06-08 11:24:59,0.175880573,0.0327859365020762,1.54517168,247.52662627966586,248.06292286218095
2024-06-08 11:25:04,0.175879969,0.0327845910488424,1.54510827,247.53341836855876,248.07066227929187
2024-06-08 11:25:08,0.175877858,0.0327838220971756,1.54507203,247.53501749974598,248.0730193781301
2024-06-08 11:25:12,0.175885399,0.0327847192074535,1.54511431,247.53745199753584,248.07621193696048
2024-06-08 11:25:16,0.175892337,0.0327856161055483,1.54515658,247.53918194490404,248.07870003874757
2024-06-08 11:25:20,0.175896259,0.0327852957090205,1.54514148,247.54502459472423,248.0853009363541
2024-06-08 11:25:24,0.175893544,0.0327847832867591,1.54511733,247.54430626823168,248.08534095100416
2024-06-08 11:25:29,0.175901387,0.0327853597883261,1.5451445,247.54891659172117,248.0908993321874
2024-06-08 11:25:33,0.175909532,0.0327858724227706,1.54516866,247.55447059801173,248.09721188963184
2024-06-08 11:25:37,0.175909834,0.0327853597883261,1.5451445,247.55728393435646,248.10078387045075
2024-06-08 11:25:42,0.175918582,0.032786256898604,1.54518678,247.56093956879198,248.10538794169375
2024-06-08 11:25:46,0.17591828,0.0327855520262428,1.54515356,247.56425305951961,248.10946028682565
2024-06-08 11:25:50,0.17592371,0.0327851677625925,1.54513545,247.5722610933153,248.11822726830985
2024-06-08 11:25:54,0.175931553,0.0327864491365207,1.54519584,247.5726338346353,248.1193590505914
2024-06-08 11:25:58,0.175927933,0.0327861287399929,1.54518074,247.56965049552224,248.11713484570188
2024-06-08 11:26:02,0.175928235,0.0327847192074535,1.54511431,247.5780955554457,248.1263391330997
2024-06-08 11:26:06,0.175933061,0.0327849114453702,1.54512337,247.58177650657194,248.13077940493983
2024-06-08 11:26:11,0.175941809,0.0327864491365207,1.54519584,247.58140799248693,248.13136017284847
2024-06-08 11:26:15,0.175937888,0.0327864491365207,1.54519584,247.57606027946125,248.12677199028508
2024-06-08 11:26:19,0.175937888,0.0327849755246758,1.54512639,247.58455427155172,248.1360256060412
2024-06-08 11:26:23,0.175939999,0.0327839502557867,1.54507807,247.59270365832595,248.14493470967312
2024-06-08 11:26:28,0.175942413,0.0327838861764811,1.54507505,247.59498129710428,248.14816212555803
2024-06-08 11:26:32,0.175943016,0.0327852318418981,1.54513847,247.58647601904863,248.14041677400144
2024-06-08 11:26:36,0.175951463,0.0327840143350923,1.54508109,247.60324725314516,248.1579480277527
2024-06-08 11:26:40,0.175957797,0.0327841424937034,1.54508713,247.60909458340893,248.1645554708156
2024-06-08 11:26:44,0.175961719,0.0327847832867591,1.54511733,247.60889931698972,248.16512041032877
2024-06-08 11:26:49,0.175965942,0.0327848473660647,1.54512035,247.61248832400582,248.16965980571177
2024-06-08 11:26:53,0.175960814,0.0327849114453702,1.54512337,247.6053245221036,248.1632564192505
2024-06-08 11:26:57,0.175965339,0.0327834378335253,1.54505392,247.6191153062038,248.17780771188825
2024-06-08 11:27:01,0.175976199,0.0327855520262428,1.54515356,247.6177837112153,248.1772367185226
2024-06-08 11:27:05,0.17597831,0.032784655128148,1.54511129,247.6251269902721,248.1853406922763
2024-06-08 11:27:10,0.175976802,0.03278375801787,1.54506901,247.62804655165937,248.1892112529028
2024-06-08 11:27:14,0.175981327,0.0327841424937034,1.54508713,247.63016588074197,248.19209148605756
2024-06-08 11:27:18,0.175979819,0.0327831174369975,1.54503882,247.63407945959395,248.19676606201895
2024-06-08 11:27:22,0.17598193,0.0327845910488424,1.54510827,247.62653176445184,248.18997945701224
2024-06-08 11:27:26,0.175986153,0.032783181516303,1.54504184,247.63956726502295,248.20377614073337
2024-06-08 11:27:30,0.175990678,0.0327820280888028,1.54498748,247.65134829849504,248.2163184503587
2024-06-08 11:27:34,0.175997616,0.0327835019128309,1.54505694,247.64944678827905,248.21517830928792
2024-06-08 11:27:39,0.175993997,0.0327824766439418,1.54500862,247.65070116639336,248.21738452958624
2024-06-08 11:27:43,0.175999728,0.0327841424937034,1.54508713,247.6461804898364,248.2136254313647
2024-06-08 11:27:47,0.176007571,0.0327826048025529,1.54501466,247.66425862030317,248.23246523312184
2024-06-08 11:27:51,0.176005761,0.0327829251990808,1.54502976,247.65936545096136,248.22833382801397
2024-06-08 11:27:56,0.176014811,0.032784206573009,1.54509015,247.66095320210087,248.2308739151304
2024-06-08 11:28:00,0.176009381,0.0327836298592589,1.54506297,247.65746015554893,248.22814284189369
2024-06-08 11:28:04,0.176011191,0.0327838220971756,1.54507203,247.65760845774915,248.2290532103156
2024-06-08 11:28:08,0.176018431,0.0327849755246758,1.54512639,247.65807203610325,248.23027894778645
2024-06-08 11:28:12,0.176026877,0.0327825407232474,1.54501164,247.6824929888097,248.2554621524932
2024-06-08 11:28:17,0.176030497,0.0327831174369975,1.54503882,247.68215248881978,248.2560745981038
2024-06-08 11:28:21,0.176030799,0.0327828611197752,1.54502674,247.68335418933367,248.25803875956427
2024-06-08 11:28:25,0.176032006,0.0327826048025529,1.54501466,247.68561497813766,248.2610621021611
2024-06-08 11:28:29,0.176038039,0.0327826688818585,1.54501768,247.69151023730774,248.26772000795896
2024-06-08 11:28:34,0.17604558,0.0327842706523145,1.54509317,247.68931599569,248.2664792051575
2024-06-08 11:28:38,0.176045279,0.0327831174369975,1.54503882,247.69544810965436,248.2733741745861
2024-06-08 11:28:42,0.176043469,0.0327828611197752,1.54502674,247.69417773634265,248.27286674953612
2024-06-08 11:28:46,0.176046787,0.0327830533576919,1.5450358,247.6960896692362,248.27554172347743
2024-06-08 11:28:51,0.176050709,0.0327824125646362,1.5450056,247.7037530518698,248.28415903788348
2024-06-08 11:28:55,0.176051613,0.0327826048025529,1.54501466,247.7028395650731,248.28400880086087
2024-06-08 11:28:59,0.176057948,0.0327822844060251,1.54499956,247.7115040613653,248.29343663967563
2024-06-08 11:29:03,0.176070316,0.0327835019128309,1.54505694,247.71756272163876,248.3002587352087
2024-06-08 11:29:08,0.176059457,0.0327810671114025,1.54494219,247.71920375824962,248.3028541962877
2024-06-08 11:29:12,0.17606187,0.0327810671114025,1.54494219,247.72126428884073,248.3056783707542
2024-06-08 11:29:16,0.176062172,0.0327810030320969,1.54493917,247.72125681886584,248.30643463735413
2024-06-08 11:29:20,0.176068506,0.032780105921819,1.54489689,247.73354596649466,248.31948761424545
2024-06-08 11:29:25,0.17607092,0.0327813875079303,1.54495729,247.72735981744276,248.3142563820962
2024-06-08 11:29:29,0.17607454,0.0327804263183468,1.54491199,247.7368751452332,248.3245357476542
2024-06-08 11:29:33,0.176079366,0.0327798498167798,1.54488482,247.74538394565508,248.33380867849368
2024-06-08 11:29:37,0.176075445,0.0327802340804301,1.54490293,247.73761458493902,248.3268035408336
2024-06-08 11:29:41,0.176079065,0.0327802340804301,1.54490293,247.7410872238252,248.3310404954025
2024-06-08 11:29:45,0.176086908,0.0327811952700136,1.54494823,247.74345943822436,248.33417711809952
2024-06-08 11:29:50,0.176084796,0.0327802981597357,1.54490595,247.74567202949427,248.33734534996407
2024-06-08 11:29:54,0.176095957,0.0327808107941802,1.54493011,247.75474739028238,248.3471853273914
2024-06-08 11:29:58,0.176096259,0.0327808748734858,1.54493313,247.75393325593453,248.34713590226
2024-06-08 11:30:02,0.176102292,0.0327804263183468,1.54491199,247.76304994384333,248.3570173919508
2024-06-08 11:30:06,0.176101991,0.0327799138960854,1.54488784,247.7651547956704,248.3598871381137
2024-06-08 11:30:10,0.176099879,0.0327794012616408,1.54486368,247.76514125409426,248.3606385834155
2024-06-08 11:30:15,0.176108929,0.0327806185562635,1.54492105,247.76712308911053,248.36357678214875
2024-06-08 11:30:19,0.176102594,0.0327788245478907,1.5448365,247.77022407726648,248.36744296535963
2024-06-08 11:30:23,0.176098371,0.0327781198877126,1.54480329,247.768946982604,248.3669311582561
2024-06-08 11:30:27,0.176103801,0.0327787604685852,1.54483348,247.7705091549235,248.3692587106269
2024-06-08 11:30:31,0.176112549,0.0327791449444186,1.5448516,247.77756531119263,248.37708033942783
2024-06-08 11:30:36,0.17612371,0.0327779917291015,1.54479725,247.7969249579263,248.3973969568592
2024-06-08 11:30:40,0.176126425,0.0327781198877126,1.54480329,247.79853118440073,248.3997688639038
2024-06-08 11:30:44,0.176128838,0.032778632309974,1.54482744,247.79736697959115,248.39937043210665
2024-06-08 11:30:52,0.176132157,0.0327784400720573,1.54481838,247.80092918865367,248.4044644644739
2024-06-08 11:30:56,0.17614,0.0327789527065019,1.54484254,247.8061191179341,248.410420444023
2024-06-08 11:31:00,0.176133363,0.0327783119134462,1.54481234,247.80161472784656,248.40668219659935
2024-06-08 11:31:05,0.176138491,0.0327777354118792,1.54478517,247.81028560134737,248.41631087834264
2024-06-08 11:31:09,0.176142413,0.0327783119134462,1.54481234,247.81048380913558,248.41727543664055
2024-06-08 11:31:13,0.176148748,0.032779080865113,1.54484858,247.81229579046067,248.419853860832
2024-06-08 11:31:17,0.176152368,0.0327776072532681,1.54477913,247.8250361243183,248.43336072990093
2024-06-08 11:31:21,0.176155988,0.0327783759927518,1.54481536,247.8236709680208,248.43276220114768
2024-06-08 11:31:26,0.176157496,0.0327787604685852,1.54483348,247.822059139211,248.43210878659343
2024-06-08 11:31:30,0.176159306,0.032777479094657,1.54477309,247.83147176140173,248.44228824403436
2024-06-08 11:31:34,0.176167149,0.0327784400720573,1.54481838,247.83383986161445,248.44542327179164
2024-06-08 11:31:38,0.176165942,0.0327776713325737,1.54478215,247.8364961953481,248.44884662535236
2024-06-08 11:31:43,0.176166847,0.0327763258793399,1.54471874,247.84506161586316,248.45837095040545
2024-06-08 11:31:47,0.176171674,0.0327771586981291,1.54475799,247.84470496747866,248.45878152944027
2024-06-08 11:31:51,0.176180724,0.0327771586981291,1.54475799,247.85453137682063,248.4693752584453
2024-06-08 11:31:55,0.176182232,0.0327783119134462,1.54481234,247.84827338115008,248.4638846746697
2024-06-08 11:31:59,0.176179819,0.0327776713325737,1.54478215,247.84871166900703,248.4650904666416
2024-06-08 11:32:03,0.176189774,0.0327776713325737,1.54478215,247.85959699233803,248.47674338629557
2024-06-08 11:32:08,0.17619098,0.0327777994911848,1.54478819,247.85924267197808,248.47734869098863
2024-06-08 11:32:12,0.176193695,0.0327774150153514,1.54477007,247.86407215112794,248.4829459738858
2024-06-08 11:32:16,0.176193393,0.0327779276497959,1.54479423,247.8597251265219,248.47936684519613
2024-06-08 11:32:20,0.176197315,0.0327781198877126,1.54480329,247.86233842956725,248.48274813631505
2024-06-08 11:32:24,0.176203348,0.032777030539518,1.54475195,247.87548710159527,248.4966648885618
2024-06-08 11:32:28,0.176202142,0.0327773509360458,1.54476705,247.8712910370782,248.49323699639663
2024-06-08 11:32:33,0.176213906,0.0327778635704904,1.54479121,247.88087532485116,248.50378162915345
2024-06-08 11:32:37,0.176219638,0.032777479094657,1.54477309,247.88923622612117,248.51291091003108
2024-06-08 11:32:41,0.176212398,0.0327778635704904,1.54479121,247.87757326082047,248.50201641643216
2024-06-08 11:32:45,0.17621813,0.0327772227774347,1.54476101,247.88754704136107,248.51275876075653
2024-06-08 11:32:49,0.176213906,0.0327763258793399,1.54471874,247.88747834281068,248.51345871806004
2024-06-08 11:32:53,0.176220241,0.0327761336414232,1.54470968,247.8953353853952,248.5220845085564
2024-06-08 11:32:58,0.176216923,0.0327761977207288,1.5447127,247.89008688241682,248.517797069906
2024-06-08 11:33:02,0.176232006,0.032776581984379,1.54473081,247.90455584052367,248.53303498301105
2024-06-08 11:33:06,0.176230498,0.0327765181172566,1.5447278,247.90242349532204,248.53167168482648
2024-06-08 11:33:10,0.176231403,0.0327761977207288,1.5447127,247.90473039078475,248.53474771931283
2024-06-08 11:33:14,0.176238642,0.0327769664602124,1.54474893,247.90759660658537,248.53838316613172
2024-06-08 11:33:18,0.176245581,0.0327765181172566,1.5447278,247.91777216594056,248.54932804848764
2024-06-08 11:33:23,0.17624739,0.0327771586981291,1.54475799,247.91489585217622,248.5474135178061
2024-06-08 11:33:27,0.176253725,0.0327767742222957,1.54473987,247.92396226527862,248.5572494608255
2024-06-08 11:33:31,0.176244977,0.0327754928483675,1.54467948,247.92101808567932,248.5550749030863
2024-06-08 11:33:35,0.176246787,0.032776581984379,1.54473081,247.91551126018445,248.55033779138245
2024-06-08 11:33:39,0.17625101,0.0327765181172566,1.5447278,247.9200870347402,248.555683371648
2024-06-08 11:33:44,0.176254329,0.0327765181172566,1.5447278,247.9230099572662,248.5595686805536
2024-06-08 11:33:48,0.176258552,0.0327768383016013,1.54474289,247.9251679129912,248.5624966487613
2024-06-08 11:33:52,0.17626549,0.0327785041513629,1.5448214,247.92203309560603,248.560131935738
2024-06-08 11:33:56,0.176276651,0.0327785041513629,1.5448214,247.93432746861347,248.57319650497448
2024-06-08 11:34:01,0.176273937,0.0327789527065019,1.54484254,247.92736412177928,248.56719603259597
2024-06-08 11:34:05,0.17627454,0.0327775431739625,1.54477611,247.9361726330297,248.57677494673172
2024-06-08 11:34:09,0.17627635,0.0327767742222957,1.54473987,247.94236186697347,248.58373467538823
2024-06-08 11:34:13,0.176274841,0.0327769664602124,1.54474893,247.93861456782972,248.5807579627724
2024-06-08 11:34:18,0.17627635,0.0327758773242009,1.5446976,247.94627465743142,248.5893814146305
2024-06-08 11:34:22,0.176282986,0.0327776072532681,1.54477913,247.94238077917674,248.58625832944324
2024-06-08 11:34:26,0.176290528,0.0327773509360458,1.54476705,247.95205221698393,248.59670065209323
2024-06-08 11:34:30,0.176291433,0.0327775431739625,1.54477611,247.95113030776295,248.59654971947825
2024-06-08 11:34:35,0.176290829,0.032777479094657,1.54477309,247.94986285966232,248.59624612115843
2024-06-08 11:34:39,0.176295053,0.0327768383016013,1.54474289,247.95807087714493,248.6052253216693
2024-06-08 11:34:43,0.176297768,0.0327760695621176,1.54470666,247.965318331523,248.613244050799
2024-06-08 11:34:47,0.176296259,0.0327753646897564,1.54467344,247.9672189343876,248.61591602012612
2024-06-08 11:34:51,0.176300784,0.0327758773242009,1.5446976,247.96851671197712,248.61798525587693
2024-06-08 11:34:55,0.176301388,0.0327774150153514,1.54477007,247.9587698713475,248.60900996509503
2024-06-08 11:35:00,0.176301086,0.0327767101429902,1.54473685,247.96189002696806,248.6130946869404
2024-06-08 11:35:04,0.176307421,0.0327751083725341,1.54466136,247.9786208840121,248.63059730008143
2024-06-08 11:35:08,0.176317375,0.0327763258793399,1.54471874,247.98183468255957,248.6345829463723
2024-06-08 11:35:12,0.176317375,0.0327767101429902,1.54473685,247.97864291421806,248.6321631174081
2024-06-08 11:35:16,0.176313756,0.0327744677916616,1.54463117,247.98775566641334,248.6420479006024
2024-06-08 11:35:21,0.176313756,0.0327747881881894,1.54464627,247.98477266992518,248.64003007168708
