time,voltage,current,shunt_voltage,temperature,temperature old
2024-03-13 22:14:35,0.194065657,0.0228943762982955,1.07899135,369.1084656200987,369.1084656200987
2024-03-13 22:14:44,0.19434801,0.0228891790846844,1.07874641,369.66800704792394,369.67083572347
2024-03-13 22:14:48,0.194456608,0.0228882957663099,1.07870478,369.86680044086665,369.8708861743225
2024-03-13 22:14:52,0.194544089,0.0228863434693215,1.07861277,370.04488636522507,370.0502290758408
2024-03-13 22:14:56,0.194670183,0.0228852233545728,1.07855998,370.27736193165873,370.2839615386859
2024-03-13 22:15:01,0.194728403,0.0228812228538206,1.07837144,370.4348172416979,370.44298785568895
2024-03-13 22:15:05,0.194779082,0.0228802693028298,1.0783265,370.5349208277517,370.5443481564756
2024-03-13 22:15:09,0.194822822,0.0228798275375511,1.07830568,370.61555810569627,370.62624206840906
2024-03-13 22:15:13,0.194860831,0.0228775041322664,1.07819618,370.71395175150735,370.7258922674668
2024-03-13 22:15:17,0.194899745,0.0228777409286406,1.07820734,370.7763159812739,370.7895129697389
2024-03-13 22:15:21,0.194980288,0.0228766464880509,1.07815576,370.93002566891613,370.9444790491472
2024-03-13 22:15:26,0.195007739,0.0228747773668497,1.07806767,371.0032706926758,371.0192944490767
2024-03-13 22:15:30,0.195031269,0.0228741244793556,1.0780369,371.0521948089207,371.069474775429
2024-03-13 22:15:34,0.195075613,0.0228745148963167,1.0780553,371.1216754024409,371.1402114983215
2024-03-13 22:15:38,0.195094617,0.0228734588608736,1.07800553,371.1687294918639,371.1885216363832
2024-03-13 22:15:46,0.19517516,0.022872338746125,1.07795274,371.32162296951356,371.3439269691151
2024-03-13 22:15:51,0.195206835,0.0228722939754843,1.07795063,371.3753488117572,371.39922255680256
2024-03-13 22:15:55,0.195222521,0.0228716026828435,1.07791805,371.41132851545683,371.43645796603846
2024-03-13 22:15:59,0.195252988,0.022871116146924,1.07789512,371.46979341535393,371.4961784907455
2024-03-13 22:16:03,0.195265055,0.022869522439427,1.07782001,371.51282772779797,371.5404683472744
2024-03-13 22:16:11,0.195325688,0.0228682102989448,1.07775817,371.6342566153125,371.6644080807888
2024-03-13 22:16:16,0.195343788,0.0228681846247859,1.07775696,371.66429442189497,371.6960150021561
2024-03-13 22:16:20,0.195361284,0.0228683830160134,1.07776631,371.6903017901954,371.7232775714749
2024-03-13 22:16:24,0.195381495,0.0228677301285193,1.07773554,371.7335420692531,371.767772970833
2024-03-13 22:16:28,0.195399897,0.0228673974253698,1.07771986,371.76894319804273,371.8044291392063
2024-03-13 22:16:37,0.195445447,0.0228657651005429,1.07764293,371.8687886188723,371.9070981039857
2024-03-13 22:16:41,0.195465357,0.0228659828004354,1.07765319,371.8986794391306,371.9382437015074
2024-03-13 22:16:45,0.195482551,0.0228659380297947,1.07765108,371.92775526516533,371.9685742240945
2024-03-13 22:16:49,0.195499444,0.0228657139644084,1.07764052,371.9589573055447,372.0010308803164
2024-03-13 22:16:57,0.195531722,0.0228653876267529,1.07762514,372.01696468998676,372.0615472543191
2024-03-13 22:17:06,0.195571842,0.0228637168967792,1.0775464,372.1080400225524,372.1554448142656
2024-03-13 22:17:14,0.19559507,0.0228627697112824,1.07750176,372.1596052308428,372.2095183261279
2024-03-13 22:17:23,0.195633381,0.0228638321122194,1.07755183,372.2072171052181,372.2599516561724
2024-03-13 22:17:31,0.195665055,0.0228619632032014,1.07746375,372.2869813860217,372.3422235546046
2024-03-13 22:17:39,0.195680138,0.0228611757916022,1.07742664,372.3221416157082,372.3798910791385
2024-03-13 22:17:48,0.195699143,0.0228599597700783,1.07736933,372.370095679452,372.4306654637732
2024-03-13 22:17:56,0.195722672,0.0228595116393056,1.07734821,372.4148292566127,372.4779056499035
2024-03-13 22:18:04,0.19575495,0.0228598445546382,1.0773639,372.4631229358683,372.5287056153777
2024-03-13 22:18:13,0.195774859,0.0228583978900509,1.07729572,372.5160615567779,372.58446342250704
2024-03-13 22:18:21,0.195810455,0.0228586412641022,1.07730719,372.5714103809462,372.64231784707977
2024-03-13 22:18:29,0.195823125,0.0228581035920482,1.07728185,372.59873104600973,372.6721437898265
2024-03-13 22:18:38,0.195854497,0.0228584362951976,1.07729753,372.6451543344528,372.72138512992194
2024-03-13 22:18:46,0.19588225,0.0228571945995149,1.07723901,372.7089359904445,372.78767137784473
2024-03-13 22:18:54,0.195907589,0.0228577068095932,1.07726315,372.7426018622381,372.82384151887686
2024-03-13 22:18:59,0.195910606,0.0228575275148475,1.0772547,372.74889909332217,372.8317037543718
2024-03-13 22:19:03,0.195920561,0.0228572650443144,1.07724233,372.76871950742935,372.8527760812544
2024-03-13 22:19:11,0.195944392,0.0228570857495687,1.07723388,372.8100163979218,372.8965765552936
2024-03-13 22:19:20,0.195955251,0.022855575217859,1.07716269,372.84831092155105,372.9376872247284
2024-03-13 22:19:28,0.195961285,0.0228540455896675,1.0770906,372.87887503534694,372.97075423641934
2024-03-13 22:19:36,0.195970334,0.022852221239107,1.07700462,372.9190158945609,373.0133976708824
2024-03-13 22:19:45,0.195987227,0.0228514981189965,1.07697054,372.9560866648233,373.05328345264775
2024-03-13 22:19:53,0.19601136,0.0228524646131583,1.07701609,372.9809476346021,373.0806463120812
2024-03-13 22:20:01,0.19603489,0.0228520357910505,1.07699588,373.02543670204335,373.1276369465578
2024-03-13 22:20:10,0.196043034,0.0228511652036639,1.07695485,373.04958770784367,373.1546018296521
2024-03-13 22:20:18,0.196065357,0.0228517860515053,1.07698411,373.07644222043564,373.1839572237408
2024-03-13 22:20:27,0.196083758,0.0228504164093946,1.07691956,373.1257095423712,373.23603765176034
2024-03-13 22:20:35,0.196101556,0.0228518180911581,1.07698562,373.1331747902441,373.2460030956282
2024-03-13 22:20:43,0.196120561,0.0228522662219308,1.07700674,373.1568570677099,373.2721852465125
2024-03-13 22:20:52,0.196132929,0.0228516067567596,1.07697566,373.1851819823747,373.3033221332033
2024-03-13 22:21:00,0.196154347,0.0228513572293975,1.0769639,373.2233753815431,373.3440147203414
2024-03-13 22:21:08,0.196152537,0.0228505570868104,1.07692619,373.22961372913034,373.3527519333464
2024-03-13 22:21:17,0.196179083,0.0228500003182746,1.07689995,373.2809123937472,373.4068614360172
2024-03-13 22:21:25,0.196189339,0.0228498851028345,1.07689452,373.2978387185465,373.42628594083664
2024-03-13 22:21:33,0.19620774,0.0228504227748885,1.07691986,373.31915119775624,373.4500962775381
2024-03-13 22:21:37,0.196215583,0.0228501987095022,1.0769093,373.3347734192161,373.4669673067981
2024-03-13 22:21:42,0.19621136,0.0228483232228071,1.07682091,373.35373845392365,373.487493237871
2024-03-13 22:21:50,0.19623308,0.0228483809366187,1.07682363,373.3879065306511,373.524158486742
2024-03-13 22:21:54,0.196229158,0.0228487202174452,1.07683962,373.3748491206542,373.512349541877
2024-03-13 22:21:58,0.196237303,0.0228487072742742,1.07683901,373.38786314997935,373.5266119557086
2024-03-13 22:22:03,0.196241526,0.0228479775764867,1.07680462,373.4044247910804,373.54473396406433
2024-03-13 22:22:07,0.196259022,0.0228480927919268,1.07681005,373.4316922317725,373.5732496078589
2024-03-13 22:22:11,0.196262642,0.0228479521145109,1.07680342,373.43878544436984,373.5815909429361
2024-03-13 22:22:15,0.196269279,0.02284767691299,1.07679045,373.4530873288304,373.5971408692549
2024-03-13 22:22:20,0.196275614,0.0228477471456064,1.07679376,373.4614293908371,373.6070428702112
2024-03-13 22:22:28,0.196287982,0.0228478944006993,1.0768007,373.4781151255703,373.62622424525057
2024-03-13 22:22:37,0.196297333,0.0228474464821097,1.07677959,373.49811094900815,373.64902727857816
2024-03-13 22:22:45,0.196313623,0.0228466333963517,1.07674127,373.53582949528897,373.68924077992
2024-03-13 22:22:54,0.196323578,0.0228465374895765,1.07673675,373.5516462600165,373.7078639836536
2024-03-13 22:23:02,0.196327801,0.022845801426295,1.07670206,373.5673767944885,373.72608878797166
2024-03-13 22:23:06,0.196342884,0.0228466527050166,1.07674218,373.57954972853037,373.7395087360197
2024-03-13 22:23:10,0.196352235,0.0228463070586962,1.07672589,373.5995912351436,373.7607971760289
2024-03-13 22:23:14,0.196355855,0.022846607934376,1.07674007,373.6001310862085,373.7625838798804
2024-03-13 22:23:19,0.196358872,0.0228468958668847,1.07675364,373.5995096701885,373.7635209164881
2024-03-13 22:23:27,0.196370938,0.022845263754241,1.07667672,373.6421015176448,373.80860602617474
2024-03-13 22:23:31,0.196374256,0.0228450076492018,1.07666465,373.65039185886644,373.8181428776021
2024-03-13 22:23:35,0.196388434,0.0228463006932022,1.07672559,373.6544377490125,373.8234351973487
2024-03-13 22:23:39,0.196380893,0.0228447004080281,1.07665017,373.6639305924523,373.8341743897845
2024-03-13 22:23:44,0.196388434,0.022845116499148,1.07666978,373.66922228327616,373.8410239035046
2024-03-13 22:23:48,0.196398389,0.0228454878196273,1.07668728,373.67966142898666,373.852709216854
2024-03-13 22:23:52,0.196399897,0.0228440284240522,1.0766185,373.70270049909925,373.8769943740034
2024-03-13 22:23:56,0.196399596,0.0228440156930643,1.0766179,373.70112350623566,373.8766633875754
2024-03-13 22:24:00,0.19640774,0.0228439963843994,1.07661699,373.714237042819,373.8910228499939
2024-03-13 22:24:04,0.196415584,0.022844316356561,1.07663207,373.7217915511051,373.8998232035154
2024-03-13 22:24:09,0.196428857,0.0228450333233607,1.07666586,373.7325172494031,373.9121060950153
2024-03-13 22:24:13,0.196426443,0.0228440925033577,1.07662152,373.741078705497,373.9219132149978
2024-03-13 22:24:17,0.196423427,0.0228440668291989,1.07662031,373.7350029885899,373.9170830813819
2024-03-13 22:24:21,0.1964367,0.0228431898763184,1.07657898,373.76972421255954,373.9530498080461
2024-03-13 22:24:25,0.19644032,0.0228446429063996,1.07664746,373.7531430599881,373.9377140775733
2024-03-13 22:24:29,0.19644575,0.022844450880666,1.07663841,373.7641337659278,373.9499501250163
2024-03-13 22:24:34,0.196450576,0.022842857173169,1.0765633,373.79460008042497,373.9819730030568
2024-03-13 22:24:42,0.196458419,0.0228445020168006,1.07664082,373.78121878368745,373.97108194605966
2024-03-13 22:24:46,0.196471994,0.0228440284240522,1.0766185,373.8104693410379,374.0015775023914
2024-03-13 22:24:50,0.196463246,0.0228430171592498,1.07657084,373.80913709864893,374.0014901783922
2024-03-13 22:24:54,0.19647863,0.0228441693136512,1.07662514,373.81735279912266,374.0109507166648
2024-03-13 22:24:59,0.19648587,0.0228427483232228,1.07655817,373.8494290393063,374.044582890767
2024-03-13 22:25:03,0.19648044,0.0228431898763184,1.07657898,373.8322374124585,374.02863592039097
2024-03-13 22:25:07,0.196495825,0.0228430746608783,1.07657355,373.85929223640363,374.056935320219
2024-03-13 22:25:11,0.196506685,0.022844585192588,1.07664474,373.8543609219161,374.0532485010264
2024-03-13 22:25:15,0.196501557,0.0228430619298904,1.07657295,373.86689814232676,374.0670301361445
2024-03-13 22:25:20,0.196516338,0.0228423770027435,1.07654067,373.9010690442639,374.1027564431407
2024-03-13 22:25:24,0.196522974,0.0228433244004235,1.07658532,373.8972074037161,374.100139035981
2024-03-13 22:25:32,0.196531722,0.0228439259395999,1.07661367,373.90089341673195,374.1063132740173
2024-03-13 22:25:36,0.196527198,0.0228423897337313,1.07654127,373.9146714144681,374.1213352633872
2024-03-13 22:25:41,0.196532326,0.0228423770027435,1.07654067,373.9221679749811,374.1303867001221
2024-03-13 22:25:45,0.196531119,0.0228410905364201,1.07648004,373.9379677462058,374.1474302816685
2024-03-13 22:25:49,0.196542582,0.0228421338408753,1.07652921,373.9410205565363,374.1517268217387
2024-03-13 22:25:57,0.196552839,0.0228415898033274,1.07650357,373.96435035361947,374.1775438365573
2024-03-13 22:26:01,0.196547409,0.0228416729791148,1.07650749,373.95248545148877,374.1669224224236
2024-03-13 22:26:06,0.196550727,0.0228409432813272,1.0764731,373.9675176338074,374.1835088514232
2024-03-13 22:26:10,0.196561285,0.02284150662754,1.07649965,373.9761432703396,374.1933777946488
2024-03-13 22:26:14,0.196575765,0.022842319501115,1.07653796,373.98783552529716,374.20631327572136
2024-03-13 22:26:18,0.19657667,0.0228424794871958,1.0765455,373.98577700126015,374.2054978972215
2024-03-13 22:26:22,0.196575765,0.0228414361827405,1.07649633,373.99848718417053,374.2194511450917
2024-03-13 22:26:27,0.196586021,0.0228416025343153,1.07650417,374.01218445542315,374.23470213423326
2024-03-13 22:26:31,0.196589339,0.0228412696189827,1.07648848,374.0216281001032,374.2453886625763
2024-03-13 22:26:35,0.196594468,0.0228413977775938,1.07649452,374.02734339709303,374.2523467626538
2024-03-13 22:26:39,0.196594166,0.0228405849040189,1.07645621,374.0376710437359,374.2639171318093
2024-03-13 22:26:43,0.196601707,0.0228413400637822,1.0764918,374.0382278710881,374.2657166010999
2024-03-13 22:26:47,0.196608344,0.0228420122599413,1.07652348,374.0384564518698,374.2671877432461
2024-03-13 22:26:52,0.196614679,0.0228413530069532,1.07649241,374.05765944114745,374.28794382092326
2024-03-13 22:26:56,0.196619505,0.0228411289415668,1.07648185,374.068091489408,374.2996182492591
2024-03-13 22:27:00,0.196619505,0.0228400342887939,1.07643026,374.08313611471607,374.3159051740704
2024-03-13 22:27:04,0.19661679,0.0228401367732462,1.07643509,374.0756763138516,374.3096875921376
2024-03-13 22:27:08,0.196618902,0.0228400792716177,1.07643238,374.0789401980564,374.3141936147029
2024-03-13 22:27:12,0.196624332,0.0228401367732462,1.07643509,374.08622793798435,374.3227234124208
2024-03-13 22:27:17,0.19663127,0.0228400856371116,1.07643268,374.09742823978667,374.335476173159
2024-03-13 22:27:21,0.196643336,0.0228402583541803,1.07644082,374.1144714919898,374.3537613018701
2024-03-13 22:27:25,0.196642431,0.0228401367732462,1.07643509,374.11347470665845,374.3540063124778
2024-03-13 22:27:29,0.196649068,0.0228399831526593,1.07642785,374.1259908396934,374.3677641608833
2024-03-13 22:27:37,0.196659324,0.0228394647892703,1.07640342,374.1489494959573,374.393206006185
2024-03-13 22:27:42,0.196653291,0.0228398422630604,1.07642121,374.1313518572439,374.377160196968
2024-03-13 22:27:46,0.196663849,0.0228394518460993,1.07640281,374.1541704071509,374.401220119835
2024-03-13 22:27:50,0.196659324,0.0228389078085514,1.07637717,374.15320490376433,374.4014959088423
2024-03-13 22:27:54,0.196668374,0.022839490251246,1.07640462,374.15893782454185,374.40847004144825
2024-03-13 22:28:03,0.196676519,0.0228388757688986,1.07637566,374.17937077203726,374.4316954209921
2024-03-13 22:28:07,0.196677726,0.0228378838127611,1.07632891,374.19498267150846,374.4485482704568
2024-03-13 22:28:11,0.196683759,0.0228379476798835,1.07633192,374.20321994900297,374.4580264173812
2024-03-13 22:28:15,0.196692507,0.0228384789864436,1.07635696,374.2091914596321,374.4652387168769
2024-03-13 22:28:20,0.196686775,0.0228383126348689,1.07634912,374.20020867280056,374.4578068028373
2024-03-13 22:28:28,0.19669492,0.0228387030518299,1.07636752,374.2059948384359,374.4660741031126
2024-03-13 22:28:36,0.196715131,0.0228383958106562,1.07635304,374.2430252027253,374.5055852797962
2024-03-13 22:28:45,0.196716036,0.0228383765019913,1.07635213,374.24208658386544,374.5074371896995
2024-03-13 22:28:54,0.196727801,0.0228380244901769,1.07633554,374.26487552712314,374.5330162538866
2024-03-13 22:29:02,0.196720863,0.0228373331975361,1.07630296,374.2606961350434,374.53131662692425
2024-03-13 22:29:11,0.196736248,0.0228371925201202,1.07629633,374.2865982100388,374.5600080525083
2024-03-13 22:29:19,0.196740471,0.0228371411718025,1.07629391,374.29218435051615,374.56807327336224
2024-03-13 22:29:27,0.196760682,0.022838159014282,1.07634188,374.3094856647976,374.5878533457938
2024-03-13 22:29:36,0.196759475,0.0228365332671321,1.07626526,374.3288252941113,374.6099811928684
2024-03-13 22:29:40,0.19675857,0.0228369300495871,1.07628396,374.32011151962513,374.6025064953736
2024-03-13 22:29:44,0.196766112,0.022837224559773,1.07629784,374.32752420505403,374.611158177239
2024-03-13 22:29:48,0.196774558,0.0228369107409222,1.07628305,374.34556101330224,374.630433901369
2024-03-13 22:29:53,0.196774257,0.0228369300495871,1.07628396,374.34320449457914,374.629625914219
2024-03-13 22:29:57,0.196783608,0.0228370388995334,1.07628909,374.3565101064642,374.6441702607393
2024-03-13 22:30:01,0.19678391,0.0228371861546263,1.07629603,374.3535999509843,374.6424987593412
2024-03-13 22:30:05,0.196783306,0.0228368852789465,1.07628185,374.35579922721246,374.6459366090978
2024-03-13 22:30:13,0.196794468,0.0228362514879342,1.07625198,374.38206154695575,374.6746758342395
2024-03-13 22:30:18,0.196799596,0.02283654599812,1.07626586,374.38499134810576,374.6791535376413
2024-03-13 22:30:22,0.196795976,0.0228362387569463,1.07625138,374.3820721991323,374.67747261984834
2024-03-13 22:30:30,0.196802613,0.0228353170334252,1.07620794,374.40480395586707,374.7026805972888
2024-03-13 22:30:38,0.196812869,0.0228353938437186,1.07621156,374.418915508126,374.7192680480487
2024-03-13 22:30:47,0.19682041,0.022835470654012,1.07621518,374.42802380119366,374.7311613417969
2024-03-13 22:30:55,0.19683489,0.0228358610709731,1.07623358,374.44476527117814,374.75037802560354
2024-03-13 22:31:04,0.196837907,0.0228356563142517,1.07622393,374.4502486518032,374.7586456366504
2024-03-13 22:31:12,0.196845448,0.0228360724053716,1.07624354,374.4546108858939,374.76548239989313
2024-03-13 22:31:20,0.196859928,0.0228365587291079,1.07626646,374.46992311764825,374.78326883860456
2024-03-13 22:31:29,0.196855101,0.0228354002092125,1.07621186,374.4760612273308,374.7921900459922
2024-03-13 22:31:33,0.196837605,0.0228339153516617,1.07614188,374.4667053864016,374.78407100648593
2024-03-13 22:31:37,0.196853593,0.0228343889444101,1.0761642,374.486053580371,374.80465592133055
2024-03-13 22:31:41,0.196855101,0.0228346257407843,1.07617536,374.48389466776666,374.8037336490539
2024-03-13 22:31:45,0.196869581,0.0228340689722485,1.07614912,374.51599437199116,374.8370699130589
2024-03-13 22:31:50,0.196865358,0.0228348370751828,1.07618532,374.49569694591486,374.8183180734386
2024-03-13 22:31:54,0.196880139,0.0228343762134222,1.0761636,374.5268875454824,374.85074505155575
2024-03-13 22:31:58,0.196875011,0.0228345105253442,1.07616993,374.5147824104283,374.8398762145045
2024-03-13 22:32:02,0.196874709,0.0228342994031288,1.07615998,374.5161713444769,374.8425013660091
2024-03-13 22:32:06,0.196875313,0.0228339921619551,1.0761455,374.5205598977193,374.8481260561613
2024-03-13 22:32:10,0.196881044,0.0228344977943563,1.07616933,374.52169509331196,374.8504973081173
2024-03-13 22:32:15,0.196884362,0.0228339280826495,1.07614248,374.5343808260088,374.8647279980004
2024-03-13 22:32:19,0.196885569,0.0228347152820656,1.07617958,374.5234958807809,374.8550789279072
2024-03-13 22:32:23,0.196892205,0.0228342864599578,1.07615937,374.5401272938871,374.8729461356022
2024-03-13 22:32:27,0.196894015,0.0228341457825419,1.07615274,374.544118627861,374.8781731836192
2024-03-13 22:32:31,0.196899144,0.0228335119915296,1.07612287,374.56120151432214,374.8964917035779
2024-03-13 22:32:36,0.196904875,0.0228335313001945,1.07612378,374.56927889979346,374.9061135176541
2024-03-13 22:32:44,0.196905478,0.0228333713141137,1.07611624,374.5702363814913,374.9095418233475
2024-03-13 22:32:48,0.196907892,0.022833192019368,1.07610779,374.57584890972913,374.9163896427653
2024-03-13 22:32:52,0.196906082,0.0228333647364367,1.07611593,374.56890837769356,374.9106843213648
2024-03-13 22:32:56,0.196908495,0.0228326991179547,1.07608456,374.5817715861635,374.9247826599248
2024-03-13 22:33:01,0.196910305,0.022832795236913,1.07608909,374.5819242643652,374.92647913747294
2024-03-13 22:33:05,0.196923578,0.0228333776796077,1.07611654,374.5949549144287,374.9407447364008
2024-03-13 22:33:13,0.196917545,0.0228328527385415,1.0760918,374.5898815781835,374.93814105625046
2024-03-13 22:33:21,0.196932929,0.0228328463730476,1.0760915,374.61410937884625,374.9648381908301
2024-03-13 22:33:30,0.196935644,0.0228320271339787,1.07605289,374.62824574478344,374.9817521723211
2024-03-13 22:33:38,0.196944996,0.0228319439581914,1.07604897,374.64319004155107,374.99916511837904
2024-03-13 22:33:47,0.196950426,0.0228325775370206,1.07607883,374.6403523996379,374.99910432181593
2024-03-13 22:33:55,0.196953442,0.0228324559560865,1.0760731,374.64491345074623,375.0061333375896
2024-03-13 22:34:03,0.196964905,0.0228325711715267,1.07607853,374.66054968507194,375.0242372144046
2024-03-13 22:34:12,0.196968224,0.0228318351082452,1.07604384,374.6744941036314,375.0409573456637
2024-03-13 22:34:20,0.196984212,0.0228322318907002,1.07606254,374.69375573973525,375.062685939633
2024-03-13 22:34:28,0.19698391,0.022832795236913,1.07608909,374.682362229185,375.0537590647723
2024-03-13 22:34:37,0.196986625,0.0228309708863525,1.07600311,374.71150216147737,375.08567357711433
2024-03-13 22:34:41,0.196985418,0.0228317967030985,1.07604203,374.6958599947001,375.07126442614174
2024-03-13 22:34:45,0.1969821,0.0228316494480055,1.07603509,374.69108616719353,375.0677235338958
2024-03-13 22:34:49,0.196994468,0.0228313806119785,1.07602242,374.71525324804554,375.0931234694642
2024-03-13 22:34:54,0.196997485,0.0228309965605114,1.07600432,374.7246606068869,375.1040717834358
2024-03-13 22:35:02,0.197005026,0.0228317389892868,1.07603931,374.72415806969605,375.1060345126848
2024-03-13 22:35:06,0.197013472,0.0228323343751525,1.07606737,374.728647300718,375.1117562561102
2024-03-13 22:35:10,0.197006534,0.0228313806119785,1.07602242,374.7296487881457,375.1139901753969
2024-03-13 22:35:14,0.197007138,0.0228315021929126,1.07602815,374.7276467032954,375.11322044186113
2024-03-13 22:35:19,0.197011663,0.0228309517898708,1.07600221,374.74214550425035,375.1292595686936
2024-03-13 22:35:23,0.197021014,0.0228312206258977,1.07601488,374.75307303774105,375.1414192722736
2024-03-13 22:35:27,0.197023126,0.0228312463000566,1.07601609,374.7551102793841,375.1446886034613
2024-03-13 22:35:31,0.197029159,0.022831726258299,1.07603871,374.7571488052146,375.1479591382915
2024-03-13 22:35:35,0.197024936,0.0228314894619247,1.07602755,374.7521476328277,375.1441898943596
2024-03-13 22:35:39,0.197037605,0.0228310092914993,1.07600492,374.7799920644878,375.1732661739297
2024-03-13 22:35:44,0.197033382,0.0228312206258977,1.07601488,374.7679948054187,375.1628086114815
2024-03-13 22:35:48,0.197036399,0.022831041331152,1.07600643,374.7746568019033,375.17070227464967
2024-03-13 22:35:52,0.197047258,0.0228302795937117,1.07597053,374.8035752993221,375.2008523582067
2024-03-13 22:35:56,0.197029159,0.0228298253096282,1.07594912,374.7778224525014,375.17633101697874
2024-03-13 22:36:00,0.197024936,0.0228290956118406,1.07591473,374.78017910652585,375.1799190960505
2024-03-13 22:36:04,0.197040923,0.0228290442635229,1.07591231,374.8073651548955,375.2083364889217
2024-03-13 22:36:09,0.197054498,0.0228307340899783,1.07599195,374.80407906649225,375.2065894678781
2024-03-13 22:36:13,0.197056308,0.0228317837599275,1.07604142,374.79031019212124,375.1940517567805
2024-03-13 22:36:17,0.197052387,0.0228309965605114,1.07600432,374.7940480363304,375.1990206837171
2024-03-13 22:36:21,0.197056006,0.022830772495125,1.07599376,374.80242057544575,375.2086242250135
2024-03-13 22:36:29,0.197063246,0.0228300237008557,1.07595847,374.82365844197096,375.232323854262
2024-03-13 22:36:38,0.197058118,0.0228287883706669,1.07590025,374.83046291254743,375.24189742278816
2024-03-13 22:36:46,0.197066866,0.0228289483567477,1.07590779,374.84074390229546,375.2546394906112
2024-03-13 22:36:55,0.197075916,0.0228296907855231,1.07594278,374.8425435662366,375.2592074822695
2024-03-13 22:37:03,0.197071994,0.0228299148509095,1.07595334,374.829954523213,375.2490788326665
2024-03-13 22:37:11,0.197076218,0.0228284618208283,1.07588486,374.8564953872802,375.2780797679616
2024-03-13 22:37:15,0.197077424,0.0228286922517086,1.07589572,374.8539106574795,375.2767249529522
2024-03-13 22:37:20,0.197085569,0.0228286731552268,1.07589482,374.8667464951748,375.2910980708648
2024-03-13 22:37:24,0.197080139,0.0228285643052806,1.07588969,374.8577501412225,375.2833314504686
2024-03-13 22:37:28,0.197090697,0.0228283979537058,1.07588185,374.8772663741109,375.304077336364
2024-03-13 22:37:32,0.197089792,0.0228286218069091,1.0758924,374.87112860936304,375.2991691440736
2024-03-13 22:37:36,0.19709854,0.0228290251670411,1.07591141,374.87900670963546,375.3082767362539
2024-03-13 22:37:41,0.19710035,0.0228281482141606,1.07587008,374.8936968932545,375.3245036714842
2024-03-13 22:37:45,0.19710759,0.0228285836139455,1.0758906,374.89848808212435,375.33052417102414
2024-03-13 22:37:49,0.19711121,0.0228288011016548,1.07590085,374.90027218448347,375.3335375035029
2024-03-13 22:37:57,0.197110003,0.0228277641626935,1.07585198,374.9112129420893,375.3469364796956
2024-03-13 22:38:02,0.197113925,0.0228293324082148,1.07592589,374.8930390876267,375.3302988482302
2024-03-13 22:38:06,0.19711483,0.0228283275089063,1.07587853,374.90838330773374,375.3468719561147
2024-03-13 22:38:14,0.197120562,0.0228284170501876,1.07588275,374.91450306254984,375.3554492448297
2024-03-13 22:38:23,0.197110607,0.0228269065184779,1.07581156,374.9170808382969,375.3607913610722
2024-03-13 22:38:31,0.197126595,0.0228270665045587,1.0758191,374.9398904187363,375.3860577907128
2024-03-13 22:38:36,0.197122673,0.0228279241487743,1.07585952,374.9187600079838,375.3664627470868
2024-03-13 22:38:40,0.197126896,0.0228271880854928,1.07582483,374.93583135147753,375.3847622936586
2024-03-13 22:38:48,0.19713474,0.0228269128839718,1.07581186,374.9510548660124,375.4024419726866
2024-03-13 22:38:56,0.197146203,0.0228270474080769,1.0758182,374.9664183662097,375.4202613151576
2024-03-13 22:39:05,0.197137454,0.0228260041036217,1.07576903,374.9641083290903,375.4207137154399
2024-03-13 22:39:09,0.197146203,0.0228263815774118,1.07578682,374.97237588583977,375.430208891242
2024-03-13 22:39:13,0.197152236,0.0228263177102893,1.07578381,374.98253892593175,375.44159946983
2024-03-13 22:39:21,0.197143789,0.0228263945205828,1.07578743,374.96432421760267,375.4258395968221
2024-03-13 22:39:26,0.197157062,0.0228269192494658,1.07581216,374.9779107582784,375.440960245941
2024-03-13 22:39:30,0.197159476,0.0228270090029302,1.07581639,374.9795183961948,375.4437950799841
2024-03-13 22:39:34,0.197165509,0.0228265097360229,1.07579286,374.9961872534881,375.4616910528457
2024-03-13 22:39:38,0.197160381,0.0228260872794091,1.07577295,374.9924016682109,375.4591325025782
2024-03-13 22:39:46,0.197173654,0.0228263945205828,1.07578743,375.0083179222182,375.4775025849269
2024-03-13 22:39:51,0.197174559,0.022826631316957,1.07579859,375.0048116259,375.4755297676849
2024-03-13 22:39:55,0.197186323,0.0228281611573316,1.07587069,375.001075684643,375.47302051905854
2024-03-13 22:39:59,0.197186625,0.0228277962023463,1.07585349,375.0058244950361,375.4789959415216
2024-03-13 22:40:03,0.197185418,0.022827296935439,1.07582996,375.00997022719054,375.4843682051847
2024-03-13 22:40:07,0.197183307,0.0228264456567174,1.07578984,375.0178126592218,375.4934370881631
2024-03-13 22:40:11,0.197179385,0.0228259079846634,1.0757645,375.0178363544152,375.4946871537418
2024-03-13 22:40:16,0.19718572,0.0228262088603431,1.07577868,375.0227663008726,375.50114994988985
2024-03-13 22:40:24,0.19719658,0.0228263752119179,1.07578652,375.03661490034415,375.5174508470368
2024-03-13 22:40:33,0.197197183,0.0228267976685317,1.07580643,375.0285862075614,375.5121806039435
2024-03-13 22:40:41,0.197216791,0.0228277450662117,1.07585108,375.0458951977182,375.5319412069802
2024-03-13 22:40:49,0.197211361,0.0228258823105045,1.07576329,375.0618903507239,375.5503876506037
2024-03-13 22:40:53,0.197219506,0.0228270537735708,1.0758185,375.0572462325228,375.54696905686205
2024-03-13 22:40:58,0.197216489,0.0228266888185855,1.0758013,375.0559498976952,375.5472045143116
2024-03-13 22:41:06,0.197230366,0.0228267913030378,1.07580613,375.0759733546698,375.569678577085
2024-03-13 22:41:14,0.197233985,0.0228260425087684,1.07577084,375.09097626547225,375.5871317714128
2024-03-13 22:41:19,0.197224031,0.0228261320500497,1.07577506,375.0708866205386,375.56857339002624
2024-03-13 22:41:23,0.197227349,0.0228259143501573,1.0757648,375.07865576882136,375.5775674585056
2024-03-13 22:41:31,0.197236399,0.0228256007434896,1.07575002,375.09655035965943,375.5979116480252
2024-03-13 22:41:35,0.197237605,0.0228243013339953,1.07568878,375.11683817940855,375.6194241462583
2024-03-13 22:41:39,0.197227349,0.0228241797530612,1.07568305,375.09968726164317,375.603497826405
2024-03-13 22:41:44,0.197234287,0.0228248326405554,1.07571382,375.1003993048935,375.6057405037404
2024-03-13 22:41:48,0.19723489,0.0228244933597289,1.07569783,375.1052904139088,375.6118560293791
2024-03-13 22:41:52,0.19724213,0.0228248199095675,1.07571322,375.11170979394035,375.61949974546064
2024-03-13 22:41:56,0.197246052,0.0228257736727414,1.07575817,375.1030119529371,375.6120261599333
2024-03-13 22:42:04,0.19725118,0.02282636248093,1.07578592,375.1006326881344,375.6120951643581
2024-03-13 22:42:09,0.197240924,0.0228250887455945,1.07572589,375.1004016473137,375.61339412813567
2024-03-13 22:42:13,0.197255705,0.0228251014765824,1.07572649,375.1245592095342,375.6387756033865
2024-03-13 22:42:17,0.197254197,0.0228241479255916,1.07568155,375.1349836369505,375.6504238632563
2024-03-13 22:42:25,0.197259023,0.0228238534154057,1.07566767,375.1452896604251,375.6631773099052
2024-03-13 22:42:34,0.197257515,0.0228237381999656,1.07566224,375.1416504492829,375.6622910645681
2024-03-13 22:42:42,0.197269581,0.022825428026421,1.07574188,375.13481187908127,375.6578992326184
2024-03-13 22:42:50,0.197275313,0.0228247815044208,1.07571141,375.15194935105427,375.6774831205197
2024-03-13 22:42:59,0.197284664,0.0228256264176485,1.07575123,375.15274127919855,375.6810268813004
2024-03-13 22:43:07,0.197289491,0.0228254664315677,1.07574369,375.16103869120224,375.6917700242796
2024-03-13 22:43:11,0.197292206,0.0228248710457021,1.07571563,375.173416440191,375.70537051787966
2024-03-13 22:43:20,0.197291301,0.0228254918935434,1.07574489,375.15981568568026,375.6945206441038
2024-03-13 22:43:24,0.197303367,0.0228251975955407,1.07573102,375.1838691140403,375.7197965551712
2024-03-13 22:43:28,0.197296127,0.0228247110596213,1.07570809,375.1773969761779,375.7145468194289
2024-03-13 22:43:32,0.197294619,0.0228245383425526,1.07569995,375.17614863569594,375.7145208004794
2024-03-13 22:43:36,0.197290094,0.0228234245932979,1.07564746,375.1837542944955,375.7233487002229
2024-03-13 22:43:41,0.197296127,0.0228240518066332,1.07567702,375.1832841623009,375.72440625588
2024-03-13 22:43:49,0.197294619,0.0228238790895646,1.07566888,375.18081417856473,375.7243803107892
2024-03-13 22:43:57,0.197302462,0.0228238213757529,1.07566616,375.1928034287119,375.7388132772171
2024-03-13 22:44:01,0.197300954,0.0228228869212439,1.07562212,375.20294938687704,375.7501809726345
2024-03-13 22:44:06,0.197300652,0.0228217795374832,1.07556993,375.21746475707437,375.766223401063
2024-03-13 22:44:10,0.19730216,0.0228205505727883,1.07551201,375.23723825162676,375.7872184515322
2024-03-13 22:44:14,0.197299747,0.0228220995096447,1.07558501,375.20866926121766,375.7598709364455
2024-03-13 22:44:22,0.197308797,0.0228227203574861,1.07561427,375.2125986531753,375.7662430372615
2024-03-13 22:44:27,0.197316037,0.0228225349094296,1.07560553,375.226373556327,375.7815444697383
2024-03-13 22:44:31,0.197318148,0.0228227139919922,1.07561397,375.2261260733553,375.78251811955465
2024-03-13 22:44:39,0.197323578,0.0228230148676719,1.07562815,375.2285784697946,375.78741253977495
2024-03-13 22:44:47,0.197325992,0.0228229123832197,1.07562332,375.23184675445975,375.79312252582287
2024-03-13 22:44:56,0.197346203,0.0228235782138848,1.0756547,375.2541093999453,375.8181316999909
2024-03-13 22:45:00,0.197349521,0.0228250951110884,1.07572619,375.23593715380434,375.80118000228566
2024-03-13 22:45:04,0.197350124,0.0228241733875673,1.07568275,375.24954851283053,375.8160118291445
2024-03-13 22:45:12,0.197351934,0.0228249862611422,1.07572106,375.2380790726648,375.8069830828312
2024-03-13 22:45:17,0.197346203,0.0228232068934055,1.0756372,375.2532576995366,375.82368697963136
2024-03-13 22:45:21,0.197341376,0.0228225860455642,1.07560794,375.25297420162246,375.8246236069779
2024-03-13 22:45:25,0.197354649,0.0228233157433517,1.07564233,375.26380274723766,375.8366721972466
2024-03-13 22:45:29,0.197354649,0.0228224835611119,1.07560311,375.2750340291183,375.8491234431729
2024-03-13 22:45:33,0.197350728,0.0228220356425223,1.075582,375.27373164511187,375.8490409426036
2024-03-13 22:45:42,0.197359174,0.0228221699544442,1.07558833,375.28359208865834,375.86164582915455
2024-03-13 22:45:50,0.197361587,0.0228224133284955,1.0755998,375.28168652082456,375.8621794236168
2024-03-13 22:45:54,0.197364001,0.0228222788043904,1.07559346,375.28665708939633,375.868369452418
2024-03-13 22:45:58,0.197370637,0.0228232646072171,1.07563992,375.2821690612906,375.8651008039284
2024-03-13 22:46:02,0.197372447,0.0228227203574861,1.07561427,375.2922254697194,375.8763765113592
2024-03-13 22:46:07,0.197376067,0.0228224835611119,1.07560311,375.3005087094196,375.8861837614469
2024-03-13 22:46:11,0.197369431,0.0228217859029771,1.07557023,375.2982471513389,375.8851413209834
2024-03-13 22:46:19,0.197375162,0.0228219842942046,1.07557958,375.30275704865875,375.89208921168654
2024-03-13 22:46:28,0.19738753,0.0228227653403099,1.07561639,375.3097272222967,375.901801742424
2024-03-13 22:46:32,0.197379084,0.0228217795374832,1.07556993,375.30864683068506,375.9019400451827
2024-03-13 22:46:36,0.197390848,0.0228228292074323,1.0756194,375.31207536315,375.9065871913968
2024-03-13 22:46:40,0.197391753,0.0228224644646301,1.07560221,375.3178813800805,375.9136117414549
2024-03-13 22:46:44,0.19739296,0.022822611719723,1.07560915,375.31654766768537,375.91349648156455
2024-03-13 22:46:49,0.197386927,0.02282113959316,1.07553977,375.32661779147014,375.92508955760354
2024-03-13 22:46:57,0.197396882,0.0228212866360698,1.0755467,375.3392070947249,375.94011532243474
2024-03-13 22:47:05,0.197399295,0.0228221251838036,1.07558622,375.3283956144051,375.9317399811865
2024-03-13 22:47:10,0.19739115,0.0228212611740941,1.0755455,375.32571072287055,375.9305775127966
2024-03-13 22:47:14,0.197403216,0.02282193315807,1.07557717,375.3353142748919,375.9413989126263
2024-03-13 22:47:18,0.197411965,0.0228218499822827,1.07557325,375.35048080866545,375.9577832135783
2024-03-13 22:47:22,0.197410758,0.0228219267925761,1.07557687,375.34602479171707,375.9545448831775
2024-03-13 22:47:26,0.19741106,0.0228216515910552,1.0755639,375.34944908932926,375.95918678670586
2024-03-13 22:47:35,0.197410155,0.0228220356425223,1.075582,375.33939515596336,375.9518721718375
2024-03-13 22:47:43,0.197419204,0.0228231173521242,1.07563298,375.3364280129589,375.9513396359126
2024-03-13 22:47:47,0.197417093,0.022821805211642,1.07557114,375.3511981647127,375.9673269702522
2024-03-13 22:47:51,0.197421316,0.0228210818793484,1.07553705,375.36811663809056,375.9854625455788
2024-03-13 22:47:55,0.197430366,0.0228223619801778,1.07559738,375.3633974363099,375.9819603651089
2024-03-13 22:48:00,0.197433382,0.0228221315492975,1.07558652,375.3705445299044,375.9906286219432
2024-03-13 22:48:04,0.197430667,0.0228219588322289,1.07557838,375.3672151489654,375.988516080876
2024-03-13 22:48:12,0.197431271,0.0228208834881209,1.0755277,375.38192525619286,376.0056596259233
2024-03-13 22:48:21,0.197432477,0.0228206850968934,1.07551835,375.38424523003124,376.0107168317352
2024-03-13 22:48:25,0.197436701,0.0228211202844951,1.07553886,375.3838230884661,376.0115111066664
2024-03-13 22:48:29,0.197446655,0.0228217731719892,1.07556963,375.3900572675588,376.0189616216095
2024-03-13 22:48:33,0.19744394,0.0228210434742017,1.07553524,375.3950675422758,376.02518815153024
2024-03-13 22:48:37,0.197437606,0.0228203458160669,1.07550236,375.3933357049475,376.024672488758
2024-03-13 22:48:46,0.197451784,0.0228212034602824,1.07554278,375.4022939192458,376.03636680093393
2024-03-13 22:48:54,0.197448164,0.0228200897110277,1.07549029,375.4102738012619,376.0467784271867
2024-03-13 22:49:02,0.1974548,0.0228214916049744,1.07555636,375.39833567902144,376.0372717265717
2024-03-13 22:49:11,0.197457515,0.0228209346242555,1.07553011,375.4086384979114,376.05030950915966
2024-03-13 22:49:15,0.197462643,0.0228211843638007,1.07554188,375.41255773897075,376.05544415857344
2024-03-13 22:49:19,0.19746747,0.0228217474978304,1.07556842,375.4112635452393,376.0553652925385
2024-03-13 22:49:23,0.197470185,0.0228213250412165,1.07554851,375.4210721646126,376.0663891589494
2024-03-13 22:49:27,0.197475011,0.0228217604410014,1.07556903,375.4216887596286,376.0682209203431
2024-03-13 22:49:32,0.197477425,0.0228211139190012,1.07553856,375.43402839185643,376.0820793971135
2024-03-13 22:49:40,0.197477425,0.0228209859725732,1.07553253,375.4335144607666,376.0839953551389
2024-03-13 22:49:48,0.197478028,0.0228214916049744,1.07555636,375.4245568132789,376.0774672741096
2024-03-13 22:49:53,0.197477123,0.0228206273830817,1.07551563,375.4344138339253,376.08884260993966
2024-03-13 22:50:01,0.197482854,0.022820326507402,1.07550145,375.44640847564625,376.10326629378426
2024-03-13 22:50:05,0.197485569,0.02281966088892,1.07547008,375.45986149842224,376.1179337166181
2024-03-13 22:50:09,0.197497937,0.0228197056595606,1.07547219,375.47938116483317,376.13866770241634
2024-03-13 22:50:18,0.197484363,0.0228193793219051,1.07545681,375.45804523888705,376.12006370013415
2024-03-13 22:50:22,0.197488586,0.0228198529146535,1.07547913,375.45704649785836,376.1202790163058
2024-03-13 22:50:27,0.197486776,0.0228200833455338,1.07548999,375.44894544781647,376.1136954243151
2024-03-13 22:50:31,0.197489491,0.0228195202115041,1.07546345,375.46086445995957,376.1268283121381
2024-03-13 22:50:35,0.197493413,0.0228194434012107,1.07545983,375.46758875492003,376.134766402101
2024-03-13 22:50:39,0.197497636,0.0228194304580397,1.07545922,375.4738774769266,376.1422688384314
2024-03-13 22:50:47,0.197508194,0.0228206721537224,1.07551774,375.47112385501185,376.1419424031244
2024-03-13 22:50:52,0.197506384,0.0228206146520939,1.07551503,375.46733594075226,376.1396713166102
2024-03-13 22:51:00,0.197509702,0.0228198722233185,1.07548004,375.4817717358778,376.1565337739072
2024-03-13 22:51:04,0.197515132,0.0228201090196927,1.0754912,375.4864088858457,376.1623841339333
2024-03-13 22:51:08,0.1975275,0.0228204162608664,1.07550568,375.5019977089954,376.17918608645465
2024-03-13 22:51:17,0.197531422,0.0228218243081238,1.07557204,375.48496473277714,376.1648823563071
2024-03-13 22:51:25,0.197526897,0.0228218563477766,1.07557355,375.4742287068172,376.15657198392194
2024-03-13 22:51:33,0.197540773,0.0228211075535072,1.07553826,375.5070320667777,376.19180067468807
2024-03-13 22:51:42,0.197533533,0.0228199553991058,1.07548396,375.509033981102,376.1965307003472
2024-03-13 22:51:50,0.197542885,0.0228206594227345,1.07551714,375.51224733786705,376.20216870200295
2024-03-13 22:51:54,0.197529008,0.0228192257013182,1.07544957,375.5084974832216,376.1996310487543
2024-03-13 22:51:58,0.19753474,0.0228194881718513,1.07546194,375.51327352880645,376.2056192150353
2024-03-13 22:52:07,0.19754198,0.0228193600132402,1.0754559,375.52499685086707,376.2200695135948
2024-03-13 22:52:11,0.197545298,0.0228201281161745,1.0754921,375.5180197187655,376.2143042399046
2024-03-13 22:52:20,0.197545901,0.022819788835348,1.07547611,375.5214199438019,376.22043085128496
2024-03-13 22:52:28,0.197561889,0.0228207555416929,1.07552167,375.53218298671993,376.2336170057216
2024-03-13 22:52:37,0.197558571,0.0228199617645997,1.07548426,375.53560780637116,376.2397674399336
2024-03-13 22:52:41,0.197566716,0.0228201794644922,1.07549452,375.5452308979226,376.250601784576
2024-03-13 22:52:45,0.197568526,0.0228201090196927,1.0754912,375.5482077181225,376.2547897771525
2024-03-13 22:52:54,0.197570637,0.022819392052893,1.07545741,375.5598794032112,376.2691863049701
2024-03-13 22:52:58,0.197573654,0.0228198208750007,1.07547762,375.5574643729759,376.2679821847812
2024-03-13 22:53:02,0.197570939,0.0228204801279888,1.07550869,375.5416767571993,376.25340539833127
2024-03-13 22:53:06,0.197567922,0.0228192447978,1.07545047,375.5537545581807,376.26669394791867
2024-03-13 22:53:15,0.197577575,0.0228198208750007,1.07547762,375.55910491718845,376.2747681961481
2024-03-13 22:53:23,0.19759477,0.022820198560974,1.07549542,375.58078328805743,376.2988674588008
2024-03-13 22:53:32,0.19759477,0.022820057671375,1.07548878,375.5801714725905,376.3009787606128
2024-03-13 22:53:40,0.197594468,0.0228201601558272,1.07549361,375.57569282155794,376.2989203151702
2024-03-13 22:53:48,0.19758934,0.022818988904944,1.07543841,375.5819502737805,376.30759765005234
2024-03-13 22:53:57,0.197590245,0.022819116851372,1.07544444,375.5788771448332,376.3072465030818
2024-03-13 22:54:05,0.197604725,0.022820320141908,1.07550115,375.583485713891,376.3142742685384
2024-03-13 22:54:14,0.19760201,0.0228200129007343,1.07548667,375.5806700939846,376.3141798585394
2024-03-13 22:54:22,0.197602312,0.0228190336755847,1.07544052,375.593449856257,376.3293781309035
2024-03-13 22:54:30,0.197609853,0.0228192384323061,1.07545017,375.60101444282776,376.33936090458167
2024-03-13 22:54:38,0.197608043,0.0228194113615579,1.07545832,375.592872124495,376.3336364503616
2024-03-13 22:54:43,0.197619506,0.0228198208750007,1.07547762,375.60506267377957,376.34733800069125
2024-03-13 22:54:47,0.197619506,0.0228194368235336,1.07545952,375.6096102066762,376.35309424357706
2024-03-13 22:54:55,0.197626746,0.0228196417924382,1.07546918,375.61665138761657,376.3625526022313
2024-03-13 22:55:04,0.197624031,0.0228189184601445,1.07543509,375.62007559272485,376.3686957461483
2024-03-13 22:55:12,0.197622523,0.0228183871535845,1.07541005,375.62301324630846,376.37404989099895
2024-03-13 22:55:20,0.197605931,0.0228158460484074,1.07529029,375.62997172783855,376.3834245407455
2024-03-13 22:55:29,0.197625539,0.0228175551835277,1.07537084,375.6355714487131,376.3917420647037
2024-03-13 22:55:37,0.197624031,0.0228164734739258,1.07531986,375.6467628917101,376.4053489893985
2024-03-13 22:55:45,0.197633382,0.0228174333904105,1.0753651,375.64614221104324,376.40714346734455
2024-03-13 22:55:54,0.197637002,0.0228172029595303,1.07535424,375.6531462779233,376.4168642014632
2024-03-13 22:55:58,0.197638511,0.0228172927129947,1.07535847,375.65320531140475,376.4181305113445
2024-03-13 22:56:02,0.197643036,0.0228179710624645,1.07539044,375.6496601862326,376.4157925817936
2024-03-13 22:56:10,0.197634287,0.0228168702563808,1.07533856,375.6486063692211,376.4171529136838
2024-03-13 22:56:19,0.197639717,0.0228163005446741,1.07531171,375.6638322049856,376.4350942807198
2024-03-13 22:56:23,0.197645147,0.022816569380701,1.07532438,375.6679937111948,376.4404625584403
2024-03-13 22:56:27,0.197646655,0.022817382254276,1.07536269,375.65720913308775,376.4308846710573
2024-03-13 22:56:31,0.197650275,0.0228169407011803,1.07534188,375.6688891203418,376.4437712682465
2024-03-13 22:56:36,0.197644242,0.022817107052755,1.07534972,375.6544438750851,376.43083417179776
2024-03-13 22:56:40,0.197650577,0.022816966163156,1.07534308,375.66631550766454,376.44391223253257
2024-03-13 22:56:48,0.197667772,0.0228180351417701,1.07539346,375.6776375265651,376.4576468653624
2024-03-13 22:56:56,0.19765118,0.022816588689366,1.07532529,375.6681944394261,376.4506160689678
2024-03-13 22:57:01,0.197656912,0.0228170622821144,1.07534761,375.66950744704775,376.4534365941821
2024-03-13 22:57:05,0.197655404,0.0228157437761383,1.07528547,375.6854629607407,376.4705980310482
2024-03-13 22:57:09,0.197667168,0.0228158205864317,1.07528909,375.70346943726287,376.4898103499411
2024-03-13 22:57:13,0.197664152,0.0228166525564884,1.0753283,375.6845662073166,376.47211288156166
2024-03-13 22:57:18,0.197664152,0.022815782181285,1.07528728,375.69611167162554,376.4851654341964
2024-03-13 22:57:22,0.197671392,0.0228165950548599,1.07532559,375.69524828184376,376.4855076241673
2024-03-13 22:57:26,0.197671392,0.022816038074141,1.07529934,375.70239575893675,376.4938606002042
2024-03-13 22:57:30,0.19766023,0.022814693894006,1.07523599,375.7020274854383,376.4946977448396
2024-03-13 22:57:38,0.197677123,0.0228163132756619,1.07531231,375.7045730233941,376.49965387662655
2024-03-13 22:57:47,0.197688586,0.022817382254276,1.07536269,375.7056722477229,376.5034646326197
2024-03-13 22:57:51,0.197685871,0.0228167998115813,1.07533524,375.7085026622673,376.5075000410201
2024-03-13 22:57:55,0.197681346,0.0228167807150995,1.07533434,375.6997513480585,376.4999536398477
2024-03-13 22:58:03,0.197693111,0.0228172029595303,1.07535424,375.71137430877724,376.51398618417466
2024-03-13 22:58:12,0.197701859,0.022818054450435,1.07539437,375.71103612695464,376.5163583974706
2024-03-13 22:58:16,0.197705479,0.0228171327269139,1.07535093,375.72992149390126,376.5364482531263
2024-03-13 22:58:20,0.197705479,0.0228176254161441,1.07537415,375.7213276181356,376.5290587852408
2024-03-13 22:58:24,0.197701256,0.0228176190506502,1.07537385,375.7129089910377,376.52184448519233
2024-03-13 22:58:28,0.197703367,0.0228170302424616,1.0753461,375.724189794148,376.53432953452005
2024-03-13 22:58:33,0.197710004,0.0228167550409407,1.07533313,375.73830096731194,376.5499459017833
2024-03-13 22:58:37,0.197704876,0.0228166718651533,1.07532921,375.72946785375046,376.5423168525614
2024-03-13 22:58:41,0.197709702,0.022816844582222,1.07533735,375.73402709723274,376.548080079546
2024-03-13 22:58:49,0.197716942,0.0228176703989679,1.07537627,375.7317651779693,376.54822588477
2024-03-13 22:58:54,0.197724785,0.0228173695232881,1.07536209,375.7483494247173,376.5663147951134
2024-03-13 22:58:58,0.197717847,0.0228164862049137,1.07532046,375.7483859567409,376.5675549670643
2024-03-13 22:59:02,0.197723277,0.0228175422403568,1.07537023,375.74074121471904,376.5611137841245
2024-03-13 22:59:10,0.197722372,0.0228171838630485,1.07535334,375.742143364491,376.5649228095183
2024-03-13 22:59:19,0.197721165,0.0228160828447816,1.07530145,375.75386259936363,376.5793493929004
2024-03-13 22:59:27,0.197729612,0.0228160189776592,1.07529844,375.7670369516671,376.594929933585
2024-03-13 22:59:31,0.197733232,0.0228162046378988,1.07530719,375.769315190136,376.59841114496
2024-03-13 22:59:35,0.197732628,0.0228166718651533,1.07532921,375.76005753558917,376.59035638246087
2024-03-13 22:59:39,0.19774198,0.0228173886197699,1.07536299,375.7642908596029,376.5957925176624
2024-03-13 22:59:44,0.197738058,0.0228169407011803,1.07534188,375.76271785517156,376.5957229135038
2024-03-13 22:59:48,0.19774198,0.0228167614064346,1.07533343,375.7709940636257,376.60520175120473
2024-03-13 22:59:56,0.197733533,0.0228163389498208,1.07531352,375.7603045487288,376.596917252204
2024-03-13 23:00:05,0.19775103,0.0228173118094765,1.07535937,375.77329234132316,376.6126103010282
2024-03-13 23:00:13,0.197747108,0.0228161405585933,1.07530417,375.7816707916174,376.6233930798206
2024-03-13 23:00:21,0.197758571,0.0228170493389434,1.075347,375.7854752978093,376.6296015910088
2024-03-13 23:00:30,0.197753443,0.022816838216728,1.07533705,375.7770619140196,376.6238923261377
2024-03-13 23:00:38,0.197759174,0.0228162237343806,1.07530809,375.79379870800994,376.6430324376391
2024-03-13 23:00:46,0.197745298,0.0228147963784583,1.07524082,375.7887912720318,376.6404279956287
2024-03-13 23:00:55,0.197760984,0.0228153404160062,1.07526646,375.80508016450904,376.6594198695677
2024-03-13 23:00:59,0.197773051,0.0228166461909945,1.075328,375.8051749872842,376.6607158859872
2024-03-13 23:01:03,0.197763096,0.0228156669658448,1.07528185,375.80143403057696,376.6581760420296
2024-03-13 23:01:07,0.197771241,0.0228159228587008,1.07529391,375.8104933041985,376.6684363475045
2024-03-13 23:01:11,0.197771844,0.0228165309755543,1.07532257,375.8012112717687,376.6603552660301
2024-03-13 23:01:15,0.197780592,0.0228165373410483,1.07532287,375.8150583687686,376.6754032330856
2024-03-13 23:01:24,0.197777877,0.0228166973271291,1.07533041,375.8052562035616,376.6683027297056
2024-03-13 23:01:32,0.197777274,0.0228163453153147,1.07531382,375.8070932736448,376.6725409331217
2024-03-13 23:01:41,0.197780592,0.02281617896374,1.07530598,375.8126324054441,376.6807809530754
2024-03-13 23:01:49,0.197783609,0.0228155835778743,1.07527792,375.8243894283826,376.6949384216067
2024-03-13 23:01:57,0.197777274,0.0228148668232578,1.07524414,375.8217787893758,376.6947279045288
2024-03-13 23:02:06,0.197795374,0.0228153467815001,1.07526676,375.84321060345667,376.7188594688828
2024-03-13 23:02:14,0.197802613,0.0228164798394198,1.07532016,375.836338118947,376.7143864184699
2024-03-13 23:02:22,0.197799295,0.0228156540226738,1.07528124,375.84058883080786,376.7210362407199
2024-03-13 23:02:31,0.197804725,0.0228167807150995,1.07533434,375.83038112745015,376.7135271496007
2024-03-13 23:02:39,0.197804423,0.0228150140783507,1.07525108,375.8539741719408,376.739518616555
2024-03-13 23:02:48,0.19780382,0.0228150652144853,1.07525349,375.8494648892905,376.7377071721911
2024-03-13 23:02:56,0.197809853,0.0228147643388055,1.07523931,375.8620277194987,376.7526677368734
2024-03-13 23:03:04,0.197819205,0.0228152892798716,1.07526405,375.8679412031221,376.7609786311885
2024-03-13 23:03:09,0.197807742,0.0228151997385903,1.07525983,375.8479421786911,376.74247782401295
2024-03-13 23:03:13,0.19780563,0.0228147452423237,1.07523841,375.849909224775,376.7456433528308
2024-03-13 23:03:17,0.197811965,0.0228150331748325,1.07525198,375.85535628023007,376.7522888100669
2024-03-13 23:03:26,0.197808043,0.0228130426848804,1.07515817,375.8757499346761,376.7753785725254
2024-03-13 23:03:34,0.197824333,0.0228147836474704,1.07524022,375.87542155426536,376.7774463884945
2024-03-13 23:03:38,0.197818601,0.0228150908886441,1.0752547,375.85968811799637,376.76291092897225
2024-03-13 23:03:42,0.197827651,0.0228138235188026,1.07519497,375.8931837429607,376.79760444971873
2024-03-13 23:03:46,0.197825539,0.0228147132026709,1.0752369,375.8749732416505,376.78059176322415
2024-03-13 23:03:51,0.197831271,0.0228145018682724,1.07522694,375.88657223277596,376.7936879090073
2024-03-13 23:03:55,0.197832478,0.0228147195681648,1.0752372,375.8841960666625,376.79250937552825
2024-03-13 23:03:59,0.197834891,0.0228149243248863,1.07524685,375.88410217965,376.7936130401778
2024-03-13 23:04:03,0.197835796,0.0228145916217368,1.07523117,375.8894661406949,376.8001744719104
2024-03-13 23:04:12,0.197832176,0.0228136442240568,1.07518652,375.89472825123715,376.8081305954281
2024-03-13 23:04:20,0.197835796,0.0228142266667515,1.07521397,375.88985685464155,376.8056535328671
2024-03-13 23:04:28,0.197833684,0.0228133049432304,1.07517053,375.89764476648907,376.81583545481305
2024-03-13 23:04:37,0.197852387,0.0228140410065119,1.07520522,375.91628173664213,376.837165299103
2024-03-13 23:04:41,0.197837908,0.0228140155445361,1.07520402,375.8903994811872,376.812479744987
2024-03-13 23:04:45,0.197846354,0.0228133178864013,1.07517114,375.9143008008723,376.8375776850171
2024-03-13 23:04:49,0.197840622,0.0228131513226435,1.07516329,375.90568093786106,376.8301543613549
2024-03-13 23:04:53,0.197849672,0.0228142714373921,1.07521608,375.9033351013605,376.82900498320566
2024-03-13 23:05:02,0.19785842,0.0228140666806707,1.07520643,375.9188632543436,376.8472248713216
2024-03-13 23:05:06,0.197851482,0.0228143355166977,1.0752191,375.9016187284179,376.83117654049136
2024-03-13 23:05:10,0.197853594,0.0228141498564581,1.07521035,375.9068667264968,376.83762065266
2024-03-13 23:05:14,0.197861437,0.0228147322991527,1.0752378,375.9105040899341,376.84245404917925
2024-03-13 23:05:19,0.197863549,0.0228149884041918,1.07524987,375.9088203202128,376.8422652068903
2024-03-13 23:05:23,0.197859024,0.0228142012047758,1.07521277,375.91160995876754,376.84625069625247
2024-03-13 23:05:27,0.197867772,0.0228143611908566,1.07522031,375.92315751173714,376.8589940190156
2024-03-13 23:05:31,0.19787109,0.022815500402087,1.075274,375.9106009569542,376.8476331530101
2024-03-13 23:05:35,0.197877727,0.0228143482476856,1.0752197,375.9381958389386,376.87642364275416
2024-03-13 23:05:39,0.197868978,0.0228141050858174,1.07520824,375.92550430112186,376.8649276316772
2024-03-13 23:05:44,0.197872297,0.0228137403430152,1.07519105,375.9352334904619,376.8761511155048
2024-03-13 23:05:52,0.197871693,0.0228138939636021,1.07519829,375.929490273558,376.872798506451
2024-03-13 23:06:00,0.197881045,0.0228135930879223,1.07518411,375.94780998534173,376.8935085019723
2024-03-13 23:06:09,0.197878933,0.0228139066945899,1.07519889,375.93675511999413,376.8851423183944
2024-03-13 23:06:17,0.19787652,0.0228129274694403,1.07515274,375.94489331835007,376.8956701116969
2024-03-13 23:06:25,0.197881346,0.0228128186194941,1.07514761,375.95249474523604,376.9056608093679
2024-03-13 23:06:34,0.19788557,0.0228130361072034,1.07515786,375.95385440639996,376.9097080126708
2024-03-13 23:06:42,0.197881346,0.0228130426848804,1.07515817,375.94405345098454,376.9022956391443
2024-03-13 23:06:51,0.19788195,0.0228119289356257,1.07510568,375.95914023743615,376.9200691926863
2024-03-13 23:06:55,0.19788738,0.0228126009196016,1.07513735,375.957255184314,376.9193781265541
2024-03-13 23:06:59,0.197888586,0.0228126202282666,1.07513826,375.9578594204804,376.9211762686511
2024-03-13 23:07:04,0.197887983,0.0228126136505895,1.07513795,375.95542187119526,376.9202309877865
2024-03-13 23:07:08,0.197899144,0.0228126520557362,1.07513976,375.972976202253,376.938979042384
2024-03-13 23:07:12,0.197894318,0.0228127097695479,1.07514248,375.9625596461425,376.9297561287473
2024-03-13 23:07:16,0.197896429,0.0228132665380836,1.07516872,375.95665866540713,376.92504870941775
2024-03-13 23:07:20,0.197896429,0.0228125625144549,1.07513554,375.9660395237672,376.93562304811377
2024-03-13 23:07:24,0.19788738,0.022812159366506,1.07511654,375.95523327754586,376.92601020115626
2024-03-13 23:07:29,0.197900049,0.0228121914061588,1.07511805,375.97519677900544,376.9474653376851
2024-03-13 23:07:33,0.197904574,0.0228128890642936,1.07515093,375.97135909587985,376.944820871404
2024-03-13 23:07:37,0.197901558,0.0228129017952814,1.07515153,375.96475269203125,376.9394076033213
2024-03-13 23:07:41,0.197906988,0.0228135162776288,1.07518049,375.963731696006,376.9395796619811
2024-03-13 23:07:46,0.197916942,0.0228140091790422,1.07520372,375.97207131571497,376.9494104860237
2024-03-13 23:07:50,0.197919657,0.0228132154019491,1.07516631,375.9875023547069,376.9660343972617
2024-03-13 23:07:54,0.197910004,0.0228126202282666,1.07513826,375.97853609771556,376.9582609314291
2024-03-13 23:07:58,0.197910607,0.0228127034040539,1.07514218,375.97713805437326,376.9580555981562
2024-03-13 23:08:06,0.197925087,0.0228129402004281,1.07515334,375.99626747245077,376.9795701930957
2024-03-13 23:08:15,0.197918451,0.0228129849710688,1.07515545,375.9814220284122,376.96740768528775
2024-03-13 23:08:23,0.197919356,0.0228122425422934,1.07512046,375.99175739299335,376.98012753739823
2024-03-13 23:08:31,0.197925087,0.0228123450267456,1.07512529,375.99775691493244,376.9885112224487
2024-03-13 23:08:36,0.197928104,0.0228124666076797,1.07513102,375.99966441194186,376.99190865665184
2024-03-13 23:08:40,0.197924785,0.022812146423335,1.07511593,375.99753583407244,376.9909719372874
2024-03-13 23:08:44,0.197938058,0.0228124216248559,1.0751289,376.01519202010314,377.0098199007097
2024-03-13 23:08:48,0.19793655,0.0228136251275751,1.07518562,375.99330898739436,376.9891285642769
2024-03-13 23:08:52,0.197933232,0.022812684095389,1.07514127,376.0005092097326,376.9975204017736
2024-03-13 23:08:56,0.197938963,0.0228118007770146,1.07509964,376.02251210722454,377.0207148333043
2024-03-13 23:09:01,0.197928707,0.0228121080181883,1.07511412,375.99864791685246,376.99833994640267
2024-03-13 23:09:09,0.197936248,0.0228121080181883,1.07511412,376.009322844101,377.0113974955477
2024-03-13 23:09:17,0.197951935,0.0228121848284817,1.07511774,376.03294915785597,377.03740610668416
2024-03-13 23:09:26,0.19794379,0.0228135290086167,1.07518109,375.9959713283867,377.003107973851
2024-03-13 23:09:34,0.197945902,0.0228122298113055,1.07511986,376.0167656281076,377.0262838813022
2024-03-13 23:09:38,0.19795465,0.0228121273268532,1.07511503,376.03226229143326,377.042971226781
2024-03-13 23:09:42,0.197955856,0.0228122809474401,1.07512227,376.03085168411764,377.0427512204741
2024-03-13 23:09:47,0.197944695,0.0228109624414639,1.07506013,376.0298492135414,377.0432368870464
2024-03-13 23:09:51,0.197944997,0.0228110199430924,1.07506284,376.0283177049271,377.0428957968583
2024-03-13 23:09:55,0.19794922,0.0228112631049606,1.0750743,376.03078614574207,377.0465545749483
2024-03-13 23:10:04,0.197953443,0.0228112631049606,1.0750743,376.03542080179443,377.0538671931483
2024-03-13 23:10:08,0.197951935,0.0228100023127961,1.07501488,376.0505660636958,377.0702025285679
2024-03-13 23:10:12,0.197954348,0.0228105399848501,1.07504022,376.0454744623284,377.0663009195581
2024-03-13 23:10:16,0.197957666,0.0228119032614669,1.07510447,376.02954401373034,377.0515603821549
2024-03-13 23:10:21,0.19796189,0.0228112951446134,1.07507581,376.0445091158976,377.0680127591773
2024-03-13 23:10:25,0.197961588,0.0228114551306942,1.07508335,376.0403922764009,377.0650856482512
2024-03-13 23:10:33,0.197956158,0.0228102134350114,1.07502483,376.04727013690507,377.0743427223851
2024-03-13 23:10:37,0.197958873,0.0228111671981854,1.07506978,376.0364490706156,377.06471114115016
2024-03-13 23:10:46,0.197969733,0.0228112312774909,1.0750728,376.0516155639526,377.082553679055
2024-03-13 23:10:54,0.197973353,0.0228115512496525,1.07508788,376.05069709530267,377.08401357166736
2024-03-13 23:11:03,0.197973051,0.0228107958777061,1.07505228,376.0588509506165,377.09484269523045
2024-03-13 23:11:07,0.197984514,0.0228118521253323,1.07510206,376.0616376321774,377.0988182529684
2024-03-13 23:11:11,0.197972146,0.022811211968826,1.07507189,376.0486528581769,377.087022273952
2024-03-13 23:11:19,0.197973051,0.0228103222849577,1.07502996,376.06121370110316,377.1019604632579
2024-03-13 23:11:28,0.197983609,0.0228117689495449,1.07509814,376.05508028358287,377.0985011721774
2024-03-13 23:11:32,0.197983911,0.0228116855615744,1.07509421,376.05566805679797,377.1002773140758
2024-03-13 23:11:36,0.197985721,0.0228110903878919,1.07506616,376.0665590216802,377.11235656643447
2024-03-13 23:11:41,0.197984514,0.022810277514317,1.07502785,376.07520125536377,377.1224840452626
2024-03-13 23:11:49,0.197989341,0.0228104375003978,1.07503539,376.07877939497996,377.1284383131684
2024-03-13 23:11:54,0.1980002,0.0228108790534934,1.0750562,376.0894619425209,377.1406057759201
2024-03-13 23:11:58,0.197999597,0.0228112760481316,1.07507491,376.0812627766258,377.13359445082176
2024-03-13 23:12:02,0.197999295,0.0228114871703469,1.07508486,376.07637882556867,377.1298982593395
2024-03-13 23:12:11,0.1980002,0.022812018476907,1.0751099,376.06728829921957,377.12347989505486
2024-03-13 23:12:19,0.197998089,0.0228109240363172,1.07505832,376.0777075778417,377.13627408362174
2024-03-13 23:12:23,0.198006837,0.0228111735636793,1.07507008,376.0879181600569,377.14767199895977
2024-03-13 23:12:27,0.198008948,0.0228114551306942,1.07508335,376.0861541476777,377.1470952384672
2024-03-13 23:12:36,0.198010155,0.0228110326740803,1.07506344,376.0919233475807,377.1555354580837
2024-03-13 23:12:44,0.19801106,0.0228109367673051,1.07505892,376.0925582840219,377.1585442889857
2024-03-13 23:12:48,0.19800925,0.0228108983621584,1.07505711,376.08881440597963,377.1559872363025
2024-03-13 23:12:52,0.198016792,0.0228116600995987,1.07509301,376.08923766964455,377.1575972440762
2024-03-13 23:13:01,0.19801106,0.0228103479591165,1.07503117,376.09636600823086,377.1673954598225
2024-03-13 23:13:09,0.198008345,0.0228101302592241,1.07502091,376.0925640902795,377.1659664206673
2024-03-13 23:13:18,0.198011965,0.0228101045850652,1.0750197,376.0965498804651,377.17262131096
2024-03-13 23:13:22,0.198018601,0.0228099191370087,1.07501096,376.1096436189827,377.1869011841329
2024-03-13 23:13:26,0.198019808,0.0228109688069579,1.07506043,376.0947678270302,377.1732114455653
2024-03-13 23:13:30,0.19801468,0.0228095605475173,1.07499406,376.105872314578,377.1855019052253
2024-03-13 23:13:35,0.198022221,0.0228092726150085,1.07498049,376.12177844365283,377.202890385147
2024-03-13 23:13:39,0.198017696,0.0228095669130112,1.07499436,376.10833155637164,377.1906292871058
2024-03-13 23:13:47,0.198033383,0.0228104118262389,1.07503418,376.1204236868735,377.2050927522441
2024-03-13 23:13:52,0.198028858,0.0228100343524489,1.07501639,376.1167807188308,377.20293170324
2024-03-13 23:13:56,0.198028858,0.0228099382334905,1.07501186,376.1170403971105,377.2043768253018
2024-03-13 23:14:00,0.198024031,0.0228094132924244,1.07498712,376.115388095316,377.2039098859989
2024-03-13 23:14:09,0.198032779,0.0228099959473021,1.07501458,376.11911084903795,377.2102994080963
2024-03-13 23:14:17,0.198043639,0.0228102711488231,1.07502755,376.1314099917099,377.2249686660302
2024-03-13 23:14:21,0.198045751,0.0228108663225056,1.0750556,376.1249339450893,377.2196775550873
2024-03-13 23:14:25,0.198036098,0.022809330116637,1.0749832,376.13012994019635,377.2260584045666
