time,voltage,current,shunt_voltage,temperature,temperature old
2024-03-15 15:00:25,0.119408586,0.0246631151454197,1.16235042,228.04433092950305,228.04433092950305
2024-03-15 15:00:30,0.11962578,0.0246582760969337,1.16212236,228.42176763462783,228.4171164138343
2024-03-15 15:00:34,0.119807681,0.0246546341856729,1.16195072,228.73473916876358,228.7263673333977
2024-03-15 15:00:38,0.119968164,0.0246519651340679,1.16182493,229.00728643041526,228.995194302276
2024-03-15 15:00:42,0.1201021,0.0246479966729685,1.1616379,229.2485699909325,229.23275789178717
2024-03-15 15:00:46,0.120339205,0.0246466140876868,1.16157274,229.63033556188657,229.61080381347065
2024-03-15 15:00:50,0.120442976,0.0246417686737069,1.16134438,229.83166838958007,229.80841731359723
2024-03-15 15:00:55,0.120527742,0.0246384915052483,1.16118993,229.9926366848314,229.96473690173704
2024-03-15 15:00:59,0.120609492,0.0246369618770568,1.16111784,230.13477122984546,230.1031528429006
2024-03-15 15:01:03,0.120686415,0.0246353809005476,1.16104333,230.2698286597873,230.2344919905917
2024-03-15 15:01:07,0.120756098,0.0246336333602805,1.16096097,230.39494023169073,230.35588560181196
2024-03-15 15:01:11,0.120891845,0.0246330829572387,1.16093503,230.61346440331286,230.57069213428628
2024-03-15 15:01:16,0.120946445,0.0246303818659808,1.16080773,230.72340927308315,230.67599040723184
2024-03-15 15:01:20,0.121001045,0.0246305482175556,1.16081557,230.81058721281187,230.7594514311494
2024-03-15 15:01:24,0.121055344,0.0246292297115794,1.16075343,230.9086237598146,230.8537713837713
2024-03-15 15:01:28,0.121099386,0.0246277128143758,1.16068194,230.99226674993736,230.9336981009111
2024-03-15 15:01:32,0.121142524,0.0246258630018396,1.16059476,231.07705942893682,231.01477482829296
2024-03-15 15:01:36,0.121229703,0.0246256068968004,1.16058269,231.218053174729,231.15205294380024
2024-03-15 15:01:41,0.121271332,0.0246243652011177,1.16052417,231.29680927466308,231.22616495770268
2024-03-15 15:01:45,0.121307531,0.0246239554754917,1.16050486,231.35985193161537,231.2854927072493
2024-03-15 15:01:49,0.121339507,0.02462219541642,1.16042191,231.42667176538833,231.34859795484297
2024-03-15 15:01:53,0.121379628,0.024620710346686,1.16035192,231.5040428221417,231.42225474661063
2024-03-15 15:01:57,0.121414017,0.0246207296553509,1.16035283,231.5610035667252,231.4755015473689
2024-03-15 15:02:01,0.121481287,0.0246217025150066,1.16039868,231.66171371084428,231.5724980687904
2024-03-15 15:02:06,0.121512961,0.024619916781776,1.16031452,231.72921851052723,231.6353612916366
2024-03-15 15:02:10,0.12154735,0.0246208960069256,1.16036067,231.77882367517864,231.6812535560065
2024-03-15 15:02:14,0.121576913,0.024619769526683,1.16030758,231.83707741595572,231.735794717522
2024-03-15 15:02:18,0.121607381,0.0246205503606052,1.16034438,231.88211234799547,231.7771173912868
2024-03-15 15:02:22,0.121630307,0.024619647945749,1.16030185,231.92834632699513,231.8196394329648
2024-03-15 15:02:26,0.121676762,0.0246182142243327,1.16023428,232.01520039868888,231.90278188825675
2024-03-15 15:02:31,0.121704213,0.0246173115972933,1.16019174,232.06940043670616,231.9523428570145
2024-03-15 15:02:35,0.121724726,0.0246165948426768,1.16015796,232.11047348171292,231.9897050075668
2024-03-15 15:02:39,0.121747049,0.0246154042831286,1.16010185,232.15799960131366,232.03352055352408
2024-03-15 15:02:43,0.121769673,0.0246149241127031,1.16007922,232.20053890080382,232.072349600148
2024-03-15 15:02:47,0.121787773,0.0246144057493141,1.16005479,232.23634616005478,232.10444692727623
2024-03-15 15:02:52,0.121833324,0.0246132983655533,1.1600026,232.32025143871957,232.18371524178164
2024-03-15 15:02:56,0.121849311,0.0246119030492837,1.15993684,232.35952526244714,232.2192798549357
2024-03-15 15:03:00,0.121874048,0.0246126391125652,1.15997153,232.39600048388837,232.25204618643684
2024-03-15 15:03:04,0.12189094,0.0246118326044842,1.15993352,232.432154739219,232.2844918724268
2024-03-15 15:03:08,0.121912358,0.0246122934662448,1.15995524,232.46558963484452,232.31421851927703
2024-03-15 15:03:13,0.121929553,0.0246122486956042,1.15995313,232.49728122007951,232.34127524428587
2024-03-15 15:03:17,0.121967562,0.0246107252207235,1.15988133,232.57176509579713,232.41205159237532
2024-03-15 15:03:21,0.12198536,0.0246112374308017,1.15990547,232.5991793050218,232.43575859442603
2024-03-15 15:03:25,0.122002253,0.0246092146890137,1.15981014,232.6447103901139,232.47758279276397
2024-03-15 15:03:29,0.122014922,0.0246093428476249,1.15981618,232.66711387191182,232.49627970819324
2024-03-15 15:03:34,0.122030005,0.0246076593866634,1.15973684,232.7081527015173,232.5326857803273
2024-03-15 15:03:38,0.122047502,0.0246083122741575,1.15976761,232.7340147470479,232.55484198023032
2024-03-15 15:03:42,0.122080986,0.0246084595292505,1.15977455,232.78861328359494,232.60573499142296
2024-03-15 15:03:46,0.122096069,0.0246071601197561,1.15971331,232.8257730082136,232.63918951092563
2024-03-15 15:03:50,0.12210904,0.0246061999910883,1.15966806,232.8570376580917,232.66674927589165
2024-03-15 15:03:54,0.122125631,0.024606097506636,1.15966323,232.8873148199158,232.6933218729725
2024-03-15 15:03:59,0.122142826,0.0246065904080493,1.15968646,232.91486400927033,232.7162408065825
2024-03-15 15:04:03,0.122158512,0.0246063856513279,1.15967681,232.94452316762548,232.74219612044703
2024-03-15 15:04:07,0.122186265,0.0246063408806873,1.1596747,232.99170040842608,232.78566983681247
2024-03-15 15:04:11,0.122193505,0.0246052912107381,1.15962523,233.01475544794778,232.8050216719193
2024-03-15 15:04:15,0.122211303,0.0246050671453518,1.15961467,233.04784761882277,232.83441095836463
2024-03-15 15:04:19,0.122223369,0.0246046894593785,1.15959687,233.07321781640582,232.856078591468
2024-03-15 15:04:24,0.122237547,0.0246039022599625,1.15955977,233.1059584805754,232.884191499914
2024-03-15 15:04:28,0.122245692,0.0246033964153781,1.15953593,233.12622551623375,232.9007566908512
2024-03-15 15:04:32,0.122273746,0.0246034477636958,1.15953835,233.17313317156257,232.94396282129404
2024-03-15 15:04:36,0.122284003,0.0246030444035638,1.15951934,233.19589232183336,232.9630207664785
2024-03-15 15:04:40,0.122293354,0.0246025067315098,1.159494,233.218281346076,232.98170890539905
2024-03-15 15:04:44,0.122311454,0.0246022315299889,1.15948103,233.25224175379736,233.0119687475269
2024-03-15 15:04:49,0.122317487,0.0246013354806266,1.1594388,233.2731692628904,233.02827099919196
2024-03-15 15:04:53,0.122331363,0.0246022508386538,1.15948194,233.29136318683626,233.0427650768031
2024-03-15 15:04:57,0.122356401,0.0246023212834533,1.15948526,233.33343627508702,233.08113863833165
2024-03-15 15:05:01,0.122369976,0.0246013354806266,1.1594388,233.3658578512298,233.1098610073288
2024-03-15 15:05:05,0.122379327,0.0246015659115069,1.15944966,233.38231050273757,233.1226147712316
2024-03-15 15:05:09,0.122391997,0.024601002565294,1.15942311,233.41006021827613,233.1466659186699
2024-03-15 15:05:14,0.122398332,0.0246008298482254,1.15941497,233.4258663707563,233.1578493102733
2024-03-15 15:05:18,0.122414923,0.0246002026348901,1.15938541,233.4602064868639,233.1884915770343
2024-03-15 15:05:22,0.122430911,0.0245988839167308,1.15932326,233.4989610207457,233.2235485809568
2024-03-15 15:05:26,0.122436642,0.0245988264151023,1.15932055,233.51201274554697,233.2329030951498
2024-03-15 15:05:30,0.122451424,0.0246000874194499,1.15937998,233.5289319650268,233.24612542333605
2024-03-15 15:05:35,0.1224653,0.0245997865437701,1.1593658,233.55745229045166,233.2700250836249
2024-03-15 15:05:39,0.12247254,0.0245998633540636,1.15936942,233.57180919055617,233.28068581076093
2024-03-15 15:05:43,0.122487623,0.0246001576520663,1.15938329,233.59667482153358,233.3018555879661
2024-03-15 15:05:47,0.122502102,0.024600209000384,1.15938571,233.6224816175347,233.3239668493547
2024-03-15 15:05:51,0.12251266,0.0245988136841144,1.15931995,233.65339325228098,233.3511832686114
2024-03-15 15:05:55,0.122520202,0.0245979494622218,1.15927922,233.67550586024873,233.369600980176
2024-03-15 15:06:00,0.122524123,0.0245973606540332,1.15925147,233.69078014093935,233.38025708902177
2024-03-15 15:06:04,0.122531062,0.0245962980409131,1.15920139,233.71349325175146,233.3992760212404
2024-03-15 15:06:08,0.122547955,0.0245978790174223,1.1592759,233.73120645809698,233.41329536795905
2024-03-15 15:06:12,0.122559418,0.0245964837011527,1.15921014,233.7635317635049,233.4419271326697
2024-03-15 15:06:16,0.122572992,0.0245963493892308,1.15920381,233.7893713075755,233.4640734549357
2024-03-15 15:06:21,0.122578121,0.0245959523945927,1.1591851,233.80503861316222,233.47512468165277
2024-03-15 15:06:25,0.122588377,0.0245958948929642,1.15918239,233.82512374954374,233.49151731360223
2024-03-15 15:06:29,0.122592902,0.0245956196914432,1.15916942,233.83798471266718,233.50068609106543
2024-03-15 15:06:33,0.122603762,0.0245972133989403,1.15924453,233.84621112650353,233.50522063797607
2024-03-15 15:06:37,0.122627894,0.0245958371791525,1.15917967,233.89809231721475,233.55341028045865
2024-03-15 15:06:42,0.122634531,0.024597110914488,1.1592397,233.90315179459313,233.55385577066212
2024-03-15 15:06:46,0.122644787,0.024595517206991,1.15916459,233.93514561479435,233.5821587595664
2024-03-15 15:06:50,0.122651122,0.0245967654803507,1.15922342,233.93900797788365,233.58233060993396
2024-03-15 15:06:54,0.122652932,0.0245957603688591,1.15917605,233.95330591798714,233.59293835585345
2024-03-15 15:06:58,0.122668015,0.0245954915328321,1.15916338,233.982534020569,233.61847658275127
2024-03-15 15:07:02,0.12267616,0.0245954531276854,1.15916157,233.99918670613204,233.63143971109247
2024-03-15 15:07:07,0.122686718,0.0245951908693355,1.15914921,234.02224987971672,233.64989138592975
2024-03-15 15:07:11,0.122696974,0.024595920567123,1.1591836,234.03622650140477,233.6601791667976
2024-03-15 15:07:15,0.122701198,0.0245948131833622,1.15913141,234.0550737923848,233.67533793529665
2024-03-15 15:07:19,0.122709946,0.0245946916024282,1.15912568,234.07330871637382,233.68988465510571
2024-03-15 15:07:23,0.122715677,0.024594185970027,1.15910185,234.0898318080183,233.70271986083327
2024-03-15 15:07:27,0.122731363,0.0245945570783231,1.15911934,234.1150326440673,233.72423312919025
2024-03-15 15:07:32,0.122739508,0.0245948963591496,1.15913533,234.129674690463,233.7342661634165
2024-03-15 15:07:36,0.122745541,0.0245942627803204,1.15910547,234.14766030018686,233.74856492131457
2024-03-15 15:07:40,0.12275067,0.0245940834855747,1.15909702,234.1607145496613,233.75793263706385
2024-03-15 15:07:44,0.122759116,0.0245951267900299,1.15914619,234.16943725000297,233.7629691217424
2024-03-15 15:07:48,0.122768769,0.0245939362304818,1.15909008,234.19737576779912,233.7872217418991
2024-03-15 15:07:52,0.122777819,0.024593097682748,1.15905056,234.2216455531999,233.80780594764565
2024-03-15 15:07:57,0.122786869,0.0245938787288532,1.15908737,234.2342621972715,233.8158160642573
2024-03-15 15:08:01,0.122791394,0.0245930401811195,1.15904785,234.2514951680305,233.82936417068743
2024-03-15 15:08:05,0.122794712,0.0245920736869577,1.1590023,234.26784516213215,233.84202961831983
2024-03-15 15:08:09,0.122802555,0.0245921311885862,1.15900501,234.28328073195667,233.85378095949585
2024-03-15 15:08:13,0.122809493,0.0245928738295448,1.15904001,234.29198734108306,233.85880365775563
2024-03-15 15:08:18,0.122819146,0.0245917537147961,1.15898722,234.32030458850036,233.8825164634113
2024-03-15 15:08:22,0.122824878,0.0245917087319723,1.1589851,234.3332521511731,233.89178083008443
2024-03-15 15:08:26,0.122832419,0.0245917921199428,1.15898903,234.348015748536,233.90286154910297
2024-03-15 15:08:30,0.122842374,0.02459217617141,1.15900713,234.36419768000042,233.91536091983923
2024-03-15 15:08:34,0.122843581,0.0245902686450621,1.15891723,234.38457786303726,233.9320588597249
2024-03-15 15:08:38,0.122850821,0.0245910174393315,1.15895252,234.39370246195975,233.937501533034
2024-03-15 15:08:43,0.122857457,0.0245916191906911,1.15898088,234.40394990757287,233.943147018108
2024-03-15 15:08:47,0.12287073,0.0245921248230923,1.15900471,234.42434573862155,233.95986163785955
2024-03-15 15:08:51,0.12288159,0.0245920927834395,1.1590032,234.44516621542476,233.9770012207755
2024-03-15 15:08:55,0.122877367,0.0245904349966368,1.15892507,234.45516271403346,233.9833171428673
2024-03-15 15:08:59,0.122881891,0.0245903902259962,1.15892296,234.46622763057627,233.9907018002241
2024-03-15 15:09:04,0.122893656,0.0245903134157028,1.15891934,234.48972411285536,234.0095984047068
2024-03-15 15:09:08,0.122900594,0.0245896541627147,1.15888827,234.50932039019614,234.02551513671105
2024-03-15 15:09:12,0.122904516,0.0245902366054093,1.15891572,234.51457203574373,234.02708755412405
2024-03-15 15:09:16,0.122911152,0.0245896668937026,1.15888887,234.5330022544475,234.04183886185533
2024-03-15 15:09:20,0.122918091,0.0245907679119694,1.15894076,234.53891374642853,234.0440717599861
2024-03-15 15:09:25,0.122918392,0.024589743703996,1.15889249,234.55194307217243,234.05250328930947
2024-03-15 15:09:29,0.122929252,0.0245893982698587,1.15887621,234.57519973556626,234.07208207223204
2024-03-15 15:09:33,0.122941922,0.0245897118765263,1.15889099,234.59614662947672,234.08935140266345
2024-03-15 15:09:37,0.12294343,0.0245896350662329,1.15888737,234.60276691674136,234.09229444340124
2024-03-15 15:09:41,0.122951273,0.0245905118069303,1.15892869,234.61182482950963,234.09767542655464
2024-03-15 15:09:45,0.122956401,0.0245898334574604,1.15889672,234.62875380437987,234.11092778868172
2024-03-15 15:09:50,0.12296153,0.0245886619943941,1.15884151,234.6504396562746,234.12801832018695
2024-03-15 15:09:54,0.122961831,0.0245884251980199,1.15883035,234.65642584639184,234.13032861037493
2024-03-15 15:09:58,0.122972691,0.0245886876685529,1.15884272,234.6749531318385,234.14518031263285
2024-03-15 15:10:02,0.122984154,0.0245897821091427,1.1588943,234.68794510748245,234.1544970217881
2024-03-15 15:10:06,0.122988679,0.024589218975113,1.15886776,234.70304011035302,234.16591707482945
2024-03-15 15:10:10,0.122988076,0.0245895389472746,1.15888284,234.70328726062317,234.1624895918892
2024-03-15 15:10:15,0.122997729,0.0245904159001551,1.15892417,234.71607248481567,234.17068196975197
2024-03-15 15:10:19,0.12300346,0.0245897118765263,1.15889099,234.73413874991914,234.18507431388863
2024-03-15 15:10:23,0.123011303,0.024589884593595,1.15889913,234.74866830634372,234.19593026583277
2024-03-15 15:10:27,0.123013717,0.0245889308304211,1.15885418,234.76351878131786,234.2071074527721
2024-03-15 15:10:31,0.123013113,0.0245878236588434,1.158802,234.7748688711534,234.21478457097737
2024-03-15 15:10:35,0.123025481,0.0245881947671396,1.15881949,234.79489332472798,234.2311363692853
2024-03-15 15:10:40,0.123030006,0.0245884699686605,1.15883246,234.80438085176274,234.2360335220605
2024-03-15 15:10:44,0.123031515,0.0245890269493794,1.15885871,234.8060649350371,234.23404566173616
2024-03-15 15:10:48,0.123039056,0.0245887324391936,1.15884483,234.8237596495957,234.248068748926
2024-03-15 15:10:52,0.123039659,0.0245874075677235,1.15878239,234.8386825371854,234.25932032533564
2024-03-15 15:10:56,0.123049312,0.0245882140758045,1.1588204,234.85109175856974,234.2680585516873
2024-03-15 15:11:01,0.123052329,0.0245870939610559,1.15876761,234.8690942605498,234.28147275439576
2024-03-15 15:11:05,0.123061982,0.0245887644788464,1.15884634,234.87477513120325,234.28348334119684
2024-03-15 15:11:09,0.123068619,0.024589218975113,1.15886776,234.88523108361193,234.2902693257659
2024-03-15 15:11:13,0.123071937,0.0245888028839931,1.15884815,234.89730186222963,234.29867045251515
2024-03-15 15:11:17,0.123080685,0.0245883356567386,1.15882613,234.91821809001075,234.31591734435733
2024-03-15 15:11:21,0.123082193,0.0245886940340469,1.15884302,234.92144233437386,234.3154725686694
2024-03-15 15:11:26,0.123083098,0.0245873180264422,1.15877817,234.93815159990683,234.3275960032922
2024-03-15 15:11:30,0.123087623,0.0245877532140439,1.15879868,234.94547029872408,234.33124639265333
2024-03-15 15:11:34,0.123095466,0.0245877020779094,1.15879627,234.96173787556896,234.34384597579407
2024-03-15 15:11:38,0.123098181,0.0245867674112172,1.15875222,234.97690934547913,234.35534976771012
2024-03-15 15:11:42,0.123101198,0.0245868571646816,1.15875645,234.98457134871876,234.3593444086237
2024-03-15 15:11:46,0.123103611,0.0245856472964686,1.15869943,235.0014172616866,234.3725232748915
2024-03-15 15:11:51,0.123103611,0.0245866010596425,1.15874438,234.9985707931583,234.36509344177296
2024-03-15 15:11:55,0.123108136,0.0245866267338014,1.15874559,235.00907705191506,234.371933363834
2024-03-15 15:11:59,0.123114169,0.0245865753854837,1.15874317,235.0225291327136,234.38171942342575
2024-03-15 15:12:03,0.123122314,0.0245864985751902,1.15873955,235.0394651386812,234.3949897236332
2024-03-15 15:12:07,0.123121107,0.0245860249824418,1.15871723,235.04494246912898,234.39680166372491
2024-03-15 15:12:12,0.123122917,0.0245854873103878,1.15869189,235.05652909723165,234.40380699735516
2024-03-15 15:12:16,0.123132872,0.0245863963029211,1.15873473,235.06859954384814,234.4122127631199
2024-03-15 15:12:20,0.123138604,0.0245864667477206,1.15873805,235.08063291927292,234.42058177295905
2024-03-15 15:12:24,0.12314705,0.0245861913340165,1.15872507,235.09958355675016,234.43586836007415
2024-03-15 15:12:28,0.12314886,0.0245866010596425,1.15874438,235.1028704314062,234.43549149954887
2024-03-15 15:12:33,0.123154592,0.0245860697530824,1.15871934,235.12050808225155,234.4485499245755
2024-03-15 15:12:37,0.123153083,0.0245857113757742,1.15870245,235.12461632503604,234.44899514117915
2024-03-15 15:12:41,0.123155798,0.0245851352985734,1.1586753,235.1369931284659,234.45770923346987
2024-03-15 15:12:45,0.123163641,0.0245851352985734,1.1586753,235.15285852724222,234.46991223610587
2024-03-15 15:12:49,0.123163641,0.0245852632450014,1.15868133,235.15552332107242,234.4689149487515
2024-03-15 15:12:53,0.123167261,0.0245838872373968,1.15861648,235.17554369943957,234.4852735608468
2024-03-15 15:12:58,0.123174199,0.0245851225675856,1.1586747,235.18128567986628,234.48643877621407
2024-03-15 15:13:02,0.123178423,0.0245854873103878,1.15869189,235.1886755752787,234.49016761375063
2024-03-15 15:13:06,0.123178121,0.0245854809448939,1.15869159,235.19191606124005,234.48974735660855
2024-03-15 15:13:10,0.123180233,0.0245847576126002,1.1586575,235.2045013856979,234.49867225269213
2024-03-15 15:13:14,0.123184456,0.0245851352985734,1.1586753,235.21178777523377,234.50229852853943
2024-03-15 15:13:18,0.123193506,0.0245861979116936,1.15872538,235.2212443165049,234.5080952707644
2024-03-15 15:13:23,0.123194712,0.0245841879008935,1.15863065,235.24336628583472,234.5256429336861
2024-03-15 15:13:27,0.123197729,0.0245839383735314,1.15861889,235.2536654858159,234.53228304240736
2024-03-15 15:13:31,0.12319984,0.0245841494957467,1.15862884,235.25896272084827,234.53392150068072
2024-03-15 15:13:35,0.123200444,0.0245832023102499,1.1585842,235.27094710384966,234.54224742138024
2024-03-15 15:13:39,0.12320165,0.0245826903123547,1.15856007,235.280474655861,234.54811682550329
2024-03-15 15:13:43,0.12321794,0.024584648762654,1.15865237,235.2942070713469,234.55819140747045
2024-03-15 15:13:48,0.123220957,0.0245848280573997,1.15866082,235.30207503671713,234.561487522958
2024-03-15 15:13:52,0.123222465,0.0245841367647589,1.15862824,235.3134698859218,234.56922524581543
2024-03-15 15:13:56,0.123222767,0.0245839063338786,1.15861738,235.31939379416298,234.5714923419364
2024-03-15 15:14:00,0.12322337,0.0245827989501178,1.15856519,235.3326258197373,234.58106786957347
2024-03-15 15:14:04,0.123226386,0.024583592727211,1.1586026,235.33478373049152,234.57956959652935
2024-03-15 15:14:08,0.123240866,0.0245847705557712,1.15865811,235.35178369164936,234.59291368798355
2024-03-15 15:14:13,0.123240263,0.0245841624389177,1.15862945,235.36015818118253,234.5967187820156
2024-03-15 15:14:17,0.123242978,0.0245835543220642,1.15860079,235.37278163850516,234.60568707618611
2024-03-15 15:14:21,0.123247804,0.0245844119662798,1.15864121,235.3772556210832,234.6065062095629
2024-03-15 15:14:25,0.123250519,0.0245842647111869,1.15863427,235.38628342809045,234.61187948127537
2024-03-15 15:14:29,0.123248709,0.0245830423241691,1.15857666,235.3966573277488,234.61859915950097
2024-03-15 15:14:34,0.123255949,0.0245835990927049,1.1586029,235.40814694451976,234.62552144078165
2024-03-15 15:14:38,0.123252028,0.0245828630294234,1.15856821,235.41144167715453,234.62516265801045
2024-03-15 15:14:42,0.123260474,0.0245840535889715,1.15862432,235.4189489220256,234.62901670119265
2024-03-15 15:14:46,0.123262284,0.0245827671226482,1.15856369,235.43545548440036,234.6418703755511
2024-03-15 15:14:50,0.123264999,0.0245821844677704,1.15853623,235.4478793369651,234.65064165372715
2024-03-15 15:14:55,0.123264999,0.0245824469383035,1.1585486,235.4503965329184,234.64859357266533
2024-03-15 15:14:59,0.123272239,0.0245823062608876,1.15854197,235.46641267244345,234.66095784330017
2024-03-15 15:15:03,0.123279479,0.0245840599544655,1.15862462,235.46764582275296,234.65853943820133
2024-03-15 15:15:07,0.123278272,0.024582914165558,1.15857062,235.47835978858217,234.66560216205903
2024-03-15 15:15:11,0.123280987,0.024583055055157,1.15857726,235.48513610944886,234.66872755434605
2024-03-15 15:15:16,0.123280082,0.0245819092662495,1.15852326,235.49723278349092,234.67626100830196
2024-03-15 15:15:20,0.123282495,0.024583573418546,1.15860169,235.49165105294156,234.66702905413945
2024-03-15 15:15:24,0.123286417,0.024582120600648,1.15853322,235.51274192049164,234.6844700113213
2024-03-15 15:15:28,0.123294561,0.0245824982866212,1.15855102,235.52611709505945,234.6941955887206
2024-03-15 15:15:32,0.123293053,0.0245822165074232,1.15853774,235.5296189724978,234.6940481821447
2024-03-15 15:15:36,0.12329245,0.0245814229425132,1.15850034,235.53852351052853,234.6993037492701
2024-03-15 15:15:41,0.12329969,0.0245825301140908,1.15855252,235.54570918190777,234.70192864725777
2024-03-15 15:15:45,0.1233015,0.024582114235154,1.15853292,235.55542025198662,234.70799145075995
2024-03-15 15:15:49,0.123306326,0.0245839190648665,1.15861798,235.55249093088105,234.70141417603853
2024-03-15 15:15:53,0.123308136,0.0245817685888336,1.15851663,235.57574086718066,234.7210164716375
2024-03-15 15:15:57,0.123308438,0.0245818774387798,1.15852176,235.57900845470039,234.72063673132615
2024-03-15 15:16:01,0.123308438,0.0245819542490732,1.15852538,235.58205587063318,234.7200371322516
2024-03-15 15:16:06,0.123312661,0.0245820244816896,1.15852869,235.59263773981957,234.7260606725173
2024-03-15 15:16:10,0.123317789,0.0245821653712886,1.15853533,235.60316430754952,234.7329409289256
2024-03-15 15:16:14,0.123323521,0.0245834838772647,1.15859747,235.6054372712911,234.73156789402003
2024-03-15 15:16:18,0.123324426,0.0245811925116329,1.15848948,235.6283798739501,234.7508648106605
2024-03-15 15:16:22,0.123322917,0.024581186146139,1.15848918,235.6297265677241,234.7485661309984
2024-03-15 15:16:26,0.123326839,0.0245816788353692,1.1585124,235.63562844929268,234.7508229516672
2024-03-15 15:16:31,0.123331062,0.0245818006284864,1.15851814,235.64580534381886,234.7564439595025
2024-03-15 15:16:35,0.123331666,0.0245809748117405,1.15847922,235.6568377370765,234.76383199489808
2024-03-15 15:16:39,0.123334984,0.0245808532308064,1.15847349,235.66659487641587,234.76994508876143
2024-03-15 15:16:43,0.123339207,0.0245817685888336,1.15851663,235.66966307258573,234.7693695517949
2024-03-15 15:16:47,0.123337397,0.0245815252147823,1.15850516,235.67239007336195,234.7684531317279
2024-03-15 15:16:51,0.12334343,0.0245812884184081,1.158494,235.68727107367383,234.7796910234433
2024-03-15 15:16:56,0.123338905,0.024580110802031,1.1584385,235.6939785035154,234.7818450065652
2024-03-15 15:17:00,0.123339509,0.0245811027581685,1.15848525,235.690814631812,234.7750387286501
2024-03-15 15:17:04,0.12334705,0.0245813588632076,1.15849732,235.70419254303258,234.78477454575415
2024-03-15 15:17:08,0.123349463,0.0245810579875278,1.15848314,235.71393919994634,234.79087942059985
2024-03-15 15:17:12,0.123353385,0.0245799378727792,1.15843035,235.73243257857953,234.80573132916672
2024-03-15 15:17:17,0.12335248,0.0245808020946718,1.15847108,235.72882578221333,234.79757313389865
2024-03-15 15:17:21,0.123355798,0.0245808916359531,1.1584753,235.73693100447053,234.80203758792197
2024-03-15 15:17:25,0.12335791,0.024580238748459,1.15844453,235.74895766072711,234.81042378779392
2024-03-15 15:17:29,0.123366658,0.0245811093358455,1.15848556,235.7594125829689,234.8172385654533
2024-03-15 15:17:33,0.123367865,0.0245816597388874,1.1585115,235.76063192411235,234.81481807376943
2024-03-15 15:17:37,0.123369976,0.0245810068513933,1.15848073,235.7726561662239,234.8232027947617
2024-03-15 15:17:42,0.123365451,0.0245799251417913,1.15842975,235.77861208770824,234.82460975311437
2024-03-15 15:17:46,0.123367865,0.0245801812468305,1.15844182,235.7840074255158,234.82636627097295
2024-03-15 15:17:50,0.12336696,0.0245801619381655,1.15844091,235.78638827072305,234.82510860778564
2024-03-15 15:17:54,0.123370881,0.0245811795684619,1.15848887,235.78818002305752,234.8232621632325
2024-03-15 15:17:58,0.123381138,0.0245809941204054,1.15848013,235.80922926761232,234.8406735223593
2024-03-15 15:18:03,0.123375708,0.0245804371396865,1.15845388,235.80967635314025,234.83657368901987
2024-03-15 15:18:07,0.123382948,0.0245811027581685,1.15848525,235.8193816105812,234.8426417616431
2024-03-15 15:18:11,0.123385964,0.0245803091932585,1.15844785,235.83391165553897,234.85353493308824
2024-03-15 15:18:15,0.123380836,0.0245804819103271,1.15845599,235.828218055632,234.84420477092587
2024-03-15 15:18:19,0.123385361,0.0245807316498723,1.15846776,235.83694566629808,234.84929613054624
2024-03-15 15:18:24,0.123385964,0.0245798546969918,1.15842643,235.8492801227405,234.85708571074716
2024-03-15 15:18:28,0.123392902,0.0245800339917375,1.15843488,235.86231297106852,234.86648300807624
2024-03-15 15:18:32,0.123392902,0.0245806932447256,1.15846595,235.86079758838218,234.86133238544505
2024-03-15 15:18:36,0.123395919,0.0245808084601657,1.15847138,235.8682277951261,234.86512766325023
2024-03-15 15:18:40,0.123394712,0.0245795922264588,1.15841406,235.87948641564572,234.8727516657892
2024-03-15 15:18:44,0.123398936,0.0245797138073928,1.15841979,235.888744937511,234.8783758805838
2024-03-15 15:18:49,0.123398332,0.0245792849852851,1.15839958,235.895698018732,234.88078651511037
2024-03-15 15:18:53,0.123404064,0.0245809748117405,1.15847922,235.89504923548026,234.8765041241594
2024-03-15 15:18:57,0.123406779,0.024580238748459,1.15844453,235.90865916312768,234.886480754861
2024-03-15 15:19:01,0.123404969,0.0245804307741925,1.15845358,235.90797473935936,234.88216334485185
2024-03-15 15:19:05,0.123408287,0.0245804884880042,1.1584563,235.91632039193917,234.88687632184752
2024-03-15 15:19:09,0.123408589,0.0245796306316055,1.15841587,235.9271260631215,234.89404962805392
2024-03-15 15:19:14,0.123410399,0.0245799571814441,1.15843126,235.93193139624105,234.8943149416725
2024-03-15 15:19:18,0.123413415,0.024580757111848,1.15846896,235.93400632358814,234.89275820273485
2024-03-15 15:19:22,0.123416432,0.0245791954440038,1.15839536,235.95453693413944,234.90965745745183
2024-03-15 15:19:26,0.123412209,0.024579560186806,1.15841255,235.94874478077065,234.90023425865053
2024-03-15 15:19:30,0.123421258,0.0245799826434198,1.15843246,235.96315795923778,234.91101670203815
2024-03-15 15:19:34,0.12342337,0.0245803923690458,1.15845177,235.96687348812625,234.91110180615144
2024-03-15 15:19:39,0.123426688,0.0245807123412074,1.15846685,235.97407452645984,234.91376524980703
2024-03-15 15:19:43,0.123425482,0.0245793233904318,1.15840139,235.98668221202274,234.9227432086007
2024-03-15 15:19:47,0.123431213,0.0245804116777107,1.15845268,235.99072584913523,234.92315742908937
2024-03-15 15:19:51,0.123433325,0.0245807187067013,1.15846715,235.99524245073906,234.9240449241657
2024-03-15 15:19:55,0.123430308,0.0245798483314979,1.15842613,236.0009780334704,234.9261517104169
2024-03-15 15:19:59,0.123438151,0.0245802835190996,1.15844664,236.0134119098014,234.93495710026588
2024-03-15 15:20:04,0.12343785,0.0245810068513933,1.15848073,236.01182536410477,234.9288353823267
2024-03-15 15:20:08,0.123442676,0.0245804884880042,1.1584563,236.02701538367592,234.94039761273183
2024-03-15 15:20:12,0.123446598,0.0245804116777107,1.15845268,236.03734724833606,234.94710199806403
2024-03-15 15:20:16,0.123440866,0.024580373272564,1.15845087,236.03235354488055,234.93848112506936
2024-03-15 15:20:21,0.12344509,0.0245809300410998,1.15847711,236.0391094235093,234.94070347733935
2024-03-15 15:20:25,0.123447804,0.0245788307012015,1.15837817,236.0633697587077,234.9613373398426
2024-03-15 15:20:29,0.123441771,0.0245793681610724,1.1584035,236.05340447364722,234.94774589171493
2024-03-15 15:20:33,0.123448408,0.0245788050270427,1.15837696,236.0717625932519,234.9624781578308
2024-03-15 15:20:37,0.123445391,0.0245796563057643,1.15841708,236.06403777929094,234.95112779990976
2024-03-15 15:20:41,0.123454743,0.0245807380153663,1.15846806,236.0737629480552,234.95722773419297
2024-03-15 15:20:46,0.123454743,0.0245806548395789,1.15846414,236.07894421510775,234.95787789327332
2024-03-15 15:20:50,0.123456854,0.02458009785886,1.15843789,236.0902081594894,234.96551729931977
2024-03-15 15:20:54,0.123449614,0.0245787025425904,1.15837213,236.093471539748,234.9651564505603
2024-03-15 15:20:58,0.123453838,0.0245798035608573,1.15842402,236.09506278044563,234.96312377150696
2024-03-15 15:21:02,0.123459871,0.0245800083175787,1.15843367,236.10647554290367,234.9709129234313
2024-03-15 15:21:07,0.123454139,0.0245786961770965,1.15837183,236.11234099833422,234.9722493004552
2024-03-15 15:21:11,0.123451424,0.0245783441652821,1.15835524,236.1144900406366,234.9707754277795
2024-03-15 15:21:15,0.123459871,0.0245794642800308,1.15840803,236.12250322222806,234.97516600344727
2024-03-15 15:21:19,0.123462887,0.0245786514064558,1.15836972,236.13717497058158,234.9862154548812
2024-03-15 15:21:23,0.123465301,0.0245785425565096,1.15836459,236.14540538008694,234.99082387642085
2024-03-15 15:21:27,0.123462586,0.0245792081749916,1.15839596,236.1395971478491,234.9813939651208
2024-03-15 15:21:32,0.123462284,0.0245785425565096,1.15836459,236.14885778427734,234.98612793704015
2024-03-15 15:21:36,0.123467412,0.0245784082445877,1.15835826,236.16151063633367,234.9951598048829
2024-03-15 15:21:40,0.123468921,0.0245789970527763,1.15838601,236.16287626798967,234.99290476106492
2024-03-15 15:21:44,0.123471334,0.0245785873271503,1.1583667,236.17345600658348,234.99986413287377
2024-03-15 15:21:48,0.123475557,0.0245789266079768,1.15838269,236.1809962452735,235.0037843134172
2024-03-15 15:21:52,0.123472842,0.0245788177580306,1.15837756,236.1812412434381,235.00040956202295
2024-03-15 15:21:57,0.123473747,0.0245779280741622,1.15833563,236.1941309617838,235.0087750272943
2024-03-15 15:22:01,0.123469826,0.0245782800859766,1.15835222,236.18889427932788,234.99991928941637
2024-03-15 15:22:05,0.12347978,0.0245799251417913,1.15842975,236.1951433882706,235.0025496513597
2024-03-15 15:22:09,0.123475557,0.0245786577719498,1.15837002,236.20209859833287,235.0058864227944
2024-03-15 15:22:13,0.123484004,0.0245792658888033,1.15839868,236.21410919597392,235.0142788901287
2024-03-15 15:22:17,0.123481892,0.0245786320977909,1.15836881,236.21939575922946,235.0159476313473
2024-03-15 15:22:22,0.1234834,0.0245785489220036,1.15836489,236.2269152395988,235.01894526759705
2024-03-15 15:22:26,0.1234834,0.024578760256402,1.15837485,236.2288797578186,235.0172926572001
2024-03-15 15:22:30,0.123484607,0.0245778896690155,1.15833382,236.24118340992538,235.0259794887939
2024-03-15 15:22:34,0.123484909,0.0245781137344018,1.15834438,236.2435177210203,235.02469728742815
2024-03-15 15:22:38,0.123487322,0.0245789713786174,1.1583848,236.24418289651206,235.0217462584604
2024-03-15 15:22:42,0.12348883,0.024579425874884,1.15840622,236.2465918616546,235.0205393270932
2024-03-15 15:22:47,0.123487925,0.0245789970527763,1.15838601,236.25305601867376,235.02248404645124
2024-03-15 15:22:51,0.123490338,0.0245786066358152,1.15836761,236.26348016077307,235.0292929847398
2024-03-15 15:22:55,0.123493657,0.0245788177580306,1.15837756,236.27061001805646,235.03280794599496
2024-03-15 15:22:59,0.123495165,0.0245792722542972,1.15839898,236.27301746290112,235.0316008025423
2024-03-15 15:23:03,0.123503611,0.0245800276262436,1.15843458,236.2838702240433,235.0388392830665
2024-03-15 15:23:08,0.123494562,0.024577960113815,1.15833714,236.29047235970285,235.04092400054893
2024-03-15 15:23:12,0.123491243,0.0245773713056264,1.15830939,236.29352484503198,235.0403628973495
2024-03-15 15:23:16,0.123495165,0.0245778769380276,1.15833322,236.2992883526703,235.0425131239704
2024-03-15 15:23:20,0.123493657,0.0245770511212817,1.1582943,236.30701299917797,235.04662479691996
2024-03-15 15:23:24,0.123494863,0.0245778896690155,1.15833382,236.30594434342427,235.0419434750156
2024-03-15 15:23:29,0.12349788,0.0245769552145065,1.15828978,236.32246481522043,235.05394854633585
2024-03-15 15:23:33,0.123497277,0.0245780689637612,1.15834227,236.31642693383486,235.0442986902761
2024-03-15 15:23:37,0.123495165,0.0245764943527459,1.15826806,236.3290670490187,235.05332713802412
2024-03-15 15:23:41,0.123498483,0.0245776144674946,1.15832085,236.32908192538207,235.04973065413776
2024-03-15 15:23:45,0.123495768,0.0245767054749613,1.15827801,236.33557671569181,235.05261439133184
2024-03-15 15:23:49,0.123499388,0.024576347097653,1.15826112,236.34762585455525,235.0610527841613
2024-03-15 15:23:54,0.123497578,0.0245761230322666,1.15825056,236.35107402148248,235.05998795030013
2024-03-15 15:23:58,0.12349969,0.0245769615800004,1.15829008,236.35141237570286,235.05671624922917
2024-03-15 15:24:02,0.123501198,0.0245767054749613,1.15827801,236.35937283492765,235.0610669600742
2024-03-15 15:24:06,0.12350512,0.0245773008608269,1.15830607,236.36443008579607,235.062514769422
2024-03-15 15:24:10,0.123507231,0.0245767120526383,1.15827832,236.37593118003818,235.07040672895005
2024-03-15 15:24:15,0.123506628,0.0245769231748537,1.15828827,236.3778519857484,235.06781654763435
2024-03-15 15:24:19,0.123510248,0.0245773008608269,1.15830607,236.38414092146132,235.07049703875575
2024-03-15 15:24:23,0.123507231,0.0245769808886653,1.15829099,236.38555574566627,235.06830372500465
2024-03-15 15:24:27,0.123507231,0.0245759630461859,1.15824302,236.39712602169888,235.076266169664
2024-03-15 15:24:31,0.12350512,0.0245769808886653,1.15829099,236.3894850664023,235.06501768952413
2024-03-15 15:24:35,0.123506628,0.0245755214930902,1.15822221,236.4068564797976,235.07878188455328
2024-03-15 15:24:40,0.123511153,0.0245761103012788,1.15824996,236.41380265910612,235.08121947180692
2024-03-15 15:24:44,0.123516583,0.0245775185607193,1.15831633,236.41484481041684,235.07865509413148
2024-03-15 15:24:48,0.123516884,0.0245772304160274,1.15830275,236.42117369472814,235.08137775576157
2024-03-15 15:24:52,0.123515074,0.0245770192938121,1.1582928,236.42361374621063,235.08021189081472
2024-03-15 15:24:56,0.123516583,0.0245767375146141,1.15827952,236.43177271469256,235.0847652490661
2024-03-15 15:25:00,0.123521108,0.0245773135918148,1.15830667,236.43791493920065,235.08730216948925
2024-03-15 15:25:05,0.123515074,0.0245770767954406,1.15829551,236.43488102522312,235.0797620558416
2024-03-15 15:25:09,0.123520203,0.0245769359058416,1.15828887,236.4475717675887,235.08884818275504
2024-03-15 15:25:13,0.123519901,0.0245769936196532,1.15829159,236.4502544598577,235.08792656554425
2024-03-15 15:25:17,0.123523219,0.0245772688211741,1.15830456,236.45687031504036,235.0909384171661
2024-03-15 15:25:21,0.123517488,0.0245763214234941,1.15825991,236.4589648841471,235.08942928857755
2024-03-15 15:25:25,0.123519599,0.0245757262498116,1.15823186,236.47051099932432,235.0973720118714
2024-03-15 15:25:30,0.123520806,0.0245761743805843,1.15825298,236.4733875507172,235.09574475337664
2024-03-15 15:25:34,0.123521108,0.0245768015939196,1.15828254,236.4725532205505,235.0913077192077
2024-03-15 15:25:38,0.123517488,0.0245750222261829,1.15819868,236.48444213983637,235.09959424012897
2024-03-15 15:25:42,0.123528951,0.0245774417504259,1.15831271,236.48695793701054,235.0985079445225
2024-03-15 15:25:46,0.123529252,0.0245758926013864,1.1582397,236.50314913033412,235.11109735059568
2024-03-15 15:25:51,0.123529554,0.0245771408747461,1.15829853,236.49835415361682,235.10180056938515
2024-03-15 15:25:55,0.123526236,0.0245768720387191,1.15828586,236.49889368631875,235.09873900208265
2024-03-15 15:25:59,0.123527744,0.0245774928865605,1.15831512,236.4999845470748,235.09622906818927
2024-03-15 15:26:03,0.123525331,0.0245758671394106,1.1582385,236.5125486832448,235.1051927150109
2024-03-15 15:26:07,0.123531967,0.0245766736474916,1.15827651,236.52016857087875,235.10921241854336
2024-03-15 15:26:11,0.123533174,0.0245768399990663,1.15828435,236.52434573671178,235.1097897054678
2024-03-15 15:26:16,0.123537096,0.0245768975006949,1.15828706,236.53450041318098,235.11544496239608
2024-03-15 15:26:20,0.123536191,0.0245766416078388,1.158275,236.53869309772574,235.116038454518
2024-03-15 15:26:24,0.123530761,0.024576347097653,1.15826112,236.53614367720704,235.109890146593
2024-03-15 15:26:28,0.123528347,0.0245765200269048,1.15826927,236.53463137767977,235.1047792646217
2024-03-15 15:26:33,0.123534682,0.0245760334909854,1.15824634,236.55279773854852,235.11844782620577
2024-03-15 15:26:37,0.123530157,0.0245758541962396,1.15823789,236.55075449437064,235.11280668555003
2024-03-15 15:26:41,0.123532571,0.0245767247836262,1.15827892,236.5512979323222,235.10975253180908
2024-03-15 15:26:45,0.123536191,0.0245759310065331,1.15824151,236.56674152700535,235.12159883953044
2024-03-15 15:26:49,0.123534079,0.0245760143945036,1.15824544,236.56639823359941,235.1176585638389
2024-03-15 15:26:53,0.123533476,0.0245752206174104,1.15820803,236.57526764833509,235.1229313009105
2024-03-15 15:26:58,0.123539811,0.0245766863784795,1.15827711,236.5781550158765,235.1213232496624
2024-03-15 15:27:02,0.123540716,0.0245765263923987,1.15826957,236.58441167441808,235.12398391573817
2024-03-15 15:27:06,0.123542827,0.0245768336335724,1.15828405,236.58888930974226,235.12486586304
2024-03-15 15:27:10,0.123546749,0.024577832167387,1.15833111,236.59077644768743,235.12315761735147
2024-03-15 15:27:14,0.123542224,0.0245763280011712,1.15826022,236.5990977341262,235.1278838244902
2024-03-15 15:27:18,0.123544637,0.0245778001277342,1.1583296,236.59492948180895,235.12012079715169
2024-03-15 15:27:23,0.123538001,0.0245760591651442,1.15824755,236.60271533993526,235.1234136143095
2024-03-15 15:27:27,0.123537397,0.0245760334909854,1.15824634,236.60557008736654,235.12267427114529
2024-03-15 15:27:31,0.123545542,0.024576078261626,1.15824845,236.62149284975348,235.1350032470364
2024-03-15 15:27:35,0.123544637,0.0245767695542668,1.15828103,236.6182679139244,235.12818482875596
2024-03-15 15:27:39,0.123544939,0.0245763791373058,1.15826263,236.62538632106734,235.13171005743683
2024-03-15 15:27:44,0.123550972,0.0245771408747461,1.15829853,236.63330781203442,235.13514050272684
2024-03-15 15:27:48,0.123548559,0.0245770576989588,1.15829461,236.63379501934438,235.1320352153482
2024-03-15 15:27:52,0.123552179,0.0245768206904014,1.15828344,236.64487694532082,235.1395249504453
2024-03-15 15:27:56,0.123543129,0.024577012716135,1.15829249,236.6328785441982,235.1239346621972
2024-03-15 15:28:00,0.123546145,0.0245765454888805,1.15827047,236.64482110775805,235.1322856423298
2024-03-15 15:28:05,0.12355067,0.0245764175424525,1.15826444,236.6573553577959,235.1403308400748
2024-03-15 15:28:09,0.123546447,0.0245765902595211,1.15827258,236.65302082756392,235.13240540953356
2024-03-15 15:28:13,0.123551274,0.0245757773859462,1.15823427,236.67048693798537,235.1462809231633
2024-03-15 15:28:17,0.123549162,0.0245760975702909,1.15824936,236.66828369814309,235.14048738999108
2024-03-15 15:28:21,0.123542827,0.0245760718961321,1.15824815,236.66221292076526,235.13082662268928
2024-03-15 15:28:26,0.12355067,0.0245760846271199,1.15824875,236.6788095413511,235.14293618244977
2024-03-15 15:28:30,0.123549464,0.0245760078168265,1.15824513,236.68112257982807,235.1416599134621
2024-03-15 15:28:34,0.123548257,0.0245756430740243,1.15822794,236.68568710544042,235.14263543483412
2024-03-15 15:28:38,0.12355067,0.0245759246410391,1.15824121,236.69082860482916,235.1441882331508
2024-03-15 15:28:42,0.123550369,0.024575950315198,1.15824242,236.6937475070045,235.1435187373664
2024-03-15 15:28:46,0.123556703,0.0245766991094673,1.15827771,236.7013355877017,235.14751872316003
2024-03-15 15:28:51,0.12355248,0.0245756237653594,1.15822703,236.7076621637057,235.1493606066217
2024-03-15 15:28:55,0.123553385,0.0245756494395182,1.15822824,236.71245748511942,235.15056851480284
2024-03-15 15:28:59,0.123553687,0.0245761550719194,1.15825207,236.71255751305432,235.14708143237863
2024-03-15 15:29:03,0.123549765,0.0245759566806919,1.15824272,236.7115915584309,235.14252867021327
2024-03-15 15:29:07,0.12355429,0.0245751310761291,1.15820381,236.72868383540836,235.15603444240955
2024-03-15 15:29:11,0.123560625,0.0245764559475992,1.15826625,236.73176264438956,235.15552704931392
2024-03-15 15:29:16,0.1235561,0.0245762255167189,1.15825539,236.731004343233,235.1502864211533
2024-03-15 15:29:20,0.123560625,0.0245774801555726,1.15831452,236.73181496708418,235.14751152380592
2024-03-15 15:29:24,0.123560022,0.0245764239079464,1.15826474,236.74272778133877,235.1548391193826
2024-03-15 15:29:28,0.12356334,0.024576487987252,1.15826776,236.75097628369087,235.1595027055208
2024-03-15 15:29:32,0.123558513,0.0245765454888805,1.15827047,236.74659673541737,235.1515385434407
2024-03-15 15:29:36,0.123558212,0.0245758414652518,1.15823729,236.75522248209538,235.1565799786627
2024-03-15 15:29:41,0.123564848,0.0245766800129856,1.15827681,236.7634697502862,235.16034728262747
2024-03-15 15:29:45,0.123565452,0.0245767311491201,1.15827922,236.76759339414372,235.16088729511011
2024-03-15 15:29:49,0.123562133,0.0245764559475992,1.15826625,236.76816396827243,235.15787454002972
2024-03-15 15:29:53,0.123565452,0.0245766863784795,1.15827711,236.7751101509571,235.16123769561423
2024-03-15 15:29:57,0.123559117,0.0245766095681861,1.15827349,236.76943246130145,235.15197728091024
2024-03-15 15:30:01,0.123555497,0.0245761871115722,1.15825358,236.7706859031952,235.14964829975057
2024-03-15 15:30:06,0.123557005,0.024575412643144,1.15821708,236.7835724845449,235.1580572768767
2024-03-15 15:30:10,0.123560927,0.0245750797278114,1.15820139,236.7958656309119,235.1667686794697
2024-03-15 15:30:14,0.123557608,0.0245758735049046,1.1582388,236.7880673449178,235.15538895151076
2024-03-15 15:30:18,0.123558513,0.0245761743805843,1.15825298,236.7907025010539,235.15444296743377
2024-03-15 15:30:22,0.123563943,0.0245764559475992,1.15826625,236.80053252370394,235.16069215156523
2024-03-15 15:30:27,0.123565452,0.0245775953710128,1.15831995,236.79843964919115,235.15412365307475
2024-03-15 15:30:31,0.123557005,0.0245746381747158,1.15818058,236.8120152794395,235.16411912340735
2024-03-15 15:30:35,0.123554592,0.0245748045262905,1.15818842,236.8105365053024,235.1590604908624
2024-03-15 15:30:39,0.123558513,0.0245754062776501,1.15821678,236.81551026109543,235.16045468969787
2024-03-15 15:30:43,0.123558212,0.0245749454158895,1.15819506,236.82222813747302,235.16359331051075
2024-03-15 15:30:47,0.123558212,0.0245752910622099,1.15821135,236.82310167530304,235.1608878941112
2024-03-15 15:30:52,0.123564245,0.0245760591651442,1.15824755,236.83095485161957,235.16426780130547
2024-03-15 15:30:56,0.123560625,0.0245760271254914,1.15824604,236.8291485783412,235.15888325159065
2024-03-15 15:31:00,0.12355791,0.0245756303430364,1.15822734,236.83160554065623,235.15776223861675
2024-03-15 15:31:04,0.123562133,0.0245761934770661,1.15825388,236.83734976900615,235.15992879276752
2024-03-15 15:31:08,0.12355972,0.0245750990364763,1.1582023,236.8457368635649,235.1647385141589
2024-03-15 15:31:13,0.123561228,0.0245752206174104,1.15820803,236.85160412813775,235.16613448551024
2024-03-15 15:31:17,0.123560927,0.0245763534631469,1.15826142,236.8458456009201,235.15679926223487
2024-03-15 15:31:21,0.12356515,0.0245762318822129,1.15825569,236.85694752302118,235.16432478912157
2024-03-15 15:31:25,0.123564848,0.0245759055445573,1.15824031,236.86260771704553,235.16640888871683
2024-03-15 15:31:29,0.123565452,0.0245762382477068,1.15825599,236.86451971436077,235.16474509233
2024-03-15 15:31:34,0.123560323,0.0245746702143686,1.15818209,236.87327775699657,235.16903381564717
2024-03-15 15:31:38,0.123558513,0.0245736780460479,1.15813533,236.88180149750693,235.1739824388786
2024-03-15 15:31:42,0.123557307,0.024575015860689,1.15819838,236.87302691124444,235.161633035875
2024-03-15 15:31:46,0.123561832,0.0245754446827968,1.15821859,236.88028935783842,235.16532096620733
2024-03-15 15:31:50,0.12356515,0.0245752078864226,1.15820743,236.89088239560144,235.17233978812976
2024-03-15 15:31:54,0.123561832,0.0245748940675718,1.15819264,236.8917473307946,235.16963080784484
2024-03-15 15:31:59,0.123557307,0.0245744588799701,1.15817213,236.89257619089088,235.16599269588932
2024-03-15 15:32:03,0.123557005,0.0245750733623175,1.15820109,236.89086955174247,235.16071281686465
2024-03-15 15:32:07,0.123561832,0.0245755789947187,1.15822492,236.89799936767818,235.1642696930964
2024-03-15 15:32:11,0.123566658,0.0245756558050121,1.15822854,236.90848364799766,235.17118133382556
2024-03-15 15:32:15,0.123569976,0.0245762702873596,1.1582575,236.91241150156173,235.1715368478542
2024-03-15 15:32:19,0.123565452,0.024576743880108,1.15827982,236.90523434863633,235.16078765538947
2024-03-15 15:32:24,0.123569071,0.0245759759893568,1.15824363,236.92134287317091,235.17243155227987
2024-03-15 15:32:28,0.123565753,0.0245762575563717,1.1582569,236.91754521963054,235.1650625339764
2024-03-15 15:32:32,0.123564547,0.024576091204797,1.15824906,236.92054090868456,235.16448715807215
2024-03-15 15:32:36,0.12356696,0.0245755853602126,1.15822522,236.93182738240978,235.172202866585
2024-03-15 15:32:40,0.123565452,0.0245760462219732,1.15824694,236.92944304560703,235.16624806425668
2024-03-15 15:32:44,0.123567262,0.0245748622401021,1.15819114,236.9450984675738,235.17833332032572
2024-03-15 15:32:49,0.12356515,0.02457582236877,1.15823639,236.93875747762075,235.16753004426195
2024-03-15 15:32:53,0.123562737,0.0245756878446649,1.15823005,236.93962349700575,235.16482657169547
2024-03-15 15:32:57,0.123560927,0.0245758030601051,1.15823548,236.93947321067213,235.1611070928459
2024-03-15 15:33:01,0.123567262,0.0245753294673566,1.15821316,236.95661101139652,235.17467600043057
2024-03-15 15:33:05,0.123569675,0.0245761680150904,1.15825268,236.95737238518757,235.17186878039877
2024-03-15 15:33:09,0.123568468,0.0245766032026921,1.15827319,236.95565553268943,235.1665836333353
2024-03-15 15:33:14,0.12356515,0.0245759823548508,1.15824393,236.95980966988336,235.16627782306296
2024-03-15 15:33:18,0.123569373,0.0245764943527459,1.15826806,236.96594385866558,235.168844390392
2024-03-15 15:33:22,0.12356515,0.0245756173998654,1.15822673,236.96980116336184,235.1691343726993
2024-03-15 15:33:26,0.123564245,0.0245756878446649,1.15823005,236.9714079498278,235.16717413578107
2024-03-15 15:33:30,0.123564245,0.0245749454158895,1.15819506,236.98078594581358,235.1729854073276
2024-03-15 15:33:35,0.12356696,0.0245756878446649,1.15823005,236.98365920891368,235.1714006851793
2024-03-15 15:33:39,0.123561228,0.0245750222261829,1.15819868,236.98351193139467,235.1676873556292
2024-03-15 15:33:43,0.123564547,0.0245747917953026,1.15818782,236.99404837945687,235.17465805041127
2024-03-15 15:33:47,0.123566055,0.0245759119100513,1.15824061,236.99119381755577,235.16823803392117
2024-03-15 15:33:51,0.123569071,0.0245761423409316,1.15825147,236.99765042284727,235.17112948325493
2024-03-15 15:33:56,0.123563642,0.0245751310761291,1.15820381,237.00157037043454,235.1705934057539
2024-03-15 15:34:00,0.123563038,0.0245756687481831,1.15822915,236.99998606895042,235.16544462001312
2024-03-15 15:34:04,0.123561832,0.0245754637792786,1.15821949,237.00327713015358,235.165171495396
2024-03-15 15:34:08,0.123562435,0.0245757198843177,1.15823156,237.0057751834491,235.16410566124745
2024-03-15 15:34:12,0.123568167,0.0245753999121561,1.15821648,237.02076656860208,235.1755334572725
2024-03-15 15:34:17,0.123564245,0.0245745356902635,1.15817575,237.025879813851,235.17619263552683
2024-03-15 15:34:21,0.123563943,0.0245755342240781,1.15822281,237.02115651156515,235.16790641510417
2024-03-15 15:34:25,0.123570278,0.024576347097653,1.15826112,237.02821848459618,235.17140576811877
2024-03-15 15:34:29,0.123575105,0.0245773392659736,1.15830788,237.03152919407805,235.17115415564425
2024-03-15 15:34:33,0.123569071,0.0245762830183474,1.1582581,237.0339654474582,235.17002838506767
2024-03-15 15:34:37,0.123569373,0.02457582236877,1.15823639,237.04160291016825,235.17410412176017
2024-03-15 15:34:42,0.123572993,0.0245767952284257,1.15828224,237.0440751514901,235.17212462444505
2024-03-15 15:34:46,0.123565753,0.0245756303430364,1.15822734,237.0454833627863,235.16997177986585
2024-03-15 15:34:50,0.123569675,0.0245769168093598,1.15828797,237.04508035187473,235.16600801082132
2024-03-15 15:34:54,0.123562133,0.0245750860933054,1.15820169,237.05122913077332,235.1685963292689
2024-03-15 15:34:58,0.123562133,0.0245740811939969,1.15815433,237.06265535631746,235.1764623919832
2024-03-15 15:35:02,0.123556703,0.0245737421253535,1.15813835,237.0604157304446,235.17066290084097
2024-03-15 15:35:07,0.123561832,0.0245754767224496,1.1582201,237.0592724303722,235.16507018753376
2024-03-15 15:35:11,0.123567865,0.0245753869689851,1.15821587,237.07292606851206,235.17516462969309
2024-03-15 15:35:15,0.123562435,0.0245746188660509,1.15817967,237.07404406319432,235.1727237257576
2024-03-15 15:35:19,0.123560022,0.0245746445402097,1.15818088,237.0736451215135,235.1687661827609
2024-03-15 15:35:23,0.12356515,0.0245756558050121,1.15822854,237.07727100950692,235.16883376667937
2024-03-15 15:35:27,0.123564245,0.0245745229592756,1.15817515,237.0882875419041,235.17629229218147
2024-03-15 15:35:32,0.12356334,0.0245742284490898,1.15816127,237.09363111867293,235.1771887781476
2024-03-15 15:35:36,0.12356153,0.0245745102282878,1.15817455,237.0921648759929,235.17216519700384
2024-03-15 15:35:40,0.123564848,0.0245757646549584,1.15823367,237.09106836435456,235.16751164388305
2024-03-15 15:35:44,0.123558513,0.0245751565381049,1.15820501,237.0895228757725,235.1624094107385
2024-03-15 15:35:48,0.123558513,0.0245749708778652,1.15819626,237.09453251906982,235.1638626063321
2024-03-15 15:35:52,0.123559117,0.0245750797278114,1.15820139,237.0981769737902,235.16395091014616
2024-03-15 15:35:57,0.123558513,0.0245748302004494,1.15818963,237.1036345630143,235.1649637280153
2024-03-15 15:36:01,0.123559117,0.0245750092830119,1.15819807,237.10672861596683,235.1645022976313
2024-03-15 15:36:05,0.123560022,0.0245742861629014,1.15816399,237.1173529413912,235.17157143631695
2024-03-15 15:36:09,0.12355429,0.0245739852872216,1.15814981,237.1143391929446,235.165002797668
2024-03-15 15:36:13,0.123555195,0.0245745804609041,1.15817786,237.11464403326357,235.16175304425929
2024-03-15 15:36:18,0.1235561,0.0245760014513326,1.15824483,237.10937385090324,235.15204003656316
2024-03-15 15:36:22,0.123557608,0.0245744268403173,1.15817062,237.127599830195,235.16671208897012
2024-03-15 15:36:26,0.12355791,0.0245744141093294,1.15817002,237.1317232728712,235.16728190103584
2024-03-15 15:36:30,0.123564848,0.024575271753545,1.15821044,237.1393644319185,235.17136972568528
2024-03-15 15:36:34,0.12355972,0.024575002917518,1.15819777,237.13703860688673,235.16549086240644
2024-03-15 15:36:39,0.123564245,0.0245749901865301,1.15819717,237.1486235865196,235.1726349605982
2024-03-15 15:36:43,0.123558513,0.024574747024662,1.15818571,237.14515577227237,235.1656147742169
2024-03-15 15:36:47,0.123560927,0.0245750669968236,1.15820079,237.1499614032761,235.1668683290361
2024-03-15 15:36:51,0.123558513,0.0245747661211438,1.15818661,237.1521101534709,235.16546529893392
2024-03-15 15:36:55,0.123554592,0.0245747724866377,1.15818691,237.1495076075688,235.15931126856037
2024-03-15 15:36:59,0.123557608,0.0245747724866377,1.15818691,237.15775409933167,235.1640065716152
2024-03-15 15:37:04,0.123556703,0.0245747020418382,1.15818359,237.16133515761766,235.16314905983876
2024-03-15 15:37:08,0.1235561,0.0245755278585841,1.15822251,237.15748326832912,235.1557466470826
2024-03-15 15:37:12,0.123560022,0.0245749645123713,1.15819596,237.17154846969237,235.16626162053944
2024-03-15 15:37:16,0.123558513,0.0245757071533298,1.15823096,237.16693655848516,235.1580997769248
2024-03-15 15:37:20,0.123557608,0.0245754830879435,1.1582204,237.17083105755444,235.1584446390233
2024-03-15 15:37:25,0.123557608,0.0245755983033836,1.15822583,237.17436591835107,235.1575428689691
2024-03-15 15:37:29,0.123559418,0.0245759630461859,1.15824302,237.17787783980384,235.15750581795533
2024-03-15 15:37:33,0.123560323,0.0245757519239705,1.15823307,237.18448775950876,235.1605670604273
2024-03-15 15:37:37,0.123557307,0.0245763214234941,1.15825991,237.17888384840597,235.15141476726276
2024-03-15 15:37:41,0.123557307,0.0245764432166113,1.15826565,237.1814787506464,235.15046158254995
2024-03-15 15:37:45,0.123565452,0.0245762766528535,1.1582578,237.19900946076683,235.16444450076312
2024-03-15 15:37:50,0.123569373,0.0245772560901863,1.15830396,237.20188177647753,235.16288249140257
2024-03-15 15:37:54,0.123561832,0.0245762318822129,1.15825569,237.20170605313734,235.15915963977915
2024-03-15 15:37:58,0.123552179,0.0245749070107428,1.15819325,237.20059505233533,235.154501805536
2024-03-15 15:38:02,0.123553385,0.0245752653880511,1.15821014,237.2032141180805,235.1535743326192
2024-03-15 15:38:06,0.12355972,0.0245754383173028,1.15821829,237.2152689507745,235.1620829213676
2024-03-15 15:38:10,0.123557005,0.0245760078168265,1.15824513,237.21013102765778,235.1533990489588
2024-03-15 15:38:15,0.123562737,0.0245768143249075,1.15828314,237.2171739628476,235.1560099617938
2024-03-15 15:38:19,0.123560927,0.0245762446132007,1.15825629,237.22236046865308,235.15765118104704
2024-03-15 15:38:23,0.123555798,0.0245758414652518,1.15823729,237.22107631123782,235.15282203152816
2024-03-15 15:38:27,0.123557608,0.0245760207599975,1.15824574,237.22603542853713,235.1542364511093
2024-03-15 15:38:31,0.12356153,0.0245770447557878,1.158294,237.22767104990854,235.1523276690849
2024-03-15 15:38:35,0.12355791,0.0245762127857311,1.15825479,237.23209118690954,235.15320369694925
2024-03-15 15:38:40,0.123558212,0.0245771856453868,1.15830064,237.22937736413726,235.14606015146165
2024-03-15 15:38:44,0.123559117,0.0245764239079464,1.15826474,237.2402909717387,235.15343031177812
2024-03-15 15:38:48,0.12355067,0.0245755726292248,1.15822462,237.23734694738746,235.14694313419528
2024-03-15 15:38:52,0.123554894,0.0245754894534374,1.1582207,237.24811646292108,235.15416979048732
2024-03-15 15:38:56,0.123558815,0.0245759310065331,1.15824151,237.2543071145552,235.15681787680637
2024-03-15 15:39:01,0.123553989,0.0245758157910929,1.15823608,237.25212387375197,235.1502068425968
2024-03-15 15:39:05,0.12356515,0.024577153605734,1.15829913,237.26256980006028,235.15711086469256
2024-03-15 15:39:09,0.12356515,0.0245781457740546,1.15834589,237.2583467573168,235.14934621145653
2024-03-15 15:39:13,0.123564547,0.0245781073689079,1.15834408,237.261250004187,235.14870814149063
2024-03-15 15:39:17,0.123566658,0.0245776528726413,1.15832266,237.2716338105469,235.1555509246071
2024-03-15 15:39:22,0.123559418,0.02457582236877,1.15823639,237.27911561102314,235.1586068587967
2024-03-15 15:39:26,0.123559117,0.0245772047418686,1.15830154,237.2713685707564,235.14731945563705
2024-03-15 15:39:30,0.123567262,0.0245783248566172,1.15835433,237.27882144698975,235.15123226236287
2024-03-15 15:39:34,0.123554592,0.0245770063506411,1.15829219,237.27295719672307,235.14182823591017
2024-03-15 15:39:38,0.123558513,0.0245778960345094,1.15833412,237.27563797887737,235.1409695351361
2024-03-15 15:39:42,0.123558513,0.0245766800129856,1.15827681,237.28869336563756,235.15048573216157
2024-03-15 15:39:47,0.123561228,0.0245774672124016,1.15831391,237.29118265785044,235.14855144941205
2024-03-15 15:39:51,0.123556703,0.0245772751866681,1.15830486,237.28918022335898,235.1430104846374
2024-03-15 15:39:55,0.123558815,0.024577281552162,1.15830516,237.29595623394465,235.14624825792535
2024-03-15 15:39:59,0.12355972,0.0245778705725337,1.15833292,237.29629350151296,235.1430475811173
2024-03-15 15:40:03,0.123561228,0.0245780496550963,1.15834136,237.30077708716786,235.1439935152528
2024-03-15 15:40:08,0.123555195,0.0245771345092522,1.15829823,237.30296919568065,235.1417639710987
2024-03-15 15:40:12,0.123556402,0.0245782480463238,1.15835071,237.29967129641918,235.13492907901133
2024-03-15 15:40:16,0.123559418,0.0245781905446953,1.158348,237.30835254407364,235.1400736264879
2024-03-15 15:40:20,0.12355791,0.0245781328308836,1.15834528,237.30999326697008,235.1381779417902
2024-03-15 15:40:24,0.123554592,0.024577422441761,1.1583118,237.3139235652205,235.13857212496572
2024-03-15 15:40:28,0.123556402,0.0245774417504259,1.15831271,237.32012575954212,235.1412384966672
2024-03-15 15:40:33,0.123549464,0.0245768784042131,1.15828616,237.31815363816912,235.1348470081853
2024-03-15 15:40:37,0.123549765,0.0245768399990663,1.15828435,237.3224578895731,235.13561609475636
2024-03-15 15:40:41,0.12355429,0.024577012716135,1.15829249,237.33168498430376,235.14130831689909
2024-03-15 15:40:45,0.123551877,0.0245769424835186,1.15828918,237.3320129954751,235.13810174766263
2024-03-15 15:40:49,0.123549765,0.0245769359058416,1.15828887,237.33231112410706,235.1348655880023
2024-03-15 15:40:53,0.123542224,0.0245761807460783,1.15825328,237.33001567265615,235.1290361403098
2024-03-15 15:40:58,0.123542525,0.0245759823548508,1.15824393,237.33645381896346,235.13105720191285
2024-03-15 15:41:02,0.123542224,0.0245753101586917,1.15821225,237.34477898955868,235.13584903314364
2024-03-15 15:41:06,0.12354886,0.0245768911352009,1.15828676,237.34627017257498,235.13380716863543
2024-03-15 15:41:10,0.123544939,0.0245756494395182,1.15822824,237.35341616095957,235.13742040127056
2024-03-15 15:41:14,0.123546749,0.0245761998425601,1.15825418,237.35545895470918,235.13593073098065
2024-03-15 15:41:18,0.123544939,0.0245752206174104,1.15820803,237.36383675811848,235.1407763619954
2024-03-15 15:41:23,0.123538906,0.0245760398564793,1.15824664,237.35244872403482,235.12497352244512
2024-03-15 15:41:27,0.123541017,0.0245755342240781,1.15822281,237.3632232756792,235.13221655765804
2024-03-15 15:41:31,0.123541017,0.0245760271254914,1.15824604,237.36289728642865,235.12835934340933
2024-03-15 15:41:35,0.123542224,0.0245761423409316,1.15825147,237.36740555116535,235.12933667451583
2024-03-15 15:41:39,0.123544335,0.0245763150580002,1.15825961,237.37287078665955,235.13127126768265
2024-03-15 15:41:44,0.123537397,0.0245762127857311,1.15825479,237.36728368748945,235.12127127514827
2024-03-15 15:41:48,0.123537096,0.0245761359754376,1.15825117,237.37094615368576,235.12140375420947
2024-03-15 15:41:52,0.123539207,0.0245767247836262,1.15827892,237.37315460881194,235.12008251329087
2024-03-15 15:41:56,0.123535587,0.024576206208054,1.15825448,237.37510663602868,235.11850513548768
2024-03-15 15:42:00,0.123537096,0.0245761166667727,1.15825026,237.38168546028035,235.1215548456788
2024-03-15 15:42:04,0.123537397,0.0245763598286409,1.15826172,237.38378010544258,235.12012066767423
2024-03-15 15:42:09,0.123535286,0.0245748302004494,1.15818963,237.39687434708966,235.1288042893323
2024-03-15 15:42:13,0.123533476,0.0245763918682936,1.15826323,237.38536444848464,235.1137662218316
2024-03-15 15:42:17,0.123537096,0.0245771345092522,1.15829823,237.3887165952573,235.1135904903891
2024-03-15 15:42:21,0.123534682,0.0245758607739167,1.1582382,237.39845303346792,235.1197993409992
2024-03-15 15:42:25,0.123530761,0.0245751181329581,1.1582032,237.40168767405163,235.11950668453144
2024-03-15 15:42:30,0.123526839,0.0245745356902635,1.15817575,237.40454852846585,235.1179588261154
2024-03-15 15:42:34,0.123531967,0.0245760462219732,1.15824694,237.40423810986,235.1141217639524
2024-03-15 15:42:38,0.123532872,0.024576219151225,1.15825509,237.40782014246074,235.11417744333087
2024-03-15 15:42:42,0.123533476,0.0245770320247999,1.1582934,237.4059261060872,235.108757344004
2024-03-15 15:42:46,0.123535286,0.0245765263923987,1.15826957,237.4162257302221,235.1155311953884
2024-03-15 15:42:50,0.123536492,0.0245769743109883,1.15829068,237.4181237624605,235.11390374501315
2024-03-15 15:42:55,0.123531364,0.0245763982337876,1.15826353,237.4190551717568,235.1104287089466
2024-03-15 15:42:59,0.123531666,0.0245765584320515,1.15827108,237.42179664863679,235.10964535577904
2024-03-15 15:43:03,0.123531967,0.024576219151225,1.15825509,237.4284444719773,235.11276863899388
2024-03-15 15:43:07,0.123526538,0.0245759950858386,1.15824453,237.42527063099084,235.10607054773743
2024-03-15 15:43:11,0.123529554,0.0245752013087455,1.15820712,237.43970085238385,235.1169768086498
2024-03-15 15:43:16,0.123524728,0.0245757773859462,1.15823427,237.4320848778344,235.1049562909147
2024-03-15 15:43:20,0.123523823,0.0245755919378897,1.15822553,237.4356503953546,235.1049984997377
2024-03-15 15:43:24,0.123525029,0.0245749006452489,1.15819295,237.44646009605358,235.11228518131315
2024-03-15 15:43:28,0.123524124,0.0245764623130931,1.15826655,237.43635465565154,235.09865701129465
2024-03-15 15:43:32,0.123525934,0.0245763918682936,1.15826323,237.4432458338358,235.1020257493032
2024-03-15 15:43:36,0.123528046,0.0245766863784795,1.15827711,237.44775137679173,235.1030091414575
2024-03-15 15:43:41,0.123518393,0.0245763982337876,1.15826353,237.4393816526838,235.09023713567848
2024-03-15 15:43:45,0.123528347,0.0245757773859462,1.15823427,237.4632560698002,235.1105900528415
2024-03-15 15:43:49,0.123528649,0.0245761166667727,1.15825026,237.4645926592242,235.1084054314696
2024-03-15 15:43:53,0.123520806,0.0245770511212817,1.1582943,237.44859360315573,235.0888854536961
2024-03-15 15:43:57,0.123523823,0.0245754574137846,1.15821919,237.46927987956343,235.10605109742272
2024-03-15 15:44:01,0.123520504,0.0245755662637309,1.15822432,237.46678172385134,235.10003259798677
2024-03-15 15:44:06,0.123524426,0.0245762830183474,1.1582581,237.47167908215943,235.10052993288423
2024-03-15 15:44:10,0.123519901,0.0245754190086379,1.15821738,237.47491491117268,235.1002460680828
2024-03-15 15:44:14,0.123519599,0.0245754830879435,1.1582204,237.47746280735385,235.09927455918907
2024-03-15 15:44:18,0.123514773,0.0245755021844253,1.1582213,237.47331978317945,235.09161241861244
2024-03-15 15:44:22,0.123512058,0.0245742477577547,1.15816218,237.48242698964407,235.09720079728055
2024-03-15 15:44:26,0.123513566,0.0245751244984521,1.1582035,237.48143320742113,235.0926884757997
2024-03-15 15:44:31,0.123509343,0.0245742861629014,1.15816399,237.48581609292157,235.09267359288296
2024-03-15 15:44:35,0.123512058,0.0245761487064255,1.15825177,237.47898819930435,235.08232780897416
2024-03-15 15:44:39,0.123510851,0.0245755214930902,1.15822221,237.48553389480995,235.08535590250847
2024-03-15 15:44:43,0.123502706,0.0245755919378897,1.15822553,237.47582064354535,235.07212533752565
2024-03-15 15:44:47,0.123507835,0.0245753999121561,1.15821648,237.4888243683184,235.08161203676616
2024-03-15 15:44:51,0.123505421,0.0245752269829044,1.15820833,237.4899360810959,235.07920701212947
2024-03-15 15:44:56,0.123507533,0.0245748045262905,1.15818842,237.50092464549357,235.08580005982316
2024-03-15 15:45:00,0.12350512,0.0245751629035988,1.15820531,237.4978804369232,235.0792397618584
2024-03-15 15:45:04,0.123509343,0.0245751949432516,1.15820682,237.50771967974674,235.08556320318667
2024-03-15 15:45:08,0.123507533,0.0245753549293324,1.15821436,237.5071658227623,235.0814938325386
2024-03-15 15:45:12,0.12350512,0.0245749838210362,1.15819687,237.50982805226968,235.08064083614644
2024-03-15 15:45:17,0.123506326,0.0245751244984521,1.1582035,237.51499850304387,235.0814176591113
2024-03-15 15:45:21,0.123509343,0.0245766863784795,1.15827711,237.51099062483544,235.07389520222517
2024-03-15 15:45:25,0.123509946,0.0245758541962396,1.15823789,237.52195387168285,235.08134415793893
2024-03-15 15:45:29,0.123503611,0.024575950315198,1.15824242,237.5148542650656,235.07073054766445
2024-03-15 15:45:33,0.123503913,0.0245751054019703,1.1582026,237.52544807446975,235.0778106408199
2024-03-15 15:45:37,0.123502706,0.0245756687481831,1.15822915,237.52267530436092,235.07152444180315
2024-03-15 15:45:42,0.123501198,0.0245755598982369,1.15822402,237.52557070692765,235.07002846220448
2024-03-15 15:45:46,0.12350512,0.0245764366389343,1.15826534,237.5283301544324,235.0692751270697
2024-03-15 15:45:50,0.123504215,0.0245756558050121,1.15822854,237.53654229418353,235.07397477130127
2024-03-15 15:45:54,0.123498182,0.0245755662637309,1.15822432,237.5313633445088,235.06528361315893
2024-03-15 15:45:58,0.123498785,0.0245753742379973,1.15821527,237.53731617611245,235.06772452327888
2024-03-15 15:46:03,0.12349969,0.0245748429314372,1.15819023,237.5472710593265,235.07328990810564
2024-03-15 15:46:07,0.123493958,0.0245752142519165,1.15820773,237.53895416518677,235.0614617379469
2024-03-15 15:46:11,0.123502706,0.0245770961041055,1.15829642,237.5413621728491,235.06035875635257
2024-03-15 15:46:15,0.12350693,0.0245772113195456,1.15830185,237.5505467661242,235.0660326470652
2024-03-15 15:46:19,0.123499992,0.024575412643144,1.15821708,237.55732758049078,235.06930304549525
2024-03-15 15:46:24,0.123505421,0.0245762830183474,1.1582581,237.56335758005807,235.0709454281054
2024-03-15 15:46:28,0.123499992,0.0245771792798928,1.15830034,237.55140541940298,235.0554834961721
2024-03-15 15:46:32,0.123506025,0.0245779728448028,1.15833774,237.55809861432326,235.05866720621785
2024-03-15 15:46:36,0.123496673,0.0245751374416231,1.15820411,237.56922977400794,235.0662891673633
2024-03-15 15:46:40,0.123498182,0.0245758862358924,1.1582394,237.56923006443992,235.0627805455227
2024-03-15 15:46:44,0.12349788,0.0245764495821053,1.15826595,237.56786181186834,235.0579036668768
2024-03-15 15:46:49,0.123493657,0.0245763407321591,1.15826082,237.56652485260923,235.0521813273865
2024-03-15 15:46:53,0.123499388,0.0245763791373058,1.15826263,237.57865366357026,235.06080215596825
2024-03-15 15:46:57,0.123499087,0.0245765134492277,1.15826896,237.58064216737057,235.05928296336447
2024-03-15 15:47:01,0.12349788,0.0245768463645603,1.15828465,237.5796665851286,235.0547999706248
2024-03-15 15:47:05,0.123493053,0.0245763534631469,1.15826142,237.57951525814704,235.05114151898331
2024-03-15 15:47:09,0.123489132,0.0245757005756528,1.15823065,237.5820253018058,235.05014472375092
2024-03-15 15:47:14,0.123490942,0.0245758991790634,1.15824001,237.58767255898564,235.0514088340745
2024-03-15 15:47:18,0.123494863,0.0245767952284257,1.15828224,237.59027350789844,235.0505035868244
2024-03-15 15:47:22,0.123487322,0.0245769104438658,1.15828767,237.58113980791043,235.03786397621843
2024-03-15 15:47:26,0.123490942,0.0245765902595211,1.15827258,237.59278471714921,235.04600326031533
2024-03-15 15:47:30,0.123494562,0.0245771599712279,1.15829943,237.59746894197102,235.04718214540225
2024-03-15 15:47:34,0.123492148,0.0245772624556802,1.15830426,237.59641480348571,235.04262295251996
2024-03-15 15:47:39,0.12349245,0.0245772367815213,1.15830305,237.60146661730897,235.04329384949824
2024-03-15 15:47:43,0.123493657,0.0245778385328809,1.15833141,237.60214339261813,235.0404662121681
2024-03-15 15:47:47,0.123487322,0.0245766927439734,1.15827741,237.60474798280785,235.03956667483175
2024-03-15 15:47:51,0.123487925,0.0245754574137846,1.15821919,237.6188529933157,235.05016784285755
2024-03-15 15:47:55,0.12347616,0.0245748045262905,1.15818842,237.60914858399664,235.03695987603112
2024-03-15 15:47:59,0.123482194,0.0245752781190389,1.15821074,237.61834077085058,235.04264879028315
2024-03-15 15:48:04,0.12348159,0.0245760655306381,1.15824785,237.61562033286015,235.03554966208284
2024-03-15 15:48:08,0.123486718,0.0245765838940272,1.15827228,237.62305113133993,235.03947782874417
2024-03-15 15:48:12,0.123481289,0.0245761039357849,1.15824966,237.62185637376183,235.0347807240275
2024-03-15 15:48:16,0.123477669,0.0245758478307457,1.15823759,237.62172636776836,235.03114865550583
2024-03-15 15:48:20,0.123484909,0.024576475044081,1.15826715,237.63159272030018,235.0375132300503
2024-03-15 15:48:25,0.123481289,0.0245761934770661,1.15825388,237.6325367035094,235.03408039080492
2024-03-15 15:48:29,0.123477065,0.0245757198843177,1.15823156,237.63316657996114,235.0312091292318
2024-03-15 15:48:33,0.123484607,0.024577422441761,1.1583118,237.63509178858072,235.0296334841411
2024-03-15 15:48:37,0.123480987,0.0245769231748537,1.15828827,237.6368621401924,235.02790326628735
2024-03-15 15:48:41,0.123474954,0.024576206208054,1.15825448,237.63657855144322,235.024119392248
2024-03-15 15:48:45,0.123478272,0.0245764302734404,1.15826504,237.64349111673405,235.02753195635395
2024-03-15 15:48:50,0.123475255,0.0245761550719194,1.15825207,237.64532164136241,235.02498787891804
2024-03-15 15:48:54,0.123482797,0.0245770961041055,1.15829642,237.6532013978511,235.0293682732036
2024-03-15 15:48:58,0.123477367,0.0245769872541593,1.15829129,237.64909939582336,235.0217671928511
2024-03-15 15:49:02,0.123475859,0.0245764943527459,1.15826806,237.6541056219348,235.0232746244461
2024-03-15 15:49:06,0.123477065,0.0245767054749613,1.15827801,237.65783029719992,235.02350078893312
2024-03-15 15:49:11,0.123468016,0.0245751374416231,1.15820411,237.66038016653997,235.02167791870087
2024-03-15 15:49:15,0.123470127,0.0245751374416231,1.15820411,237.66716428614544,235.02496416568349
2024-03-15 15:49:19,0.123467111,0.0245760143945036,1.15824544,237.65910830904323,235.01341059946895
2024-03-15 15:49:23,0.123470731,0.0245760207599975,1.15824574,237.66819097600154,235.01899596075543
2024-03-15 15:49:27,0.123464999,0.0245751885777576,1.15820652,237.66927338354773,235.01658134599995
2024-03-15 15:49:32,0.123467714,0.0245761487064255,1.15825177,237.67036179824845,235.013298881206
2024-03-15 15:49:36,0.123471032,0.0245761998425601,1.15825418,237.67862326575332,235.0180639637354
2024-03-15 15:49:40,0.123462887,0.0245763407321591,1.15826082,237.6683386176323,235.0042832137806
2024-03-15 15:49:44,0.123465602,0.0245755662637309,1.15822432,237.6821174496859,235.01456622707195
2024-03-15 15:49:48,0.123463491,0.0245763086925063,1.15825931,237.67652074162385,235.0054739832486
2024-03-15 15:49:52,0.123469826,0.0245773519969615,1.15830848,237.681718545224,235.007176534018
2024-03-15 15:49:57,0.123461077,0.0245760527996503,1.15824725,237.6826280004969,235.00371732101607
2024-03-15 15:50:01,0.123463491,0.0245763407321591,1.15826082,237.68762872576497,235.00522342978937
2024-03-15 15:50:05,0.123464697,0.0245757582894644,1.15823337,237.69755528799575,235.01165565822657
2024-03-15 15:50:09,0.123462887,0.0245769168093598,1.15828797,237.68917204619623,234.9997783652642
2024-03-15 15:50:13,0.123460172,0.0245763791373058,1.15826263,237.6926440404571,234.99975659092215
2024-03-15 15:50:17,0.123459871,0.0245757455584766,1.15823277,237.70062358704408,235.0042426513956
2024-03-15 15:50:22,0.123466809,0.0245773904021082,1.15831029,237.70292739852107,235.0021800023734
2024-03-15 15:50:26,0.123456251,0.0245766543388267,1.1582756,237.69574136941247,234.9915011224934
2024-03-15 15:50:30,0.123458363,0.0245761934770661,1.15825388,237.70612527406064,234.99839245862944
2024-03-15 15:50:34,0.123451123,0.0245758287342639,1.15823669,237.7011995577525,234.98997445599747
2024-03-15 15:50:38,0.123450821,0.0245763982337876,1.15826353,237.69976833080207,234.9850512248408
2024-03-15 15:50:42,0.123458061,0.0245765454888805,1.15827047,237.71337857187527,234.9951697437541
2024-03-15 15:50:47,0.123454441,0.0245758478307457,1.15823759,237.71756322449002,234.9949901401888
2024-03-15 15:50:51,0.123455044,0.0245765838940272,1.15827228,237.71623729221926,234.9901731201033
2024-03-15 15:50:55,0.123456251,0.0245766736474916,1.15827651,237.72090511944597,234.9913501413308
2024-03-15 15:50:59,0.123460172,0.0245774928865605,1.15831512,237.72409321692155,234.9910477145517
2024-03-15 15:51:03,0.123455648,0.0245771279315751,1.15829792,237.7233951302744,234.9868593853232
2024-03-15 15:51:07,0.123456251,0.0245777103742698,1.15832537,237.72326966853632,234.983243962606
2024-03-15 15:51:12,0.123451726,0.0245768399990663,1.15828435,237.7273935328946,234.98300577163485
2024-03-15 15:51:16,0.123450519,0.0245759055445573,1.15824031,237.73631070186113,234.9884336129666
2024-03-15 15:51:20,0.123450218,0.0245764432166113,1.15826565,237.73512698672022,234.98376085156136
2024-03-15 15:51:24,0.123449614,0.0245762702873596,1.1582575,237.73902770465,234.98417280452597
2024-03-15 15:51:28,0.123451424,0.0245774351727488,1.1583124,237.7362255534525,234.97788216959097
2024-03-15 15:51:33,0.123448106,0.0245767695542668,1.15828103,237.7406252595336,234.9779216663679
2024-03-15 15:51:37,0.123445994,0.0245761103012788,1.15824996,237.74598015437692,234.9797887099749
2024-03-15 15:51:41,0.123452028,0.0245770383902938,1.1582937,237.75160367756354,234.98192466292056
2024-03-15 15:51:45,0.123447201,0.024578760256402,1.15837485,237.73411578599567,234.9609494820356
2024-03-15 15:51:49,0.123451123,0.0245779728448028,1.15833774,237.74986324224864,234.97320992982367
2024-03-15 15:51:53,0.123450218,0.0245777937622403,1.1583293,237.75334141256334,234.97320137245404
2024-03-15 15:51:58,0.123445994,0.0245773967676021,1.15831059,237.7542283466348,234.96973029165855
2024-03-15 15:52:02,0.12344328,0.0245774481159198,1.15831301,237.75308848050526,234.9651043293388
2024-03-15 15:52:06,0.123438151,0.0245761614374134,1.15825237,237.7586500842521,234.9671801174429
2024-03-15 15:52:10,0.123445994,0.0245766863784795,1.15827711,237.77023994094938,234.97528443897303
2024-03-15 15:52:14,0.123443883,0.0245775440226951,1.15831753,237.76373389064054,234.9652931339009
2024-03-15 15:52:19,0.123442375,0.0245778960345094,1.15833412,237.76299082122037,234.96019389023488
2024-03-15 15:52:23,0.123442676,0.0245777680880814,1.15832809,237.7679442145596,234.96166265945635
2024-03-15 15:52:27,0.12343423,0.0245773072263208,1.15830637,237.76188474374976,234.9521188446988
2024-03-15 15:52:31,0.123439056,0.0245760846271199,1.15824875,237.78243939215452,234.96918942925384
2024-03-15 15:52:35,0.123434531,0.0245769936196532,1.15829159,237.7717727904354,234.9550390437109
2024-03-15 15:52:40,0.12343061,0.0245762575563717,1.1582569,237.7757780901021,234.95469000727448
2024-03-15 15:52:44,0.123430007,0.0245761359754376,1.15825117,237.77927310921922,234.9547018723625
2024-03-15 15:52:48,0.123430912,0.0245757839636233,1.15823458,237.7869168430221,234.9588627319278
2024-03-15 15:52:52,0.123433023,0.0245764559475992,1.15826625,237.7884318428205,234.95689513720788
2024-03-15 15:52:56,0.123433023,0.024577012716135,1.15829249,237.78756143500823,234.9525424145243
2024-03-15 15:53:00,0.123428197,0.0245777617225875,1.15832779,237.77767641642035,234.9391753606398
2024-03-15 15:53:05,0.1234288,0.0245763023270123,1.15825901,237.79437568956854,234.951522482709
2024-03-15 15:53:09,0.12343061,0.0245775824278418,1.15831934,237.7906674178243,234.9443328044468
2024-03-15 15:53:13,0.123432118,0.0245775056175483,1.15831572,237.7970962427367,234.94728050218072
2024-03-15 15:53:17,0.123429102,0.0245773392659736,1.15830788,237.79718294030923,234.9438863518418
2024-03-15 15:53:21,0.123430308,0.0245773008608269,1.15830607,237.80284093236455,234.94606377518025
2024-03-15 15:53:25,0.123428197,0.0245785936926442,1.158367,237.79292969298098,234.9326722462018
2024-03-15 15:53:30,0.123429403,0.0245773967676021,1.15831059,237.8085127936504,234.94390537728245
2024-03-15 15:53:34,0.123425783,0.0245779089776804,1.15833473,237.80235395275534,234.93426687455167
2024-03-15 15:53:38,0.123430308,0.0245774160762671,1.1583115,237.81672957656522,234.94516311541184
2024-03-15 15:53:42,0.123423068,0.0245770383902938,1.1582937,237.811891572215,234.9368460069253
2024-03-15 15:53:46,0.123422767,0.0245768463645603,1.15828465,237.8164029282611,234.93787853757564
2024-03-15 15:53:50,0.123419147,0.0245775056175483,1.15831572,237.8090935320256,234.9270905946122
2024-03-15 15:53:55,0.123422465,0.024577422441761,1.1583118,237.81925608350883,234.93290535445124
2024-03-15 15:53:59,0.123420353,0.0245780241931206,1.15834016,237.81474309614967,234.92491444710043
2024-03-15 15:54:03,0.123420655,0.0245780048844556,1.15833925,237.81884172294244,234.92553543233265
2024-03-15 15:54:07,0.123422465,0.0245777233174408,1.15832598,237.82733719957375,234.93055354576163
2024-03-15 15:54:11,0.123424577,0.0245776017365067,1.15832025,237.83505202461876,234.9347912858894
2024-03-15 15:54:16,0.123423672,0.024578619366803,1.15836821,237.83003524031994,234.9254285366713
2024-03-15 15:54:20,0.123415527,0.0245775119830423,1.15831602,237.8294893212637,234.92140615857244
2024-03-15 15:54:24,0.123414924,0.0245776271984824,1.15832145,237.83112637557454,234.9195670318884
2024-03-15 15:54:28,0.123419147,0.0245771152005873,1.15829732,237.84517753672094,234.93014229001452
2024-03-15 15:54:32,0.123416734,0.0245781200998958,1.15834468,237.83704271743585,234.91853184561063
2024-03-15 15:54:36,0.123416734,0.0245785552874975,1.15836519,237.8371167703184,234.91513055120265
2024-03-15 15:54:41,0.12341432,0.0245782800859766,1.15835222,237.8398540673043,234.91352405465972
2024-03-15 15:54:45,0.123413717,0.0245769359058416,1.15828887,237.8528962960109,234.92309156092148
2024-03-15 15:54:49,0.1234107,0.0245779280741622,1.15833563,237.84391986520382,234.91064068525964
2024-03-15 15:54:53,0.123414924,0.0245783121256293,1.15835373,237.8509671143542,234.91421376707203
2024-03-15 15:54:57,0.123415527,0.0245785745961624,1.1583661,237.8533282158941,234.91310097871715
2024-03-15 15:55:02,0.123411605,0.0245781137344018,1.15834438,237.8551674998812,234.91059829037863
2024-03-15 15:55:06,0.123404969,0.0245775185607193,1.15831633,237.85296325909394,234.90492078367555
2024-03-15 15:55:10,0.123404365,0.0245774097107731,1.1583112,237.85634681027264,234.9048313461429
2024-03-15 15:55:14,0.12340527,0.02457756333136,1.15831844,237.86002757436955,234.9050393986594
2024-03-15 15:55:18,0.123402556,0.0245767311491201,1.15827922,237.86577953058574,234.90731892035257
2024-03-15 15:55:22,0.123403159,0.0245773329004797,1.15830758,237.86548722396788,234.90355445619537
2024-03-15 15:55:27,0.123410097,0.0245788625286712,1.15837967,237.8686716955476,234.90239912024708
2024-03-15 15:55:31,0.123399841,0.0245758926013864,1.1582397,237.8793909035224,234.90964679362645
2024-03-15 15:55:35,0.123403461,0.0245779728448028,1.15833774,237.87223856167205,234.89902319392485
2024-03-15 15:55:39,0.123400444,0.0245771983763746,1.15830124,237.87706611619973,234.9003797672717
2024-03-15 15:55:43,0.123400142,0.0245779153431743,1.15833503,237.87446360189864,234.89430654838628
2024-03-15 15:55:48,0.123397126,0.0245766416078388,1.158275,237.88406149078156,234.89956644539012
2024-03-15 15:55:52,0.123400746,0.0245779921534678,1.15833865,237.88261154146755,234.89464641356383
2024-03-15 15:55:56,0.123406477,0.0245787025425904,1.15837213,237.8894499576526,234.898015023593
2024-03-15 15:56:00,0.123401047,0.0245789329734707,1.15838299,237.88266730597735,234.88776284204417
2024-03-15 15:56:04,0.123401349,0.024579573129977,1.15841316,237.88160438335308,234.88323066575467
2024-03-15 15:56:08,0.123401651,0.0245802130743001,1.15844332,237.88054307854844,234.87870038341907
2024-03-15 15:56:13,0.12340527,0.0245795922264588,1.15841406,237.89536259609548,234.8891840672533
2024-03-15 15:56:17,0.123406477,0.024579566764483,1.15841286,237.90090848374638,234.8912615984044
2024-03-15 15:56:21,0.123393807,0.0245790161492581,1.15838691,237.88895930219311,234.87584433624465
2024-03-15 15:56:25,0.123397427,0.0245796754022461,1.15841798,237.89291014500583,234.8763273742701
2024-03-15 15:56:29,0.123398936,0.0245796306316055,1.15841587,237.89907608586506,234.87902578608677
2024-03-15 15:56:33,0.123398332,0.0245800660313903,1.15843639,237.89820128813972,234.8746837349896
2024-03-15 15:56:38,0.123401047,0.024579822657339,1.15842492,237.9086621211108,234.88081088879431
2024-03-15 15:56:42,0.123395316,0.0245794706455247,1.15840833,237.9059595655362,234.8746416998348
2024-03-15 15:56:46,0.123392902,0.0245790161492581,1.15838691,237.90921999086672,234.8744357672093
2024-03-15 15:56:50,0.123392902,0.0245796306316055,1.15841587,237.90788482927414,234.8696345230152
2024-03-15 15:56:54,0.123396221,0.0245790545544048,1.15838872,237.9210175786725,234.87930146509203
2024-03-15 15:56:58,0.123395014,0.0245800146830726,1.15843397,237.91510255934824,234.86992091365164
2024-03-15 15:57:03,0.123390489,0.0245790034182702,1.15838631,237.92029274975687,234.8707795758093
2024-03-15 15:57:07,0.123389886,0.0245795474558181,1.15841195,237.91856839723184,234.86559031010785
2024-03-15 15:57:11,0.123386869,0.0245790865940575,1.15839023,237.92093814697105,234.86449542163368
2024-03-15 15:57:15,0.123386869,0.0245793170249378,1.15840109,237.9226021139418,234.86269502527944
2024-03-15 15:57:19,0.123381439,0.0245785618651745,1.1583655,237.92351495194276,234.86014377476909
2024-03-15 15:57:23,0.123381741,0.0245786450409619,1.15836942,237.92679894476882,234.85996395382276
2024-03-15 15:57:28,0.123380534,0.0245780241931206,1.15834016,237.9341005714112,234.8629361994873
2024-03-15 15:57:32,0.123384456,0.0245801683036595,1.15844121,237.92691620853952,234.8522886407324
2024-03-15 15:57:36,0.123383551,0.0245785809616563,1.1583664,237.9413722968539,234.8632818076593
2024-03-15 15:57:40,0.123382646,0.0245795026851775,1.15840984,237.936224917157,234.8546717809958
2024-03-15 15:57:44,0.123382043,0.0245802514794468,1.15844513,237.93289889469253,234.84788338591065
2024-03-15 15:57:49,0.123389283,0.0245810325255521,1.15848194,237.94239258549192,234.85304949661904
2024-03-15 15:57:53,0.123383551,0.0245803155587524,1.15844815,237.94253458386115,234.84972973937187
2024-03-15 15:57:57,0.123378724,0.0245801746691534,1.15844151,237.93958427249635,234.84331794649285
2024-03-15 15:58:01,0.123380233,0.0245797394815517,1.158421,237.94879376503897,234.8490662315484
2024-03-15 15:58:05,0.123376914,0.0245799058331264,1.15842884,237.94578956551834,234.8426010984926
2024-03-15 15:58:10,0.123379328,0.0245801235330188,1.1584391,237.952171700646,234.84465745183184
2024-03-15 15:58:14,0.123376311,0.0245796179006176,1.15841527,237.9548865290527,234.84391196282056
2024-03-15 15:58:18,0.123372088,0.0245800594537133,1.15843608,237.94832469824783,234.83389008830528
2024-03-15 15:58:22,0.12336877,0.0245790802285636,1.15838993,237.95426993100347,234.8363755509829
2024-03-15 15:58:26,0.123369373,0.0245792081749916,1.15839596,237.95766842241702,234.83631454587544
2024-03-15 15:58:30,0.12337601,0.0245801812468305,1.15844182,237.963855756067,234.83904265648616
2024-03-15 15:58:35,0.123372691,0.024579822657339,1.15842492,237.96581509711532,234.8366783532041
2024-03-15 15:58:39,0.12337239,0.0245803028277645,1.15844755,237.96505432834797,234.83245897645563
2024-03-15 15:58:43,0.123365451,0.0245790418234169,1.15838812,237.96756352953122,234.83150984289432
2024-03-15 15:58:47,0.123360323,0.0245797138073928,1.15841979,237.9577912455003,234.81827949727992
2024-03-15 15:58:51,0.123367865,0.0245800146830726,1.15843397,237.97063688999842,234.8276673532802
2024-03-15 15:58:56,0.123365753,0.0245813524977137,1.15849702,237.9612223129552,234.81393092452612
2024-03-15 15:59:00,0.12336515,0.0245807891515008,1.15847047,237.96814108994403,234.81739252718333
2024-03-15 15:59:04,0.123363943,0.0245790227269351,1.15838722,237.98351741519372,234.8293119509412
2024-03-15 15:59:08,0.123361228,0.0245800339917375,1.15843488,237.97484913187859,234.81718703889857
2024-03-15 15:59:12,0.123363943,0.0245805459896327,1.15845901,237.97853178685565,234.81741333783648
2024-03-15 15:59:16,0.123360323,0.02457983560051,1.15842553,237.98190269822146,234.817328165776
2024-03-15 15:59:21,0.123362435,0.0245805203154738,1.1584578,237.9841611991901,234.81526694570795
2024-03-15 15:59:25,0.123360625,0.024580770055019,1.15846957,237.9828491404053,234.8104994165983
2024-03-15 15:59:29,0.123364245,0.0245807955169948,1.15847077,237.99173927787996,234.81593435611452
2024-03-15 15:59:33,0.123363641,0.0245808852704592,1.158475,237.9935531715546,234.8142933241211
2024-03-15 15:59:37,0.123364848,0.0245812500132614,1.15849219,237.9960374458374,234.8133229449504
2024-03-15 15:59:42,0.123360323,0.0245801939778183,1.15844242,238.00156135424095,234.8145289192229
2024-03-15 15:59:46,0.123355798,0.0245804884880042,1.1584563,237.99567272088166,234.80518624461487
2024-03-15 15:59:50,0.12335067,0.0245801555726716,1.15844061,237.99374578017552,234.79980553462752
2024-03-15 15:59:54,0.123350972,0.0245806100689382,1.15846203,237.99411967938042,234.7967259364426
2024-03-15 15:59:58,0.123356703,0.0245803860035519,1.15845147,238.00824212681394,234.8073951583016
2024-03-15 16:00:03,0.123359117,0.0245818581301149,1.15852085,238.00481777895865,234.7996546606024
2024-03-15 16:00:07,0.123345542,0.0245801812468305,1.15844182,238.0002399252865,234.79162419266171
2024-03-15 16:00:11,0.12334343,0.0245783953014167,1.15835765,238.01435393129827,234.80228585597257
2024-03-15 16:00:15,0.123342525,0.0245798674279797,1.15842703,238.00489973639077,234.7893795898556
2024-03-15 16:00:19,0.123347654,0.0245800723968843,1.15843669,238.0147332042046,234.79576125787509
