time,voltage,current,shunt_voltage,temperature,temperature old
2024-02-05 09:15:57,0.178719188,0.0230580717645785,1.08670617,340.57975062972474,340.57975062972474
2024-02-05 09:16:01,0.178882386,0.0230551786475871,1.08656982,340.89481034807034,340.89524873535646
2024-02-05 09:16:05,0.178998223,0.023053591305584,1.08649501,341.11221931515763,341.1130960583096
2024-02-05 09:16:09,0.179101692,0.0230518439775,1.08641266,341.3107550155901,341.31207008318995
2024-02-05 09:16:14,0.17924317,0.0230492771981641,1.08629169,341.58468515984066,341.5865480888223
2024-02-05 09:16:18,0.179302597,0.0230475873717087,1.08621205,341.70765533979926,341.7099565225466
2024-02-05 09:16:22,0.179345735,0.0230456607488791,1.08612125,341.8060772539905,341.8088166590928
2024-02-05 09:16:26,0.179393699,0.0230446558495706,1.08607389,341.9005218954056,341.90369949145446
2024-02-05 09:16:30,0.179425976,0.0230430044282619,1.08599606,341.9768563814759,341.98047213706514
2024-02-05 09:16:35,0.179470018,0.023042722861247,1.08598279,342.054957797142,342.05912120799525
2024-02-05 09:16:39,0.17954302,0.0230423835804205,1.0859668,342.1832030063622,342.1878045061002
2024-02-05 09:16:43,0.179574091,0.0230412698311658,1.08591431,342.2503893358822,342.25542889310606
2024-02-05 09:16:47,0.179603654,0.0230408987228697,1.08589682,342.30516842142157,342.31064600473474
2024-02-05 09:16:51,0.179629898,0.0230394968289231,1.08583075,342.3679765402154,342.3738921182235
2024-02-05 09:16:56,0.179650712,0.0230389527913751,1.08580511,342.41006167185867,342.4165246990906
2024-02-05 09:17:00,0.179678163,0.0230380631075068,1.08576318,342.46813924568886,342.47504019698664
2024-02-05 09:17:04,0.179722507,0.0230374999734771,1.08573664,342.5506338980617,342.5579727420383
2024-02-05 09:17:08,0.17974664,0.0230364757655036,1.08568837,342.60486235129997,342.61263905657063
2024-02-05 09:17:12,0.179770471,0.0230371670581445,1.08572095,342.6357995285707,342.6440140637529
2024-02-05 09:17:16,0.179790984,0.0230362966829411,1.08567993,342.68182981025313,342.6904821439665
2024-02-05 09:17:21,0.179808782,0.0230351763560093,1.08562713,342.72645456861534,342.7356541063676
2024-02-05 09:17:25,0.179825373,0.0230339860086443,1.08557103,342.77006971614367,342.7797069818297
2024-02-05 09:17:29,0.179860969,0.0230334801640599,1.08554719,342.8369409623599,342.8470159246067
2024-02-05 09:17:33,0.179878465,0.0230327377352845,1.0855122,342.8761523336188,342.8866649610556
2024-02-05 09:17:37,0.17989385,0.0230325009389103,1.08550104,342.9050507288549,342.91600099011333
2024-02-05 09:17:41,0.179913458,0.0230324304941108,1.08549772,342.93892646635027,342.950314330064
2024-02-05 09:17:46,0.179935479,0.0230327570439494,1.08551311,342.97152165645446,342.983456479132
2024-02-05 09:17:50,0.17995207,0.0230324688992575,1.08549953,343.00315755268014,343.0155299072472
2024-02-05 09:17:54,0.179984348,0.0230323536838174,1.0854941,343.059197723036,343.0720075781336
2024-02-05 09:17:58,0.179994906,0.0230317137394942,1.08546394,343.08524617990867,343.09849350418017
2024-02-05 09:18:02,0.180008179,0.0230316623911765,1.08546152,343.10808696086946,343.1217717229604
2024-02-05 09:18:06,0.180032613,0.0230306320298923,1.08541296,343.16295607830625,343.1770782468644
2024-02-05 09:18:11,0.180035932,0.0230316496601887,1.08546092,343.154517392669,343.1691862752257
2024-02-05 09:18:15,0.180049506,0.0230311119881347,1.08543558,343.1843434167175,343.19944963520726
2024-02-05 09:18:19,0.180079069,0.0230298893889338,1.08537796,343.2505097767145,343.2660532997924
2024-02-05 09:18:23,0.180089929,0.0230293582945568,1.08535293,343.2756327871909,343.2916135835143
2024-02-05 09:18:27,0.180094152,0.0230280268454097,1.08529018,343.3001141131153,343.3165321513438
2024-02-05 09:18:32,0.180116173,0.023027860493835,1.08528234,343.3392778617476,343.3562424082885
2024-02-05 09:18:36,0.180122809,0.023028385222718,1.08530707,343.34315143127367,343.360553149212
2024-02-05 09:18:40,0.180144831,0.023029191730799,1.08534508,343.36946862652644,343.3873074845291
2024-02-05 09:18:44,0.18015931,0.0230277836835415,1.08527872,343.4124399323556,343.4307158990918
2024-02-05 09:18:48,0.180162628,0.023026388367272,1.08521296,343.4362417379934,343.4549547821345
2024-02-05 09:18:52,0.180174393,0.0230271051218886,1.08524674,343.4462888466072,343.46543893682684
2024-02-05 09:18:57,0.18018646,0.0230273419182628,1.0852579,343.4631352175524,343.48283157132096
2024-02-05 09:19:01,0.180197923,0.0230271371615413,1.08524825,343.4849457858438,343.5050791152148
2024-02-05 09:19:05,0.180215117,0.0230261258967389,1.08520059,343.52726456859443,343.5478348422488
2024-02-05 09:19:09,0.180227787,0.0230258697916998,1.08518852,343.55181724483356,343.5728244314545
2024-02-05 09:19:13,0.180234423,0.0230249289716968,1.08514418,343.5752224139256,343.5966664821985
2024-02-05 09:19:18,0.180242568,0.0230244040306307,1.08511944,343.5955458980601,343.6175360243653
2024-02-05 09:19:22,0.180249808,0.0230237511431366,1.08508867,343.61614426610925,343.63857120361683
2024-02-05 09:19:26,0.180260668,0.0230236104657207,1.08508204,343.63607923440105,343.65894295180374
2024-02-05 09:19:30,0.180273036,0.0230237959137772,1.08509078,343.65423393829326,343.67753440428606
2024-02-05 09:19:34,0.18029566,0.0230246089995353,1.0851291,343.68148518627015,343.70522236955026
2024-02-05 09:19:39,0.180299582,0.0230239431688701,1.08509772,343.6964989062209,343.72078194209394
2024-02-05 09:19:43,0.180311648,0.0230241735997504,1.08510858,343.713538837443,343.7382585201803
2024-02-05 09:19:47,0.180323111,0.023023290281376,1.08506695,343.74440806014235,343.76956435844835
2024-02-05 09:19:51,0.180332764,0.0230230407540139,1.08505519,343.7637413847888,343.78933426737024
2024-02-05 09:19:55,0.180343021,0.0230233159555349,1.08506816,343.77710324188985,343.8031326774558
2024-02-05 09:19:59,0.180355691,0.0230234054968161,1.08507238,343.79705185733224,343.8235178145938
2024-02-05 09:20:04,0.180362025,0.0230223685578549,1.08502351,343.82113065231346,343.8481422176982
2024-02-05 09:20:08,0.180368964,0.0230225351216127,1.08503136,343.83029074680337,343.85773876349225
2024-02-05 09:20:12,0.180384952,0.0230220101805466,1.08500662,343.8640924892522,343.8919769259637
2024-02-05 09:20:16,0.180383443,0.0230211014001964,1.08496379,343.87321493065934,343.90153575611424
2024-02-05 09:20:20,0.180388873,0.0230207044055583,1.08494508,343.8873272269663,343.9160844098876
2024-02-05 09:20:24,0.180410894,0.0230211204966782,1.08496469,343.9188480304588,343.94804153957176
2024-02-05 09:20:29,0.180411799,0.0230206469039298,1.08494237,343.92616663005566,343.9559055029315
2024-02-05 09:20:33,0.180428089,0.0230214661429987,1.08498098,343.9425425182204,343.9727176469279
2024-02-05 09:20:37,0.180425676,0.0230203076231033,1.08492638,343.953463147025,343.9840745002966
2024-02-05 09:20:41,0.180433519,0.0230201092318758,1.08491703,343.9690364834333,344.0000840300038
2024-02-05 09:20:45,0.180447998,0.0230200196905945,1.08491281,343.99446152302,344.02594523162645
2024-02-05 09:20:49,0.18046459,0.0230200644612352,1.08491492,344.0216927156205,344.05361255500213
2024-02-05 09:20:54,0.180467908,0.0230203332972621,1.08492759,344.02320968600515,344.0556746448987
2024-02-05 09:20:58,0.180470019,0.0230187009724352,1.08485066,344.04817112483653,344.0810721441768
2024-02-05 09:21:02,0.180487214,0.0230205316884897,1.08493694,344.05257636810376,344.08591341663725
2024-02-05 09:21:06,0.180480276,0.0230186562017946,1.08484855,344.0653715717946,344.0991446182701
2024-02-05 09:21:10,0.180496264,0.023019270684142,1.08487751,344.08396536444695,344.1181743776154
2024-02-05 09:21:15,0.180511648,0.0230189698084622,1.08486333,344.1136488077036,344.1484027352978
2024-02-05 09:21:19,0.180516475,0.0230198276648609,1.08490376,344.10997574908106,344.1451655730662
2024-02-05 09:21:23,0.180537591,0.0230187139156062,1.08485127,344.1603948214728,344.1960205106071
2024-02-05 09:21:27,0.180535781,0.0230195588288339,1.08489109,344.1455858949114,344.1816474179555
2024-02-05 09:21:31,0.180540306,0.0230194179392349,1.08488445,344.15474154153685,344.1912388672535
2024-02-05 09:21:36,0.180554182,0.0230192579531542,1.08487691,344.17997465870616,344.2170166938395
2024-02-05 09:21:40,0.180576505,0.0230202883144384,1.08492547,344.2038003107157,344.24127807824595
2024-02-05 09:21:44,0.180574997,0.0230193538599294,1.08488143,344.21328352012887,344.2511969888261
2024-02-05 09:21:48,0.180585253,0.0230191681996897,1.08487268,344.23280230822644,344.2711514468629
2024-02-05 09:21:52,0.180579824,0.0230186307398189,1.08484735,344.2303006605337,344.269085437884
2024-02-05 09:21:57,0.180587365,0.0230184194054204,1.08483739,344.24542886309206,344.2847581449271
2024-02-05 09:22:01,0.180590382,0.0230174785854175,1.08479305,344.26270981180056,344.3024746621002
2024-02-05 09:22:05,0.180619341,0.0230178305972318,1.08480964,344.30690958063985,344.3471099681859
2024-02-05 09:22:09,0.180616324,0.0230186691449656,1.08484916,344.29012305948135,344.33075895305785
2024-02-05 09:22:13,0.180616324,0.0230179712746477,1.08481627,344.29901739255627,344.34008876094947
2024-02-05 09:22:17,0.180630201,0.0230179521781659,1.08481537,344.32248120729406,344.3639880192925
2024-02-05 09:22:22,0.180627486,0.0230175744921927,1.08479757,344.322360932345,344.36441200496216
2024-02-05 09:22:26,0.180640155,0.0230179969488065,1.08481748,344.33786286328564,344.3803493092903
2024-02-05 09:22:30,0.18065011,0.0230170945339503,1.08477495,344.36645679165514,344.40937857984306
2024-02-05 09:22:34,0.18065373,0.0230169600098452,1.08476861,344.37398871132837,344.4173458104976
2024-02-05 09:22:38,0.180657953,0.0230162175810698,1.08473362,344.39067861411604,344.43447099306684
2024-02-05 09:22:42,0.180661875,0.0230160896346418,1.08472759,344.3986376728755,344.4428653004103
2024-02-05 09:22:47,0.180673036,0.0230167872927766,1.08476047,344.4077802570298,344.4525519014265
2024-02-05 09:22:51,0.180677863,0.0230171584010728,1.08477796,344.41060629594296,344.45581311873747
2024-02-05 09:22:55,0.180695359,0.0230177537869384,1.08480602,344.4320190251942,344.47766099519623
2024-02-05 09:22:59,0.180698376,0.0230177153817917,1.08480421,344.43723824085913,344.48331532688064
2024-02-05 09:23:03,0.180699582,0.0230162816603754,1.08473664,344.45803716153915,344.5045493323944
2024-02-05 09:23:07,0.180711347,0.0230171265736031,1.08477646,344.466346149713,344.5132933742184
2024-02-05 09:23:12,0.18072281,0.0230177728834202,1.08480692,344.47668811443555,344.52417911215525
2024-02-05 09:23:16,0.180728843,0.0230176001663515,1.08479878,344.48884348917386,344.5367694703889
2024-02-05 09:23:20,0.180736083,0.023016460742938,1.08474508,344.5159904544683,344.5643513880024
2024-02-05 09:23:24,0.180739703,0.0230162239465638,1.08473392,344.52489268815367,344.5736885428328
2024-02-05 09:23:28,0.180741211,0.0230164223377913,1.08474327,344.52437275300906,344.57360349766145
2024-02-05 09:23:33,0.180743323,0.0230151615456268,1.08468385,344.54430007963265,344.59407439291965
2024-02-05 09:23:37,0.18074272,0.0230159871501895,1.08472276,344.53178921264015,344.5819983457719
2024-02-05 09:23:41,0.180751166,0.0230150142905338,1.08467691,344.5587667285023,344.6094106503143
2024-02-05 09:23:45,0.180762026,0.0230149565767222,1.08467419,344.5776114514388,344.6286901307688
2024-02-05 09:23:49,0.180762629,0.0230148990750937,1.08467148,344.5789739659186,344.6304873716064
2024-02-05 09:23:54,0.18077741,0.0230147518200008,1.08466454,344.60559090853917,344.65764767835884
2024-02-05 09:23:58,0.180778014,0.0230147902251475,1.08466635,344.60567148279193,344.6581629088674
2024-02-05 09:24:02,0.180774394,0.0230144957149616,1.08465247,344.60301004007675,344.6559360912552
2024-02-05 09:24:06,0.180793398,0.0230163518929918,1.08473995,344.6101143675074,344.66347501263823
2024-02-05 09:24:10,0.180797018,0.0230147902251475,1.08466635,344.6367539408382,344.6905491487731
2024-02-05 09:24:15,0.18080094,0.0230143420943748,1.08464523,344.648894213559,344.7032325811999
2024-02-05 09:24:19,0.180813308,0.023014719780348,1.08466303,344.6644807686805,344.71925362904983
2024-02-05 09:24:23,0.180818134,0.0230147325113358,1.08466363,344.672100339536,344.72730766149255
2024-02-05 09:24:27,0.180824168,0.0230147390890129,1.08466394,344.68186100064804,344.737502753053
2024-02-05 09:24:31,0.180813308,0.0230133051554135,1.08459636,344.6821189804079,344.7381951321246
2024-02-05 09:24:35,0.180832614,0.0230136189742643,1.08461115,344.7103855873063,344.7668961072003
2024-02-05 09:24:40,0.180838949,0.0230148861319227,1.08467087,344.7036702517086,344.7607236880449
2024-02-05 09:24:44,0.180839552,0.0230144957149616,1.08465247,344.70949169604467,344.766979430514
2024-02-05 09:24:48,0.180842871,0.0230144254823453,1.08464916,344.71565432932556,344.7735763308008
2024-02-05 09:24:52,0.180852524,0.0230144573098149,1.08465066,344.7312449325384,344.7896011698946
2024-02-05 09:24:56,0.18085192,0.0230141693773061,1.08463709,344.73363748098876,344.7924279231032
2024-02-05 09:25:00,0.180861875,0.0230142077824528,1.0846389,344.74965498926366,344.80887960501593
2024-02-05 09:25:05,0.180870925,0.0230142077824528,1.0846389,344.7645360586525,344.8243033476922
2024-02-05 09:25:09,0.180872735,0.0230130813022103,1.08458581,344.7822757955004,344.84247718816505
2024-02-05 09:25:13,0.180876958,0.0230135869346115,1.08460964,344.782266016693,344.84290148186926
2024-02-05 09:25:17,0.18088088,0.0230129083729585,1.08457766,344.7976064327259,344.8586759393029
2024-02-05 09:25:21,0.180883896,0.0230128315626651,1.08457404,344.8033418926779,344.8648454095468
2024-02-05 09:25:25,0.180886008,0.0230132860589317,1.08459546,344.8004188526452,344.86235634869945
2024-02-05 09:25:30,0.180887516,0.0230121532131952,1.08454207,344.81762359817736,344.8801035244732
2024-02-05 09:25:34,0.180901091,0.0230132987899196,1.08459606,344.82497893813303,344.8878927736327
2024-02-05 09:25:38,0.180905314,0.0230122811596232,1.0845481,344.84537738151715,344.9087250951214
2024-02-05 09:25:42,0.180903504,0.0230127356558898,1.08456952,344.8357687562516,344.8995503168633
2024-02-05 09:25:46,0.180916174,0.0230136123965872,1.08461084,344.8451826223213,344.90939799884575
2024-02-05 09:25:50,0.180924017,0.0230124220492222,1.08455474,344.8740664960197,344.9387156573641
2024-02-05 09:25:55,0.180931257,0.0230132219796261,1.08459244,344.8751450748123,344.94033642346125
2024-02-05 09:25:59,0.18093005,0.0230127611178656,1.08457072,344.8788298020995,344.94445486561835
2024-02-05 09:26:03,0.180944228,0.0230126843075721,1.0845671,344.9035910779264,344.9696498252298
2024-02-05 09:26:07,0.180938497,0.0230131581125037,1.08458943,344.8870397222258,344.9535321222305
2024-02-05 09:26:11,0.180936083,0.0230118009891977,1.08452547,344.9006789958252,344.9676050174504
2024-02-05 09:26:16,0.180956596,0.0230117882582098,1.08452487,344.9352724404702,345.0027404454169
2024-02-05 09:26:20,0.180956295,0.0230136060310933,1.08461054,344.90996283055256,344.97786438719584
2024-02-05 09:26:24,0.180972584,0.0230134780846653,1.08460451,344.9390069394189,345.0073420166851
2024-02-05 09:26:28,0.180972282,0.0230130940331981,1.08458641,344.9432062728702,345.0119748396879
2024-02-05 09:26:32,0.180964741,0.0230118523375154,1.08452789,344.94656292668657,345.0157649519865
2024-02-05 09:26:36,0.180969568,0.0230123195647699,1.08454991,344.9480943322488,345.01772978496405
2024-02-05 09:26:41,0.180967154,0.0230110074242877,1.08448807,344.96102692302173,345.0312041163216
2024-02-05 09:26:45,0.180977411,0.0230109881156228,1.08448716,344.97833645359594,345.0489470044185
2024-02-05 09:26:49,0.180979522,0.0230108153985541,1.08447902,344.983817135056,345.0548610123415
2024-02-05 09:26:53,0.180977109,0.0230102265903656,1.08445127,344.9871647381567,345.0586419108477
2024-02-05 09:26:57,0.1809937,0.0230116730427697,1.08451944,344.99562000597587,345.06753044301706
2024-02-05 09:27:02,0.180990382,0.0230092728271916,1.08440632,345.02160497020935,345.09405694402017
2024-02-05 09:27:06,0.181001543,0.023010841072713,1.08448023,345.0191692126113,345.092054380906
2024-02-05 09:27:10,0.18099732,0.0230099257146858,1.08443709,345.02381115793,345.0971294896606
2024-02-05 09:27:14,0.180998527,0.023009496892578,1.08441688,345.0311859612813,345.10493742540183
2024-02-05 09:27:18,0.181007878,0.0230098104992456,1.08443166,345.0424883203643,345.11667288583124
2024-02-05 09:27:23,0.181008482,0.0230094328132724,1.08441386,345.04804161581114,345.1227675143094
2024-02-05 09:27:27,0.181012705,0.0230095159890598,1.08441778,345.0536922700405,345.1288512000451
2024-02-05 09:27:31,0.181022961,0.0230101241059133,1.08444644,345.06258742904987,345.13817935952454
2024-02-05 09:27:35,0.181032916,0.0230099961594853,1.08444041,345.0808408110222,345.1568657109327
2024-02-05 09:27:39,0.181029598,0.0230099384456736,1.08443769,345.0755256366911,345.1519834750056
2024-02-05 09:27:43,0.181031709,0.0230086710758321,1.08437796,345.0956903846182,345.17258113030687
2024-02-05 09:27:48,0.181029296,0.0230095991648471,1.0844217,345.0785872683304,345.15601910460475
2024-02-05 09:27:52,0.181043474,0.0230096952838055,1.08442623,345.1010352043687,345.17889987820854
2024-02-05 09:27:56,0.181049206,0.0230089655860179,1.08439184,345.120162231171,345.1984597115539
2024-02-05 09:28:00,0.181045586,0.0230083063330299,1.08436077,345.1224016930954,345.2011319490011
2024-02-05 09:28:04,0.181045586,0.0230086390361793,1.08437645,345.117505793199,345.1966687936094
2024-02-05 09:28:08,0.181047697,0.0230079734176973,1.08434508,345.12960144020866,345.20919715410804
2024-02-05 09:28:13,0.181046792,0.0230074357456433,1.08431974,345.1347310288539,345.21486759100185
2024-02-05 09:28:17,0.181056144,0.0230080949986314,1.08435081,345.1413980508378,345.2219672566972
2024-02-05 09:28:21,0.18106821,0.0230078134316165,1.08433754,345.16531445778827,345.2463162763506
2024-02-05 09:28:25,0.18107002,0.0230068212632959,1.08429078,345.18128091574636,345.26271531600526
2024-02-05 09:28:29,0.181072433,0.0230082999675359,1.08436047,345.16512109915567,345.246988050107
2024-02-05 09:28:33,0.181077562,0.0230081974830837,1.08435564,345.1748080420988,345.2571075127406
2024-02-05 09:28:38,0.18108088,0.0230081015763084,1.08435112,345.1812111765219,345.26405125318377
2024-02-05 09:28:42,0.18108088,0.0230075254991077,1.08432397,345.1885088044747,345.27178133108083
2024-02-05 09:28:46,0.181085103,0.023007346204362,1.08431552,345.1976823820991,345.2813873276549
2024-02-05 09:28:50,0.18108631,0.0230070005580416,1.08429923,345.20394632745524,345.28808366096814
2024-02-05 09:28:54,0.181087215,0.0230065781014277,1.08427932,345.2107264113205,345.2952961018002
2024-02-05 09:28:59,0.181091438,0.0230057459191879,1.0842401,345.22855533005094,345.3136654231626
2024-02-05 09:29:03,0.181089025,0.0230056693210776,1.08423649,345.2250367123406,345.3105790926992
2024-02-05 09:29:07,0.181091136,0.0230055925107842,1.08423287,345.22923487683795,345.3152095134604
2024-02-05 09:29:11,0.181097773,0.0230063604015353,1.08426906,345.22981282929504,345.31621969120056
2024-02-05 09:29:15,0.181102599,0.0230047475975565,1.08419305,345.2592576903297,345.34609674653973
2024-02-05 09:29:19,0.181110141,0.0230046451131042,1.08418822,345.2730618614772,345.36033308101526
2024-02-05 09:29:24,0.181117079,0.0230062197241194,1.08426243,345.26321442955674,345.3510258096978
2024-02-05 09:29:28,0.181119492,0.0230064821946525,1.0842748,345.26337347113065,345.35161694491103
2024-02-05 09:29:32,0.181120699,0.0230060981431854,1.0842567,345.27015473881045,345.358830275261
2024-02-05 09:29:36,0.18112824,0.023006142913826,1.08425881,345.28197980152675,345.3710873696806
2024-02-05 09:29:40,0.181122509,0.023004805099185,1.08419576,345.289735548094,345.3792751169864
2024-02-05 09:29:45,0.181128844,0.0230055795676132,1.08423226,345.28960042116614,345.37967994744093
2024-02-05 09:29:49,0.181133067,0.0230050482610531,1.08420722,345.30350235003135,345.3940138073822
2024-02-05 09:29:53,0.181132464,0.0230046130734514,1.08418671,345.3078850961294,345.39882845359875
2024-02-05 09:29:57,0.181138195,0.0230050866661998,1.08420903,345.3108670862786,345.4022423129112
2024-02-05 09:30:01,0.181143625,0.0230051123403587,1.08421024,345.3193496947424,345.41115675958514
2024-02-05 09:30:05,0.181136989,0.0230035697689962,1.08413754,345.3283145986694,345.42055347077144
2024-02-05 09:30:10,0.1811391,0.0230041778858497,1.0841662,345.3232090739599,345.41598766161485
2024-02-05 09:30:14,0.181150262,0.0230039665514512,1.08415624,345.34464927979855,345.4378596050815
2024-02-05 09:30:18,0.181157501,0.0230051316490236,1.08421115,345.3409166084297,345.434558640397
2024-02-05 09:30:22,0.181166551,0.023005073935212,1.08420843,345.3566918628656,345.4507655705758
2024-02-05 09:30:26,0.181162328,0.0230051059748647,1.08420994,345.3486289663711,345.44313431888503
2024-02-05 09:30:31,0.181167758,0.0230058931742808,1.08424704,345.3467780457439,345.4418229107576
2024-02-05 09:30:35,0.181181031,0.0230046835182509,1.08419003,345.3852238062058,345.48070024641805
2024-02-05 09:30:39,0.181179523,0.023004926680119,1.08420149,345.37895512529934,345.4748631097782
2024-02-05 09:30:43,0.181181332,0.0230047155579037,1.08419154,345.38444372710757,345.48078322492324
2024-02-05 09:30:47,0.181187064,0.0230049907594246,1.08420451,345.3900905782243,345.4868615584492
2024-02-05 09:30:51,0.181187366,0.0230047860027032,1.08419486,345.39292406315485,345.49012649486366
2024-02-05 09:30:56,0.181186159,0.0230039154153166,1.08415383,345.4020193748344,345.4997610774127
2024-02-05 09:31:00,0.181199432,0.0230047666940382,1.08419395,345.41278816729505,345.51096125178327
2024-02-05 09:31:04,0.181191589,0.0230044594528645,1.08417947,345.4031091539892,345.5017135894692
2024-02-05 09:31:08,0.181198527,0.0230031984485169,1.08412004,345.4314475824637,345.5304833380196
2024-02-05 09:31:12,0.181197622,0.023003742698248,1.08414569,345.42216205589733,345.52162910061537
2024-02-05 09:31:16,0.181207577,0.0230041906168375,1.0841668,345.4326903708726,345.5325886738413
2024-02-05 09:31:21,0.181212705,0.0230045105889991,1.08418188,345.4365978795509,345.537035211867
2024-02-05 09:31:25,0.181214515,0.0230033650122747,1.08412789,345.4546425774097,345.55551109843367
2024-02-05 09:31:29,0.181226883,0.023004926680119,1.08420149,345.45432326345355,345.5556229422811
2024-02-05 09:31:33,0.181221755,0.02300520188164,1.08421446,345.4414508654395,345.5431816711685
2024-02-05 09:31:37,0.181234726,0.0230056116072659,1.08423377,345.45763422618336,345.559796127914
2024-02-05 09:31:42,0.181238044,0.0230052723264395,1.08421778,345.46731110369655,345.5700118319796
2024-02-05 09:31:46,0.181230201,0.0230044914925173,1.08418098,345.4639955718718,345.5671273266399
2024-02-05 09:31:50,0.181235933,0.0230037170240891,1.08414448,345.4837444352739,345.58730718563424
2024-02-05 09:31:54,0.18123533,0.0230037361205709,1.08414538,345.4820285739301,345.58602228899235
2024-02-05 09:31:58,0.181242268,0.0230040883445684,1.08416198,345.48869687809366,345.5931215269695
2024-02-05 09:32:03,0.181241061,0.0230032113916879,1.08412065,345.4978828069219,345.60284607963155
2024-02-05 09:32:07,0.181247094,0.0230034161484093,1.0841303,345.50498930189923,345.61038343893205
2024-02-05 09:32:11,0.181246491,0.023003064136595,1.08411371,345.5082601545212,345.6140851249961
2024-02-05 09:32:15,0.181246189,0.023002660988646,1.08409471,345.5127316445733,345.61898741761144
2024-02-05 09:32:19,0.181255239,0.0230032945674752,1.08412457,345.51922104291936,345.6259075876441
2024-02-05 09:32:24,0.181259161,0.0230029552866488,1.08410858,345.52993051998,345.6371554858962
2024-02-05 09:32:28,0.181257954,0.0230030961762477,1.08411522,345.525548063726,345.63320373186446
2024-02-05 09:32:32,0.181265495,0.0230033970519275,1.0841294,345.53393456925835,345.6420209087497
2024-02-05 09:32:36,0.181272434,0.0230027441644334,1.08409863,345.5541120993621,345.6626290793391
2024-02-05 09:32:40,0.181268512,0.023002795300568,1.08410104,345.54630544415585,345.6552530337535
2024-02-05 09:32:44,0.181269417,0.0230032882019813,1.08412427,345.5407940844412,345.6501722527967
2024-02-05 09:32:49,0.181281182,0.0230030705020889,1.08411401,345.56324600575925,345.6731623541647
2024-02-05 09:32:53,0.181273942,0.023002648045475,1.0840941,345.5561458867769,345.66649274450697
2024-02-05 09:32:57,0.181276959,0.0230033586467808,1.08412759,345.5513104290522,345.6620877652513
2024-02-05 09:33:01,0.181285707,0.0230027121247806,1.08409712,345.57448846525244,345.6856962490672
2024-02-05 09:33:05,0.181283897,0.0230021360475799,1.08406997,345.57871423602506,345.6903524366042
2024-02-05 09:33:09,0.181287818,0.0230019376563524,1.08406062,345.58763785310913,345.69970643960374
2024-02-05 09:33:14,0.181290533,0.0230020849114453,1.08406756,345.58975101566455,345.7023575411755
2024-02-05 09:33:18,0.181292343,0.0230017904012595,1.08405368,345.5963666153105,345.7094034573348
2024-02-05 09:33:22,0.181303203,0.0230016942823011,1.08404915,345.6157507356452,345.7292178633411
2024-02-05 09:33:26,0.181301091,0.0230008879864033,1.08401115,345.6225580130269,345.7364553955548
2024-02-05 09:33:30,0.181304108,0.0230023471697953,1.08407992,345.6076569199895,345.721984526512
2024-02-05 09:33:34,0.181308331,0.0230014574859269,1.08403799,345.6263896309248,345.7411474306068
2024-02-05 09:33:39,0.181312253,0.0230019951579809,1.08406333,345.62531266996865,345.7406081677414
2024-02-05 09:33:43,0.181311649,0.0230019056166996,1.08405911,345.62505617912893,345.7407818006901
2024-02-05 09:33:47,0.181317381,0.0230020592372865,1.08406635,345.632336929911,345.74849264443264
2024-02-05 09:33:51,0.181324319,0.023002110373421,1.08406876,345.64305241927246,345.7596381959288
2024-02-05 09:33:55,0.181332766,0.0230028337057147,1.08410285,345.6473039767772,345.7643197847447
2024-02-05 09:33:59,0.181334877,0.0230017072254721,1.08404976,345.66562011550917,345.78306592396643
2024-02-05 09:34:04,0.181334575,0.0230027825695801,1.08410044,345.65010925506016,345.7680925207905
2024-02-05 09:34:08,0.181327034,0.0230016688203254,1.08404795,345.6517922955161,345.7702054923963
2024-02-05 09:34:12,0.181345435,0.0230025521386998,1.08408958,345.6708693562799,345.7897124534958
2024-02-05 09:34:16,0.181351167,0.0230034034174215,1.0841297,345.66876945549944,345.788042422239
2024-02-05 09:34:20,0.181355993,0.0230029552866488,1.08410858,345.6825956009169,345.8022984063704
2024-02-05 09:34:25,0.181354183,0.0230031984485169,1.08412004,345.6757019011515,345.7959419616746
2024-02-05 09:34:29,0.181367758,0.0230031600433702,1.08411823,345.6989404169586,345.8196102468817
2024-02-05 09:34:33,0.181358105,0.023002398518113,1.08408234,345.69228754419385,345.8133871127145
2024-02-05 09:34:37,0.181362026,0.0230028848418493,1.08410526,345.692005655077,345.8135349313948
2024-02-05 09:34:41,0.181370171,0.0230036593102775,1.08414176,345.6950531209991,345.81701207431587
2024-02-05 09:34:46,0.181364741,0.0230024112491008,1.08408294,345.7020378717268,345.82453387798574
2024-02-05 09:34:50,0.18136625,0.0230025648696877,1.08409018,345.7021161081408,345.8250417221109
2024-02-05 09:34:54,0.181373791,0.0230016431461665,1.08404674,345.72694373826573,345.850298929156
2024-02-05 09:34:58,0.181374696,0.0230019119821935,1.08405941,345.7244421859493,345.848226922971
2024-02-05 09:35:02,0.18136987,0.0230018799425408,1.0840579,345.716212443587,345.8404266959535
2024-02-05 09:35:06,0.18137168,0.0230010734344598,1.08401989,345.72971691134757,345.85436064827456
2024-02-05 09:35:11,0.181384349,0.0230019247131814,1.08406001,345.73933923986004,345.8645197892004
2024-02-05 09:35:15,0.181390081,0.0230021424130738,1.08407027,345.7457582375177,345.8713682021618
2024-02-05 09:35:19,0.181387668,0.0230010286638191,1.08401778,345.7561935616864,345.882232910857
2024-02-05 09:35:23,0.181388874,0.0230019056166996,1.08405911,345.74602574974165,345.8724944526638
2024-02-05 09:35:27,0.181398226,0.0230020015234748,1.08406363,345.76025715133676,345.8871551772376
2024-02-05 09:35:32,0.181402147,0.0230020783337683,1.08406725,345.7653749913032,345.89280962765656
2024-02-05 09:35:36,0.181409689,0.0230032882019813,1.08412427,345.7615357248151,345.88939961491644
2024-02-05 09:35:40,0.181409689,0.023002116738915,1.08406906,345.77686348047666,345.90515659356043
2024-02-05 09:35:44,0.181406672,0.0230028528021965,1.08410375,345.7613879539317,345.89011025923446
2024-02-05 09:35:48,0.181404862,0.0230011247827775,1.08402231,345.78111568646693,345.9102671532275
2024-02-05 09:35:52,0.181415119,0.0230019183476875,1.08405971,345.78750615832246,345.9170867557818
2024-02-05 09:35:57,0.181414817,0.0230012015930709,1.08402593,345.79609683534,345.92621380292127
2024-02-05 09:36:01,0.181416928,0.0230019312908585,1.08406032,345.78945206839813,345.91999809747847
2024-02-05 09:36:05,0.181411499,0.0230012720378704,1.08402925,345.7886316704942,345.9196067303218
2024-02-05 09:36:09,0.18141542,0.023001054337978,1.08401899,345.79781929092997,345.92922335075514
2024-02-05 09:36:13,0.18141904,0.0230012974998461,1.08403045,345.8002935564823,345.9321265855576
2024-02-05 09:36:17,0.181422057,0.0230010800121368,1.0840202,345.8079365601168,345.9401985276971
2024-02-05 09:36:22,0.181425375,0.0230004462211245,1.08399033,345.8215870756677,345.95438517314705
2024-02-05 09:36:26,0.181433218,0.0230009198138729,1.08401265,345.8281641348665,345.96139110168207
2024-02-05 09:36:30,0.181426883,0.0230003310056843,1.0839849,345.82485184196713,345.9585076473808
2024-02-05 09:36:34,0.181429297,0.0230008495812565,1.08400934,345.82156335511235,345.95564796838835
2024-02-05 09:36:38,0.18143533,0.0230012143240588,1.08402653,345.82651760440024,345.9610309948049
2024-02-05 09:36:43,0.181431106,0.0229995244976033,1.08394689,345.8415139037885,345.9765632223881
2024-02-05 09:36:47,0.181438648,0.0230000430731755,1.08397133,345.84697221105876,345.9824502376443
2024-02-05 09:36:51,0.181438045,0.0230004014504838,1.08398822,345.8406926491753,345.9765993530203
2024-02-05 09:36:55,0.181441966,0.0229993581460286,1.08393905,345.8609915968437,345.9973269472238
2024-02-05 09:36:59,0.181435631,0.022999838104271,1.08396167,345.84329803594403,345.98006200213723
2024-02-05 09:37:03,0.181437743,0.0229997165233369,1.08395594,345.8481081209796,345.9853006722659
2024-02-05 09:37:08,0.181449508,0.0229982253002921,1.08388566,345.88771067833267,346.02543891778896
2024-02-05 09:37:12,0.181455541,0.0229997742371485,1.08395866,345.8767271544934,346.0148839099311
2024-02-05 09:37:16,0.181461574,0.0229994156476571,1.08394176,345.89141593335233,346.0300011740587
2024-02-05 09:37:20,0.181465797,0.0229996590217084,1.08395323,345.89491567422465,346.0339293694892
2024-02-05 09:37:24,0.181464591,0.0229993708770165,1.08393965,345.8963081384882,346.0357502576026
2024-02-05 09:37:28,0.181458557,0.0229992429305885,1.08393362,345.88730868772086,346.0271791999789
2024-02-05 09:37:33,0.181471227,0.0230001517109386,1.08397645,345.89615494600633,346.0365609065168
2024-02-05 09:37:37,0.181476355,0.0229999342232293,1.0839662,345.90740107892935,346.0482353635027
2024-02-05 09:37:41,0.181473339,0.0230000046680288,1.08396952,345.90087997635675,346.04214255429406
2024-02-05 09:37:45,0.181476355,0.0230003630453371,1.08398641,345.9007729977987,346.04246383840314
2024-02-05 09:37:49,0.181487215,0.0230007534622982,1.08400481,345.913614714297,346.05573378687404
2024-02-05 09:37:54,0.181481484,0.0230008750432323,1.08401054,345.901667500668,346.0443218200498
2024-02-05 09:37:58,0.181480579,0.0230009518535257,1.08401416,345.89866190550924,346.0417443878088
2024-02-05 09:38:02,0.181496265,0.0230007407313103,1.08400421,345.92783164308076,346.0713422576107
2024-02-05 09:38:06,0.181490232,0.0229995885769089,1.08394991,345.93262090348753,346.07655961956254
2024-02-05 09:38:10,0.181485405,0.0229991213496544,1.08392789,345.93024795959633,346.0746147465334
2024-02-05 09:38:14,0.181492947,0.0229987884343218,1.0839122,345.94716730044865,346.09196212756694
2024-02-05 09:38:19,0.181488723,0.0229994029166693,1.08394116,345.931154810858,346.07648464506127
2024-02-05 09:38:23,0.181501393,0.0229997742371485,1.08395866,345.94734146724335,346.093099272604
2024-02-05 09:38:27,0.18149898,0.022999172485789,1.0839303,345.95089791663526,346.0970836624796
2024-02-05 09:38:31,0.181495662,0.0229989677290676,1.08392065,345.94756631925895,346.09417997491545
2024-02-05 09:38:35,0.181494455,0.0229984620966663,1.08389682,345.95188635032144,346.0989278851209
2024-02-05 09:38:40,0.181499282,0.0229985836776004,1.08390255,345.95794930550176,346.1055256461044
2024-02-05 09:38:44,0.1815026,0.0229991661202951,1.08393,345.9553405127255,346.1033446634732
2024-02-05 09:38:48,0.181515269,0.0229992620270703,1.08393452,345.9752334975276,346.12366542775817
2024-02-05 09:38:52,0.181507426,0.0229991661202951,1.08393,345.9627176346306,346.1115773136841
2024-02-05 09:38:56,0.181516476,0.0229985132328009,1.08389923,345.986518634545,346.13580603176365
2024-02-05 09:39:00,0.181517984,0.0229992301996006,1.08393302,345.9790103372426,346.1287254219708
2024-02-05 09:39:05,0.181514063,0.0229977899005073,1.08386514,345.9911792155133,346.14142886652246
2024-02-05 09:39:09,0.181522509,0.0229994540528038,1.08394357,345.9827534165981,346.1334306861499
2024-02-05 09:39:13,0.181518889,0.0229992108909357,1.08393211,345.9794243588124,346.1305292162584
2024-02-05 09:39:17,0.181517079,0.0229983339380552,1.08389078,345.9877163905108,346.1392488052047
2024-02-05 09:39:21,0.181521303,0.0229979371556002,1.08387208,345.99983752709954,346.15179746839743
2024-02-05 09:39:25,0.181523716,0.0229983980173608,1.0838938,345.99732098117164,346.14970841843166
2024-02-05 09:39:30,0.181531861,0.0229980396400525,1.08387691,346.0155076429894,346.1684294071153
2024-02-05 09:39:34,0.181533972,0.0229982571277618,1.08388716,346.01575286872355,346.1691020598755
2024-02-05 09:39:38,0.181531559,0.0229988909187741,1.08391703,346.0026746811593,346.1564512687026
2024-02-05 09:39:42,0.181536687,0.0229980266968815,1.0838763,346.0226328981867,346.1768368514888
2024-02-05 09:39:46,0.181537291,0.0229968363495165,1.0838202,346.03926660276363,346.19389789119424
2024-02-05 09:39:50,0.181543625,0.0229988652446153,1.08391582,346.0223222121246,346.1773808050557
2024-02-05 09:39:55,0.181550865,0.022999569268244,1.083949,346.02465866032657,346.18025134081574
2024-02-05 09:39:59,0.181551469,0.0229987563946691,1.08391069,346.0362080964739,346.19222801255825
2024-02-05 09:40:03,0.181547849,0.0229984107483486,1.0838944,346.0342600552423,346.1907071763009
2024-02-05 09:40:07,0.181550865,0.0229970731458907,1.08383136,346.05699283083356,346.21386712624764
2024-02-05 09:40:11,0.181549659,0.0229977067247199,1.08386122,346.0459749187171,346.20327635787004
2024-02-05 09:40:15,0.181556597,0.0229979564642651,1.08387299,346.05402075926713,346.21174931154457
2024-02-05 09:40:20,0.181556898,0.0229982637054388,1.08388747,346.04986250398457,346.20812490461947
2024-02-05 09:40:24,0.181562027,0.0229981675864805,1.08388294,346.0594800899733,346.2181695348583
2024-02-05 09:40:28,0.181562027,0.0229994540528038,1.08394357,346.04172753173015,346.200843990258
2024-02-05 09:40:32,0.181572283,0.0229993838201875,1.08394026,346.0597422490101,346.2192856905758
2024-02-05 09:40:36,0.181565948,0.0229982059916272,1.08388475,346.0643711345762,346.2243415285768
2024-02-05 09:40:41,0.181571378,0.0229984364225075,1.08389561,346.0699974627113,346.23050150422364
2024-02-05 09:40:45,0.181578618,0.0229988652446153,1.08391582,346.0761461406024,346.2370770657012
2024-02-05 09:40:49,0.181576506,0.0229985707344294,1.08390194,346.0760829865715,346.2374407646611
2024-02-05 09:40:53,0.181581333,0.0229989613635736,1.08392035,346.0786295228975,346.24041412338426
2024-02-05 09:40:57,0.181583746,0.0229978028436783,1.08386575,346.0979241679114,346.260135560204
2024-02-05 09:41:02,0.181585556,0.0229983148415734,1.08388988,346.093581901295,346.25632674032914
2024-02-05 09:41:06,0.181591288,0.0229984684621603,1.08389712,346.1008647371782,346.26403629919565
2024-02-05 09:41:10,0.181589176,0.0229981484899987,1.08388204,346.10114508418656,346.26474333860307
2024-02-05 09:41:14,0.181593399,0.0229983339380552,1.08389078,346.1054248661285,346.269449782362
2024-02-05 09:41:18,0.181590684,0.0229979180591184,1.08387118,346.1059685549196,346.2704201023903
2024-02-05 09:41:22,0.181597924,0.0229976426454144,1.0838582,346.12160397708186,346.28648212521205
2024-02-05 09:41:27,0.181599734,0.0229975851437858,1.08385549,346.12493340436697,346.29034476032507
2024-02-05 09:41:31,0.181592796,0.0229971433785071,1.08383467,346.1186214764808,346.2844593643067
2024-02-05 09:41:35,0.181603052,0.0229977260333848,1.08386213,346.1278430337398,346.29410742286296
2024-02-05 09:41:39,0.181610896,0.0229989356894148,1.08391914,346.12450254777855,346.29119340763066
2024-02-05 09:41:43,0.181606672,0.0229991661202951,1.08393,346.11376601909245,346.2808833191073
2024-02-05 09:41:48,0.181612705,0.0229978796539717,1.08386937,346.1408561303018,346.3085064375398
2024-02-05 09:41:52,0.181599734,0.0229971690526659,1.08383588,346.1278737337946,346.29595041242953
2024-02-05 09:41:56,0.181601544,0.0229956521554623,1.08376439,346.15097347989933,346.3194764993722
2024-02-05 09:42:00,0.181603957,0.0229965993409591,1.08380903,346.1419018317485,346.3108311615024
2024-02-05 09:42:04,0.181608181,0.022997828305654,1.08386695,346.13212436382014,346.3014799733004
2024-02-05 09:42:08,0.181619342,0.0229973290387467,1.08384342,346.15746647045006,346.32724832910424
2024-02-05 09:42:13,0.181626582,0.022998493924136,1.08389832,346.153590619383,346.3239052465436
2024-02-05 09:42:17,0.181623867,0.0229973994835462,1.08384674,346.163278478927,346.3340192865264
2024-02-05 09:42:21,0.18162809,0.0229978155746661,1.08386635,346.16445072403104,346.335617681524
2024-02-05 09:42:25,0.181629297,0.0229979180591184,1.08387118,346.1647029638911,346.3362960407345
2024-02-05 09:42:29,0.181630202,0.0229976876282381,1.08386032,346.1689257093287,346.34094487498146
2024-02-05 09:42:33,0.181630805,0.0229962345981569,1.08379184,346.1891083008022,346.36155352472565
2024-02-05 09:42:38,0.181628392,0.0229966122841301,1.08380964,346.17936909853495,346.35234685235486
2024-02-05 09:42:42,0.181632615,0.0229974378886929,1.08384855,346.1750230340639,346.3484267774502
2024-02-05 09:42:46,0.181643475,0.0229988845532802,1.08391673,346.17363202112597,346.347461723547
2024-02-05 09:42:50,0.181650715,0.0229991788512829,1.0839306,346.18159212576705,346.3558477566933
2024-02-05 09:42:54,0.18164981,0.0229977771695194,1.08386454,346.1985098315862,346.3731913604904
2024-02-05 09:42:58,0.181645586,0.0229973099422649,1.08384252,346.19717362904294,346.3722810254
2024-02-05 09:43:03,0.181644681,0.0229960489379173,1.08378309,346.2120913796514,346.3877310674019
2024-02-05 09:43:07,0.181644078,0.022997162687172,1.08383558,346.19562709618174,346.3716925827116
2024-02-05 09:43:11,0.181649508,0.0229971115510374,1.08383317,346.20515480068696,346.3816460554782
2024-02-05 09:43:15,0.181650715,0.0229964777600251,1.0838033,346.2153299431815,346.3922469357183
2024-02-05 09:43:19,0.181654938,0.0229969065821329,1.08382351,346.21633008225723,346.393672782026
2024-02-05 09:43:24,0.181654636,0.0229974762938396,1.08385036,346.20760485856795,346.3854796494702
2024-02-05 09:43:28,0.181658859,0.0229963370826092,1.08379667,346.22973786334677,346.40803829283334
2024-02-05 09:43:32,0.181659161,0.0229970731458907,1.08383136,346.2199070166731,346.39863305423745
2024-02-05 09:43:36,0.181665798,0.0229969833924263,1.08382713,346.2320149368235,346.4111665519613
2024-02-05 09:43:40,0.181664289,0.0229969195253039,1.08382412,346.2298755715395,346.4094527337486
2024-02-05 09:43:45,0.181664893,0.0229962730033036,1.08379365,346.23908827968773,346.41919733284567
2024-02-05 09:43:49,0.181667306,0.0229968363495165,1.0838202,346.23518680043463,346.4157213320421
2024-02-05 09:43:53,0.181662781,0.0229955239968512,1.08375835,346.244729693745,346.4256896733069
2024-02-05 09:43:57,0.181673942,0.022997303576771,1.08384222,346.2393606468277,346.4207460438513
2024-02-05 09:44:01,0.181672132,0.0229966634202647,1.08381205,346.2444754558527,346.4262862398472
2024-02-05 09:44:06,0.181670926,0.0229960298414355,1.08378219,346.2504261768008,346.43276865163483
2024-02-05 09:44:10,0.181673641,0.0229956392122913,1.08376378,346.259898958094,346.442666751303
2024-02-05 09:44:14,0.181678467,0.0229961961930102,1.08379003,346.26019993812366,346.44339301922406
2024-02-05 09:44:18,0.181680277,0.0229962536946387,1.08379274,346.2620878389221,346.4457061774325
2024-02-05 09:44:22,0.181683897,0.0229959848586117,1.08378007,346.2714632167434,346.4555067821846
2024-02-05 09:44:26,0.181683595,0.0229965225306657,1.08380541,346.2632747625357,346.4477435244307
2024-02-05 09:44:31,0.181693249,0.0229974251577051,1.08384795,346.2670476021387,346.452047816746
2024-02-05 09:44:35,0.181686612,0.02299649706869,1.08380421,346.26780907306926,346.45323441556513
2024-02-05 09:44:39,0.181693852,0.0229967786357049,1.08381748,346.275941362606,346.46179180252045
2024-02-05 09:44:43,0.181702298,0.022997034740744,1.08382955,346.2864743803339,346.4727498871993
2024-02-05 09:44:47,0.18170079,0.0229967081909054,1.08381416,346.2878785889817,346.47457913233245
2024-02-05 09:44:51,0.181701393,0.0229965993409591,1.08380903,346.2899498534513,346.477075402824
2024-02-05 09:44:56,0.181700488,0.0229971883613308,1.08383679,346.2799340308297,346.46759079489414
2024-02-05 09:45:00,0.181705918,0.0229972651716243,1.08384041,346.2877381637295,346.4758198652814
2024-02-05 09:45:04,0.181708332,0.0229970027010912,1.08382804,346.29497034993204,346.4834769585151
2024-02-05 09:45:08,0.181705315,0.0229960168982645,1.08378158,346.30268812739644,346.4916196125566
2024-02-05 09:45:12,0.181705918,0.0229960937085579,1.0837852,346.3022565856198,346.4916129169051
2024-02-05 09:45:16,0.18171346,0.0229957160225847,1.0837674,346.3197927906438,346.5095739376046
2024-02-05 09:45:21,0.181714063,0.0229958825863426,1.08377525,346.31804489243416,346.50835701617274
2024-02-05 09:45:25,0.181707427,0.0229955689796749,1.08376047,346.3105255033502,346.5012623742604
2024-02-05 09:45:29,0.181723414,0.0229953192401297,1.0837487,346.3407472363102,346.5319088239494
2024-02-05 09:45:33,0.18172251,0.0229963241394382,1.08379606,346.3252300974288,346.51681637135647
2024-02-05 09:45:37,0.181723414,0.0229961514223696,1.08378792,346.3286767211851,346.52068765096305
2024-02-05 09:45:42,0.181720398,0.0229956328467974,1.08376348,346.32999210540225,346.5225338121926
2024-02-05 09:45:46,0.181729749,0.0229971179165314,1.08383347,346.32549891817894,346.5184652123414
2024-02-05 09:45:50,0.181734878,0.0229962218671691,1.08379124,346.34590760420764,346.53929845531115
2024-02-05 09:45:54,0.181727034,0.0229963114084504,1.08379546,346.3308917719727,346.5247071495882
2024-02-05 09:45:58,0.181725224,0.0229951656195429,1.08374146,346.34282894962536,346.5370688233261
2024-02-05 09:46:02,0.181724923,0.0229955753451689,1.08376077,346.3363658987964,346.53103023815765
2024-02-05 09:46:07,0.181729146,0.0229947688370879,1.08372276,346.35391698599784,346.5491118646535
2024-02-05 09:46:11,0.181734274,0.0229952360643424,1.08374478,346.3559420114491,346.55156128731795
2024-02-05 09:46:15,0.181728241,0.0229948520128752,1.08372668,346.35040228750637,346.5464459301708
2024-02-05 09:46:19,0.181736386,0.0229951785627139,1.08374207,346.3594725931565,346.5559405722012
2024-02-05 09:46:23,0.181738799,0.0229952296988484,1.08374448,346.3624761237068,346.55936840871857
2024-02-05 09:46:28,0.181738799,0.022995024942127,1.08373483,346.36470714127563,346.562129765981
2024-02-05 09:46:32,0.181738497,0.0229953385487946,1.08374961,346.3595382935155,346.55738515576627
2024-02-05 09:46:36,0.181743626,0.0229951976591957,1.08374297,346.369766035331,346.56803710472104
2024-02-05 09:46:40,0.181740911,0.0229945640803664,1.08371311,346.3732538363887,346.5719490825141
2024-02-05 09:46:44,0.181748754,0.0229944231907674,1.08370647,346.3881133104936,346.5872327029527
2024-02-05 09:46:49,0.181749659,0.0229956457899684,1.08376409,346.37263834059974,346.5722878732267
2024-02-05 09:46:53,0.181743324,0.0229949415541565,1.0837309,346.37090211876034,346.57097572932497
2024-02-05 09:46:57,0.181747849,0.0229946024855131,1.08371492,346.382772509182,346.5832701672897
2024-02-05 09:47:01,0.181749357,0.0229944936355669,1.08370979,346.3863898670407,346.5873115422989
2024-02-05 09:47:05,0.181747246,0.0229934503311117,1.08366062,346.39643575221936,346.59778141423783
2024-02-05 09:47:09,0.181751469,0.0229939432325251,1.08368385,346.3965697331704,346.598339351561
2024-02-05 09:47:14,0.181755089,0.0229943336494861,1.08370225,346.39695109577536,346.59925061690114
2024-02-05 09:47:18,0.181761122,0.0229947111232762,1.08372004,346.4017306092709,346.6044540184035
2024-02-05 09:47:22,0.181760519,0.0229945895423422,1.08371431,346.4019177095163,346.60506497627466
2024-02-05 09:47:26,0.181763535,0.0229939686945008,1.08368505,346.4150150953945,346.61858618939976
2024-02-05 09:47:30,0.181756295,0.0229940327738064,1.08368807,346.4013720819606,346.60536697283607
2024-02-05 09:47:34,0.181772283,0.0229956008071446,1.08376197,346.40708006115483,346.61149871852604
2024-02-05 09:47:39,0.181772283,0.0229945768113543,1.08371371,346.4203627895179,346.62531111229794
2024-02-05 09:47:43,0.181771982,0.0229944295562614,1.08370677,346.4214118374202,346.6267838583612
2024-02-05 09:47:47,0.181761725,0.0229933542121534,1.08365609,346.4179909136177,346.6237866023523
2024-02-05 09:47:51,0.181776808,0.0229937703032733,1.0836757,346.4376932708036,346.6439125969665
2024-02-05 09:47:55,0.18176263,0.0229933221725006,1.08365458,346.4191202850602,346.6257632182884
2024-02-05 09:48:00,0.181777412,0.0229931751295908,1.08364765,346.4458004364898,346.6529728358547
2024-02-05 09:48:04,0.18178254,0.0229935655465519,1.08366605,346.4488607213685,346.65645665948966
2024-02-05 09:48:08,0.181778015,0.0229937575722854,1.0836751,346.4381246308094,346.6461440773308
2024-02-05 09:48:12,0.181774093,0.0229938023429261,1.08367721,346.4304043316247,346.6388472561925
2024-02-05 09:48:16,0.181778618,0.0229942759356745,1.08369953,346.4313137626389,346.64018013490147
2024-02-05 09:48:20,0.181774093,0.0229926308798597,1.083622,346.44536178837427,346.6546515779821
2024-02-05 09:48:25,0.181783445,0.0229934951017524,1.08366273,346.449132451308,346.65895146992176
2024-02-05 09:48:29,0.181784048,0.022993539872393,1.08366484,346.44913411097536,346.659376478656
2024-02-05 09:48:33,0.18178435,0.022994205490875,1.08369621,346.4402461734521,346.6509118598572
2024-02-05 09:48:37,0.181785858,0.0229937255326327,1.08367359,346.44887146030624,346.6599604350955
2024-02-05 09:48:41,0.181787065,0.0229937382636205,1.08367419,346.45033619893564,346.66184843177103
2024-02-05 09:48:45,0.181790081,0.0229936487223392,1.08366997,346.4562678784146,346.66820333896027
2024-02-05 09:48:50,0.181802148,0.0229942118563689,1.08369651,346.4687333545973,346.68119780712425
2024-02-05 09:48:54,0.181795209,0.0229935271414052,1.08366424,346.46570715030816,346.6785947622975
2024-02-05 09:48:58,0.181796416,0.0229935078327402,1.08366333,346.46760431884485,346.68091505996784
2024-02-05 09:49:02,0.181806371,0.0229944038821025,1.08370556,346.4720795341277,346.68581337405766
2024-02-05 09:49:06,0.181803656,0.0229932967105249,1.08365338,346.481962111151,346.6961190195634
2024-02-05 09:49:11,0.181807879,0.0229940518702882,1.08368897,346.4784505419801,346.6931362433551
2024-02-05 09:49:15,0.181804561,0.0229931685519137,1.08364734,346.48428403966085,346.6993927412962
2024-02-05 09:49:19,0.181811499,0.0229936294136743,1.08366906,346.48948241854197,346.70501409012024
2024-02-05 09:49:23,0.181810594,0.0229940711789531,1.08368988,346.4815542107863,346.6975088219923
2024-02-05 09:49:27,0.181809991,0.0229932837673539,1.08365277,346.4907271738338,346.7071046943544
2024-02-05 09:49:32,0.181809991,0.0229928485797522,1.08363226,346.496071086901,346.7129772014404
2024-02-05 09:49:36,0.181809991,0.0229930215090039,1.08364041,346.4933146778328,346.71064363349035
2024-02-05 09:49:40,0.181810896,0.0229932646708721,1.08365187,346.49115505478954,346.70890682125923
2024-02-05 09:49:44,0.181825677,0.0229944038821025,1.08370556,346.5005839484657,346.7187584954437
2024-02-05 09:49:48,0.181819946,0.0229936294136743,1.08366906,346.5008319054027,346.7194292025873
2024-02-05 09:49:52,0.181826582,0.0229936743964981,1.08367118,346.51112672911506,346.7301467462068
2024-02-05 09:49:57,0.181823565,0.0229936871274859,1.08367178,346.505277963674,346.7248263380443
2024-02-05 09:50:01,0.181828694,0.0229941286805816,1.08369259,346.5076495338638,346.7276205599753
2024-02-05 09:50:05,0.181825074,0.0229937703032733,1.0836757,346.5058854284971,346.7262790760574
2024-02-05 09:50:09,0.181825375,0.0229941095840998,1.08369169,346.50139814000767,346.72221437872645
2024-02-05 09:50:13,0.181824772,0.0229928165400994,1.08363075,346.51739596542416,346.73863476501333
2024-02-05 09:50:17,0.181823867,0.0229932326312193,1.08365036,346.50981370060276,346.73147503077644
2024-02-05 09:50:22,0.181833219,0.0229927526729769,1.08362774,346.53172294700954,346.75391239782755
2024-02-05 09:50:26,0.181825074,0.0229928294832704,1.08363136,346.51636356806216,346.73897548132925
2024-02-05 09:50:30,0.181825074,0.0229915107651111,1.08356921,346.5337391177039,346.7567734631412
2024-02-05 09:50:34,0.181823565,0.0229925477040724,1.08361808,346.51674627376605,346.7402030210969
2024-02-05 09:50:38,0.181834727,0.0229925029334317,1.08361597,346.53597752222004,346.75985664116985
2024-02-05 09:50:43,0.181830805,0.0229917925443091,1.08358249,346.5383442633016,346.7627513042049
2024-02-05 09:50:47,0.181837442,0.022991664385698,1.08357645,346.5509791530923,346.77580849750484
2024-02-05 09:50:51,0.18183533,0.0229922340974047,1.0836033,346.5392626197253,346.7645142373796
2024-02-05 09:50:55,0.181843173,0.0229925158766027,1.08361658,346.5484223547234,346.7740962153541
2024-02-05 09:50:59,0.18184981,0.0229934055604711,1.08365851,346.54731865593567,346.7734147292797
2024-02-05 09:51:04,0.181847095,0.0229916325582283,1.08357495,346.5660891208844,346.7927129175658
2024-02-05 09:51:08,0.181843173,0.0229925286075906,1.08361718,346.54687843817345,346.773924379484
2024-02-05 09:51:12,0.181846793,0.0229918564114315,1.0835855,346.5617077253931,346.7891757810767
2024-02-05 09:51:17,0.181848603,0.0229919525303899,1.08359003,346.56297175939636,346.790967415502
2024-02-05 09:51:21,0.181850413,0.022991939799402,1.08358943,346.5658106552068,346.7942283576172
2024-02-05 09:51:25,0.181850715,0.0229922981767103,1.08360632,346.56106650674076,346.78990622520695
2024-02-05 09:51:29,0.181851921,0.0229923556783388,1.08360903,346.56192657019346,346.79118827446854
2024-02-05 09:51:33,0.181854636,0.0229917541391624,1.08358068,346.57425830066774,346.80394196050696
2024-02-05 09:51:37,0.181851318,0.0229919652613777,1.08359063,346.5653236145414,346.7954291997022
2024-02-05 09:51:42,0.181861876,0.0229925222420967,1.08361688,346.57529665982076,346.8059296091084
2024-02-05 09:51:46,0.18186248,0.0229924070266565,1.08361145,346.5774609283222,346.8085157348936
2024-02-05 09:51:50,0.181863384,0.0229922150009229,1.0836024,346.5811741493964,346.8126507830162
2024-02-05 09:51:54,0.181863083,0.0229926245143658,1.0836217,346.57471053820075,346.8066089686355
2024-02-05 09:51:58,0.181857351,0.0229909155914286,1.08354116,346.5875759266751,346.81989612369364
2024-02-05 09:52:03,0.181861273,0.022990992401722,1.08354478,346.5927057376695,346.8255531004086
2024-02-05 09:52:07,0.181865194,0.0229913123738836,1.08355986,346.59465639156736,346.8279254528781
2024-02-05 09:52:11,0.181878467,0.0229922725025515,1.08360511,346.60392559979874,346.83761632945703
2024-02-05 09:52:15,0.181884199,0.0229914596289765,1.0835668,346.624261664892,346.85837403267584
2024-02-05 09:52:19,0.181868513,0.0229910819430033,1.083549,346.60216722572414,346.83670120141375
2024-02-05 09:52:23,0.181878166,0.022991395549671,1.08356378,346.61398681397185,346.8489423673496
2024-02-05 09:52:28,0.181873339,0.0229918245839619,1.083584,346.5994290936181,346.8349115766158
2024-02-05 09:52:32,0.181877261,0.0229910883084972,1.0835493,346.61564205017254,346.8515460428767
2024-02-05 09:52:36,0.181880579,0.0229911587532967,1.08355262,346.61993251726585,346.8562579894658
2024-02-05 09:52:40,0.181878467,0.0229911460223089,1.08355202,346.6160782478889,346.8528251693763
2024-02-05 09:52:44,0.181878166,0.0229909603620692,1.08354327,346.61764988724514,346.85481822781367
2024-02-05 09:52:49,0.181881484,0.0229917732356442,1.08358158,346.61181091567215,346.8495059876179
2024-02-05 09:52:53,0.181886311,0.0229911523878028,1.08355232,346.62801076434704,346.86612718741776
2024-02-05 09:52:57,0.181890232,0.0229921252474585,1.08359817,346.6211458916961,346.8596836356926
2024-02-05 09:53:01,0.181901394,0.022992733364312,1.08362683,346.6315639426377,346.8705229773629
2024-02-05 09:53:05,0.181899584,0.022993411925965,1.08365881,346.61889216622984,346.8582724614889
2024-02-05 09:53:09,0.181908633,0.022993680761992,1.08367148,346.6302843849228,346.87008591052296
2024-02-05 09:53:14,0.181902902,0.0229930726451385,1.08364282,346.6281877187862,346.8685157398575
2024-02-05 09:53:18,0.181906823,0.0229930278744979,1.08364071,346.6350627599392,346.8758119434259
2024-02-05 09:53:22,0.181900187,0.0229922661370575,1.08360481,346.63360123042804,346.8747715461444
2024-02-05 09:53:26,0.181899282,0.0229918180062848,1.08358369,346.6376864470862,346.87927786484875
2024-02-05 09:53:30,0.181898679,0.0229913123738836,1.08355986,346.6430637710867,346.885076260714
2024-02-05 09:53:35,0.181908332,0.0229920550148422,1.08359486,346.6489845770732,346.8915233640923
2024-02-05 09:53:39,0.181908633,0.0229916900598568,1.08357766,346.6540054172323,346.89696520821605
2024-02-05 09:53:43,0.181906823,0.0229914275893237,1.08356529,346.6540395475195,346.8974203122935
2024-02-05 09:53:47,0.18190441,0.0229911587532967,1.08355262,346.6531304909149,346.896932199307
2024-02-05 09:53:51,0.181903807,0.0229914596289765,1.0835668,346.6476174621818,346.891840084022
2024-02-05 09:53:56,0.181915873,0.0229921252474585,1.08359817,346.65869659031773,346.9034453115448
2024-02-05 09:54:00,0.18191527,0.0229920804768179,1.08359606,346.65785116123516,346.90302072803564
2024-02-05 09:54:04,0.181917985,0.0229909283224165,1.08354176,346.6776235589923,346.9232139412033
2024-02-05 09:54:08,0.181917985,0.0229911587532967,1.08355262,346.67409075969186,346.92010192715253
2024-02-05 09:54:12,0.181925526,0.0229901667971592,1.08350587,346.69993851741873,346.9463704399704
2024-02-05 09:54:16,0.181921906,0.0229915941530816,1.08357314,346.67406151310615,346.9209141605923
2024-02-05 09:54:21,0.181903807,0.0229891425891858,1.0834576,346.67575313822397,346.923131649474
2024-02-05 09:54:25,0.18191889,0.0229900899868658,1.08350225,346.68828190719876,346.93608107553905
2024-02-05 09:54:29,0.181910443,0.022989520275159,1.0834754,346.6811378779001,346.9293576731812
2024-02-05 09:54:33,0.181911952,0.0229894177907068,1.08347057,346.6846772368019,346.93331762887647
2024-02-05 09:54:37,0.181914063,0.0229890785098803,1.08345458,346.6924426611484,346.9415036198713
2024-02-05 09:54:42,0.181912253,0.0229893282494255,1.08346635,346.68545419901614,346.9350408236611
2024-02-05 09:54:46,0.181913762,0.0229894818700123,1.08347359,346.68553453755936,346.935541661034
2024-02-05 09:54:50,0.181924923,0.0229907172002011,1.08353181,346.68747963202514,346.93790722419124
2024-02-05 09:54:54,0.181921906,0.0229897186663865,1.08348475,346.69539634303976,346.94624437376143
2024-02-05 09:54:58,0.181924621,0.0229890210082518,1.08345187,346.7090340182688,346.9603024574122
2024-02-05 09:55:03,0.181930956,0.0229898402473206,1.08349048,346.7082557833151,346.96004969061323
2024-02-05 09:55:07,0.181935179,0.022990729931189,1.08353241,346.70302632064585,346.9552405685725
2024-02-05 09:55:11,0.181933068,0.0229886369567846,1.08343377,346.7272748895379,346.9799094479663
2024-02-05 09:55:15,0.181925828,0.0229887778463836,1.08344041,346.7125926763578,346.9656475151633
2024-02-05 09:55:19,0.181938498,0.0229901667971592,1.08350587,346.7150370783682,346.9685121674283
2024-02-05 09:55:23,0.181930956,0.0229893666545722,1.08346816,346.712551673334,346.9664469825284
2024-02-05 09:55:27,0.181933973,0.0229895907199585,1.08347872,346.71425458884227,346.9685700880528
2024-02-05 09:55:32,0.181938196,0.0229892066684914,1.08346062,346.7261258348439,346.98096652922425
2024-02-05 09:55:36,0.181933369,0.0229887010360902,1.08343679,346.72429677394723,346.9795575905858
2024-02-05 09:55:40,0.181941816,0.0229894307338777,1.08347118,346.7284378864381,346.98411879522365
2024-02-05 09:55:44,0.181943023,0.0229896225474282,1.08348022,346.72748689872986,346.9835878695535
2024-02-05 09:55:48,0.181948151,0.0229905635796142,1.08352457,346.723107877608,346.97962888036284
2024-02-05 09:55:52,0.181940911,0.0229895650457997,1.08347751,346.72381860466714,346.98075960924854
2024-02-05 09:55:57,0.181941514,0.0229884897016917,1.08342683,346.7388502475809,346.9963162121141
2024-02-05 09:56:01,0.181940911,0.0229888096738533,1.08344191,346.73307820428124,346.9909641029134
2024-02-05 09:56:05,0.181940911,0.0229884897016917,1.08342683,346.73698108013286,346.99528688276627
2024-02-05 09:56:09,0.181941514,0.022988713767078,1.08343739,346.7345634203906,346.9932890969298
2024-02-05 09:56:14,0.181950564,0.022989110549533,1.08345609,346.74412634466387,347.0033768212667
2024-02-05 09:56:18,0.181952374,0.0229888864841467,1.08344553,346.7498234102123,347.00949369301395
2024-02-05 09:56:22,0.181950564,0.022989116915027,1.08345639,346.7432007633507,347.00329082226267
2024-02-05 09:56:26,0.181955391,0.0229893602890783,1.08346786,346.74773256086746,347.00824236580337
2024-02-05 09:56:31,0.181962329,0.022989667530252,1.08348234,346.7548998581774,347.01593430333764
2024-02-05 09:56:35,0.181961122,0.0229894498303595,1.08347208,346.7553611192812,347.01681524277905
2024-02-05 09:56:39,0.181965949,0.0229891937253204,1.08346001,346.7666412318763,347.0285150036324
2024-02-05 09:56:43,0.181965647,0.0229893730200661,1.08346846,346.76328363517734,347.02557702511456
2024-02-05 09:56:48,0.181968362,0.0229890978185452,1.08345549,346.7711119192863,347.0339297896571
2024-02-05 09:56:52,0.181959312,0.0229887969428654,1.08344131,346.75930926900844,347.0225466898946
2024-02-05 09:56:56,0.18196625,0.0229893155184376,1.08346575,346.76372629421274,347.0273832355441
2024-02-05 09:57:00,0.181965345,0.0229886305912907,1.08343347,346.7710163522567,347.03509278396524
2024-02-05 09:57:05,0.181970172,0.0229883553897698,1.0834205,346.7824504546124,347.0470512070125
2024-02-05 09:57:09,0.181967457,0.0229882208656647,1.08341416,346.77921415503596,347.0442343301681
2024-02-05 09:57:14,0.18196806,0.0229878752193443,1.08339787,346.7843898998211,347.0499343110952
2024-02-05 09:57:18,0.181971077,0.0229886369567846,1.08343377,346.7788276586767,347.0447914250486
2024-02-05 09:57:22,0.181974395,0.0229892130339853,1.08346092,346.77628817590664,347.04267126732015
2024-02-05 09:57:26,0.1819753,0.0229886944584131,1.08343648,346.7844208131475,347.05122319954864
2024-02-05 09:57:30,0.1819753,0.0229896291251053,1.08348053,346.7713723501301,347.038594001467
2024-02-05 09:57:35,0.181974697,0.0229885665119851,1.08343045,346.7841770673476,347.05192275759714
2024-02-05 09:57:39,0.18197711,0.02298763842297,1.08338671,346.8004187017364,347.0685835893129
2024-02-05 09:57:43,0.181981032,0.0229886880929192,1.08343618,346.79250989839323,347.0610939532518
2024-02-05 09:57:47,0.181978317,0.0229885985516379,1.08343196,346.7886661213341,347.0576693134321
2024-02-05 09:57:51,0.18197711,0.022987785678063,1.08339365,346.79717129111094,347.0665935904078
2024-02-05 09:57:56,0.181983747,0.0229883937949165,1.08342231,346.7997594075953,347.06970554864955
2024-02-05 09:58:00,0.181982238,0.0229893409804133,1.08346695,346.7839651178114,347.0543302984812
2024-02-05 09:58:04,0.18198435,0.0229884192568922,1.08342351,346.79960663025145,347.07039082050323
2024-02-05 09:58:08,0.18198435,0.0229880992847306,1.08340843,346.80351170670576,347.0747148765081
2024-02-05 09:58:12,0.181985557,0.0229885665119851,1.08343045,346.79883916343545,347.07046128275914
2024-02-05 09:58:17,0.181989478,0.0229878431796915,1.08339636,346.8147841744678,347.0869299384678
2024-02-05 09:58:21,0.181988573,0.0229882145001708,1.08341386,346.8078021802488,347.08036682621224
2024-02-05 09:58:25,0.18199702,0.0229886560532664,1.08343467,346.81583556437783,347.0888190622824
2024-02-05 09:58:29,0.181999433,0.0229890466824106,1.08345308,346.81425676016414,347.0876590799898
2024-02-05 09:58:33,0.182003053,0.0229898659214795,1.08349169,346.8089462883469,347.0827674000756
2024-02-05 09:58:37,0.182013913,0.022989520275159,1.0834754,346.8317362597999,347.10597613341605
2024-02-05 09:58:42,0.182014214,0.0229895777767875,1.08347811,346.8309495376356,347.10571282140444
2024-02-05 09:58:46,0.182013611,0.0229895586803057,1.08347721,346.829759609944,347.1049415880725
2024-02-05 09:58:50,0.182010594,0.022989667530252,1.08348234,346.82271993220496,347.0983205746843
2024-02-05 09:58:54,0.182016627,0.0229892003029975,1.08346032,346.8389140979841,347.11493337480766
2024-02-05 09:58:58,0.182013309,0.0229883937949165,1.08342231,346.84373198242344,347.1201698635867
2024-02-05 09:59:02,0.182003656,0.0229896161819343,1.08347992,346.8103151013055,347.0871715568061
2024-02-05 09:59:07,0.182013913,0.0229894818700123,1.08347359,346.82911553766615,347.1064951689009
2024-02-05 09:59:11,0.182013611,0.0229881504208652,1.08341084,346.8461767459268,347.1239748840014
2024-02-05 09:59:15,0.182025677,0.0229891489546798,1.0834579,346.85285930218345,347.13107591710263
2024-02-05 09:59:19,0.182022661,0.022988988968599,1.08345036,346.8494548307419,347.12808989251243
2024-02-05 09:59:23,0.182021152,0.0229897634370272,1.08348686,346.8359932314065,347.11504671003735
2024-02-05 09:59:27,0.182028996,0.0229893602890783,1.08346786,346.8544132322311,347.13388509773324
2024-02-05 09:59:32,0.182025074,0.0229886242257968,1.08343317,346.85714416285776,347.1371389697805
2024-02-05 09:59:36,0.182025074,0.0229893218839315,1.08346605,346.84729616542984,347.1277092917568
2024-02-05 09:59:40,0.182027487,0.0229891937253204,1.08346001,346.85272908604446,347.1335605017936
2024-02-05 09:59:44,0.182032615,0.022989526640653,1.0834757,346.8565646398335,347.13781431502514
2024-02-05 09:59:48,0.182030202,0.022988854656677,1.08344403,346.86111017808196,347.1427780827384
2024-02-05 09:59:52,0.1820299,0.0229881951915058,1.08341295,346.869090503055,347.1511766072008
2024-02-05 09:59:57,0.18203171,0.0229896802612398,1.08348294,346.85158434728004,347.13419315863774
2024-02-05 10:00:01,0.182036839,0.022989110549533,1.08345609,346.8676218832263,347.1506488266364
2024-02-05 10:00:05,0.182038347,0.0229889378324644,1.08344795,346.87211266655817,347.1555577120521
2024-02-05 10:00:09,0.182041665,0.0229895586803057,1.08347721,346.8689664566488,347.1528295742603
2024-02-05 10:00:13,0.182041062,0.0229892834787848,1.08346424,346.87123898556416,347.1555201453289
2024-02-05 10:00:18,0.182041062,0.0229890850875573,1.08345489,346.8733981843801,347.1582018547026
2024-02-05 10:00:22,0.182039855,0.0229884065259043,1.08342291,346.88009240024263,347.1653140453068
2024-02-05 10:00:26,0.182036235,0.0229880992847306,1.08340843,346.8776480559207,347.16328764576934
2024-02-05 10:00:30,0.18203533,0.0229878047745448,1.08339455,346.8796664753661,347.1657239800441
2024-02-05 10:00:34,0.182032615,0.0229882656363053,1.08341627,346.86838377120176,347.15485916075625
2024-02-05 10:00:38,0.182036235,0.0229876000178233,1.0833849,346.88314373555903,347.1700369800392
2024-02-05 10:00:43,0.182030504,0.0229879199899849,1.08339998,346.8685123064518,347.15592782747404
2024-02-05 10:00:47,0.182035934,0.0229871007509161,1.08336137,346.888439433611,347.17627274217745
2024-02-05 10:00:51,0.182041364,0.0229870175751287,1.08335745,346.89841625800307,347.18666732417
2024-02-05 10:00:55,0.182044983,0.0229870816544343,1.08336047,346.9033105295085,347.1919793233342
2024-02-05 10:00:59,0.182038649,0.0229866078495027,1.08333814,346.8984852294741,347.187571721019
2024-02-05 10:01:04,0.182041062,0.0229874784368893,1.08337917,346.89031253215063,347.17992110374547
2024-02-05 10:01:08,0.182043475,0.0229878752193443,1.08339787,346.88865009928963,347.17867630124766
2024-02-05 10:01:12,0.182043475,0.0229857502052871,1.08329772,346.91696329608874,347.20740709847746
2024-02-05 10:01:16,0.182038649,0.0229863839962995,1.08332759,346.8997369018094,347.19059827469835
2024-02-05 10:01:20,0.182046492,0.0229862047015538,1.08331914,346.9151336299635,347.20641254342445
2024-02-05 10:01:24,0.182044682,0.0229868446458769,1.0833493,346.90297342691406,347.1946698510209
2024-02-05 10:01:29,0.182044078,0.0229862303757126,1.08332035,346.90972575645895,347.20194402679283
2024-02-05 10:01:33,0.182048603,0.0229864735375808,1.08333181,346.91374587436144,347.2063815880153
2024-02-05 10:01:37,0.182043174,0.0229859165568618,1.08330556,346.9115907426271,347.2046438696818
2024-02-05 10:01:41,0.182050413,0.0229860510809669,1.0833119,346.9217134901709,347.2151840007094
2024-02-05 10:01:45,0.182058256,0.0229868191839012,1.0833481,346.92430017684364,347.2181880409512
2024-02-05 10:01:50,0.182058558,0.0229873504904613,1.08337314,346.91711021007814,347.21151972408245
2024-02-05 10:01:54,0.182062781,0.0229874016265958,1.08337555,346.923210985307,347.2180377855797
2024-02-05 10:01:58,0.182056447,0.0229869982664638,1.08335654,346.91743417840206,347.21267823503536
2024-02-05 10:02:02,0.182061876,0.0229868128184073,1.0833478,346.92879301703124,347.22445430011936
2024-02-05 10:02:06,0.182061575,0.0229866207926737,1.08333875,346.93045848719197,347.2265369668313
2024-02-05 10:02:10,0.182060066,0.0229863646876346,1.08332668,346.93092813661605,347.2274237829052
2024-02-05 10:02:15,0.182056145,0.0229864158237691,1.08332909,346.9230210696787,347.2200381322344
2024-02-05 10:02:19,0.182061575,0.0229862558376883,1.08332155,346.9340377930808,347.2314719550158
2024-02-05 10:02:23,0.18206972,0.0229858781517151,1.08330375,346.9526340218481,347.250485253268
2024-02-05 10:02:27,0.182070625,0.0229876127488112,1.0833855,346.93030600775813,347.2285742787705
2024-02-05 10:02:31,0.182072133,0.0229864992117396,1.08333302,346.94752093410574,347.2462062148204
2024-02-05 10:02:35,0.182067306,0.0229864799030747,1.08333211,346.9391241242224,347.23822638475133
2024-02-05 10:02:40,0.182064893,0.0229862815118472,1.08332276,346.9371660703032,347.2367895135731
2024-02-05 10:02:44,0.182072736,0.0229864926340626,1.08333271,346.94728428486985,347.2473246407137
2024-02-05 10:02:48,0.182072736,0.0229876063833173,1.0833852,346.9318069583236,347.2322641968603
2024-02-05 10:02:52,0.182074244,0.0229868575890479,1.08334991,346.94408986464816,347.24496395599874
2024-02-05 10:02:56,0.182073641,0.0229865310392093,1.08333452,346.9470594424687,347.2483503567563
2024-02-05 10:03:01,0.182072133,0.0229863710531285,1.08332698,346.9461273990733,347.2479393000213
2024-02-05 10:03:05,0.182072736,0.0229854556951013,1.08328384,346.9591192160894,347.2613478727594
2024-02-05 10:03:09,0.182084501,0.0229869982664638,1.08335654,346.95792733616423,347.2605727186865
2024-02-05 10:03:13,0.182086914,0.0229856542985119,1.0832932,346.97980650129006,347.2828685797968
2024-02-05 10:03:17,0.182086311,0.0229866528323265,1.08334026,346.96485563137924,347.26833437600493
2024-02-05 10:03:21,0.182087517,0.0229861662964071,1.08331733,346.973078012861,347.27697339374214
2024-02-05 10:03:25,0.182087819,0.0229861278912603,1.08331552,346.97369642681076,347.2780084140861
2024-02-05 10:03:30,0.182087819,0.0229865951185148,1.08333754,346.96685675430257,347.2716894575815
2024-02-05 10:03:34,0.182086914,0.0229863774186224,1.08332728,346.9678393443905,347.2730885868835
2024-02-05 10:03:38,0.182088121,0.0229857311088053,1.08329682,346.9782247133961,347.2838904652489
2024-02-05 10:03:42,0.182091439,0.0229860126758202,1.08331009,346.9796649117739,347.28574714313424
2024-02-05 10:03:47,0.182092042,0.0229860701774487,1.0833128,346.9793961507866,347.28599893955504
2024-02-05 10:03:51,0.182097472,0.0229864224014462,1.0833294,346.9834865147587,347.29050571587504
2024-02-05 10:03:55,0.182100489,0.0229866207926737,1.08333875,346.98553773688417,347.2929733205032
2024-02-05 10:03:59,0.182093551,0.0229857886104338,1.08329953,346.98453161291934,347.292383549198
2024-02-05 10:04:03,0.182096869,0.0229853725193139,1.08327992,346.9954082852485,347.3036765443458
2024-02-05 10:04:08,0.18210079,0.0229863390134757,1.08332547,346.9885097071271,347.2972983277871
2024-02-05 10:04:12,0.182099282,0.0229846493992034,1.08324584,347.0083731974478,347.317578073792
2024-02-05 10:04:16,0.182101997,0.0229859101913679,1.08330526,346.99553810303144,347.3051592052259
2024-02-05 10:04:20,0.182093551,0.0229852061677392,1.08327208,346.9902242674899,347.3002615657027
2024-02-05 10:04:24,0.182101092,0.0229852188987271,1.08327268,347.0025113340958,347.31296479849726
2024-02-05 10:04:28,0.1821026,0.0229859358655268,1.08330647,346.99497185802824,347.3058414587907
2024-02-05 10:04:33,0.182109539,0.022986435132434,1.08333,346.9995456890648,347.3109354183368
2024-02-05 10:04:37,0.182099885,0.0229854750037662,1.08328475,346.9956339441834,347.3074397427121
2024-02-05 10:04:41,0.182110745,0.0229864992117396,1.08333302,346.9999058416165,347.3121276795813
2024-02-05 10:04:45,0.182097472,0.0229849309662183,1.08325911,346.9980409886003,347.3106788361826
2024-02-05 10:04:49,0.182110444,0.0229847325749908,1.08324976,347.02245740119434,347.33551122857784
2024-02-05 10:04:53,0.18210441,0.0229852957090205,1.0832763,347.0041211273363,347.3175909047068
2024-02-05 10:04:58,0.182109237,0.0229844380648049,1.08323588,347.0234448861309,347.337434559062
2024-02-05 10:05:02,0.182099282,0.0229851166264579,1.08326786,346.9968522796281,347.3112578354719
2024-02-05 10:05:06,0.18210079,0.0229846878043501,1.08324765,347.0048119494076,347.3196333583568
2024-02-05 10:05:10,0.182106522,0.0229844060251521,1.08323437,347.01799504138097,347.3332322736304
2024-02-05 10:05:14,0.182110142,0.0229846044163796,1.08324372,347.02107631225783,347.3367293380045
2024-02-05 10:05:18,0.182107125,0.022985097317793,1.08326695,347.0088413704822,347.32491015992514
2024-02-05 10:05:23,0.182118287,0.0229846684956852,1.08324674,347.0331810404449,347.349769492604
2024-02-05 10:05:27,0.182121303,0.0229851420884336,1.08326906,347.0315078511566,347.34851199996785
2024-02-05 10:05:31,0.182117683,0.0229840733220027,1.08321869,347.0393706214543,347.35679043712366
2024-02-05 10:05:35,0.182116477,0.0229850718558173,1.08326575,347.0233867665209,347.3412222192566
2024-02-05 10:05:39,0.182127638,0.0229862367412066,1.08332065,347.0262685343235,347.3445195943359
2024-02-05 10:05:44,0.182113762,0.0229854493296074,1.08328354,347.0127097247933,347.3314802520131
2024-02-05 10:05:48,0.182130353,0.0229856990691526,1.08329531,347.03724266834746,347.3564287358249
2024-02-05 10:05:52,0.18213156,0.0229858270155806,1.08330134,347.03715701884556,347.356758596798
2024-02-05 10:05:56,0.182128845,0.0229855838537124,1.08328988,347.03539565686066,347.35541271550744
2024-02-05 10:06:00,0.18212432,0.0229838044859757,1.08320602,347.0513279905976,347.3717605001603
2024-02-05 10:06:04,0.182124622,0.022984431699311,1.08323558,347.0429420093308,347.363789940033
2024-02-05 10:06:09,0.182131258,0.022984431699311,1.08323558,347.0537535372295,347.3751207024864
2024-02-05 10:06:13,0.182129146,0.0229842653477363,1.08322774,347.05198276555615,347.37376528496367
2024-02-05 10:06:17,0.182132465,0.0229848157507781,1.08325368,347.0497875415491,347.3719853853378
2024-02-05 10:06:21,0.182132766,0.0229844507957928,1.08323648,347.05482404621836,347.377437184621
2024-02-05 10:06:25,0.182132766,0.0229846493992034,1.08324584,347.05172164752713,347.3747500507785
2024-02-05 10:06:30,0.182136688,0.0229845789544039,1.08324252,347.0588523811087,347.3823998235671
2024-02-05 10:06:34,0.182136688,0.0229842844442181,1.08322864,347.0624220769365,347.38638471727995
2024-02-05 10:06:38,0.182146944,0.0229853918279788,1.08328083,347.06453496156894,347.3889127700392
2024-02-05 10:06:42,0.182133973,0.0229844637389638,1.08323709,347.0545300252038,347.3793229720448
2024-02-05 10:06:46,0.182138196,0.0229846748611791,1.08324704,347.05846895142577,347.3836770068836
2024-02-05 10:06:51,0.182149659,0.0229858654207273,1.08330315,347.06141368093296,347.3871405803236
2024-02-05 10:06:55,0.182146039,0.0229844507957928,1.08323648,347.073958458226,347.4001003992949
2024-02-05 10:06:59,0.182151469,0.0229854877347541,1.08328535,347.0687841244788,347.3953410774789
2024-02-05 10:07:03,0.182149358,0.0229857245311283,1.08329651,347.0615609536127,347.3885328887992
2024-02-05 10:07:07,0.182150564,0.0229848925610716,1.0832573,347.0744621497413,347.40184903737145
2024-02-05 10:07:11,0.182150564,0.0229844701044577,1.08323739,347.0797636856907,347.40756549602384
2024-02-05 10:07:16,0.182146341,0.0229839067582449,1.08321084,347.0796574168886,347.40797783878105
2024-02-05 10:07:20,0.182149056,0.0229845980508857,1.08324342,347.07452401987894,347.4032592975658
2024-02-05 10:07:24,0.182144531,0.0229855134089129,1.08328656,347.0539977310727,347.3831478348203
2024-02-05 10:07:28,0.182150263,0.022984290809712,1.08322894,347.0799128237817,347.4094777238585
2024-02-05 10:07:32,0.182146643,0.0229835099757899,1.08319214,347.0838832337916,347.4138629004682
2024-02-05 10:07:36,0.182149358,0.0229845021441105,1.0832389,347.07467831743287,347.405072720982
2024-02-05 10:07:41,0.182163536,0.0229850205074996,1.08326333,347.09135395855344,347.42226674139243
2024-02-05 10:07:45,0.182164742,0.0229855902192063,1.08329018,347.0852892483856,347.41661670121846
2024-02-05 10:07:49,0.182160519,0.0229848157507781,1.08325368,347.0881440428388,347.41988613594515
2024-02-05 10:07:53,0.182159916,0.0229843421580297,1.08323136,347.093108626075,347.4252653297366
2024-02-05 10:07:57,0.182167457,0.0229848348472599,1.08325458,347.0989027804106,347.43147406491136
2024-02-05 10:08:01,0.182161726,0.0229850909522991,1.08326665,347.0852371828367,347.41822301846264
2024-02-05 10:08:06,0.182168664,0.0229847196318198,1.08324915,347.1015901599997,347.43509414275013
2024-02-05 10:08:10,0.182173189,0.0229844957786166,1.0832386,347.1119314200794,347.4458498871063
2024-02-05 10:08:14,0.182166251,0.0229847964421132,1.08325277,347.09560166575915,347.42993458735555
2024-02-05 10:08:18,0.182165949,0.0229839451633916,1.08321265,347.1061919237416,347.44093927020253
2024-02-05 10:08:22,0.182166251,0.0229838044859757,1.08320602,347.10819707050575,347.44335881212845
2024-02-05 10:08:26,0.182171982,0.0229842203649125,1.08322562,347.11194014296393,347.44751625004767
2024-02-05 10:08:31,0.182166854,0.0229840476478439,1.08321748,347.1050035854332,347.44109760758
2024-02-05 10:08:35,0.182167156,0.0229839067582449,1.08321084,347.1070116905018,347.4435200112909
2024-02-05 10:08:39,0.182164742,0.0229830427485354,1.08317012,347.1141689223067,347.4510915120444
2024-02-05 10:08:43,0.182162329,0.0229831452329876,1.08317495,347.10824720712156,347.44558403611626
2024-02-05 10:08:47,0.182171982,0.0229837083670174,1.08320149,347.11669459208673,347.4544456306489
2024-02-05 10:08:52,0.182167759,0.0229827739125084,1.08315745,347.1216133055075,347.4598820642814
2024-02-05 10:08:56,0.182175904,0.0229824603058407,1.08314267,347.13935277055,347.47803567209775
2024-02-05 10:09:00,0.182159916,0.0229832475052568,1.08317977,347.1009824785819,347.440079493221
2024-02-05 10:09:04,0.182169569,0.0229837788118169,1.08320481,347.10986078579293,347.4493718838429
2024-02-05 10:09:08,0.182171077,0.0229834140690146,1.08318762,347.11695830209595,347.45688345387845
2024-02-05 10:09:13,0.182174395,0.0229840987839784,1.08321989,347.112839274505,347.45328195172124
2024-02-05 10:09:17,0.18217349,0.022982959572748,1.0831662,347.12629883206404,347.46715549624435
2024-02-05 10:09:21,0.1821753,0.0229838876617631,1.08320994,347.11641403142784,347.45768465290087
2024-02-05 10:09:25,0.18218254,0.0229832731794156,1.08318098,347.1366799464779,347.4783644955743
2024-02-05 10:09:29,0.182187668,0.0229827291418677,1.08315534,347.1523868724327,347.4944853194853
2024-02-05 10:09:34,0.182176205,0.0229832475052568,1.08317977,347.1252786200061,347.46789439778775
2024-02-05 10:09:38,0.182187668,0.0229828123176551,1.08315926,347.1503297908033,347.4933593997979
2024-02-05 10:09:42,0.182181334,0.0229827866434962,1.08315805,347.13944740589295,347.48289081644015
2024-02-05 10:09:46,0.182185557,0.0229821787388259,1.0831294,347.15447404282446,347.49833122526616
2024-02-05 10:09:50,0.182185255,0.0229822105662955,1.0831309,347.1531137303869,347.4973846550671
2024-02-05 10:09:54,0.182192193,0.0229832475052568,1.08317977,347.1505107904145,347.49519542767933
2024-02-05 10:09:59,0.182194607,0.0229839003927509,1.08321054,347.14527821189597,347.4904799481941
2024-02-05 10:10:03,0.182192495,0.0229829402640831,1.08316529,347.1542547419107,347.49987012408
2024-02-05 10:10:07,0.182198226,0.0229838876617631,1.08320994,347.15080288858155,347.4968318869751
2024-02-05 10:10:11,0.182195512,0.0229827291418677,1.08315534,347.16143750081244,347.5078800857854
2024-02-05 10:10:15,0.182193098,0.0229826009832566,1.0831493,347.15863659269775,347.50549273460734
2024-02-05 10:10:19,0.182206975,0.0229838747185921,1.08320933,347.16467689359325,347.5119465627989
2024-02-05 10:10:24,0.182205165,0.0229841180926434,1.0832208,347.1577748627261,347.50556139937305
2024-02-05 10:10:28,0.18220426,0.022983228408775,1.08317887,347.16785967544934,347.5160596727088
2024-02-05 10:10:32,0.182200338,0.0229831770604573,1.08317645,347.1614440889243,347.51005751716264
2024-02-05 10:10:36,0.182192495,0.0229819674044274,1.08311944,347.16401339226917,347.51304022185474
2024-02-05 10:10:40,0.182199433,0.0229833499897091,1.0831846,347.1567309642188,347.5061711655222
2024-02-05 10:10:44,0.182212404,0.0229849566403771,1.08326032,347.1567177750309,347.50657131842485
2024-02-05 10:10:49,0.182219041,0.0229831386553106,1.08317464,347.1921448989567,347.54251507830355
2024-02-05 10:10:53,0.182215119,0.0229844060251521,1.08323437,347.16787713250704,347.5186605872907
2024-02-05 10:10:57,0.182213913,0.0229836060947482,1.08319667,347.176233485357,347.52743018595703
2024-02-05 10:11:01,0.182213008,0.0229839772030444,1.08321416,347.16925103863974,347.5208609554379
2024-02-05 10:11:05,0.182215723,0.022984034916856,1.08321688,347.17269258205835,347.5247156854384
2024-02-05 10:11:10,0.182218136,0.0229839451633916,1.08321265,347.1775115196432,347.5300510646062
2024-02-05 10:11:14,0.182212103,0.0229828763969606,1.08316228,347.18126546621005,347.53421813112635
2024-02-05 10:11:18,0.182212103,0.0229829850347237,1.0831674,347.1793815936075,347.5327473488678
2024-02-05 10:11:22,0.182212103,0.0229829402640831,1.08316529,347.1795746543436,347.5333534703408
2024-02-05 10:11:26,0.182211198,0.0229836699618706,1.08319968,347.167737636898,347.52192948402705
2024-02-05 10:11:31,0.182217533,0.0229828634537896,1.08316167,347.1889577678493,347.54366586226433
2024-02-05 10:11:35,0.182224471,0.0229832668139217,1.08318068,347.19493126906895,347.55005232801227
2024-02-05 10:11:39,0.182221153,0.0229835547464305,1.08319425,347.1849542959773,347.5404882898508
2024-02-05 10:11:44,0.182221756,0.0229834331654964,1.08318852,347.1871138652564,347.54316398617345
2024-02-05 10:11:48,0.182217231,0.0229833499897091,1.0831846,347.1801001590718,347.536563148331
2024-02-05 10:11:52,0.182217834,0.0229828827624546,1.08316258,347.187042616633,347.5439184446431
2024-02-05 10:11:56,0.182225677,0.0229826971022149,1.08315383,347.20253671083526,347.5598253480071
2024-02-05 10:12:00,0.182223264,0.0229832859104035,1.08318158,347.1900312780127,347.54773269475936
2024-02-05 10:12:04,0.182225074,0.0229833115845624,1.08318279,347.1923617091617,347.5504758758982
2024-02-05 10:12:09,0.182232616,0.0229834715706431,1.08319033,347.20255861067,347.5611886732934
2024-02-05 10:12:13,0.182232314,0.0229834588396553,1.08318973,347.20180259730444,347.5608453433595
2024-02-05 10:12:17,0.182234124,0.0229833052190684,1.08318249,347.2065607025866,347.5660161024954
2024-02-05 10:12:21,0.182237141,0.022983215465604,1.08317826,347.21251526010883,347.5723832842954
2024-02-05 10:12:25,0.182237442,0.0229836188257361,1.08319727,347.20715522055997,347.56743583945064
2024-02-05 10:12:30,0.182232917,0.0229824282661879,1.08314116,347.2150327741741,347.57582909486
2024-02-05 10:12:34,0.182222359,0.0229823705523763,1.08313844,347.19737185159914,347.55858070045593
2024-02-05 10:12:38,0.182226582,0.0229817049338943,1.08310707,347.2131838957147,347.57480524317555
2024-02-05 10:12:42,0.182235632,0.0229827995866672,1.08315866,347.21340373635064,347.5754375528508
2024-02-05 10:12:46,0.182241062,0.0229822746456011,1.08313392,347.2293722457123,347.59181850168915
2024-02-05 10:12:51,0.182233521,0.022982690736721,1.08315353,347.2103447731361,347.5733065368896
2024-02-05 10:12:55,0.182230504,0.0229816026616251,1.08310225,347.2195138071542,347.58288794387624
2024-02-05 10:12:59,0.182239252,0.0229821337560021,1.08312728,347.2268489212036,347.59063540133843
2024-02-05 10:13:03,0.182244984,0.0229824282661879,1.08314116,347.2322370479205,347.5964358419145
2024-02-05 10:13:07,0.182246492,0.0229826202919215,1.08315021,347.2317996322417,347.5964107105434
2024-02-05 10:13:11,0.182248302,0.0229832091001101,1.08317796,347.226505069073,347.59152840213306
2024-02-05 10:13:16,0.182255843,0.0229832091001101,1.08317796,347.2388671268219,347.6044057367792
2024-02-05 10:13:20,0.182246794,0.0229834652051492,1.08319003,347.21953465769974,347.585485455937
2024-02-05 10:13:24,0.182254335,0.0229838428911224,1.08320783,347.2268854535462,347.59324841052086
2024-02-05 10:13:28,0.182258558,0.0229835547464305,1.08319425,347.23758632018973,347.60436140636153
2024-02-05 10:13:32,0.182247699,0.022982946629577,1.08316559,347.22686563313215,347.5940528189627
2024-02-05 10:13:36,0.182254938,0.0229836763273646,1.08319998,347.22893423156296,347.59653348751624
2024-02-05 10:13:41,0.182259765,0.0229841117271494,1.0832205,347.23076604480406,347.5988803468787
2024-02-05 10:13:45,0.182247095,0.0229823450904006,1.08313724,347.2326408418201,347.6011671475688
2024-02-05 10:13:49,0.182260067,0.0229832731794156,1.08318098,347.2418128373932,347.61075111728667
2024-02-05 10:13:53,0.182251319,0.0229818969596279,1.08311612,347.2450991773483,347.6144494018595
2024-02-05 10:13:57,0.182249509,0.0229823771300534,1.08313875,347.2350935570485,347.6048556966523
2024-02-05 10:14:01,0.182252224,0.0229822171439726,1.08313121,347.24148472559517,347.61165875076864
2024-02-05 10:14:06,0.182262178,0.0229830170743765,1.08316891,347.2471353476024,347.6178241882247
2024-02-05 10:14:10,0.182263988,0.0229830234398704,1.08316921,347.24972820619786,347.620828865971
2024-02-05 10:14:14,0.18226067,0.0229819867130923,1.08312035,347.25769057559575,347.62920302500373
2024-02-05 10:14:18,0.18226067,0.022982293954266,1.08313483,347.25311777105816,347.62504198058707
2024-02-05 10:14:22,0.182261877,0.0229822873765889,1.08313452,347.254856345215,347.627192285353
2024-02-05 10:14:27,0.182265497,0.0229815960839481,1.08310194,347.2698864438324,347.64273700573403
2024-02-05 10:14:31,0.182260067,0.0229820889853614,1.08312517,347.25352592106805,347.6267881471849
2024-02-05 10:14:35,0.182253732,0.022981487446185,1.08309682,347.25044249752995,347.6241163583572
2024-02-05 10:14:39,0.182257352,0.0229820185405619,1.08312185,347.24902021206293,347.62310567809766
2024-02-05 10:14:43,0.182273943,0.0229830107088826,1.08316861,347.2635040899805,347.63800113172204
2024-02-05 10:14:48,0.182277865,0.0229830938846699,1.08317253,347.2685606568777,347.6435721267706
2024-02-05 10:14:52,0.182263988,0.0229820762543736,1.08312457,347.25823363430595,347.6336566135368
2024-02-05 10:14:56,0.182269418,0.0229821019285324,1.08312578,347.266747450828,347.64258190990296
2024-02-05 10:15:00,0.182270021,0.0229821019285324,1.08312578,347.26736576632214,347.64361167574947
2024-02-05 10:15:04,0.182277563,0.0229825755212809,1.0831481,347.27341963489,347.6500769651801
2024-02-05 10:15:09,0.182277563,0.0229827418728556,1.08315594,347.27065235105846,347.64782391596054
2024-02-05 10:15:13,0.182277563,0.0229827482383495,1.08315624,347.2701547836024,347.6477377030233
2024-02-05 10:15:17,0.182277865,0.0229817112993882,1.08310737,347.2843040594695,347.6622983039266
2024-02-05 10:15:21,0.182274546,0.0229812633807987,1.08308626,347.2842917711683,347.6626973111809
2024-02-05 10:15:25,0.18226972,0.0229811161257057,1.08307932,347.27763316871403,347.65644997480365
2024-02-05 10:15:29,0.182273038,0.022981756282212,1.08310949,347.27421749514315,347.6534455378334
2024-02-05 10:15:34,0.18227153,0.0229802264418374,1.08303739,347.2918507065096,347.67159275350264
2024-02-05 10:15:38,0.182272133,0.0229806232242924,1.08305609,347.28709447247496,347.66724768975445
2024-02-05 10:15:42,0.182285406,0.0229822235094665,1.08313151,347.28767424591643,347.6682386040128
2024-02-05 10:15:46,0.182286914,0.0229813081514393,1.08308837,347.30223767050376,347.6832131399496
2024-02-05 10:15:50,0.182282389,0.022982421900694,1.08314086,347.2790126074217,347.6603991587517
2024-02-05 10:15:54,0.18227696,0.0229813338255981,1.08308958,347.2840681655079,347.66586576925886
