time,voltage,current,shunt_voltage,temperature,temperature old
2024-03-11 06:23:49,0.137280093,0.0241983664020743,1.14044723,259.9178489585921,259.9178489585921
2024-03-11 06:23:53,0.137440877,0.0241924967801209,1.1401706,260.22509048573875,260.2264489149808
2024-03-11 06:23:57,0.13758145,0.0241904742505161,1.14007528,260.4655539665619,260.4682708425401
2024-03-11 06:24:01,0.137692461,0.0241880867659259,1.13996276,260.66235621549885,260.6664315556807
2024-03-11 06:24:06,0.137792009,0.0241853793091741,1.13983516,260.8435316787399,260.84930512369914
2024-03-11 06:24:10,0.137870742,0.0241824157473832,1.13969549,260.9943011945973,261.0014331429641
2024-03-11 06:24:14,0.138021873,0.0241811867826884,1.13963757,261.244565167024,261.25305563617883
2024-03-11 06:24:18,0.138088841,0.0241784472862838,1.13950846,261.3746643537286,261.38451336102503
2024-03-11 06:24:22,0.138150682,0.0241767574598284,1.13942882,261.4870898867952,261.4982974495601
2024-03-11 06:24:26,0.138213427,0.0241761559206519,1.13940047,261.5910699638873,261.6036360994205
2024-03-11 06:24:31,0.138258072,0.0241747669698763,1.13933501,261.67307576592435,261.6873401417047
2024-03-11 06:24:35,0.138314483,0.0241748692421455,1.13933983,261.7605807434737,261.77620373084864
2024-03-11 06:24:39,0.138395931,0.0241722131337114,1.13921465,261.91308154624846,261.93006316243014
2024-03-11 06:24:43,0.138439671,0.0241704208228037,1.13913018,261.9977029252889,262.0160431874628
2024-03-11 06:24:47,0.138483412,0.024171182560244,1.13916608,262.059039947825,262.0787388731494
2024-03-11 06:24:52,0.138520818,0.0241699599610431,1.13910846,262.12805444936765,262.1494517277178
2024-03-11 06:24:56,0.13855943,0.0241690959513336,1.13906774,262.19606386945054,262.2188198494585
2024-03-11 06:25:00,0.138594121,0.024168641455067,1.13904632,262.25409578867885,262.27821048741487
2024-03-11 06:25:04,0.138655056,0.024166759602878,1.13895763,262.36696439986036,262.39243783436774
2024-03-11 06:25:08,0.138685825,0.0241659978654377,1.13892173,262.42156947855983,262.44840166585453
2024-03-11 06:25:12,0.138723533,0.0241660428482614,1.13892385,262.4798549138868,262.5080458709578
2024-03-11 06:25:17,0.138749475,0.024165159529887,1.13888222,262.52755083066813,262.5574402738086
2024-03-11 06:25:21,0.138776323,0.0241637833100992,1.13881736,262.58154261276326,262.61279086380546
2024-03-11 06:25:25,0.138802869,0.0241639112565272,1.13882339,262.62129677272304,262.6539038485673
2024-03-11 06:25:29,0.138855961,0.0241620166733504,1.1387341,262.72184918965417,262.7558151071738
2024-03-11 06:25:33,0.138885825,0.0241629320313776,1.13877724,262.7596826322727,262.79500740831327
2024-03-11 06:25:38,0.138914181,0.0241622727783895,1.13874617,262.8091919131933,262.846215286033
2024-03-11 06:25:42,0.138930773,0.024161133354976,1.13869247,262.84470192340194,262.8830841925657
2024-03-11 06:25:46,0.138954302,0.0241596355542541,1.13862188,262.8945516101224,262.9342927923672
2024-03-11 06:25:50,0.138976927,0.0241601029936917,1.13864391,262.9249555825776,262.9660556946328
2024-03-11 06:25:54,0.139024589,0.0241596355542541,1.13862188,263.00381825744694,263.04627731601465
2024-03-11 06:25:59,0.139035449,0.0241583043172901,1.13855914,263.03162941778163,263.0757871829353
2024-03-11 06:26:03,0.139057168,0.0241570946612602,1.13850213,263.0759719429752,263.1214886921204
2024-03-11 06:26:07,0.139075569,0.0241571905680354,1.13850665,263.1030544325976,263.149930182347
2024-03-11 06:26:11,0.139102417,0.0241576898349427,1.13853018,263.13989605523756,263.18813082217616
2024-03-11 06:26:15,0.139122025,0.0241565953943529,1.1384786,263.1798251385347,263.2294189392202
2024-03-11 06:26:19,0.139159732,0.0241566081253408,1.1384792,263.2384369687761,263.2893898197384
2024-03-11 06:26:24,0.139178435,0.0241553150813404,1.13841826,263.278415013566,263.3310667005774
2024-03-11 06:26:28,0.139192613,0.0241555775518734,1.13843063,263.29724043159547,263.35125120597496
2024-03-11 06:26:32,0.139219762,0.0241549439730442,1.13840077,263.34496696018283,263.4003368383705
2024-03-11 06:26:36,0.139234845,0.0241545983267238,1.13838448,263.37082114553243,263.4275501439406
2024-03-11 06:26:40,0.139248118,0.0241541438304571,1.13836306,263.3947915347329,263.45287966974627
2024-03-11 06:26:44,0.139284619,0.0241545599215771,1.13838267,263.44778311407197,263.50723040204736
2024-03-11 06:26:49,0.139302719,0.024153900668589,1.1383516,263.4809911557049,263.5421374078424
2024-03-11 06:26:53,0.139314483,0.0241521915334687,1.13827105,263.5140947714582,263.5766002132592
2024-03-11 06:26:57,0.139330471,0.0241520251818939,1.13826321,263.5397493030908,263.6036139508216
2024-03-11 06:27:01,0.139347666,0.0241513084272774,1.13822943,263.5723904296957,263.6376142995951
2024-03-11 06:27:05,0.139368179,0.0241520444905589,1.13826412,263.59695907841956,263.6635421866981
2024-03-11 06:27:09,0.139392915,0.0241523196920798,1.13827709,263.6324971148382,263.70043947767897
2024-03-11 06:27:14,0.13940649,0.0241505082846903,1.13819172,263.6691035596441,263.7387450134021
2024-03-11 06:27:18,0.139423986,0.0241509243758102,1.13821133,263.69180578553517,263.7628065301645
2024-03-11 06:27:22,0.139433941,0.0241500858280764,1.13817181,263.7140335896073,263.7863936411999
2024-03-11 06:27:26,0.139451738,0.0241496890456214,1.13815311,263.74469827124307,263.81841764586284
2024-03-11 06:27:30,0.139463805,0.0241490936597558,1.13812505,263.7680577225527,263.8431364362355
2024-03-11 06:27:35,0.139498194,0.0241495738301813,1.13814768,263.81676151574004,263.8935394257594
2024-03-11 06:27:39,0.139510562,0.0241492152406899,1.13813078,263.838422317408,263.91655960246857
2024-03-11 06:27:43,0.139525042,0.0241486264325013,1.13810303,263.8655716567494,263.9450683327957
2024-03-11 06:27:47,0.139539521,0.0241490872942619,1.13812475,263.8830508013951,263.96390688434343
2024-03-11 06:27:51,0.139550984,0.0241481528397529,1.13808071,263.90857626765006,263.9907917733888
2024-03-11 06:27:56,0.139564559,0.024148268055193,1.13808614,263.9274588481032,264.0113736546298
2024-03-11 06:28:00,0.139591105,0.024148523948049,1.1380982,263.96606513349394,264.05133939845626
2024-03-11 06:28:04,0.139600457,0.0241470134163393,1.13802701,263.9935395088038,264.08017324799835
2024-03-11 06:28:08,0.139611316,0.0241466998096717,1.13801223,264.01238547504846,264.10037870424355
2024-03-11 06:28:12,0.139615238,0.02414531722439,1.13794707,264.030026941026,264.11937967596145
2024-03-11 06:28:17,0.139631829,0.0241460021515369,1.13797935,264.04846763704785,264.13951977624987
2024-03-11 06:28:21,0.139649325,0.0241466486735371,1.13800982,264.0690443725372,264.16145605279075
2024-03-11 06:28:25,0.13967195,0.0241458933015907,1.13797422,264.1107283129583,264.2044995499112
2024-03-11 06:28:29,0.139684619,0.0241457142190281,1.13796578,264.13122270508467,264.2263535143562
2024-03-11 06:28:33,0.139695178,0.0241461300979649,1.13798538,264.1428639199413,264.23935431712243
2024-03-11 06:28:37,0.139710562,0.024145867839615,1.13797302,264.1684552507165,264.26630525136954
2024-03-11 06:28:42,0.139718104,0.0241446900110547,1.13791751,264.18965082364923,264.2892003504835
2024-03-11 06:28:46,0.139732583,0.024144914076441,1.13792807,264.20931301086847,264.310222176086
2024-03-11 06:28:50,0.139739823,0.0241426674814498,1.13782219,264.2402355994302,264.34250441850065
2024-03-11 06:28:54,0.139754906,0.0241432369809735,1.13784903,264.25767357066735,264.361302059032
2024-03-11 06:28:58,0.139762448,0.0241422000420122,1.13780016,264.277915780841,264.38290395391243
2024-03-11 06:29:02,0.139776927,0.0241433651395846,1.13785507,264.28889055375197,264.3952384269142
2024-03-11 06:29:07,0.139787787,0.0241431090345455,1.137843,264.3068756610388,264.4149231809046
2024-03-11 06:29:11,0.13979744,0.0241428465640124,1.13783063,264.3233349287935,264.4327421832593
2024-03-11 06:29:15,0.139817048,0.0241426545382788,1.13782158,264.35502119488774,264.4657881992443
2024-03-11 06:29:19,0.139827003,0.0241410928704346,1.13774798,264.3839650239748,264.49609179348425
2024-03-11 06:29:23,0.139837259,0.0241419248404913,1.13778719,264.3912773043444,264.50476385424
2024-03-11 06:29:27,0.139846007,0.0241415728286769,1.1377706,264.40712260513675,264.52196895062315
2024-03-11 06:29:32,0.139861694,0.0241417200837699,1.13777754,264.4290827673819,264.5456288786943
2024-03-11 06:29:36,0.139867425,0.024141156737557,1.13775099,264.4420697081177,264.5599756491258
2024-03-11 06:29:40,0.139882206,0.0241394989507544,1.13767286,264.4796087249287,264.5988745107435
2024-03-11 06:29:44,0.139897893,0.0241403118243293,1.13771117,264.4957577453031,264.6163833910064
2024-03-11 06:29:48,0.139901814,0.0241393773698203,1.13766713,264.50929094973407,264.6312764703791
2024-03-11 06:29:53,0.139912071,0.0241400047953387,1.1376967,264.5181519666018,264.6418373520483
2024-03-11 06:29:57,0.13992655,0.0241397166506468,1.13768312,264.54255239463674,264.6675976887887
2024-03-11 06:30:01,0.1399356,0.0241405615638745,1.13772294,264.5478160698309,264.67422128764724
2024-03-11 06:30:05,0.139956113,0.0241394862197665,1.13767226,264.5891217850054,264.71688694141613
2024-03-11 06:30:09,0.13995551,0.0241388653719252,1.137643,264.5925420630727,264.7216671729788
2024-03-11 06:30:13,0.139968783,0.0241378477416288,1.13759504,264.6217692160386,264.752254294312
2024-03-11 06:30:17,0.139975117,0.0241379179742452,1.13759835,264.62986429231796,264.7617093538015
2024-03-11 06:30:22,0.139982659,0.0241381997534432,1.13761163,264.63758929773775,264.7711343590624
2024-03-11 06:30:26,0.139992312,0.0241380077277096,1.13760258,264.6534054101582,264.78831048798287
2024-03-11 06:30:30,0.140012523,0.0241382508895777,1.13761404,264.6820384119914,264.8183035210643
2024-03-11 06:30:34,0.140023081,0.0241380397673624,1.13760409,264.69947552840745,264.83710068344755
2024-03-11 06:30:39,0.140031528,0.0241376875433649,1.13758749,264.7145111323638,264.8538363655168
2024-03-11 06:30:43,0.140035449,0.0241367978594965,1.13754556,264.7276413748307,264.8683266869617
2024-03-11 06:30:47,0.140044499,0.02413740597635,1.13757422,264.73509081757675,264.8771362233098
2024-03-11 06:30:51,0.140060487,0.024137533922778,1.13758025,264.7580533972727,264.90145891120227
2024-03-11 06:30:55,0.140071045,0.0241370796386945,1.13755884,264.77774344425455,264.92250908094616
2024-03-11 06:30:59,0.140078587,0.024136881247467,1.13754949,264.7902529752015,264.9363787491911
2024-03-11 06:31:04,0.140094273,0.024136471521841,1.13753018,264.81737330912017,264.9651992751287
2024-03-11 06:31:08,0.140091256,0.0241353066364517,1.13747528,264.8219874093859,264.971173545291
2024-03-11 06:31:12,0.140098798,0.024136209051308,1.13751781,264.82430329340957,264.97484961365177
2024-03-11 06:31:16,0.140109356,0.0241353386761045,1.13747679,264.8478500154419,264.9997565344322
2024-03-11 06:31:20,0.140118406,0.0241352168829873,1.13747105,264.8620580214766,265.0153247535967
2024-03-11 06:31:25,0.140133489,0.0241349225849846,1.13745718,264.88715052369514,265.0421175424065
2024-03-11 06:31:29,0.140143142,0.0241359211187992,1.13750424,264.8919415140735,265.04826877816527
2024-03-11 06:31:33,0.140152493,0.0241362601874425,1.13752022,264.90235987101664,265.0600473947744
2024-03-11 06:31:37,0.140154605,0.0241356457050951,1.13749126,264.9100626950544,265.06911049273435
2024-03-11 06:31:41,0.140167878,0.0241349353159725,1.13745778,264.936463444667,265.09687153049555
2024-03-11 06:31:45,0.140182056,0.0241358634049875,1.13750152,264.94912503424507,265.110893422419
2024-03-11 06:31:50,0.140188692,0.0241353257329335,1.13747618,264.9629960002657,265.1264647862906
2024-03-11 06:31:54,0.140194725,0.0241344296835712,1.13743395,264.97956734873355,265.1443964689384
2024-03-11 06:31:58,0.140209205,0.0241346153438109,1.1374427,264.9995915278725,265.1657809963578
2024-03-11 06:32:02,0.140211618,0.0241343912784245,1.13743214,265.0041587094469,265.1717085402833
2024-03-11 06:32:06,0.140217652,0.0241346537489576,1.13744451,265.00999349585595,265.1789037030844
2024-03-11 06:32:10,0.140229115,0.0241332711636759,1.13737935,265.03974369938993,265.2100142970216
2024-03-11 06:32:15,0.140233036,0.0241326823554873,1.1373516,265.0497603148522,265.2217314201457
2024-03-11 06:32:19,0.140239974,0.024133123908583,1.13737241,265.0553770083244,265.22870853543736
2024-03-11 06:32:23,0.140244801,0.0241320037938343,1.13731962,265.0721075687018,265.24679953154845
2024-03-11 06:32:27,0.140261392,0.0241330727724484,1.13737,265.0873094172107,265.2633618296754
2024-03-11 06:32:31,0.140265917,0.0241331943533825,1.13737573,265.0920423662707,265.2694552422079
2024-03-11 06:32:35,0.140280095,0.0241326182761818,1.13734858,265.11865120026226,265.2974245534967
2024-03-11 06:32:40,0.140291256,0.0241320231024993,1.13732053,265.1402838346544,265.3207578039053
2024-03-11 06:32:44,0.140296988,0.0241324455591131,1.13734044,265.1441515201244,265.32598599766817
2024-03-11 06:32:48,0.140299703,0.0241325607745533,1.13734587,265.1460548493042,265.3292498488679
2024-03-11 06:32:52,0.140309959,0.0241319974283404,1.13731932,265.16628881183254,265.3508443471134
2024-03-11 06:32:56,0.140311468,0.02413218308858,1.13732807,265.16561374268883,265.3515298273539
2024-03-11 06:33:00,0.140321724,0.0241322662643674,1.13733199,265.17984905518233,265.36712570286846
2024-03-11 06:33:05,0.140322931,0.0241301412503103,1.13723184,265.1997960763257,265.38877344691946
2024-03-11 06:33:09,0.140329567,0.0241306980188461,1.13725808,265.20385914054646,265.39419710473453
2024-03-11 06:33:13,0.140341332,0.0241298467401244,1.13721796,265.22917794397694,265.42087651529835
2024-03-11 06:33:17,0.140350683,0.0241312293254061,1.13728312,265.2299077000704,265.42296689203414
2024-03-11 06:33:21,0.140357622,0.0241306148430587,1.13725416,265.24532609210155,265.4397459181862
2024-03-11 06:33:25,0.140363655,0.0241306468827115,1.13725567,265.2532968958491,265.4490773695032
2024-03-11 06:33:30,0.140370593,0.0241294179180166,1.13719775,265.2740802975252,265.4715615995069
2024-03-11 06:33:34,0.140376324,0.0241296547143908,1.13720891,265.27966826615665,265.47851024585617
2024-03-11 06:33:38,0.140389899,0.0241304228173251,1.13724511,265.29284217727223,265.4930448480398
2024-03-11 06:33:42,0.140384469,0.0241301028451636,1.13723003,265.2857859599013,265.4873493350565
2024-03-11 06:33:46,0.140397139,0.0241297251591903,1.13721223,265.30815531227023,265.51107940510246
2024-03-11 06:33:51,0.140407999,0.0241299235504178,1.13722158,265.3219458250923,265.5265708336628
2024-03-11 06:33:55,0.140411015,0.0241291618129775,1.13718568,265.33247403581305,265.5384597918506
2024-03-11 06:33:59,0.140418557,0.0241281825878279,1.13713953,265.35224794662787,265.5595944633231
2024-03-11 06:34:03,0.140422478,0.0241281441826811,1.13713772,265.35750286764096,265.5662101581539
2024-03-11 06:34:07,0.140430623,0.0241291747561485,1.13718629,265.3595694231224,265.5696375005828
2024-03-11 06:34:12,0.140429416,0.0241273313091062,1.13709941,265.37306812385765,265.5848372034194
2024-03-11 06:34:16,0.140453549,0.0241289250166033,1.13717452,265.3954223329637,265.60855222890297
2024-03-11 06:34:20,0.140458677,0.0241293027025765,1.13719232,265.39873757234386,265.6132282976911
2024-03-11 06:34:24,0.140457772,0.0241271520143605,1.13709096,265.41591715948704,265.63176872724205
2024-03-11 06:34:28,0.140463202,0.0241281057775344,1.13713591,265.4143609296145,265.63157335274644
2024-03-11 06:34:33,0.140473459,0.0241282530326274,1.13714285,265.427664349335,265.6465778598796
2024-03-11 06:34:37,0.140482207,0.0241283234774268,1.13714617,265.4396130136223,265.65988740861263
2024-03-11 06:34:41,0.14049005,0.0241286370840945,1.13716095,265.4478569555271,265.66949224783275
2024-03-11 06:34:45,0.140499703,0.0241275744709744,1.13711087,265.4717820949123,265.69477829737224
2024-03-11 06:34:49,0.140498195,0.0241277344570551,1.13711841,265.46652674094054,265.6908838663628
2024-03-11 06:34:53,0.140503926,0.024127081569561,1.13708764,265.4803837280364,265.7061017891983
2024-03-11 06:34:58,0.140516294,0.0241274721987052,1.13710605,265.49479482878,265.7222140775381
2024-03-11 06:35:02,0.140521423,0.0241280610068938,1.1371338,265.49614733433054,265.724927547465
2024-03-11 06:35:06,0.140535601,0.0241280610068938,1.1371338,265.51741892699994,265.747560117188
2024-03-11 06:35:10,0.140537712,0.0241270431644143,1.13708583,265.5288921724756,265.76039435236373
2024-03-11 06:35:14,0.140538315,0.024125750332597,1.1370249,265.5405163910646,265.7733795732684
2024-03-11 06:35:18,0.14054827,0.0241268704473456,1.13707769,265.54463117046924,265.77885536757327
2024-03-11 06:35:23,0.140555208,0.0241264543562257,1.13705808,265.5578755844429,265.79380106782224
2024-03-11 06:35:27,0.140552493,0.0241261407495581,1.1370433,265.5550968850136,265.79238341149545
2024-03-11 06:35:31,0.140568783,0.024126019168624,1.13703757,265.5808733101537,265.8195208922222
2024-03-11 06:35:35,0.140571196,0.0241254430914233,1.13701042,265.5887233614539,265.828732011562
2024-03-11 06:35:39,0.140572705,0.0241248797452104,1.13698387,265.59501211070557,265.8363818412753
2024-03-11 06:35:43,0.140579643,0.0241255262672107,1.13701434,265.59871325652915,265.8414440799514
2024-03-11 06:35:48,0.140591709,0.024126147115052,1.1370436,265.61049948372596,265.85493169059134
2024-03-11 06:35:52,0.140602569,0.0241269345266512,1.13708071,265.6191504188526,265.86494374633645
2024-03-11 06:35:56,0.140610714,0.0241261855201987,1.13704541,265.6377613079806,265.8849157683728
2024-03-11 06:36:00,0.140612524,0.0241249565555039,1.13698749,265.6507255566806,265.8992411622398
2024-03-11 06:36:04,0.140617652,0.0241248349745698,1.13698176,265.65868317300846,265.9085599359622
2024-03-11 06:36:08,0.140621875,0.0241255135362228,1.13701374,265.6577496143322,265.9089875468769
2024-03-11 06:36:13,0.140627003,0.0241247261246236,1.13697663,265.67156339749135,265.92450280912806
2024-03-11 06:36:17,0.140634243,0.0241248863228875,1.13698418,265.68027063359,265.93457124214524
2024-03-11 06:36:21,0.140642086,0.0241251806208902,1.13699805,265.6886923201238,265.9443541376921
2024-03-11 06:36:25,0.140646913,0.0241249694986749,1.1369881,265.6970029444826,265.9540259831275
2024-03-11 06:36:29,0.140651739,0.0241245790817138,1.1369697,265.70698119118885,265.9653654629424
2024-03-11 06:36:34,0.140652041,0.0241240030045131,1.13694255,265.7111245166231,265.9712103466349
2024-03-11 06:36:38,0.140661091,0.0241236957633394,1.13692807,265.7270735586947,265.98852064877275
2024-03-11 06:36:42,0.140662901,0.024123599644381,1.13692354,265.72949719256655,265.99230555464106
2024-03-11 06:36:46,0.140676777,0.024123996426836,1.13694224,265.74659741420277,266.01076706017244
2024-03-11 06:36:50,0.140679492,0.0241242268577163,1.1369531,265.74742558613684,266.0129565278688
2024-03-11 06:36:54,0.140681905,0.0241234012531535,1.13691419,265.7576046335461,266.0244968828763
2024-03-11 06:36:59,0.140694273,0.0241238364407552,1.1369347,265.7715987252666,266.04019262569057
2024-03-11 06:37:03,0.140695782,0.0241236316840338,1.13692505,265.7745535988208,266.0445088333582
2024-03-11 06:37:07,0.140704228,0.0241240541406477,1.13694496,265.78274387823296,266.0540604586172
2024-03-11 06:37:11,0.140707848,0.0241237341684861,1.13692988,265.79014256813605,266.0628205060688
2024-03-11 06:37:15,0.140708451,0.0241214939389888,1.1368243,265.8106100463042,266.0846493534557
2024-03-11 06:37:20,0.140710261,0.0241222236367764,1.13685869,265.80500157734537,266.0807426123832
2024-03-11 06:37:24,0.140723534,0.0241223579486983,1.13686502,265.82358371651395,266.1006861469126
2024-03-11 06:37:28,0.140724439,0.0241222300022703,1.13685899,265.82485935119314,266.10332318852
2024-03-11 06:37:32,0.140727758,0.0241214809958178,1.13682369,265.8357757612944,266.115601017085
2024-03-11 06:37:36,0.140736807,0.0241229276604051,1.13689187,265.8353867452376,266.1165734309958
2024-03-11 06:37:41,0.140744952,0.0241225883795786,1.13687588,265.84985183706897,266.1327403264156
2024-03-11 06:37:45,0.14074646,0.0241215066699767,1.1368249,265.86097699413597,266.1452269392179
2024-03-11 06:37:49,0.140748874,0.02412199957139,1.13684813,265.85887773222055,266.1444891444383
2024-03-11 06:37:53,0.140763957,0.0241228828897645,1.13688976,265.8733709435803,266.1603438343027
2024-03-11 06:37:57,0.140762448,0.0241227740398182,1.13688463,265.8706140984073,266.15894847897124
2024-03-11 06:38:01,0.140774816,0.0241221979626175,1.13685748,265.89437059647196,266.1840664781825
2024-03-11 06:38:06,0.140783263,0.0241216986957102,1.13683395,265.91081058301785,266.2022083570109
2024-03-11 06:38:10,0.140787184,0.0241213721458716,1.13681856,265.9187542089205,266.21151350937987
2024-03-11 06:38:14,0.140792916,0.0241215323441355,1.13682611,265.9250531125061,266.2191739506331
2024-03-11 06:38:18,0.140786883,0.0241213978200305,1.13681977,265.915311142827,266.21079352979115
2024-03-11 06:38:22,0.140795631,0.0241206937964017,1.13678659,265.93448217076525,266.2313261177039
2024-03-11 06:38:26,0.140807396,0.0241216793870453,1.13683304,265.9427212423137,266.240926760332
2024-03-11 06:38:31,0.140807094,0.0241206937964017,1.13678659,265.94972484891906,266.2496323463552
2024-03-11 06:38:35,0.140815239,0.024122146826483,1.13685507,265.94782475626596,266.2490938496518
2024-03-11 06:38:39,0.14082097,0.0241214362251772,1.13682158,265.9622397572543,266.26487045759086
2024-03-11 06:38:43,0.140830623,0.0241214939389888,1.1368243,265.9757554243099,266.27974774256626
2024-03-11 06:38:47,0.14083183,0.0241211610236562,1.13680861,265.9794253544947,266.2847793016078
2024-03-11 06:38:51,0.140837863,0.0241205401758149,1.13677935,265.99348739241634,266.3002029792908
2024-03-11 06:38:56,0.140841785,0.0241198616141619,1.13674737,266.00437677452254,266.3127944263844
2024-03-11 06:39:00,0.140849326,0.0241211033098446,1.13680589,266.0034789322371,266.3132582482783
2024-03-11 06:39:04,0.140855963,0.0241208601479765,1.13679443,266.01498417606695,266.3261251670875
2024-03-11 06:39:08,0.140859281,0.024120796280854,1.13679142,266.01951699955646,266.332019676324
2024-03-11 06:39:12,0.140856566,0.0241195736816531,1.1367338,266.02522191319923,266.3390862864494
2024-03-11 06:39:17,0.140869839,0.0241208410514947,1.13679353,266.0328968667675,266.3484633756684
2024-03-11 06:39:21,0.140870744,0.0241194711972008,1.13672897,266.04575776837345,266.3626859977936
2024-03-11 06:39:25,0.140871649,0.0241191703215211,1.13671479,266.0486480632405,266.36693802381035
2024-03-11 06:39:29,0.140878286,0.0241200793140543,1.13675763,266.04940707003135,266.3690587723488
2024-03-11 06:39:33,0.140887034,0.0241205785809616,1.13678116,266.05735917571843,266.3783726303492
2024-03-11 06:39:37,0.140887939,0.0241206874309078,1.13678629,266.0564273567225,266.37880257419965
2024-03-11 06:39:42,0.140900005,0.0241196695884283,1.13673832,266.0834909821641,266.40756841796207
2024-03-11 06:39:46,0.140901513,0.0241202777052818,1.13676698,266.0788640543774,266.40430327660283
2024-03-11 06:39:50,0.140906642,0.0241189014854941,1.13670212,266.09853442302375,266.42533544210414
2024-03-11 06:39:54,0.140913881,0.0241196632229344,1.13673802,266.101626681364,266.42978950769447
2024-03-11 06:39:58,0.140922026,0.0241205017706682,1.13677754,266.10544889776907,266.4349735417121
2024-03-11 06:40:03,0.140924138,0.0241206681222429,1.13678538,266.1055674246546,266.43679435513604
2024-03-11 06:40:07,0.140934394,0.0241196695884283,1.13673832,266.1299032892006,266.4624920604912
2024-03-11 06:40:11,0.140935299,0.0241200345434137,1.13675552,266.12658100794056,266.4605316302969
2024-03-11 06:40:15,0.140938014,0.0241193816559195,1.13672475,266.13564840841485,266.4709608920608
2024-03-11 06:40:19,0.140936807,0.0241190039699463,1.13670695,266.13588364608313,266.47255800121
2024-03-11 06:40:23,0.140943142,0.0241188246752006,1.1366985,266.1463133823844,266.48434961915075
2024-03-11 06:40:28,0.140947969,0.02411931121112,1.13672143,266.1477795229022,266.4875181259535
2024-03-11 06:40:32,0.140958527,0.0241182167705303,1.13666985,266.1734968375483,266.51459734497604
2024-03-11 06:40:36,0.140962449,0.024118914428665,1.13670273,266.171886634135,266.5143490559915
2024-03-11 06:40:40,0.140963052,0.0241179606654911,1.13665778,266.1803914624416,266.5242158087461
2024-03-11 06:40:44,0.140961242,0.0241178838551977,1.13665416,266.176855529267,266.522041810006
2024-03-11 06:40:49,0.140972403,0.0241179158948505,1.13665567,266.19268119052185,266.5395699032975
2024-03-11 06:40:53,0.140960035,0.0241164949044221,1.1365887,266.184830517861,266.5330811874206
2024-03-11 06:40:57,0.140980548,0.0241180311102906,1.1366611,266.20189135817276,266.55150399439617
2024-03-11 06:41:01,0.140981151,0.0241171030212756,1.13661736,266.21015834133254,266.56113295406647
2024-03-11 06:41:05,0.140985676,0.0241171157522634,1.13661796,266.21590547521214,266.5682420742704
2024-03-11 06:41:09,0.140991106,0.0241175702485301,1.13663938,266.21897295350095,266.57267154866446
2024-03-11 06:41:14,0.140999553,0.0241174102624493,1.13663184,266.23225701801294,266.58765812201216
2024-03-11 06:41:18,0.141001664,0.0241173845882904,1.13663063,266.2345067234506,266.5912698454414
2024-03-11 06:41:22,0.141010111,0.0241171221177573,1.13661826,266.24908873984344,266.6072138894993
2024-03-11 06:41:26,0.141015541,0.0241166996611435,1.13659835,266.2603461978261,266.6198333847877
2024-03-11 06:41:30,0.141019764,0.0241168021455958,1.13660318,266.26477268146493,266.6256219153397
2024-03-11 06:41:34,0.141015842,0.0241171093867695,1.13661766,266.2542760057289,266.61648729609107
2024-03-11 06:41:39,0.141026702,0.0241155859118888,1.13654586,266.2841520717562,266.6480659461411
2024-03-11 06:41:43,0.141017049,0.0241158163427691,1.13655672,266.2652171515137,266.6304931038072
2024-03-11 06:41:47,0.14102821,0.0241162772045296,1.13657844,266.27737901334405,266.6440170530127
2024-03-11 06:41:51,0.141023384,0.0241149780072184,1.13651721,266.280444411085,266.6484445475622
2024-03-11 06:41:55,0.141034847,0.0241155156792724,1.13654255,266.29237134950887,266.6617335921947
2024-03-11 06:41:59,0.141036355,0.0241153236535388,1.1365335,266.29521230184054,266.665936660102
2024-03-11 06:42:04,0.141039975,0.0241150802794876,1.13652203,266.3015664914239,266.67399350727635
2024-03-11 06:42:08,0.141044198,0.0241146450918859,1.13650152,266.311016949838,266.68480610221985
2024-03-11 06:42:12,0.14105536,0.0241145362419396,1.13649639,266.3285038351153,266.70365513328534
2024-03-11 06:42:16,0.141059884,0.024115170032952,1.13652626,266.3284463965634,266.70495984974684
2024-03-11 06:42:20,0.141070141,0.024116232433889,1.13657633,266.3335420689889,266.71141768637773
2024-03-11 06:42:25,0.141070141,0.0241158292859401,1.13655733,266.3356066263459,266.7151849618669
2024-03-11 06:42:29,0.141073459,0.0241161365271138,1.13657181,266.3366737634521,266.7176142837383
2024-03-11 06:42:33,0.141085224,0.0241162901477006,1.13657905,266.3526701006964,266.7349728148312
2024-03-11 06:42:37,0.141084319,0.0241161428926077,1.13657211,266.351238363896,266.7349032809292
2024-03-11 06:42:41,0.141084319,0.0241144594316462,1.13649277,266.36561004171915,266.75063717066723
2024-03-11 06:42:46,0.141090352,0.0241148946192479,1.13651328,266.3694777986353,266.7562077051052
2024-03-11 06:42:50,0.141098799,0.0241157588411406,1.13655401,266.37353216078833,266.7616242993374
2024-03-11 06:42:54,0.141098195,0.0241146644005508,1.13650243,266.38143503014925,266.770889409685
2024-03-11 06:42:58,0.14109729,0.0241137681390054,1.13646019,266.38700518410644,266.7778218135026
2024-03-11 06:43:02,0.141109357,0.0241155604499131,1.13654466,266.3881664067241,266.7803452948209
2024-03-11 06:43:06,0.141114485,0.0241145875902574,1.13649881,266.40409094844426,266.79763210404826
2024-03-11 06:43:11,0.141115993,0.0241148691572722,1.13651208,266.40216494934356,266.7974089516645
2024-03-11 06:43:15,0.1411172,0.0241139026631104,1.13646653,266.411766916935,266.8083732064549
2024-03-11 06:43:19,0.14112263,0.0241138578924698,1.13646442,266.41949846945266,266.81746705486853
2024-03-11 06:43:23,0.141122931,0.024112891398308,1.13641887,266.4276541806398,266.82698507061514
2024-03-11 06:43:27,0.141132584,0.0241139026631104,1.13646653,266.432258260151,266.8329514633154
2024-03-11 06:43:32,0.141138014,0.0241142546749248,1.13648312,266.43593898303754,266.83833508977216
2024-03-11 06:43:36,0.141137713,0.0241140115130566,1.13647166,266.4363695243709,266.84012796358775
2024-03-11 06:43:40,0.141143444,0.0241139601647389,1.13646924,266.44464345119275,266.84976423141165
2024-03-11 06:43:44,0.141133489,0.0241134865719905,1.13644692,266.431805020088,266.8382881497948
2024-03-11 06:43:48,0.141143746,0.0241134033962031,1.136443,266.44760794717405,266.85545343482084
2024-03-11 06:43:52,0.141151891,0.0241131345601762,1.13643033,266.4617731564818,266.8709810104868
2024-03-11 06:43:57,0.141151287,0.0241115726801487,1.13635672,266.4737137281887,266.8846245519278
2024-03-11 06:44:01,0.141150684,0.0241123344175891,1.13639262,266.4642629730494,266.8765361819636
2024-03-11 06:44:05,0.141148271,0.0241106509566276,1.13631328,266.4747916762222,266.8884272786193
2024-03-11 06:44:09,0.141159432,0.0241113806544152,1.13634767,266.4844371044998,266.8994351086536
2024-03-11 06:44:13,0.141163052,0.0241113488269455,1.13634617,266.4891566601368,266.9055170742873
2024-03-11 06:44:17,0.141170292,0.0241107534410799,1.13631811,266.5049328921414,266.9226557244944
2024-03-11 06:44:22,0.141175722,0.0241115215440142,1.13635431,266.5047201658951,266.92414603248875
2024-03-11 06:44:26,0.141179643,0.0241126032536161,1.13640529,266.4995030485335,266.9202913516682
2024-03-11 06:44:30,0.141181453,0.0241116303939604,1.13635944,266.5101341424435,266.9322848902145
2024-03-11 06:44:34,0.14118809,0.0241117776490533,1.13636638,266.5179987818789,266.9415119823469
2024-03-11 06:44:38,0.141190805,0.0241114704078796,1.1363519,266.52384911972865,266.94872478092054
2024-03-11 06:44:42,0.141192313,0.0241109902374541,1.13632927,266.5293891703742,266.9556273002826
2024-03-11 06:44:47,0.14119714,0.0241109070616667,1.13632535,266.53617744618344,266.9641186731749
2024-03-11 06:44:51,0.141200759,0.0241103630241188,1.13629971,266.54568888380606,266.9749925973723
2024-03-11 06:44:55,0.141201664,0.0241106575343047,1.13631359,266.5430164472787,266.9736826553011
2024-03-11 06:44:59,0.141201061,0.0241103950637716,1.13630122,266.5431466301487,266.9751753404745
2024-03-11 06:45:03,0.141208301,0.0241109775064662,1.13632867,266.547902409776,266.9812936302178
2024-03-11 06:45:08,0.141220066,0.0241101453242264,1.13628945,266.5727873151549,267.0078816841764
2024-03-11 06:45:12,0.141217652,0.0241110990874003,1.1363344,266.5586408295839,266.9950977261749
2024-03-11 06:45:16,0.141226099,0.0241103886982777,1.13630092,266.57742481442085,267.0152442462825
2024-03-11 06:45:20,0.141225797,0.024110727766921,1.1363169,266.5724060602934,267.0115880350926
2024-03-11 06:45:24,0.14123364,0.0241113742889212,1.13634737,266.5775246687457,267.0180691941149
2024-03-11 06:45:28,0.14123545,0.0241107470755859,1.13631781,266.584925065869,267.0268321494061
2024-03-11 06:45:33,0.141238768,0.0241107470755859,1.13631781,266.58852379592446,267.0321340878036
2024-03-11 06:45:37,0.141240578,0.0241098764881994,1.13627678,266.5982030565859,267.04317592360246
2024-03-11 06:45:41,0.141245405,0.0241098894313704,1.13627739,266.6044328093397,267.05076825897964
2024-03-11 06:45:45,0.141249327,0.0241112336115054,1.13634074,266.596754117871,267.0444521575856
2024-03-11 06:45:49,0.141252946,0.0241108045772145,1.13632052,266.6051906788456,267.0542513160518
2024-03-11 06:45:54,0.141259583,0.0241104207379304,1.13630243,266.61768654958337,267.06845044403127
2024-03-11 06:45:58,0.141270443,0.0241107661720677,1.13631871,266.6304436505273,267.08257015902825
2024-03-11 06:46:02,0.141265918,0.0241106318601458,1.13631238,266.62310780565866,267.07659693551705
2024-03-11 06:46:06,0.141277683,0.0241112079373465,1.13633953,266.6351512784853,267.09000303697087
2024-03-11 06:46:10,0.141270141,0.0241102221345198,1.13629307,266.63096697261824,267.0871813669661
2024-03-11 06:46:14,0.141273459,0.0241093388161454,1.13625144,266.6431775888008,267.10075462621137
2024-03-11 06:46:19,0.141279191,0.024108986804331,1.13623485,266.653930839856,267.1132111911676
2024-03-11 06:46:23,0.141283716,0.0241094156264388,1.13625506,266.6557836189291,267.1164266293774
2024-03-11 06:46:27,0.141284922,0.0241092172352113,1.13624571,266.65820612988836,267.12021180656075
2024-03-11 06:46:31,0.141291861,0.0241099982813166,1.13628252,266.660617832088,267.1239861820373
2024-03-11 06:46:35,0.141295179,0.0241098957968643,1.13627769,266.6655171546447,267.1302481848887
2024-03-11 06:46:40,0.141304832,0.024111265438975,1.13634224,266.6664124528081,267.1328468432365
2024-03-11 06:46:44,0.141306039,0.0241106702652925,1.13631419,266.67255229586715,267.1403493822533
2024-03-11 06:46:48,0.14130634,0.0241083723219836,1.13620589,266.6931937113337,267.1623535005822
2024-03-11 06:46:52,0.14131539,0.024108730911475,1.13622279,266.7029350587522,267.1734575577328
2024-03-11 06:46:56,0.141315088,0.0241091724645707,1.1362436,266.69695353865586,267.1688387542033
2024-03-11 06:47:00,0.141318407,0.0241088972630497,1.13623063,266.70347282287634,267.1767207617906
2024-03-11 06:47:05,0.141319613,0.0241098253520648,1.13627437,266.69500303410905,267.16995438674087
2024-03-11 06:47:09,0.141333188,0.0241107214014271,1.1363166,266.70694004796445,267.1832541391348
2024-03-11 06:47:13,0.141330473,0.024109671731478,1.13626713,266.7110714199658,267.1887482563609
2024-03-11 06:47:17,0.141331378,0.0241089549768614,1.13623335,266.71786955604495,267.19690914431595
2024-03-11 06:47:21,0.141346763,0.0241104846050529,1.13630544,266.7267629017776,267.2071652485405
2024-03-11 06:47:25,0.141346461,0.0241103823327837,1.13630062,266.7258756574706,267.2076407693064
2024-03-11 06:47:30,0.141347064,0.0241094540315855,1.13625687,266.7338328708085,267.21730144818633
2024-03-11 06:47:34,0.141357019,0.0241110286426008,1.13633108,266.7336262191721,267.21845757630155
2024-03-11 06:47:38,0.141354606,0.0241103823327837,1.13630062,266.7344625681654,267.22065671151324
2024-03-11 06:47:42,0.141361242,0.0241090636146245,1.13623847,266.75606053792916,267.24361747392703
2024-03-11 06:47:46,0.141363052,0.0241093324506515,1.13625114,266.75507122251526,267.2439909575596
2024-03-11 06:47:50,0.141357924,0.024108858857903,1.13622882,266.74995100919267,267.24023354964464
2024-03-11 06:47:55,0.141364862,0.0241081611997682,1.13619594,266.765873210682,267.25785926678515
2024-03-11 06:47:59,0.141365767,0.0241082316445677,1.13619926,266.7652965842242,267.2586454599188
2024-03-11 06:48:03,0.141368784,0.0241086541011816,1.13621917,266.7647964463183,267.25950814785085
2024-03-11 06:48:07,0.141380247,0.0241096396918252,1.13626562,266.7725166712946,267.2685912048764
2024-03-11 06:48:11,0.141384168,0.0241095053799032,1.13625929,266.77867868887955,267.27611606068643
2024-03-11 06:48:16,0.141387487,0.0241088077217685,1.13622641,266.78881781748663,267.2879587457059
2024-03-11 06:48:20,0.141394726,0.0241102989448132,1.13629669,266.78504771865244,267.2855514988633
2024-03-11 06:48:24,0.14139171,0.0241091213284361,1.13624119,266.7899017872057,267.29176842546906
2024-03-11 06:48:28,0.141402268,0.0241101519019034,1.13628976,266.7957526396558,267.2989821419972
2024-03-11 06:48:32,0.141405888,0.0241091467904118,1.13624239,266.8095958376803,267.3141882100897
2024-03-11 06:48:37,0.141411921,0.0241102734828375,1.13629549,266.8069728399276,267.3132688082914
2024-03-11 06:48:41,0.141415239,0.0241098317175587,1.13627467,266.81505321313654,267.3227120649163
2024-03-11 06:48:45,0.141411318,0.0241086156960349,1.13621736,266.81882292440224,267.3278446654724
2024-03-11 06:48:49,0.141417049,0.0241094285696098,1.13625567,266.81899905004275,267.3293836862425
2024-03-11 06:48:53,0.141424892,0.0241092108697174,1.13624541,266.83221112339226,267.34395866052523
2024-03-11 06:48:57,0.14143364,0.0241099021623582,1.13627799,266.8383478921757,267.35145833600984
2024-03-11 06:49:02,0.14143183,0.0241097358107835,1.13627015,266.83531117827675,267.3501252635442
2024-03-11 06:49:06,0.141436054,0.0241097165021186,1.13626924,266.840879763294,267.3570567681102
2024-03-11 06:49:10,0.141439372,0.024109402895451,1.13625446,266.8477596471415,267.3652995771586
2024-03-11 06:49:14,0.14143726,0.0241079691740347,1.13618689,266.8564640784032,267.37536693923767
2024-03-11 06:49:18,0.141439975,0.0241094092609449,1.13625476,266.84593778218624,267.3662035794188
2024-03-11 06:49:23,0.141438165,0.0241073740003522,1.13615884,266.8604247595773,267.38239423510106
2024-03-11 06:49:27,0.141444199,0.0241081100636337,1.13619353,266.861803597032,267.38513602137994
2024-03-11 06:49:31,0.141445405,0.0241078666895824,1.13618206,266.86465026405006,267.38934564268664
2024-03-11 06:49:35,0.141456265,0.0241093004109987,1.13624963,266.8671997236184,267.39325806197246
2024-03-11 06:49:39,0.141456868,0.024109396529957,1.13625416,266.86589915367165,267.3933204571361
2024-03-11 06:49:43,0.141465918,0.0241079628085407,1.13618659,266.89244504479564,267.4212293187276
2024-03-11 06:49:48,0.14146984,0.0241089804388371,1.13623455,266.88746587219646,267.4179538666917
2024-03-11 06:49:52,0.141468331,0.0241073099210466,1.13615582,266.8993584021915,267.43120937907656
2024-03-11 06:49:56,0.141466521,0.0241078796327534,1.13618267,266.88975918611527,267.42297315063064
2024-03-11 06:50:00,0.141470443,0.024107924403394,1.13618478,266.89424469301656,267.4288216503667
2024-03-11 06:50:04,0.141472856,0.0241072842468878,1.13615461,266.9027425651046,267.4386825204582
2024-03-11 06:50:08,0.141487637,0.0241082123359028,1.13619835,266.9162984789478,267.45360143743744
2024-03-11 06:50:13,0.141484621,0.0241079948481935,1.1361881,266.91181436143563,267.4508210810082
2024-03-11 06:50:17,0.141481604,0.0241067722489926,1.13613048,266.9170975938526,267.4574673279779
2024-03-11 06:50:21,0.141487336,0.0241068170196333,1.13613259,266.92447636793514,267.4662091216288
2024-03-11 06:50:25,0.141491861,0.024107783513795,1.13617814,266.92127925350485,267.4643750317463
2024-03-11 06:50:29,0.141490956,0.0241071306263009,1.13614737,266.92459436616156,267.469053173894
2024-03-11 06:50:33,0.141495179,0.0241066377248875,1.13612414,266.93460525724987,267.4804270993808
2024-03-11 06:50:38,0.141496687,0.0241061577666452,1.13610152,266.93981475720665,267.4873403991813
2024-03-11 06:50:42,0.14150091,0.0241066827077113,1.13612626,266.94027662281536,267.4891653100976
2024-03-11 06:50:46,0.141512374,0.024107783513795,1.13617814,266.9469090423405,267.4971607797201
2024-03-11 06:50:50,0.14151177,0.0241078796327534,1.13618267,266.943678843904,267.4952936361344
2024-03-11 06:50:54,0.141516898,0.02410738673134,1.13615944,266.95513646218546,267.50811431398404
2024-03-11 06:50:58,0.14151177,0.0241067913454744,1.13613138,266.9511633736636,267.50550428971144
2024-03-11 06:51:03,0.141513882,0.0241057609841902,1.13608282,266.96250352310676,267.51854827599374
2024-03-11 06:51:07,0.141520217,0.0241059530099238,1.13609187,266.96946460375443,267.5268724312905
2024-03-11 06:51:11,0.14152444,0.0241054857826693,1.13606985,266.97923637363914,267.5380072803874
2024-03-11 06:51:15,0.141527155,0.0241055432842978,1.13607256,266.9816734719888,267.5418074624759
2024-03-11 06:51:19,0.141527758,0.0241056394032561,1.13607709,266.98037219843303,267.54186927714954
2024-03-11 06:51:24,0.141530775,0.0241059082392831,1.13608976,266.9809678770815,267.5441688223439
2024-03-11 06:51:28,0.141542539,0.0241071690314476,1.13614918,266.9865762007144,267.55114024417657
2024-03-11 06:51:32,0.141544953,0.0241064138716843,1.13611359,266.99615880380145,267.56208594983553
2024-03-11 06:51:36,0.141543143,0.0241068297506211,1.13613319,266.98799949220506,267.55528974514664
2024-03-11 06:51:40,0.141552494,0.0241073226520345,1.13615642,266.99695686904363,267.5656102331919
2024-03-11 06:51:44,0.141558527,0.024105524187816,1.13607166,267.02211753602717,267.5921340156448
2024-03-11 06:51:49,0.141554304,0.0241063945630194,1.13611268,267.00549361023354,267.57721399012667
2024-03-11 06:51:53,0.141553701,0.0241057609841902,1.13608282,267.0091135544455,267.58219705926547
2024-03-11 06:51:57,0.141563656,0.0241058632564593,1.13608764,267.0227030702035,267.5971497040942
2024-03-11 06:52:01,0.141556416,0.024104845626163,1.13603968,267.0193195923611,267.59512935943
2024-03-11 06:52:05,0.141565767,0.0241054921481632,1.13607015,267.0268349031848,267.60400780750257
2024-03-11 06:52:10,0.141560639,0.0241045831556299,1.13602731,267.02546714445117,267.60434397599863
2024-03-11 06:52:14,0.141569689,0.0241050440173905,1.13604903,267.0342442001428,267.6144841779643
2024-03-11 06:52:18,0.141573912,0.0241059400667528,1.13609126,267.03121940055945,267.61282252860667
2024-03-11 06:52:22,0.141580247,0.0241062536734204,1.13610604,267.0370383748422,267.62000465703
2024-03-11 06:52:26,0.141580247,0.0241052040034713,1.13605657,267.0455299040737,267.62985934428025
2024-03-11 06:52:31,0.14158266,0.0241052680827768,1.13605959,267.04708153668065,267.6331149298084
2024-03-11 06:52:35,0.14158266,0.0241045895211238,1.13602761,267.05208948771383,267.63948604745195
2024-03-11 06:52:39,0.141592615,0.0241045831556299,1.13602731,267.0666997896291,267.65545951973627
2024-03-11 06:52:43,0.14159352,0.0241053321620824,1.13606261,267.0597501913913,267.6498730955894
2024-03-11 06:52:47,0.14159352,0.0241046472349355,1.13603033,267.06481843000967,267.65630451198376
2024-03-11 06:52:51,0.141592917,0.0241046279262706,1.13602942,267.062672621456,267.65552188485435
2024-03-11 06:52:56,0.141595632,0.0241032005703482,1.13596215,267.07871293279294,267.67326617804576
2024-03-11 06:53:00,0.141597743,0.0241037127804265,1.13598629,267.07591415847685,267.6718305932274
2024-03-11 06:53:04,0.141596235,0.0241029126378394,1.13594858,267.07965469837455,267.6769343261513
2024-03-11 06:53:08,0.14160076,0.0241038407268545,1.13599232,267.07680925603165,267.6754520803259
2024-03-11 06:53:12,0.141612524,0.0241036487011209,1.13598327,267.09605581781113,267.69606184207726
2024-03-11 06:53:16,0.141611921,0.0241040518490698,1.13600227,267.08994225498117,267.69131148263654
2024-03-11 06:53:21,0.141616446,0.0241039879819474,1.13599926,267.09607181422916,267.69914505087047
2024-03-11 06:53:25,0.141623384,0.0241040070784292,1.13600016,267.1056205429218,267.71005699050625
2024-03-11 06:53:29,0.141614334,0.0241041927386688,1.13600891,267.088046036168,267.6938456979926
2024-03-11 06:53:33,0.141620368,0.0241039879819474,1.13599926,267.0982520020749,267.7054148813996
2024-03-11 06:53:37,0.141625496,0.0241033734996,1.1359703,267.110858514778,267.71938461482563
2024-03-11 06:53:41,0.141630624,0.0241034566753873,1.13597422,267.11691196156926,267.72680128552565
2024-03-11 06:53:46,0.141632434,0.0241038598233363,1.13599322,267.1143144849634,267.72590784322904
2024-03-11 06:53:50,0.141630926,0.0241031110290669,1.13595793,267.11757444265476,267.7305310318613
2024-03-11 06:53:54,0.141639674,0.0241028678671988,1.13594647,267.13248098458973,267.74680080780206
2024-03-11 06:53:58,0.14164269,0.0241040838887226,1.13600378,267.1245155638863,267.74019862413223
2024-03-11 06:54:02,0.141644199,0.0241026628982942,1.13593681,267.13891443703307,267.7559607373032
2024-03-11 06:54:07,0.141645707,0.0241028999068516,1.13594798,267.13739450949845,267.75614486394744
2024-03-11 06:54:11,0.14165536,0.0241031301255487,1.13595883,267.1493006576288,267.7694142586943
2024-03-11 06:54:15,0.141653852,0.0241033798650939,1.1359706,267.1431801290221,267.76465697957366
2024-03-11 06:54:19,0.141667728,0.0241054664740043,1.13606894,267.14439557936527,267.76723568223485
2024-03-11 06:54:23,0.1416626,0.0241037446078961,1.13598779,267.15101191409406,267.77521527207654
2024-03-11 06:54:27,0.141663807,0.0241030278532796,1.13595401,267.1583129129844,267.78387952883696
2024-03-11 06:54:32,0.141671348,0.0241035525821626,1.13597874,267.1637340655448,267.7910047575557
2024-03-11 06:54:36,0.141672555,0.024103104663573,1.13595763,267.16850935599035,267.7971433119388
2024-03-11 06:54:40,0.141675873,0.0241032262445071,1.13596336,267.1713081250732,267.80130534759496
2024-03-11 06:54:44,0.141676778,0.0241025733570129,1.13593259,267.1775271424284,267.8088876341219
2024-03-11 06:54:48,0.141678889,0.0241038086872017,1.13599081,267.16793007620834,267.8006538396344
2024-03-11 06:54:53,0.141691861,0.0241034055392528,1.13597181,267.19075280290247,267.82518065953826
2024-03-11 06:54:57,0.141676476,0.0241021956710397,1.13591479,267.1761630838511,267.8119542178444
2024-03-11 06:55:01,0.141688844,0.0241024581415728,1.13592716,267.1921067523044,267.8292611660941
2024-03-11 06:55:05,0.141691861,0.0241029701394679,1.13595129,267.1907549271946,267.829272623182
2024-03-11 06:55:09,0.141697291,0.0241032389754949,1.13596396,267.1955461027359,267.8354270832848
2024-03-11 06:55:14,0.141706039,0.0241033030548005,1.13596698,267.2072253054659,267.8488103949836
2024-03-11 06:55:18,0.141709659,0.0241042438748034,1.13601132,267.2028066916083,267.8457550708686
2024-03-11 06:55:22,0.141707245,0.0241034694063752,1.13597482,267.2048632287608,267.8491749000052
2024-03-11 06:55:26,0.14170996,0.0241035462166686,1.13597844,267.2071184979271,267.8527934633595
2024-03-11 06:55:30,0.141714787,0.0241036039304803,1.13598116,267.2129297276214,267.85996798940783
2024-03-11 06:55:34,0.141715089,0.0241038918629891,1.13599473,267.20934285174604,267.8577444120151
2024-03-11 06:55:39,0.141712072,0.0241020740901056,1.13590906,267.2199021352511,267.87000782155894
2024-03-11 06:55:43,0.141716295,0.0241016516334918,1.13588915,267.22926211417325,267.8807311036146
2024-03-11 06:55:47,0.141721122,0.0241023301951448,1.13592113,267.2292371583575,267.882069452938
2024-03-11 06:55:51,0.14172082,0.0241017348092791,1.13589307,267.2329882988619,267.8871839005497
2024-03-11 06:55:55,0.141721725,0.0241017027696264,1.13589156,267.2333731553448,267.88893206606986
2024-03-11 06:55:59,0.14172806,0.0241024006399443,1.13592445,267.23557741515924,267.89249963681385
2024-03-11 06:56:04,0.14172987,0.024101760483438,1.13589428,267.24278564350317,267.90141200642296
2024-03-11 06:56:08,0.141736808,0.0241022020365336,1.13591509,267.2483635550096,267.908353232978
2024-03-11 06:56:12,0.141732585,0.0241012164458901,1.13586864,267.2495151661906,267.9108681609767
2024-03-11 06:56:16,0.141735601,0.0241010564598093,1.1358611,267.25447843045555,267.9171947437907
2024-03-11 06:56:20,0.141731378,0.0241013189303423,1.13587347,267.2438950567126,267.90797469028985
2024-03-11 06:56:24,0.141743143,0.0241008514909047,1.13585144,267.26573812613617,267.9311810816109
2024-03-11 06:56:29,0.141745255,0.024100953975357,1.13585627,267.2664471432345,267.9335942533508
2024-03-11 06:56:33,0.141749779,0.024101901373037,1.13590092,267.2634083211917,267.9319187567908
2024-03-11 06:56:37,0.141753399,0.0241021188607463,1.13591117,267.2657876887287,267.9356614513423
2024-03-11 06:56:41,0.141756114,0.0241024581415728,1.13592716,267.2655748060754,267.9368118971972
2024-03-11 06:56:45,0.141761846,0.0241017157127974,1.13589217,267.280357591346,267.9529580124315
2024-03-11 06:56:50,0.141758528,0.02410163253701,1.13588825,267.2741305717652,267.9484351572941
2024-03-11 06:56:54,0.141759734,0.0241002051810876,1.13582098,267.28811942119415,267.96378733982243
2024-03-11 06:56:58,0.141763957,0.0241009028392224,1.13585386,267.2869468509121,267.9639781039714
2024-03-11 06:57:02,0.141768784,0.0241012932561835,1.13587226,267.28962958289827,267.96802417168203
2024-03-11 06:57:06,0.141771801,0.0241015300525577,1.13588342,267.2908630219698,267.9706209477333
2024-03-11 06:57:10,0.141770896,0.0241010371511444,1.13586019,267.2926885389876,267.9738098029479
2024-03-11 06:57:15,0.141773309,0.0241006915048239,1.1358439,267.29809360709714,267.98091904545674
2024-03-11 06:57:19,0.141778739,0.024100826028929,1.13585024,267.3041471703098,267.9883359494648
2024-03-11 06:57:23,0.14178085,0.0241003522239974,1.13582791,267.31061598840904,267.9961681094522
2024-03-11 06:57:27,0.141782359,0.0241007812582884,1.13584813,267.3076297541222,267.9945452181079
2024-03-11 06:57:31,0.141788995,0.0241009603408509,1.13585657,267.3151924088911,268.0034712168354
2024-03-11 06:57:36,0.141792012,0.0241011523665845,1.13586562,267.3165058698088,268.006488859072
2024-03-11 06:57:40,0.141795933,0.0241006594651712,1.13584239,267.32604879330233,268.0173951286703
2024-03-11 06:57:44,0.141801062,0.0241008644340757,1.13585205,267.3309582329105,268.02366791527453
2024-03-11 06:57:48,0.141798045,0.0241004035723151,1.13583033,267.3291064758853,268.0231795060984
2024-03-11 06:57:52,0.14179714,0.0240997634158089,1.13580016,267.3323186479959,268.02775502687285
2024-03-11 06:57:56,0.141807095,0.0241000067898601,1.13581163,267.3445837020999,268.04138343041666
2024-03-11 06:58:01,0.141804983,0.0240999554415424,1.13580921,267.3399855294785,268.0384894456281
2024-03-11 06:58:05,0.14181343,0.0240999106709018,1.1358071,267.3525502957698,268.0524175629648
2024-03-11 06:58:09,0.141804983,0.0240993089195422,1.13577874,267.34334187513167,268.0445724940232
2024-03-11 06:58:13,0.141811318,0.0240989185025812,1.13576034,267.3557823238339,268.05837629503446
2024-03-11 06:58:17,0.141809206,0.0240990784886619,1.13576788,267.3495362481828,268.05349357226635
2024-03-11 06:58:22,0.141814033,0.0240996802400215,1.13579624,267.34988849273236,268.055550008668
2024-03-11 06:58:26,0.141812223,0.0240987073803658,1.13575039,267.3547852901169,268.0618101600858
2024-03-11 06:58:30,0.141823686,0.0240992834575665,1.13577754,267.36633123470506,268.0747194591557
2024-03-11 06:58:34,0.141823988,0.0240994882142879,1.13578719,267.36352394864605,268.0732755279883
2024-03-11 06:58:38,0.141826401,0.0240989505422339,1.13576185,267.37107900895126,268.0821939435563
2024-03-11 06:58:42,0.141828513,0.0240984258133509,1.13573712,267.3780313141513,268.09050960435155
2024-03-11 06:58:47,0.141826099,0.0240982081134585,1.13572686,267.3745156855947,268.0886981706977
2024-03-11 06:58:51,0.141833942,0.0240985921649257,1.13574496,267.38207976988974,268.09762561119453
2024-03-11 06:58:55,0.141847819,0.0240982465186052,1.13572867,267.40616112892866,268.12307032664194
2024-03-11 06:58:59,0.141849629,0.0240999490760485,1.13580891,267.3916669732727,268.1099395275623
2024-03-11 06:59:03,0.141847215,0.0240996482003687,1.13579473,267.38927529053143,268.10891120152644
2024-03-11 06:59:07,0.141852947,0.0240984192356739,1.13573681,267.40864571106545,268.12964497885605
2024-03-11 06:59:12,0.141847215,0.0240976447672457,1.13570031,267.4050653847155,268.1277688485683
2024-03-11 06:59:16,0.141852645,0.0240986178390845,1.13574617,267.4032257365331,268.1272925572425
2024-03-11 06:59:20,0.141858075,0.0240989185025812,1.13576034,267.40771544712186,268.1331456246519
2024-03-11 06:59:24,0.141867125,0.0240995266194347,1.135789,267.4150995468541,268.1418930811298
2024-03-11 06:59:28,0.141868332,0.0240991489334614,1.1357712,267.41922163004955,268.1473785209571
2024-03-11 06:59:32,0.141865918,0.0240994050385006,1.13578327,267.41158722493157,268.14110747231814
2024-03-11 06:59:37,0.141867125,0.0240994561746352,1.13578568,267.41133175836467,268.14255620107576
2024-03-11 06:59:41,0.14186441,0.0240986880717009,1.13574948,267.4128574205489,268.14544521925274
2024-03-11 06:59:45,0.141872555,0.0240984896804734,1.13574013,267.4263868278084,268.1603379822254
2024-03-11 06:59:49,0.14187889,0.024099481848794,1.13578689,267.4258132810894,268.1611277909012
2024-03-11 06:59:53,0.141876778,0.0240990209870334,1.13576517,267.42541130999405,268.162089174843
2024-03-11 06:59:58,0.141879493,0.0240991168938087,1.13576969,267.42714582117367,268.1655278792567
2024-03-11 07:00:02,0.141881303,0.0240983937736982,1.13573561,267.43548501294975,268.1752304251225
2024-03-11 07:00:06,0.141880096,0.0240984512753267,1.13573832,267.4316500788403,268.17275884461816
2024-03-11 07:00:10,0.141883415,0.0240979199687666,1.13571328,267.4405968856776,268.18306900453695
2024-03-11 07:00:14,0.14188251,0.0240975743224462,1.13569699,267.4410408007997,268.1848762721775
2024-03-11 07:00:19,0.141895179,0.0240985026236444,1.13574074,267.45085586955554,268.1963955307301
2024-03-11 07:00:23,0.141896084,0.0240987712474882,1.1357534,267.4484103902184,268.19531340250165
2024-03-11 07:00:27,0.141903626,0.0240990273525274,1.13576547,267.4566962620497,268.2049626247514
2024-03-11 07:00:31,0.141900609,0.0240985026236444,1.13574074,267.45544931638915,268.2050790287798
2024-03-11 07:00:35,0.141894576,0.0240971648090033,1.13567769,267.45703586614405,268.2080289274548
2024-03-11 07:00:39,0.141898799,0.0240969471091109,1.13566743,267.4644764221387,268.21683283156153
2024-03-11 07:00:44,0.141903626,0.0240974656846831,1.13569187,267.4656081565601,268.2196687499267
2024-03-11 07:00:48,0.141907849,0.0240966782730839,1.13565476,267.4784143792298,268.2338383187465
2024-03-11 07:00:52,0.141909357,0.0240970879987099,1.13567407,267.4756038254696,268.23239111020064
2024-03-11 07:00:56,0.141912977,0.0240980928980184,1.13572143,267.4705656362568,268.228716265227
2024-03-11 07:01:00,0.141914787,0.0240973952398836,1.13568855,267.47866744749723,268.2381814196917
2024-03-11 07:01:05,0.141919312,0.02409720321415,1.1356795,267.48600852090567,268.2472266706439
2024-03-11 07:01:09,0.141917502,0.0240977792913507,1.13570665,267.47632475872956,268.23890624926537
2024-03-11 07:01:13,0.141918105,0.0240969471091109,1.13566743,267.4837637331773,268.2477085633677
2024-03-11 07:01:17,0.141923234,0.0240975743224462,1.13569699,267.48469538348445,268.2500035521474
2024-03-11 07:01:21,0.141927457,0.0240970495935632,1.13567226,267.4950283206205,268.26169982653425
2024-03-11 07:01:25,0.141929568,0.0240966975817488,1.13565567,267.5003569860225,268.26839182792577
2024-03-11 07:01:30,0.141934093,0.0240972670812725,1.13568251,267.50052500906855,268.2702640191249
2024-03-11 07:01:34,0.141939825,0.0240969534746048,1.13566773,267.51128301984744,268.282385362911
2024-03-11 07:01:38,0.141935602,0.024097727943033,1.13570423,267.49587045337825,268.2683361280592
2024-03-11 07:01:42,0.141941936,0.0240970559590571,1.13567256,267.5109670185514,268.2847960234204
2024-03-11 07:01:46,0.141945255,0.0240986433010602,1.13574737,267.4999587976731,268.2751511312612
2024-03-11 07:01:50,0.141948271,0.0240985089891383,1.13574104,267.5046838034587,268.2812394642572
2024-03-11 07:01:55,0.141953701,0.0240980608583656,1.13571992,267.5158848236972,268.2941446413269
2024-03-11 07:01:59,0.141957924,0.0240981697083118,1.13572505,267.5202495829663,268.29987272426695
2024-03-11 07:02:03,0.141953098,0.0240961469665238,1.13562972,267.5302251651795,268.3112116285136
2024-03-11 07:02:07,0.141953701,0.0240969150694581,1.13566592,267.5225893430894,268.30493912677963
2024-03-11 07:02:11,0.141955813,0.0240971136728687,1.13567528,267.5227326313392,268.30644573366845
2024-03-11 07:02:15,0.141965164,0.0240979392774315,1.13571419,267.5285457553706,268.3136221745822
2024-03-11 07:02:20,0.141962449,0.0240958206288683,1.13561434,267.54246180574023,268.32924236852347
2024-03-11 07:02:24,0.141968181,0.024096665542096,1.13565416,267.54230459480095,268.3304484703681
2024-03-11 07:02:28,0.141967578,0.0240961151390542,1.13562822,267.54516324615037,268.3346704326154
2024-03-11 07:02:32,0.141966371,0.0240967039472427,1.13565597,267.5363213018845,268.32719179732123
2024-03-11 07:02:36,0.141971801,0.0240952318206797,1.13558659,267.5575148973615,268.34974869980414
2024-03-11 07:02:40,0.141975421,0.0240960894648953,1.13562701,267.5538591513952,268.34745625883806
2024-03-11 07:02:45,0.141979041,0.0240962303544943,1.13563365,267.5566170683169,268.3519183041285
2024-03-11 07:02:49,0.141979342,0.0240967296214016,1.13565718,267.5510302860408,268.3476948221937
2024-03-11 07:02:53,0.141981152,0.0240964414767097,1.1356436,267.5552771750418,268.35330500940034
2024-03-11 07:02:57,0.141981755,0.0240958463030272,1.13561555,267.5604872662181,268.35987839660686
2024-03-11 07:03:01,0.141986884,0.0240964671508685,1.13564481,267.5614762137684,268.36223063797195
2024-03-11 07:03:06,0.141995029,0.0240962303544943,1.13563365,267.57503071099575,268.3774892492912
2024-03-11 07:03:10,0.14199171,0.0240953918067605,1.13559413,267.57626238558123,268.3800842125603
2024-03-11 07:03:14,0.141995632,0.0240958078978805,1.13561374,267.57725026165735,268.3824353749744
2024-03-11 07:03:18,0.141995933,0.0240955454273474,1.13560137,267.57884228815027,268.3853906854196
2024-03-11 07:03:22,0.142001363,0.0240955006567067,1.13559926,267.58658590882794,268.3944975876239
2024-03-11 07:03:27,0.142001062,0.0240959806149491,1.13562188,267.5798764476147,268.3894922248465
2024-03-11 07:03:31,0.142015541,0.0240964671508685,1.13564481,267.59708476192924,268.408063815083
2024-03-11 07:03:35,0.14200619,0.0240955645238292,1.13560227,267.5892737145871,268.4016160411065
2024-03-11 07:03:39,0.142006793,0.0240945980296674,1.13555672,267.59798574580793,268.4116913430967
2024-03-11 07:03:43,0.142008603,0.0240951036620686,1.13558055,267.5947510016103,268.4098198670319
2024-03-11 07:03:48,0.14201162,0.0240951229707335,1.13558146,267.5976905184872,268.41446346530574
2024-03-11 07:03:52,0.142007698,0.0240943485023053,1.13554496,267.59735504042396,268.41549124929594
2024-03-11 07:03:56,0.142010111,0.0240941885162245,1.13553742,267.60135971435005,268.4208591825081
2024-03-11 07:04:00,0.142016748,0.0240949884466285,1.13557512,267.6030710576865,268.423933782323
2024-03-11 07:04:04,0.14201886,0.024094521219374,1.1355531,267.60949081243814,268.4317167907051
2024-03-11 07:04:08,0.142024289,0.0240943485023053,1.13554496,267.6184397670505,268.4420289960598
2024-03-11 07:04:13,0.142018256,0.0240938108302513,1.13551962,267.6121550591288,268.43744834744274
2024-03-11 07:04:17,0.142025496,0.0240945916641735,1.13555642,267.6150104637684,268.44166699617847
2024-03-11 07:04:21,0.142028513,0.0240939708163321,1.13552716,267.62432679346546,268.4523465669523
2024-03-11 07:04:25,0.142034546,0.024094521219374,1.1355531,267.62742385164046,268.4568068631442
2024-03-11 07:04:29,0.142032133,0.0240942716920119,1.13554134,267.6245537388192,268.45529998523955
2024-03-11 07:04:33,0.142036658,0.0240953918067605,1.13559413,267.61986694221116,268.4519764204075
2024-03-11 07:04:38,0.142043897,0.0240955711015062,1.13560258,267.6280509506016,268.46186446403965
2024-03-11 07:04:42,0.142046612,0.0240953022654792,1.13558991,267.6335651669069,268.4687419049064
2024-03-11 07:04:46,0.142050232,0.0240952318206797,1.13558659,267.6386563299073,268.4751962891959
2024-03-11 07:04:50,0.142051137,0.0240948348260416,1.13556788,267.64248421626763,268.48038739353257
2024-03-11 07:04:54,0.142049327,0.0240945468935328,1.13555431,267.64094106483554,268.48020745672346
2024-03-11 07:04:58,0.142059885,0.0240964735163625,1.13564511,267.63829769252976,268.4789272956468
2024-03-11 07:05:03,0.142064712,0.024095327727455,1.13559111,267.6551187892552,268.4974524015741
2024-03-11 07:05:07,0.142062902,0.0240948220950538,1.13556728,267.65562890467265,268.4993257204358
2024-03-11 07:05:11,0.14205717,0.024094252383347,1.13554043,267.65046999578533,268.49553001146705
2024-03-11 07:05:15,0.14206441,0.0240942907884937,1.13554224,267.66032541783005,268.5067486298637
2024-03-11 07:05:19,0.142068332,0.0240941117059311,1.1355338,267.6669247740311,268.5147111788095
2024-03-11 07:05:24,0.142069538,0.0240952318206797,1.13558659,267.65658564708446,268.5060760376592
2024-03-11 07:05:28,0.142065918,0.0240937787905985,1.13551811,267.6631361828058,268.5139897578603
2024-03-11 07:05:32,0.142079493,0.0240959485752963,1.13562037,267.663022400197,268.5152391559919
2024-03-11 07:05:36,0.142080398,0.0240956286031347,1.13560529,267.6661244629909,268.5197043957457
2024-03-11 07:05:40,0.142080398,0.0240945916641735,1.13555642,267.67454145170325,268.5294845575971
2024-03-11 07:05:45,0.14207889,0.0240944189471048,1.13554828,267.67205446501515,268.5287015318973
2024-03-11 07:05:49,0.142081605,0.0240940348956377,1.13553018,267.67865667975667,268.5366669110313
2024-03-11 07:05:53,0.14208432,0.0240935931303589,1.13550936,267.6858035776152,268.54517696932874
2024-03-11 07:05:57,0.142084621,0.024094246017853,1.13554013,267.6787632333983,268.53949978155623
2024-03-11 07:06:01,0.142090353,0.0240952254551858,1.13558629,267.6773300601201,268.5394297606869
2024-03-11 07:06:06,0.142087035,0.0240935226855594,1.13550604,267.68638082081907,268.55018445616
2024-03-11 07:06:10,0.142096084,0.0240942076127063,1.13553832,267.6930312584713,268.5581980369921
2024-03-11 07:06:14,0.142101213,0.0240944253125987,1.13554858,267.6978186656164,268.5643485831487
2024-03-11 07:06:18,0.142099403,0.0240938619663859,1.13552203,267.69887484324556,268.56676789558
2024-03-11 07:06:22,0.142102118,0.0240932538495324,1.13549337,267.70759195760553,268.5768481404919
2024-03-11 07:06:26,0.142100609,0.0240937980992635,1.13551902,267.6986802561957,268.5692995653427
2024-03-11 07:06:31,0.142104229,0.0240931386340923,1.13548794,267.70898885055783,268.58131206143355
2024-03-11 07:06:35,0.142106341,0.0240930811324638,1.13548523,267.71154675587644,268.5852330832074
2024-03-11 07:06:39,0.142104833,0.0240935610907061,1.13550785,267.70324299437925,268.5782924337409
2024-03-11 07:06:43,0.142104229,0.0240927866222779,1.13547135,267.7082207928008,268.5846333397274
2024-03-11 07:06:47,0.142103626,0.0240921721399305,1.13544239,267.71169101050845,268.58946666049314
2024-03-11 07:06:51,0.142104531,0.0240916410455535,1.13541736,267.71678705967065,268.5959258081656
2024-03-11 07:06:56,0.142109659,0.0240916921816881,1.13541977,267.72280426121625,268.6036468763908
2024-03-11 07:07:00,0.142112374,0.0240923898398229,1.13545265,267.71920111084023,268.60140681414185
2024-03-11 07:07:04,0.142114787,0.0240930043221703,1.13548161,267.71589983305864,268.5994686198055
2024-03-11 07:07:08,0.142119011,0.0240920378280085,1.13543606,267.73041421949443,268.6153460849639
2024-03-11 07:07:12,0.14212082,0.024092383474329,1.13545235,267.72868325764364,268.6149781970715
2024-03-11 07:07:16,0.142125949,0.024093452452943,1.13550273,267.72543755309937,268.6130955616804
2024-03-11 07:07:21,0.14212987,0.0240924923242752,1.13545748,267.73906665680755,268.6284284950096
2024-03-11 07:07:25,0.14213168,0.0240928186619307,1.13547286,267.7375193487904,268.6282442451827
2024-03-11 07:07:29,0.142138317,0.0240933820081435,1.13549941,267.74145698848974,268.6335449381329
2024-03-11 07:07:33,0.142138618,0.0240933756426496,1.13549911,267.74063551131076,268.6340865092241
2024-03-11 07:07:37,0.142141635,0.0240926075397153,1.13546291,267.7513477794542,268.6461618206155
2024-03-11 07:07:41,0.14214616,0.0240933436029968,1.1354976,267.750276475128,268.64645355447385
2024-03-11 07:07:46,0.142152193,0.0240928507015835,1.13547437,267.7628757518227,268.6607566217158
2024-03-11 07:07:50,0.142151288,0.0240927929877718,1.13547165,267.7606097180437,268.65985361457723
2024-03-11 07:07:54,0.142153098,0.0240930747669698,1.13548493,267.75948258572873,268.66008950370485
2024-03-11 07:07:58,0.142145858,0.02409144901982,1.13540831,267.76188260253565,268.6638525367148
2024-03-11 07:08:02,0.142150383,0.0240918585332628,1.13542761,267.7638931547867,268.667226099888
2024-03-11 07:08:07,0.1421534,0.0240911992802748,1.13539654,267.77323911653036,268.6782758177951
2024-03-11 07:08:11,0.142150986,0.0240907447840081,1.13537512,267.7723045865591,268.67870428671245
2024-03-11 07:08:15,0.142150986,0.0240921657744366,1.13544209,267.75752796546453,268.6652906590908
2024-03-11 07:08:19,0.142165466,0.0240927161774784,1.13546803,267.7741338281898,268.6832595098316
2024-03-11 07:08:23,0.142164259,0.0240923387036883,1.13545024,267.77440320620343,268.68489187036204
2024-03-11 07:08:28,0.142161544,0.0240913208612088,1.13540227,267.77796463650276,268.69015702101126
2024-03-11 07:08:32,0.142161544,0.024091039294194,1.135389,267.77925981382884,268.69281516832984
2024-03-11 07:08:36,0.142166673,0.0240906936478736,1.13537271,267.78936575613034,268.7042840749898
2024-03-11 07:08:40,0.142165768,0.0240920635021674,1.13543727,267.7736225272631,268.68990380480534
2024-03-11 07:08:44,0.142170896,0.0240918330712871,1.13542641,267.7826385916086,268.7002828221163
2024-03-11 07:08:48,0.142169991,0.024091308130221,1.13540167,267.78478374521757,268.70379092293194
2024-03-11 07:08:53,0.142173309,0.0240910713338468,1.13539051,267.7906240260891,268.71133487964966
2024-03-11 07:08:57,0.142182359,0.0240922041795833,1.1354439,267.7930437952675,268.7151175829245
2024-03-11 07:09:01,0.142186281,0.0240921657744366,1.13544209,267.7983177983686,268.7217545142274
2024-03-11 07:09:05,0.14219171,0.0240908024978198,1.13537784,267.81851271608497,268.7433123542095
2024-03-11 07:09:09,0.142185376,0.0240911033734996,1.13539202,267.80417522374347,268.7303377781556
2024-03-11 07:09:14,0.142189297,0.0240913785750205,1.13540499,267.8061460252859,268.7340122165872
2024-03-11 07:09:18,0.142185677,0.0240909752148884,1.13538598,267.8028003602546,268.7320294542401
2024-03-11 07:09:22,0.142198045,0.0240915642352601,1.13541374,267.8156623999574,268.74625439051306
2024-03-11 07:09:26,0.142199554,0.0240925755000625,1.1354614,267.80716478759877,268.73911966856895
2024-03-11 07:09:30,0.142201665,0.024092236219236,1.13544541,267.8123825940185,268.7457003592055
2024-03-11 07:09:34,0.142208905,0.0240924218794757,1.13545416,267.820848983623,268.7555296267872
2024-03-11 07:09:39,0.142204983,0.024091845802275,1.13542701,267.8183108915814,268.7546951233789
2024-03-11 07:09:43,0.14220981,0.0240930106876643,1.13548191,267.8136703564232,268.7514174520056
2024-03-11 07:09:47,0.142212223,0.0240914297111551,1.1354074,267.83109733446327,268.77020728745487
2024-03-11 07:09:51,0.142209207,0.0240905400272867,1.13536547,267.83331159092995,268.77378439491287
2024-03-11 07:09:55,0.142209207,0.0240905657014456,1.13536668,267.83170626884595,268.77354191736043
2024-03-11 07:09:59,0.142215843,0.0240911033734996,1.13539202,267.83588227976713,268.7790807663113
2024-03-11 07:10:04,0.14221886,0.0240911545096341,1.13539443,267.8385225855943,268.78342461046856
2024-03-11 07:10:08,0.142218256,0.0240910586028589,1.13538991,267.8370992433907,268.78336409151194
2024-03-11 07:10:12,0.142214033,0.0240901112051789,1.13534526,267.8379280690514,268.7855557337813
2024-03-11 07:10:16,0.14222429,0.0240903223273943,1.13535521,267.85098159797286,268.7999720726308
2024-03-11 07:10:20,0.142220066,0.02409050162214,1.13536366,267.84116724461086,268.7915205224742
2024-03-11 07:10:24,0.1422261,0.0240908536339543,1.13538025,267.8461333912213,268.7978494655253
2024-03-11 07:10:29,0.142228211,0.0240903864066998,1.13535823,267.85222058358033,268.80564014385794
2024-03-11 07:10:33,0.14222791,0.0240897719243524,1.13532927,267.8561807091554,268.8109630504988
2024-03-11 07:10:37,0.142226703,0.0240894839918436,1.1353157,267.8556066943326,268.81175180984
2024-03-11 07:10:41,0.142233943,0.0240904184463526,1.13535974,267.85700043178974,268.81450831451707
2024-03-11 07:10:45,0.142239071,0.0240906488772329,1.1353706,267.8616653551571,268.82053599811815
2024-03-11 07:10:50,0.142238769,0.0240894519521908,1.13531419,267.8707859528893,268.8313600362538
2024-03-11 07:10:54,0.142235451,0.024090091896514,1.13534435,267.85806893967185,268.8200057673966
2024-03-11 07:10:58,0.142239071,0.0240908215943016,1.13537874,267.8556048841766,268.8189044491381
2024-03-11 07:11:02,0.142244802,0.0240897014795529,1.13532595,267.8739930735132,268.83865536854535
2024-03-11 07:11:06,0.142250232,0.0240890358610709,1.13529458,267.8876071689161,268.8536321868108
2024-03-11 07:11:11,0.142250836,0.0240899896242448,1.13533953,267.87785889154816,268.84558730282004
2024-03-11 07:11:15,0.142255361,0.0240905977410983,1.13536819,267.8779906453694,268.84708176313046
2024-03-11 07:11:19,0.142256266,0.024090373675712,1.13535763,267.88019278568714,268.85064660259155
2024-03-11 07:11:23,0.142259584,0.0240897271537118,1.13532716,267.89024732273054,268.86206383139
2024-03-11 07:11:27,0.14225898,0.0240901239361668,1.13534586,267.88416926816205,268.8573484611458
2024-03-11 07:11:31,0.142265617,0.0240906104720862,1.13536879,267.8888285472649,268.8633704170999
2024-03-11 07:11:36,0.142267427,0.0240908024978198,1.13537784,267.88820676746974,268.864451972795
2024-03-11 07:11:40,0.142272253,0.0240904759479811,1.13536245,267.8976508364132,268.8752587016199
2024-03-11 07:11:44,0.142277985,0.0240914169801672,1.1354068,267.89656736736964,268.87553788484644
2024-03-11 07:11:48,0.142276477,0.0240908472684604,1.13537995,267.89817510223725,268.8785082643305
2024-03-11 07:11:52,0.14227889,0.0240905272962988,1.13536487,267.9036965452385,268.88539234425195
2024-03-11 07:11:57,0.142274365,0.0240902007464602,1.13534948,267.89783912052167,268.8812382047976
2024-03-11 07:12:01,0.142278588,0.0240907513616852,1.13537543,267.898030224568,268.882791928292
2024-03-11 07:12:05,0.142274667,0.0240897014795529,1.13532595,267.9003148787661,268.8864391941035
2024-03-11 07:12:09,0.14228251,0.024089823060487,1.13533168,267.91035210818916,268.8978390272628
2024-03-11 07:12:13,0.142282812,0.0240900216638976,1.13534104,267.90759590371715,268.8964454186072
2024-03-11 07:12:17,0.14228794,0.0240889463197896,1.13529036,267.9246009239624,268.91481302670616
2024-03-11 07:12:22,0.142288543,0.0240902711912597,1.1353528,267.91134150947204,268.90325683577083
2024-03-11 07:12:26,0.142292163,0.0240905977410983,1.13536819,267.91268485447983,268.9059627505608
2024-03-11 07:12:30,0.142298196,0.0240888502008313,1.13528583,267.9374913653697,268.9321318231314
2024-03-11 07:12:34,0.142291861,0.0240893815073914,1.13531087,267.92097077947545,268.9169737907741
2024-03-11 07:12:38,0.142301514,0.0240901816499784,1.13534858,267.92749086995235,268.92485642660114
2024-03-11 07:12:42,0.142296386,0.0240893878728853,1.13531117,267.925425705208,268.92415379897744
2024-03-11 07:12:47,0.142292465,0.0240883702425889,1.13526321,267.9270670175789,268.92749827111123
2024-03-11 07:12:51,0.142306039,0.0240896246692595,1.13532233,267.9355669904936,268.9373607624737
2024-03-11 07:12:55,0.142305738,0.0240900087207266,1.13534043,267.9300929229013,268.9332492049606
2024-03-11 07:12:59,0.142313882,0.0240903095964064,1.13535461,267.93891691260086,268.9434356963279
2024-03-11 07:13:03,0.142315089,0.0240899575845921,1.13533802,267.9428128425899,268.9486941195304
2024-03-11 07:13:07,0.142309961,0.0240890679007237,1.13529609,267.9416550738491,268.9488988355059
2024-03-11 07:13:12,0.142309961,0.0240887158889093,1.1352795,267.94327948024227,268.95222633577976
2024-03-11 07:13:16,0.142310564,0.0240885174976819,1.13527015,267.94475728735677,268.9550666083349
2024-03-11 07:13:20,0.142312374,0.0240884981890169,1.13526924,267.94647356652587,268.9581453443079
2024-03-11 07:13:24,0.142322329,0.0240887863337088,1.13528282,267.958316180106,268.9713504060123
2024-03-11 07:13:28,0.142321424,0.0240893878728853,1.13531117,267.94981903238687,268.96421569769484
2024-03-11 07:13:32,0.142324742,0.0240893110625919,1.13530755,267.95449170974683,268.9702508056908
2024-03-11 07:13:37,0.142320519,0.0240886070389631,1.13527437,267.952687109698,268.97014923154484
2024-03-11 07:13:41,0.142330775,0.0240885493251515,1.13527165,267.96828105467216,268.9871055872751
2024-03-11 07:13:45,0.142338015,0.0240898166949931,1.13533138,267.96652113707523,268.9867080715287
2024-03-11 07:13:49,0.14233349,0.0240890551697358,1.13529549,267.9651180659527,268.9866673933082
2024-03-11 07:13:53,0.142325346,0.024087685315442,1.13523093,267.96367562909455,268.9865873403605
2024-03-11 07:13:58,0.142326552,0.0240869492521605,1.13519624,267.9708620777166,268.9954767561604
2024-03-11 07:14:02,0.142325949,0.0240865076990649,1.13517543,267.9727099343496,268.99868697631484
2024-03-11 07:14:06,0.142326552,0.0240854450859447,1.13512535,267.98236095814445,269.00970035449933
2024-03-11 07:14:10,0.142330775,0.0240868147280554,1.1351899,267.97480480684413,269.00350654841384
2024-03-11 07:14:14,0.142333792,0.0240870387934418,1.13520046,267.9761516294873,269.00621570705346
2024-03-11 07:14:19,0.142337412,0.0240873589777865,1.13521555,267.9772138579518,269.00898084248473
2024-03-11 07:14:23,0.142341635,0.0240864243110944,1.1351715,267.99144801635833,269.0245773159889
2024-03-11 07:14:27,0.14234073,0.0240874996552024,1.13522218,267.9784684631643,269.0129600685338
2024-03-11 07:14:31,0.14234978,0.0240876789499481,1.13523063,267.98989244722475,269.02574634893125
2024-03-11 07:14:35,0.142346763,0.0240868531332022,1.13519171,267.9915118737053,269.0287280623036
2024-03-11 07:14:40,0.142348573,0.0240868276712264,1.13519051,267.99294626380754,269.0318652976724
2024-03-11 07:14:44,0.142354003,0.0240873333036276,1.13521434,267.99549140543724,269.0357727047838
2024-03-11 07:14:48,0.142359433,0.0240869940228012,1.13519835,268.00602707147675,269.04767062671914
2024-03-11 07:14:52,0.142354003,0.0240864052146126,1.1351706,268.0015442725031,269.0445500740119
2024-03-11 07:14:56,0.142355511,0.0240876085051486,1.13522731,267.9912151774325,269.035583215535
2024-03-11 07:15:00,0.142367276,0.0240876405448014,1.13522882,268.00837623214,269.05410649712
2024-03-11 07:15:05,0.142370594,0.0240882613926427,1.13525808,268.0061110821262,269.05354411697374
2024-03-11 07:15:09,0.142371198,0.0240871924140287,1.1352077,268.01582582148336,269.06462106118835
2024-03-11 07:15:13,0.142367276,0.0240884597838702,1.13526743,267.9962011284628,269.0463585631679
2024-03-11 07:15:17,0.142369388,0.0240871412778941,1.13520529,268.010688675087,269.0622082948916
2024-03-11 07:15:21,0.142371499,0.0240867315522681,1.13518598,268.01658007325756,269.06946186821733
2024-03-11 07:15:25,0.142368181,0.0240863090956542,1.13516607,268.0139041453016,269.0681481054288
2024-03-11 07:15:30,0.142373913,0.0240868531332022,1.13519171,268.0162282349192,269.072174887394
2024-03-11 07:15:34,0.142382057,0.0240873780742683,1.13521645,268.02293306722044,269.08024186223105
2024-03-11 07:15:38,0.142386884,0.0240874357880799,1.13521917,268.02874928856716,269.08742021598425
2024-03-11 07:15:42,0.142385979,0.0240872437623464,1.13521012,268.0277554000141,269.0877884496648
2024-03-11 07:15:46,0.142389599,0.0240869749263194,1.13519745,268.03472925741926,269.0961244190871
2024-03-11 07:15:50,0.142389901,0.0240870451589357,1.13520076,268.03318604205145,269.09594330547634
2024-03-11 07:15:55,0.142387789,0.0240863731749598,1.13516909,268.03446063637716,269.0989205125037
2024-03-11 07:15:59,0.142391107,0.0240870517366128,1.13520107,268.0319890251962,269.09781097983495
2024-03-11 07:16:03,0.142397442,0.0240871285469062,1.13520469,268.0400379570139,269.10722197976287
2024-03-11 07:16:07,0.14240257,0.0240880052876036,1.13524601,268.0385877523657,269.1071338327792
2024-03-11 07:16:11,0.142394124,0.0240868597108792,1.13519202,268.0345474442518,269.10445557184056
2024-03-11 07:16:15,0.14240257,0.0240870387934418,1.13520046,268.04500708344716,269.116277247678
2024-03-11 07:16:20,0.142400459,0.0240858932167174,1.13514647,268.0507647868489,269.12373748200343
2024-03-11 07:16:24,0.142404079,0.0240871860485347,1.1352074,268.0429641880325,269.1172988959696
2024-03-11 07:16:28,0.142406794,0.0240874037484271,1.13521766,268.04388725526184,269.119583965306
2024-03-11 07:16:32,0.14240438,0.0240864563507472,1.13517301,268.04762558922295,269.12468429065507
2024-03-11 07:16:36,0.142410715,0.0240862963646664,1.13516547,268.0579153012372,269.13633598329426
2024-03-11 07:16:41,0.142406794,0.0240855218962382,1.13512897,268.0572659785075,269.1373891211434
2024-03-11 07:16:45,0.142414637,0.0240857011909839,1.13513742,268.06675908799144,269.1482441868752
2024-03-11 07:16:49,0.142410112,0.0240852146550644,1.13511449,268.0627593903757,269.1456064346017
2024-03-11 07:16:53,0.142421575,0.0240864052146126,1.1351706,268.0684764596678,269.1526854382866
2024-03-11 07:16:57,0.142420972,0.0240865267955467,1.13517633,268.06499907347114,269.15056997548925
2024-03-11 07:17:02,0.142422781,0.0240860402596272,1.1351534,268.0707956605726,269.1580689513135
2024-03-11 07:17:06,0.142422781,0.0240857266529596,1.13513862,268.07240146297954,269.161036652224
2024-03-11 07:17:10,0.142423083,0.0240852466947172,1.135116,268.0760649546795,269.16606203129123
2024-03-11 07:17:14,0.142423988,0.024085675516825,1.13513621,268.0720932670941,269.1634522198928
2024-03-11 07:17:18,0.14243334,0.0240873973829332,1.13521736,268.0694035387914,269.1621243565529
2024-03-11 07:17:23,0.142432435,0.0240865715661873,1.13517844,268.0740676148857,269.1684907479994
2024-03-11 07:17:27,0.142437261,0.0240864372542654,1.13517211,268.0816999718807,269.1774849445416
2024-03-11 07:17:31,0.142442993,0.0240861300130917,1.13515763,268.0924189814775,269.1895657823181
2024-03-11 07:17:35,0.142436054,0.0240868597108792,1.13519202,268.0730468548228,269.1715554724316
2024-03-11 07:17:39,0.142435753,0.0240854194117859,1.13512414,268.0848340506081,269.18470447352945
2024-03-11 07:17:43,0.142438468,0.024085265791199,1.1351169,268.08927127776286,269.19050349449697
2024-03-11 07:17:48,0.142439373,0.0240848115071155,1.13509549,268.09331716772465,269.19625161048594
2024-03-11 07:17:52,0.142442389,0.0240852339637294,1.1351154,268.0927837052101,269.1970799157484
2024-03-11 07:17:56,0.142444803,0.0240855666668788,1.13513108,268.0921362981572,269.1977942648292
2024-03-11 07:18:00,0.142445708,0.0240852723688761,1.13511721,268.09500845860055,269.20202816971874
2024-03-11 07:18:04,0.142439674,0.0240845106314357,1.13508131,268.0911997494337,269.1995811932664
2024-03-11 07:18:08,0.142448724,0.0240840945403158,1.1350617,268.1082610843666,269.21800424913783
2024-03-11 07:18:13,0.142452646,0.0240858995822114,1.13514677,268.0957497223172,269.2071950216344
2024-03-11 07:18:17,0.142455662,0.0240848946829029,1.13509941,268.1087269494284,269.2215339430265
2024-03-11 07:18:21,0.142453249,0.024085534627226,1.13512957,268.09744581614893,269.2116144921082
2024-03-11 07:18:25,0.142457774,0.0240852723688761,1.13511721,268.105808488283,269.2213388346392
2024-03-11 07:18:29,0.142458076,0.0240839920558635,1.13505687,268.1170503253933,269.2339423301381
2024-03-11 07:18:33,0.142467729,0.0240851314792771,1.13511057,268.1203511304304,269.23860478151107
2024-03-11 07:18:38,0.142456869,0.0240842161212499,1.13506743,268.10993362379185,269.22988931577544
2024-03-11 07:18:42,0.142461696,0.0240839984213575,1.13505717,268.1183585825526,269.23967589359097
2024-03-11 07:18:46,0.142471047,0.0240854514514387,1.13512565,268.11820693964455,269.2408858575407
2024-03-11 07:18:50,0.142476175,0.0240851635189299,1.13511208,268.1277781829947,269.2518186955072
2024-03-11 07:18:54,0.14247708,0.0240849458190374,1.13510182,268.12992610011975,269.2553281949627
2024-03-11 07:18:58,0.14247708,0.0240847537933039,1.13509277,268.13038258483925,269.2571462496824
2024-03-11 07:19:03,0.142476477,0.0240847794674627,1.13509398,268.12747247731807,269.2559380872541
2024-03-11 07:19:07,0.142478287,0.0240845617675703,1.13508372,268.1310689669344,269.26089611896464
2024-03-11 07:19:11,0.142478287,0.0240843890505017,1.13507558,268.13134274680675,269.2625314284564
2024-03-11 07:19:15,0.142480097,0.0240849394535435,1.13510152,268.1276668507226,269.26021704947215
2024-03-11 07:19:19,0.142485527,0.0240858932167174,1.13514647,268.12596572711834,269.25987743040383
2024-03-11 07:19:23,0.142494275,0.0240838768404234,1.13505144,268.15769733244974,269.2929705276626
2024-03-11 07:19:28,0.142490956,0.024084472226289,1.1350795,268.14504548486076,269.28202052718405
2024-03-11 07:19:32,0.142487638,0.0240841520419443,1.13506441,268.14140538247375,269.2797418881921
2024-03-11 07:19:36,0.142490353,0.0240851314792771,1.13511057,268.13511521531535,269.27481317167525
2024-03-11 07:19:40,0.142494576,0.0240850226293309,1.13510544,268.1415431392985,269.28260253350186
2024-03-11 07:19:44,0.142499101,0.0240857395961306,1.13513923,268.14063494745704,269.28305576666105
2024-03-11 07:19:49,0.142497291,0.0240857843667712,1.13514134,268.135612541911,269.27973512423745
2024-03-11 07:19:53,0.142499403,0.0240849330880496,1.13510122,268.1456918289212,269.29117580718867
2024-03-11 07:19:57,0.142509056,0.0240854578169326,1.13512595,268.1548107270479,269.3016560882684
2024-03-11 07:20:01,0.142507548,0.0240854194117859,1.13512414,268.1513995674447,269.2996062985853
2024-03-11 07:20:05,0.142506341,0.0240845297279175,1.13508221,268.15653152438887,269.3060996123721
2024-03-11 07:20:10,0.142514486,0.0240862068233851,1.13516125,268.15198395089305,269.3032537164712
2024-03-11 07:20:14,0.142514486,0.0240837616249832,1.13504601,268.1737792723342,269.32641036516685
2024-03-11 07:20:18,0.142514788,0.0240840113645284,1.13505778,268.17053600895014,269.32452841581426
2024-03-11 07:20:22,0.142513883,0.0240845938072231,1.13508523,268.16221005075647,269.3175637583842
2024-03-11 07:20:26,0.142519011,0.024083934554235,1.13505416,268.1752999977993,269.332014992878
2024-03-11 07:20:30,0.142523837,0.0240848178726094,1.13509579,268.1732967336467,269.33137300281874
2024-03-11 07:20:35,0.142521424,0.0240840752316509,1.13506079,268.17476684100177,269.3345446839382
2024-03-11 07:20:39,0.142528664,0.0240850483034897,1.13510665,268.175776998111,269.33691608492217
2024-03-11 07:20:43,0.142531681,0.0240852914653579,1.13511811,268.17694134181176,269.33944165899413
2024-03-11 07:20:47,0.142528966,0.0240842865660494,1.13507075,268.18075266253044,269.3446141965358
2024-03-11 07:20:51,0.142532284,0.0240846897139983,1.13508975,268.18088344258996,269.3461061798249
2024-03-11 07:20:56,0.142530776,0.0240846833485044,1.13508945,268.1768287027937,269.34375292488164
2024-03-11 07:21:00,0.142534094,0.0240836913923669,1.1350427,268.19017405974,269.3584594543082
2024-03-11 07:21:04,0.142537714,0.0240845617675703,1.13508372,268.18636230015744,269.35600885346634
2024-03-11 07:21:08,0.142547367,0.0240844208779713,1.13507708,268.20178562676267,269.3727933250277
2024-03-11 07:21:12,0.142544049,0.0240852914653579,1.13511811,268.186867359591,269.3592361889827
2024-03-11 07:21:16,0.142546763,0.0240847921984506,1.13509458,268.19457921205327,269.36830915869695
2024-03-11 07:21:21,0.142544652,0.0240845810762352,1.13508463,268.19149904278544,269.36693036641435
2024-03-11 07:21:25,0.142547668,0.0240840561351691,1.13505989,268.1999379395135,269.3767303490117
2024-03-11 07:21:29,0.142549478,0.0240844529176241,1.13507859,268.1977150488947,269.3758685302412
2024-03-11 07:21:33,0.14255702,0.0240847537933039,1.13509277,268.2055748367407,269.38508937586914
2024-03-11 07:21:37,0.142554305,0.0240849842241842,1.13510363,268.19768551770716,269.3785611005061
2024-03-11 07:21:41,0.1425534,0.0240844465521302,1.13507829,268.1999694941604,269.3822061064733
2024-03-11 07:21:46,0.142562148,0.0240856371116783,1.1351344,268.2009909105747,269.3849287898036
2024-03-11 07:21:50,0.142564863,0.0240849905896781,1.13510393,268.2100999282278,269.3953988049531
2024-03-11 07:21:54,0.142565466,0.0240847921984506,1.13509458,268.2115835654084,269.3982434253268
2024-03-11 07:21:58,0.14256245,0.0240836400440492,1.13504028,268.21631120567395,269.4043320344367
2024-03-11 07:22:02,0.14256064,0.024084459283118,1.13507889,268.20429154270937,269.39367332592263
2024-03-11 07:22:06,0.142567578,0.0240840113645284,1.13505778,268.21827896518386,269.4090216884083
2024-03-11 07:22:11,0.14256969,0.0240848369690912,1.13509669,268.2121359730984,269.4045798509628
2024-03-11 07:22:15,0.142568483,0.024083275301247,1.13502309,268.22363970642186,269.41744449164383
2024-03-11 07:22:19,0.142571198,0.0240838641094355,1.13505084,268.2210453471971,269.4162110251902
2024-03-11 07:22:23,0.142573913,0.0240839600162107,1.13505536,268.22312131830387,269.4196478744363
2024-03-11 07:22:27,0.142573611,0.0240836336785552,1.13503998,268.22436923731124,269.42225665690586
2024-03-11 07:22:32,0.142579946,0.0240839472852229,1.13505476,268.2298363272041,269.4294248054177
2024-03-11 07:22:36,0.142581454,0.0240840561351691,1.13505989,268.22985774374735,269.4308070522338
2024-03-11 07:22:40,0.142579644,0.0240839088800762,1.13505295,268.22699521911625,269.4293053430509
2024-03-11 07:22:44,0.142590202,0.02408527873437,1.13511751,268.2295528989697,269.4332238234824
2024-03-11 07:22:48,0.142583566,0.0240838704749295,1.13505114,268.23091504358746,269.4359467537629
2024-03-11 07:22:53,0.142587487,0.0240836977578608,1.135043,268.2371266910993,269.4438593623089
2024-03-11 07:22:57,0.142587789,0.0240830576013545,1.13501283,268.24231583368294,269.450409256829
2024-03-11 07:23:01,0.142593822,0.0240844529176241,1.13507859,268.2373887465701,269.4468429065894
2024-03-11 07:23:05,0.142593822,0.0240833073408997,1.1350246,268.24688429524537,269.4576991770292
2024-03-11 07:23:09,0.142593822,0.0240835889079146,1.13503787,268.24285516202804,269.45503075042194
2024-03-11 07:23:13,0.142590504,0.0240829039807677,1.13500559,268.2426746565115,269.4562109363156
2024-03-11 07:23:18,0.142598046,0.0240832943977287,1.13502399,268.2493458309854,269.464582953608
2024-03-11 07:23:22,0.142598951,0.0240838384352767,1.13504963,268.24427774539936,269.4608755250658
2024-03-11 07:23:26,0.142597744,0.0240824240225253,1.13498297,268.25439036394954,269.47234878531174
2024-03-11 07:23:30,0.142601967,0.0240828144394864,1.13500137,268.25608902341685,269.4754080710811
2024-03-11 07:23:34,0.142605587,0.0240834289218338,1.13503033,268.2546987296532,269.4753783881804
2024-03-11 07:23:39,0.142605285,0.0240830385048727,1.13501193,268.25621496372787,269.47859536405247
2024-03-11 07:23:43,0.14260619,0.0240824431190071,1.13498387,268.2619463107752,269.4856872870573
