time,voltage,current,shunt_voltage,temperature,temperature old
2024-04-14 10:48:45,0.111019137,0.0288750118292095,1.36085332,190.112084446524,190.112084446524
2024-04-14 10:48:49,0.11136333,0.0288683484301631,1.36053928,190.59836652124838,190.5978389748544
2024-04-14 10:48:53,0.111645382,0.028863094563656,1.36029167,190.99609956660555,190.9950444755707
2024-04-14 10:48:57,0.111885503,0.0288602752863941,1.3601588,191.32649459216583,191.32491195824332
2024-04-14 10:49:02,0.11225775,0.0288552136578037,1.35992025,191.84223069525797,191.8399886351916
2024-04-14 10:49:06,0.112409183,0.0288510491394913,1.35972398,192.0631449482661,192.06037534925724
2024-04-14 10:49:10,0.112544629,0.0288483580208406,1.35959715,192.2555511002971,192.2522539640994
2024-04-14 10:49:14,0.112668007,0.0288427837578056,1.35933444,192.44694040370035,192.44311573206747
2024-04-14 10:49:18,0.11277751,0.0288397724548102,1.35919252,192.60697363025602,192.6026214249418
2024-04-14 10:49:22,0.112876755,0.0288374019448705,1.3590808,192.75025050533404,192.74537076809236
2024-04-14 10:49:27,0.112969063,0.0288378502878264,1.35910193,192.87003190601214,192.8644927563279
2024-04-14 10:49:31,0.113046288,0.0288352875399699,1.35898115,192.98536768445007,192.97930100678525
2024-04-14 10:49:35,0.113124719,0.0288342622710809,1.35893283,193.0943763029811,193.08778209909
2024-04-14 10:49:39,0.113194101,0.028832212157669,1.35883621,193.19678226473638,193.18966053637345
2024-04-14 10:49:43,0.113315067,0.0288310587301688,1.35878185,193.3624497690586,193.35480051797845
2024-04-14 10:49:47,0.113370572,0.0288290724838793,1.35868824,193.44629767825103,193.43812090620835
2024-04-14 10:49:52,0.113416122,0.028828111506479,1.35864295,193.51187895628573,193.5030427855077
2024-04-14 10:49:56,0.113466801,0.0288274707134233,1.35861275,193.58242542979607,193.5730617420041
2024-04-14 10:50:00,0.11351386,0.0288255485464394,1.35852216,193.65485273742294,193.64496153437216
2024-04-14 10:50:04,0.113556092,0.0288254844671338,1.35851914,193.71130100847012,193.70088229191583
2024-04-14 10:50:08,0.113599531,0.0288248438862613,1.35848895,193.77232954754223,193.76138331923983
2024-04-14 10:50:13,0.113631809,0.0288238186173722,1.35844063,193.8207977075768,193.809192092058
2024-04-14 10:50:17,0.113672533,0.0288237545380667,1.35843761,193.8752662946355,193.86313317131876
2024-04-14 10:50:21,0.113737691,0.0288228576399719,1.35839534,193.96622710221268,193.95356647285385
2024-04-14 10:50:25,0.113763936,0.0288218325832659,1.35834703,194.00663159532112,193.99344346167624
2024-04-14 10:50:29,0.113790783,0.0288212558695158,1.35831985,194.04550131290713,194.0317856767323
2024-04-14 10:50:33,0.113818838,0.0288197181783653,1.35824738,194.09095998173032,194.07671684478183
2024-04-14 10:50:42,0.113865595,0.0288176037734648,1.35814773,194.16470876366833,194.14927875640137
2024-04-14 10:50:46,0.113896062,0.0288201026541987,1.3582655,194.19235011892863,194.17639261659696
2024-04-14 10:50:50,0.113918989,0.0288176678527703,1.35815075,194.2357369192766,194.2192519236372
2024-04-14 10:50:54,0.113938596,0.0288171552183258,1.35812659,194.26475101700203,194.2477385298119
2024-04-14 10:50:59,0.113962729,0.0288185006715596,1.35819,194.29018243618935,194.272510587032
2024-04-14 10:51:03,0.113996515,0.0288161301616198,1.35807828,194.34754531337668,194.32934597662268
2024-04-14 10:51:11,0.114035429,0.0288165146374532,1.3580964,194.3978410228828,194.3785867162083
2024-04-14 10:51:15,0.11405202,0.0288156816064809,1.35805714,194.42455819256205,194.40477640356409
2024-04-14 10:51:19,0.11407193,0.0288154252892586,1.35804506,194.45264136287122,194.43233209330785
2024-04-14 10:51:24,0.114087918,0.028813310884358,1.35794541,194.4853809179853,194.46441230018772
2024-04-14 10:51:28,0.114098778,0.0288134390429692,1.35795145,194.49954283908397,194.4780467446773
2024-04-14 10:51:32,0.114111447,0.0288129907000133,1.35793032,194.51909407706736,194.49707050781015
2024-04-14 10:51:36,0.114127435,0.028813310884358,1.35794541,194.53900814103346,194.51645709868453
2024-04-14 10:51:40,0.114145836,0.0288130547793189,1.35793334,194.56510654790804,194.5420280342263
2024-04-14 10:51:45,0.114164841,0.0288127343827911,1.35791824,194.59246845901114,194.56873060863717
2024-04-14 10:51:49,0.11418656,0.0288115809552908,1.35786388,194.62762209906518,194.60335678131668
2024-04-14 10:51:53,0.114197722,0.0288127984620966,1.35792126,194.63649557370675,194.6117027903432
2024-04-14 10:51:57,0.114207978,0.0288128625414022,1.35792428,194.65019646788758,194.62487622066877
2024-04-14 10:52:01,0.114217933,0.0288113889295573,1.35785483,194.6715296353646,194.64568192605032
2024-04-14 10:52:05,0.11422457,0.0288105558985849,1.35781557,194.68514918835422,194.6587740187045
2024-04-14 10:52:10,0.114239049,0.0288115168759853,1.35786086,194.69986122925695,194.6728267366633
2024-04-14 10:52:14,0.114248702,0.0288100432641404,1.35779141,194.72080020854074,194.69323825957247
2024-04-14 10:52:18,0.114260165,0.028810684057196,1.35782161,194.73307950297038,194.70499009938808
2024-04-14 10:52:22,0.114277662,0.0288099151055292,1.35778537,194.76067164067112,194.73205478423571
2024-04-14 10:52:26,0.114289728,0.0288085055729899,1.35771894,194.78445878863332,194.75531448110576
2024-04-14 10:52:30,0.114301794,0.0288092745246567,1.35775518,194.796862013659,194.7671902568005
2024-04-14 10:52:35,0.114306621,0.0288085055729899,1.35771894,194.80789889942403,194.77756783337887
2024-04-14 10:52:39,0.114321402,0.0288097228676125,1.35777631,194.82153437430202,194.79067586288932
2024-04-14 10:52:43,0.114324419,0.028808633731601,1.35772498,194.83172934520076,194.80034339018243
2024-04-14 10:52:47,0.114334977,0.0288084414936843,1.35771592,194.84717008801653,194.81525669115453
2024-04-14 10:52:52,0.114337088,0.0288081851764621,1.35770384,194.85195038236503,194.8193776856766
2024-04-14 10:52:56,0.114351568,0.0288087618902122,1.35773102,194.86853727627357,194.8354371417068
2024-04-14 10:53:00,0.11436092,0.0288078009128118,1.35768573,194.88640963214857,194.85278206146612
2024-04-14 10:53:04,0.114374193,0.0288070960404505,1.35765251,194.90810927388057,194.8739542688453
2024-04-14 10:53:08,0.114384449,0.0288073523576728,1.35766459,194.92080718452442,194.8861247468995
2024-04-14 10:53:12,0.114388371,0.0288083133350732,1.35770988,194.92147461915016,194.8862647506988
2024-04-14 10:53:16,0.114399834,0.0288078649921173,1.35768875,194.939448250995,194.90371095348075
2024-04-14 10:53:20,0.11440466,0.0288072882783672,1.35766157,194.94935059953076,194.91308587471727
2024-04-14 10:53:25,0.114412503,0.0288073523576728,1.35766459,194.9600070039102,194.9230829974532
2024-04-14 10:53:29,0.114422458,0.0288074164369784,1.35766761,194.97331385109413,194.93586242130704
2024-04-14 10:53:33,0.114433318,0.0288081851764621,1.35770384,194.98412537853073,194.94614652717792
2024-04-14 10:53:37,0.114441161,0.0288079929385454,1.35769478,194.9959909851406,194.95748471398667
2024-04-14 10:53:42,0.114447496,0.0288070960404505,1.35765251,195.00969009607024,194.97052455264676
2024-04-14 10:53:46,0.114452322,0.0288067115646171,1.35763439,195.0185878607698,194.9788949015164
2024-04-14 10:53:50,0.114464992,0.0288068397232283,1.35764043,195.03513637856383,194.99491600524576
2024-04-14 10:53:54,0.114468914,0.0288068397232283,1.35764043,195.04083077984015,195.000082994223
2024-04-14 10:53:58,0.114474042,0.0288059428251335,1.35759816,195.05280978757776,195.01153459142725
2024-04-14 10:54:03,0.11447555,0.0288051097941611,1.3575589,195.0598174834182,195.01788302658449
2024-04-14 10:54:07,0.114485203,0.0288056865079112,1.35758608,195.07004309969355,195.0275812363003
2024-04-14 10:54:11,0.114487315,0.0288061350630502,1.35760722,195.0710043040982,195.0280150359119
2024-04-14 10:54:15,0.114493046,0.0288048534769388,1.35754682,195.08579348002337,195.0422768088107
2024-04-14 10:54:19,0.114507828,0.0288063270887837,1.35761627,195.09807898414286,195.05403491167084
2024-04-14 10:54:24,0.114510844,0.0288057505872168,1.3575891,195.10573111873134,195.0610277971702
2024-04-14 10:54:28,0.114515067,0.0288053020320778,1.35756796,195.11417178493326,195.06894106608928
2024-04-14 10:54:32,0.114518386,0.0288051097941611,1.3575589,195.12007901390834,195.07432089954915
2024-04-14 10:54:36,0.114525626,0.0288048534769388,1.35754682,195.13148810136502,195.0852025932586
2024-04-14 10:54:40,0.11453558,0.0288047253183277,1.35754078,195.14580182664312,195.0989889265577
2024-04-14 10:54:44,0.114540407,0.0288037643409273,1.35749549,195.15772408552695,195.1103837952309
2024-04-14 10:54:49,0.114543423,0.0288047253183277,1.35754078,195.15732214784126,195.1093226222692
2024-04-14 10:54:53,0.114549758,0.0288048534769388,1.35754682,195.16552483653325,195.1169979247304
2024-04-14 10:54:57,0.114557903,0.02880498163555,1.35755286,195.17611223646495,195.12705794020053
2024-04-14 10:55:01,0.114567255,0.0288053020320778,1.35756796,195.18728244712682,195.1377007681704
2024-04-14 10:55:05,0.114565746,0.0288056224286056,1.35758306,195.18414273219884,195.13403367232
2024-04-14 10:55:10,0.114569065,0.0288031235478716,1.35746529,195.20227069818526,195.1515024146425
2024-04-14 10:55:14,0.114573589,0.0288040847374552,1.35751059,195.20372134370498,195.15242568322265
2024-04-14 10:55:18,0.114579019,0.0288040847374552,1.35751059,195.21140335198106,195.15958031632965
2024-04-14 10:55:22,0.114584751,0.0288042769753719,1.35751965,195.21847565810222,195.16612524905247
2024-04-14 10:55:27,0.114584751,0.0288028031513438,1.35745019,195.22686029666212,195.17385067335505
2024-04-14 10:55:31,0.114586862,0.0288026752049158,1.35744416,195.23083998221654,195.1773029894964
2024-04-14 10:55:35,0.11459742,0.0288033157857883,1.35747435,195.24192111188734,195.1878567515257
2024-04-14 10:55:39,0.11460104,0.0288028672306494,1.35745321,195.24956998407276,195.1949782578415
2024-04-14 10:55:43,0.11461371,0.0288029313099549,1.35745623,195.26645631516914,195.21133722484043
2024-04-14 10:55:47,0.114614012,0.0288028031513438,1.35745019,195.26805360115236,195.21240714849856
2024-04-14 10:55:52,0.114618838,0.0288044690011054,1.3575287,195.2663373423963,195.210031689329
2024-04-14 10:55:56,0.114621855,0.0288028031513438,1.35745019,195.2795747465134,195.22274173510985
2024-04-14 10:56:00,0.114622458,0.0288024829669991,1.3574351,195.28257566614747,195.22521529818104
2024-04-14 10:56:04,0.114627285,0.0288034439443995,1.35748039,195.28442422042303,195.2265364976672
2024-04-14 10:56:08,0.114639351,0.0288031876271772,1.35746831,195.30219460669835,195.24377953092693
2024-04-14 10:56:13,0.114641161,0.0288033157857883,1.35747435,195.304566643161,195.24549237861493
2024-04-14 10:56:17,0.114643876,0.0288031235478716,1.35746529,195.30967965395968,195.2500780403901
2024-04-14 10:56:21,0.114652624,0.0288036361823162,1.35748945,195.31904529400686,195.25891633318844
2024-04-14 10:56:25,0.114651116,0.0288021625704713,1.35742,195.32531488598624,195.264658579694
2024-04-14 10:56:34,0.114661071,0.0288017140153323,1.35739886,195.3419724407141,195.28012961359684
2024-04-14 10:56:38,0.114659864,0.0288017780946379,1.35740188,195.3405731059896,195.27820293916912
2024-04-14 10:56:42,0.114661372,0.0288018421739434,1.3574049,195.34275143959647,195.27985393484892
2024-04-14 10:56:46,0.114667405,0.0288015217774156,1.3573898,195.3529095950431,195.28948475414492
2024-04-14 10:56:50,0.114671629,0.02880145769811,1.35738678,195.35933931789188,195.29538714261983
2024-04-14 10:56:54,0.114675249,0.0288020344118601,1.35741396,195.3616111167998,195.2971316089309
2024-04-14 10:57:03,0.114683393,0.0288000481655707,1.35732035,195.38395175455054,195.31828575483752
2024-04-14 10:57:07,0.114684298,0.0288005608000152,1.35734451,195.38298160274388,195.31678827621135
2024-04-14 10:57:11,0.114690633,0.0288008171172375,1.35735659,195.39051215635237,195.32379150477863
2024-04-14 10:57:15,0.114692443,0.0288003685620985,1.35733545,195.3957786674924,195.328530692656
2024-04-14 10:57:19,0.114694856,0.0288004967207097,1.35734149,195.39881330016178,195.33103800384157
2024-04-14 10:57:24,0.114697571,0.0288006248793208,1.35734753,195.40237771609736,195.3339432704244
2024-04-14 10:57:32,0.114700286,0.0288001122448763,1.35732337,195.40970067615183,195.34021159729824
2024-04-14 10:57:36,0.114709638,0.0287999840862651,1.35731733,195.42322506027406,195.35320866750016
2024-04-14 10:57:40,0.114713559,0.0287993432932095,1.35728713,195.4322833427935,195.3617396378798
2024-04-14 10:57:45,0.114717179,0.0288005608000152,1.35734451,195.43132212093917,195.36011927835492
2024-04-14 10:57:49,0.114716878,0.028799407372515,1.35729015,195.43750744019445,195.36577728947748
2024-04-14 10:57:53,0.114720498,0.0287990871881703,1.35727506,195.44448633341963,195.3722288763514
2024-04-14 10:57:57,0.114726229,0.0287992792139039,1.35728411,195.4515583262632,195.3787735646255
2024-04-14 10:58:01,0.114724117,0.0288001122448763,1.35732337,195.44492908000154,195.3716170155764
2024-04-14 10:58:05,0.114730754,0.0287996636897373,1.35730223,195.45655779955408,195.3827184341239
2024-04-14 10:58:09,0.114734072,0.0288001763241818,1.35732639,195.4587663867018,195.3843997220493
2024-04-14 10:58:14,0.114736485,0.0287985104744202,1.35724788,195.4713518680119,195.3963260818389
2024-04-14 10:58:18,0.114742519,0.0287992151345983,1.35728109,195.47613139308731,195.40057831170424
2024-04-14 10:58:22,0.114744027,0.0287996636897373,1.35730223,195.47629080939194,195.4002104345825
2024-04-14 10:58:26,0.114744932,0.0287991512674759,1.35727808,195.48070142199634,195.40409375554464
2024-04-14 10:58:30,0.114749758,0.0287997277690429,1.35730525,195.48456165804802,195.4074267017384
2024-04-14 10:58:35,0.11475187,0.0287992792139039,1.35728411,195.49035952943652,195.41256546331425
2024-04-14 10:58:39,0.114752172,0.0287996636897373,1.35730223,195.48926588221923,195.4109445302551
2024-04-14 10:58:43,0.114751267,0.0287983823158091,1.35724184,195.49532932047643,195.4164806844559
2024-04-14 10:58:47,0.114761825,0.0287993432932095,1.35728713,195.5047244855091,195.4253485672179
2024-04-14 10:58:51,0.114759713,0.0287990871881703,1.35727506,195.5038133379898,195.4239101392141
2024-04-14 10:58:55,0.114761222,0.028798830870948,1.35726298,195.50767544246952,195.42724496499568
2024-04-14 10:58:59,0.114772685,0.0287992151345983,1.35728109,195.5212917165992,195.440333962214
2024-04-14 10:59:03,0.114774796,0.028799407372515,1.35729015,195.5235913915271,195.4421063620177
2024-04-14 10:59:08,0.11477359,0.028799407372515,1.35729015,195.52266111096108,195.44051699006
2024-04-14 10:59:12,0.114773891,0.0287986386330313,1.35725392,195.52762271520794,195.4449513232048
2024-04-14 10:59:16,0.114776606,0.0287995996104317,1.35729921,195.52668071807895,195.443482056762
2024-04-14 10:59:20,0.114782036,0.0287997918483484,1.35730827,195.5333543499413,195.44962842109905
2024-04-14 10:59:24,0.114780829,0.0287990231088648,1.35727204,195.53632875172138,195.45207555714276
2024-04-14 10:59:29,0.114786561,0.0287995355311262,1.35729619,195.54185046299878,195.45693818876583
2024-04-14 10:59:33,0.114790181,0.0288000481655707,1.35732035,195.54445572703767,195.45901619109455
2024-04-14 10:59:37,0.114791387,0.0288003685620985,1.35733545,195.54488938655206,195.45892259068887
2024-04-14 10:59:41,0.114793499,0.0287990231088648,1.35727204,195.55526761991246,195.4687735659195
2024-04-14 10:59:45,0.114796214,0.0287989590295592,1.35726902,195.55970965395414,195.4726883436221
2024-04-14 10:59:50,0.114798929,0.028800304482793,1.35733243,195.55687884429415,195.46919846605704
2024-04-14 10:59:54,0.114803152,0.0287997277690429,1.35730525,195.56600107671514,195.47779344616936
2024-04-14 10:59:58,0.114803152,0.0287990871881703,1.35727506,195.56989364826597,195.4811587672034
2024-04-14 11:00:02,0.114807677,0.028798830870948,1.35726298,195.577731127598,195.4884689978108
2024-04-14 11:00:06,0.114808582,0.0287990231088648,1.35727204,195.57844108521022,195.488651708491
2024-04-14 11:00:11,0.114805565,0.0287985745537258,1.3572509,195.5774806398366,195.48703220697377
2024-04-14 11:00:15,0.114812805,0.0287986386330313,1.35725392,195.58721306004645,195.4962373842862
2024-04-14 11:00:19,0.1148119,0.0287984463951146,1.35724486,195.58755763866722,195.4960547218033
2024-04-14 11:00:23,0.114811599,0.0287987027123369,1.35725694,195.58634142572978,195.49431126955628
2024-04-14 11:00:27,0.114818235,0.0287977415227534,1.35721164,195.60066526615455,195.50810787246596
2024-04-14 11:00:31,0.114817028,0.0287972931797976,1.35719051,195.60195769658142,195.5088730671726
2024-04-14 11:00:36,0.114816124,0.0287975492848367,1.35720258,195.60007944930925,195.5063357777747
2024-04-14 11:00:40,0.114820347,0.0287972931797976,1.35719051,195.6075184404512,195.51324753723617
2024-04-14 11:00:44,0.114823062,0.0287985104744202,1.35724788,195.60522711267063,195.51042897957117
2024-04-14 11:00:48,0.114825173,0.0287975492848367,1.35720258,195.61358769140804,195.51826233022055
2024-04-14 11:00:52,0.114831508,0.0287980619192812,1.35722674,195.6197702884686,195.5239177009899
2024-04-14 11:00:57,0.114826983,0.028797805602059,1.35721466,195.61581249394706,195.51930087613164
2024-04-14 11:01:01,0.114826682,0.0287966523867419,1.35716031,195.6220036872903,195.52496484722784
2024-04-14 11:01:05,0.114832715,0.0287964601488252,1.35715125,195.63149302992994,195.5339269694184
2024-04-14 11:01:09,0.114832715,0.0287971009418809,1.35718145,195.62865230024724,195.53055902108508
2024-04-14 11:01:13,0.114833016,0.028797229100492,1.35718749,195.62890266684667,195.53028217083263
2024-04-14 11:01:17,0.114835731,0.0287971009418809,1.35718145,195.63368187218958,195.5345341611229
2024-04-14 11:01:22,0.114836938,0.0287971650211864,1.35718447,195.63559493632528,195.5357882089734
2024-04-14 11:01:26,0.11483724,0.0287969087039642,1.35717239,195.63786739608955,195.53753345773453
2024-04-14 11:01:30,0.114840558,0.028796780545353,1.35716635,195.6434414484089,195.5425803008512
2024-04-14 11:01:34,0.11484267,0.0287969087039642,1.35717239,195.64607869415943,195.5446903391998
2024-04-14 11:01:38,0.114844178,0.0287964601488252,1.35715125,195.65095129796072,195.5490357374004
2024-04-14 11:01:42,0.114851418,0.0287974213384087,1.35719655,195.65596850271027,195.5535257383508
2024-04-14 11:01:47,0.114852323,0.028797229100492,1.35718749,195.65883083655748,195.55572906998327
2024-04-14 11:01:55,0.114848099,0.028795627330036,1.357112,195.66273807018268,195.5585819059232
2024-04-14 11:01:59,0.114848401,0.0287944739025358,1.35705764,195.66972725163495,195.5650438912376
2024-04-14 11:02:04,0.114852021,0.0287960115936862,1.35713011,195.6670736882758,195.5617313352425
2024-04-14 11:02:08,0.114855943,0.028795755276464,1.35711803,195.6741179359778,195.5682483908655
2024-04-14 11:02:12,0.114860166,0.028796780545353,1.35716635,195.6748211774319,195.56842444204517
2024-04-14 11:02:16,0.114868311,0.0287972931797976,1.35719051,195.6833886647587,195.57646474090245
2024-04-14 11:02:25,0.114864389,0.0287973572591031,1.35719353,195.67906867685963,195.57095858554868
2024-04-14 11:02:29,0.114867104,0.0287971009418809,1.35718145,195.68452183105634,195.57588455714497
2024-04-14 11:02:33,0.114866199,0.0287971009418809,1.35718145,195.68385619514265,195.57469174043757
2024-04-14 11:02:37,0.114876154,0.028797805602059,1.35721466,195.69379946759597,195.5841078339043
2024-04-14 11:02:41,0.114870422,0.0287955632507304,1.35710898,195.69856153154691,195.58834272067625
2024-04-14 11:02:45,0.114875852,0.0287969727832697,1.35717541,195.69883450252095,195.58808851627927
2024-04-14 11:02:54,0.114875249,0.0287978696813645,1.35721768,195.69451027261766,195.58257814840368
2024-04-14 11:02:58,0.11487374,0.0287971009418809,1.35718145,195.69709029468632,195.58463100098004
2024-04-14 11:03:02,0.114874042,0.0287961397522974,1.35713615,195.70306935113928,195.59008288975053
2024-04-14 11:03:06,0.114875852,0.028796780545353,1.35716635,195.70261291024414,195.58909928298303
2024-04-14 11:03:10,0.114880075,0.0287966523867419,1.35716031,195.7093800515976,195.59533926027476
2024-04-14 11:03:15,0.114877662,0.0287965242281308,1.35715427,195.70753241795973,195.5928326741065
2024-04-14 11:03:19,0.114878567,0.0287967164660475,1.35716333,195.7082416099558,195.5930147061162
2024-04-14 11:03:23,0.11488822,0.0287974213384087,1.35719655,195.7177854016504,195.60203133963643
2024-04-14 11:03:27,0.114880679,0.0287956914093415,1.35711502,195.7174697694634,195.6011885510875
2024-04-14 11:03:32,0.11488641,0.028797229100492,1.35718749,195.71759670936567,195.60065654808665
2024-04-14 11:03:36,0.114889125,0.028796780545353,1.35716635,195.7240610582193,195.6065937446578
2024-04-14 11:03:40,0.114889728,0.0287960115936862,1.35713011,195.72942672448502,195.61143226045493
2024-04-14 11:03:44,0.114892745,0.0287963319902141,1.35714521,195.73224559853358,195.61372398584905
2024-04-14 11:03:48,0.114888522,0.0287964601488252,1.35715125,195.72653255878961,195.60748379926545
2024-04-14 11:03:53,0.114891237,0.0287958193557695,1.35712105,195.73413993021347,195.6144322396923
2024-04-14 11:03:57,0.114895158,0.0287963319902141,1.35714521,195.737139338846,195.61690450556975
2024-04-14 11:04:01,0.11489365,0.0287969087039642,1.35717239,195.73264596760595,195.61188399339085
2024-04-14 11:04:05,0.114901191,0.0287972931797976,1.35719051,195.74109055945,195.61980144611252
2024-04-14 11:04:09,0.114899382,0.0287966523867419,1.35716031,195.74260329642146,195.62078704577868
2024-04-14 11:04:13,0.11490089,0.0287961397522974,1.35713615,195.7478141502805,195.62547076414984
2024-04-14 11:04:22,0.114905716,0.0287965242281308,1.35715427,195.75333912614337,195.62980969181237
2024-04-14 11:04:26,0.114902398,0.0287965242281308,1.35715427,195.74949290554116,195.6254363416322
2024-04-14 11:04:30,0.114908733,0.028796780545353,1.35716635,195.7570218869151,195.6324381952475
2024-04-14 11:04:34,0.114907828,0.0287960756729918,1.35713313,195.76006349795267,195.6349526803462
2024-04-14 11:04:38,0.114903303,0.0287963960695196,1.35714823,195.75294116630906,195.627303224584
2024-04-14 11:04:43,0.114904208,0.028795178774897,1.35709086,195.7611954564916,195.6348986121788
2024-04-14 11:04:47,0.114905415,0.0287960115936862,1.35713011,195.75893312822362,195.6321091638896
2024-04-14 11:04:51,0.114908431,0.028795627330036,1.357112,195.76545676875023,195.63810568621668
2024-04-14 11:04:55,0.114913258,0.0287958193557695,1.35712105,195.77133632820883,195.643458129298
2024-04-14 11:04:59,0.114914464,0.0287962679109085,1.35714219,195.771093665071,195.6426883516056
2024-04-14 11:05:03,0.114917179,0.0287972931797976,1.35719051,195.76980658346994,195.64087415727312
2024-04-14 11:05:08,0.114920498,0.0287974213384087,1.35719655,195.77416593312853,195.64457461858197
2024-04-14 11:05:12,0.114918386,0.0287972931797976,1.35719051,195.77258344624482,195.64246502307063
2024-04-14 11:05:16,0.114915068,0.0287970368625753,1.35717843,195.77008545419542,195.6394399242183
2024-04-14 11:05:20,0.114915068,0.0287954350921193,1.35710294,195.77903782772665,195.6478651927717
2024-04-14 11:05:24,0.114915369,0.0287948583783692,1.35707576,195.78299543237165,195.6512956942645
2024-04-14 11:05:29,0.114918688,0.0287960115936862,1.35713011,195.7819628086035,195.6496041941241
2024-04-14 11:05:33,0.114919593,0.0287958834350751,1.35712407,195.7843569450821,195.6514712315598
2024-04-14 11:05:37,0.114922006,0.0287956914093415,1.35711502,195.7890747930799,195.6556619823419
2024-04-14 11:05:41,0.114921101,0.0287958834350751,1.35712407,195.78739884720667,195.6534589410806
2024-04-14 11:05:49,0.114927134,0.0287961397522974,1.35713615,195.7950567920301,195.66006270061268
2024-04-14 11:05:54,0.114928039,0.0287960115936862,1.35713011,195.79758273347727,195.6619297799679
2024-04-14 11:05:58,0.114927436,0.0287962038316029,1.35713917,195.7963037110419,195.66012366991723
2024-04-14 11:06:02,0.114928944,0.0287956914093415,1.35711502,195.8015142157633,195.66480708885345
2024-04-14 11:06:06,0.114930754,0.0287960756729918,1.35713313,195.80240553387526,195.66517132301095
2024-04-14 11:06:10,0.114933167,0.0287958193557695,1.35712105,195.8074616670658,195.6697003740781
2024-04-14 11:06:15,0.114930754,0.0287964601488252,1.35715125,195.80156884338533,195.66314870031917
2024-04-14 11:06:19,0.114934072,0.0287954991714248,1.35710596,195.81152500964336,195.6725777885757
2024-04-14 11:06:23,0.114930754,0.0287946661404525,1.3570667,195.81206124920396,195.6725869519675
2024-04-14 11:06:27,0.114934676,0.0287954350921193,1.35710294,195.81371244310364,195.6737110715316
2024-04-14 11:06:31,0.114937692,0.0287960115936862,1.35713011,195.81518188094458,195.67465343687064
2024-04-14 11:06:35,0.114942217,0.028795627330036,1.357112,195.82369514278517,195.68263962804355
2024-04-14 11:06:40,0.114941915,0.0287963319902141,1.35714521,195.82024844627216,195.6785340957761
2024-04-14 11:06:44,0.11494644,0.0287969727832697,1.35717541,195.8233684586974,195.6811270416624
2024-04-14 11:06:48,0.114942217,0.0287958193557695,1.35712105,195.82439777570568,195.6816292939676
2024-04-14 11:06:52,0.114945837,0.0287969087039642,1.35717239,195.8239649284152,195.6806693838104
2024-04-14 11:06:56,0.114944329,0.0287962038316029,1.35713917,195.8262128560093,195.6823902503746
2024-04-14 11:07:01,0.114943122,0.0287950506162859,1.35708482,195.83134841362687,195.6868669842886
2024-04-14 11:07:05,0.114943725,0.0287946661404525,1.3570667,195.83469336270528,195.68968487647183
2024-04-14 11:07:09,0.114945837,0.0287958834350751,1.35712407,195.8315992454382,195.68606370414807
2024-04-14 11:07:13,0.11494463,0.0287949865369803,1.3570818,195.83525451954418,195.6891919250363
2024-04-14 11:07:17,0.114952775,0.0287958834350751,1.35712407,195.8417983955614,195.6952087496753
2024-04-14 11:07:21,0.11495368,0.028795755276464,1.35711803,195.84419269749534,195.69707600207104
2024-04-14 11:07:30,0.114955188,0.0287948583783692,1.35707576,195.85208596065308,195.703783410498
2024-04-14 11:07:34,0.114957602,0.0287947942990636,1.35707274,195.85613228348592,195.70730268977616
2024-04-14 11:07:38,0.11496092,0.0287946661404525,1.3570667,195.86170748234045,195.71235084691827
2024-04-14 11:07:42,0.114962428,0.0287948583783692,1.35707576,195.86321062899663,195.7133269537047
2024-04-14 11:07:46,0.1149573,0.0287951146955914,1.35708784,195.85562923747358,195.7052185241552
2024-04-14 11:07:50,0.114954887,0.028794730219758,1.35706972,195.85499881557712,195.704061066076
2024-04-14 11:07:59,0.114963635,0.0287958834350751,1.35712407,195.86164708447996,195.7095235103117
2024-04-14 11:08:03,0.114964238,0.0287942175853135,1.35704556,195.8717359003682,195.71908529601308
2024-04-14 11:08:07,0.114962127,0.0287949865369803,1.3570818,195.8654333566417,195.7122557239457
2024-04-14 11:08:11,0.114968763,0.0287942816646191,1.35704858,195.87841753676813,195.7247128775778
2024-04-14 11:08:15,0.114965747,0.0287945379818413,1.35706066,195.87361987191494,195.7193881880773
2024-04-14 11:08:20,0.114967255,0.0287947942990636,1.35707274,195.87491746502704,195.72002700297847
2024-04-14 11:08:24,0.11496454,0.0287946020611469,1.35706368,195.8728773772019,195.71745989466385
2024-04-14 11:08:28,0.114972986,0.028795178774897,1.35709086,195.88150238239726,195.72555788121852
2024-04-14 11:08:32,0.11496997,0.0287948583783692,1.35707576,195.87974010190473,195.72326858393464
2024-04-14 11:08:36,0.11497178,0.0287938333216632,1.35702745,195.88804824226764,195.731049709356
2024-04-14 11:08:41,0.114976003,0.0287946020611469,1.35706368,195.89022749884205,195.7325701998557
2024-04-14 11:08:45,0.114974193,0.0287942175853135,1.35704556,195.8903922697142,195.73220795995053
2024-04-14 11:08:49,0.114969668,0.0287933847665242,1.35700631,195.88933793950008,195.73062662081065
2024-04-14 11:08:53,0.114972081,0.0287941535060079,1.35704254,195.88899952784763,195.72976120208463
2024-04-14 11:08:57,0.114978115,0.0287938333216632,1.35702745,195.899165937926,195.73940060694213
2024-04-14 11:09:01,0.114976305,0.0287935129251354,1.35701235,195.8989934771083,195.7387011427568
2024-04-14 11:09:05,0.11497721,0.0287939614802743,1.35703349,195.89835236001568,195.7375330241504
2024-04-14 11:09:09,0.114980226,0.0287934488458298,1.35700933,195.90555357757066,195.7442072420459
2024-04-14 11:09:14,0.11497721,0.0287940894267023,1.35703952,195.89886463209214,195.73685954960155
2024-04-14 11:09:18,0.114978416,0.0287926158148574,1.35697007,195.9087385101511,195.74620643217537
2024-04-14 11:09:22,0.11497721,0.0287920393132905,1.3569429,195.91071057064002,195.74765149903527
2024-04-14 11:09:26,0.11497721,0.0287932566079131,1.35700027,195.90482944766484,195.74124338428777
2024-04-14 11:09:30,0.114983846,0.028793128449302,1.35699423,195.9147789689434,195.75066591565124
2024-04-14 11:09:35,0.114984751,0.0287940253473968,1.3570365,195.91190923227896,195.7471374442056
2024-04-14 11:09:39,0.114982639,0.0287933206872187,1.35700329,195.91336156653796,195.7480627927304
2024-04-14 11:09:43,0.114982036,0.0287929362113853,1.35698517,195.9151176374003,195.7492918797176
2024-04-14 11:09:47,0.114986259,0.0287931925286075,1.35699725,195.91986227207553,195.7535095323773
2024-04-14 11:09:51,0.114990784,0.0287937051630521,1.35702141,195.9236555498901,195.7567758300366
2024-04-14 11:09:55,0.114987466,0.0287933206872187,1.35700329,195.92183267340388,195.75442597525583
2024-04-14 11:10:04,0.114992896,0.0287935129251354,1.35701235,195.92916439665456,195.7605720041501
2024-04-14 11:10:08,0.114996516,0.0287943457439246,1.3570516,195.93007887435957,195.76095950961195
2024-04-14 11:10:12,0.115003454,0.0287938333216632,1.35702745,195.94244942644548,195.77280309131788
2024-04-14 11:10:16,0.115004661,0.0287945379818413,1.35706066,195.94085748157423,195.77068417793043
2024-04-14 11:10:21,0.115001946,0.0287951146955914,1.35708784,195.93490111391372,195.7640691022464
2024-04-14 11:10:25,0.114997722,0.0287937051630521,1.35702141,195.93728071362074,195.7659217376327
2024-04-14 11:10:33,0.115004057,0.0287930643699964,1.35699121,195.95005957538615,195.77764667635415
2024-04-14 11:10:37,0.115004661,0.0287941535060079,1.35704254,195.94564826693863,195.77270840918453
2024-04-14 11:10:41,0.115004661,0.0287935129251354,1.35701235,195.94954794549042,195.77608113088155
2024-04-14 11:10:45,0.115004359,0.0287932566079131,1.35700027,195.95102636518516,195.7770325955895
2024-04-14 11:10:50,0.115002549,0.0287931925286075,1.35699725,195.94963640750734,195.7749839468058
2024-04-14 11:10:54,0.115003756,0.0287938333216632,1.35702745,195.94838060770184,195.77320119621845
2024-04-14 11:10:58,0.115004962,0.0287933206872187,1.35700329,195.95319646594788,195.7774901055525
2024-04-14 11:11:02,0.115004057,0.0287933847665242,1.35700631,195.9521930019014,195.7759596944644
2024-04-14 11:11:06,0.115006169,0.0287931925286075,1.35699725,195.9565162915086,195.77975603890104
2024-04-14 11:11:10,0.115001342,0.0287919111546793,1.35693686,195.9574269722754,195.78013977636888
2024-04-14 11:11:15,0.115005264,0.028792679894163,1.35697309,195.95920814169142,195.781262269294
2024-04-14 11:11:19,0.115005264,0.0287922954183296,1.35695497,195.9617595839171,195.783286772434
2024-04-14 11:11:23,0.115007979,0.028792679894163,1.35697309,195.96384115078362,195.78484140208832
2024-04-14 11:11:27,0.115006169,0.0287932566079131,1.35700027,195.95894532036036,195.77941863632697
2024-04-14 11:11:32,0.115014012,0.0287940894267023,1.35703952,195.96555777865564,195.7853724280861
2024-04-14 11:11:36,0.115008281,0.0287929362113853,1.35698517,195.96460213049676,195.78388984880817
2024-04-14 11:11:40,0.115009487,0.0287921674719016,1.35694894,195.9707669120151,195.78952770108347
2024-04-14 11:11:44,0.115009789,0.0287927439734686,1.35697611,195.96865620370653,195.78689006540856
2024-04-14 11:11:48,0.115012202,0.0287928080527741,1.35697913,195.97202670327513,195.78973363948808
2024-04-14 11:11:52,0.115013409,0.028792679894163,1.35697309,195.97481965507518,195.79199966767695
2024-04-14 11:11:57,0.115015822,0.0287937051630521,1.35702141,195.97326041257483,195.7897817733043
2024-04-14 11:12:01,0.11501733,0.0287930002906908,1.35698819,195.97948698430943,195.79548142565517
2024-04-14 11:12:05,0.115016124,0.0287934488458298,1.35700933,195.976062050213,195.79152957405483
2024-04-14 11:12:09,0.115012202,0.028792679894163,1.35697309,195.97546789434523,195.7904085025636
2024-04-14 11:12:13,0.115015219,0.0287924235769407,1.35696101,195.9813218413116,195.7957355357876
2024-04-14 11:12:22,0.11501371,0.0287930643699964,1.35699121,195.97714372705892,195.79037187249548
2024-04-14 11:12:26,0.115023062,0.0287940894267023,1.35703952,195.98460104890123,195.79730228671315
2024-04-14 11:12:30,0.115020649,0.028792679894163,1.35697309,195.98936970409906,195.80154403617004
2024-04-14 11:12:34,0.115022459,0.028792679894163,1.35697309,195.9922827186997,195.803930146914
2024-04-14 11:12:38,0.115015219,0.0287918470753738,1.35693384,195.98765098404954,195.79877151029217
2024-04-14 11:12:43,0.115018537,0.0287913985202348,1.3569127,195.9950461777146,195.8055080791442
2024-04-14 11:12:47,0.11501733,0.0287922954183296,1.35695497,195.98925835914724,195.79919336284848
2024-04-14 11:12:51,0.115020649,0.0287909499650958,1.35689156,196.00124680431972,195.81065491217956
2024-04-14 11:12:55,0.115020045,0.0287924876562463,1.35696403,195.99287895748893,195.80176017139493
2024-04-14 11:12:59,0.115028793,0.0287929362113853,1.35698517,196.00257596697034,195.8109302888107
2024-04-14 11:13:04,0.115025173,0.0287930643699964,1.35699121,195.9977874669378,195.8054831763524
2024-04-14 11:13:08,0.115029095,0.0287930002906908,1.35698819,196.0038221092378,195.81099093083748
2024-04-14 11:13:12,0.115028492,0.0287931925286075,1.35699725,196.00254165055873,195.80918358623376
2024-04-14 11:13:16,0.115023665,0.0287919111546793,1.35693686,196.003453585304,195.80956863694527
2024-04-14 11:13:20,0.115028492,0.0287937692423576,1.35702443,196.0005582299491,195.8061463994481
2024-04-14 11:13:24,0.115029095,0.0287937692423576,1.35702443,196.00188001094162,195.80694130019057
2024-04-14 11:13:28,0.115033017,0.0287942816646191,1.35704858,196.00487843150069,195.8094128423923
2024-04-14 11:13:33,0.115032413,0.0287945379818413,1.35706066,196.0033910022592,195.8072668178669
2024-04-14 11:13:37,0.115028492,0.0287932566079131,1.35700027,196.00549717351572,195.80884611502717
2024-04-14 11:13:41,0.11503,0.0287931925286075,1.35699725,196.0083494677184,195.8111715370285
2024-04-14 11:13:45,0.115027888,0.0287926158148574,1.35697007,196.00912944480214,195.8114246438064
2024-04-14 11:13:49,0.115032112,0.0287937051630521,1.35702141,196.00948757960538,195.81125591019992
2024-04-14 11:13:54,0.11503362,0.0287934488458298,1.35700933,196.01348398981,195.81459373755987
2024-04-14 11:13:58,0.115031207,0.0287922315512072,1.35695196,196.01724105529874,195.8178239389076
2024-04-14 11:14:02,0.11502819,0.0287913985202348,1.3569127,196.01817810866817,195.81823413003428
2024-04-14 11:14:06,0.115031508,0.0287934488458298,1.35700933,196.0122804155938,195.81180957661604
2024-04-14 11:14:11,0.115034827,0.028793128449302,1.35699423,196.01900172818014,195.81787231644387
2024-04-14 11:14:15,0.115036033,0.0287927439734686,1.35697611,196.02314342165758,195.82148715385236
2024-04-14 11:14:19,0.115032413,0.0287922954183296,1.35695497,196.02126055959766,195.8190774376245
2024-04-14 11:14:23,0.115036033,0.0287923594976352,1.35695799,196.02622218271546,195.823512208476
2024-04-14 11:14:27,0.115033017,0.0287932566079131,1.35700027,196.01804809700914,195.81481127240573
2024-04-14 11:14:31,0.115035128,0.0287924235769407,1.35696101,196.02574530268782,195.82198162962345
2024-04-14 11:14:36,0.115036335,0.0287931925286075,1.35699725,196.02394500690767,195.8195227759442
2024-04-14 11:14:40,0.115036033,0.0287930002906908,1.35698819,196.02508622262218,195.82013714748183
2024-04-14 11:14:48,0.115042971,0.0287934488458298,1.35700933,196.03292352610768,195.82692076832973
2024-04-14 11:14:52,0.11504086,0.0287922315512072,1.35695196,196.03707921783877,195.8305496216013
2024-04-14 11:14:56,0.115039955,0.028793128449302,1.35699423,196.0316888515963,195.8246324188065
2024-04-14 11:15:01,0.115044178,0.0287928080527741,1.35697913,196.03960207635822,195.83188710056092
2024-04-14 11:15:05,0.115040558,0.0287926158148574,1.35697007,196.03636926424326,195.82812745618705
2024-04-14 11:15:09,0.115045988,0.0287930002906908,1.35698819,196.04202924894537,195.83326061053964
2024-04-14 11:15:13,0.115041161,0.0287924235769407,1.35696101,196.03923043031955,195.82993496347416
2024-04-14 11:15:17,0.11503905,0.0287921674719016,1.35694894,196.03832329328964,195.8285009999153
2024-04-14 11:15:21,0.115041463,0.0287921674719016,1.35694894,196.04203121608202,195.83168209809003
2024-04-14 11:15:26,0.11504267,0.0287926158148574,1.35697007,196.04191934375777,195.8309116976825
2024-04-14 11:15:30,0.115047496,0.0287920393132905,1.3569429,196.05184507557146,195.84031060918144
2024-04-14 11:15:34,0.115045988,0.0287915907581515,1.35692176,196.05274675264775,195.84068546785653
2024-04-14 11:15:38,0.115047496,0.0287935770044409,1.35701537,196.04479894675998,195.8322108454817
2024-04-14 11:15:43,0.115045988,0.0287925517355519,1.35696705,196.04886996110446,195.83562334191024
2024-04-14 11:15:47,0.115045686,0.0287918470753738,1.35693384,196.05271053180283,195.838937100431
2024-04-14 11:15:51,0.115048703,0.0287924235769407,1.35696101,196.05417786114933,195.8398776195163
2024-04-14 11:15:55,0.115045083,0.0287918470753738,1.35693384,196.0529691965975,195.83814214662036
2024-04-14 11:15:59,0.115044781,0.0287912703616237,1.35690666,196.05613588943467,195.8407820330312
2024-04-14 11:16:07,0.115045988,0.0287919111546793,1.35693686,196.05540514591976,195.83899768241972
2024-04-14 11:16:12,0.115048401,0.0287937051630521,1.35702141,196.0497947880167,195.83272882398063
2024-04-14 11:16:16,0.115049306,0.0287912062823181,1.35690364,196.0646779430807,195.84708518077656
2024-04-14 11:16:20,0.115048401,0.0287916548374571,1.35692478,196.06164862122904,195.8435290625782
2024-04-14 11:16:24,0.115049306,0.028792103392596,1.35694592,196.0610055667784,195.84235921370296
2024-04-14 11:16:28,0.115053831,0.0287935129251354,1.35701235,196.06007265649623,195.84089951091903
2024-04-14 11:16:33,0.115052323,0.0287921674719016,1.35694894,196.06583065085096,195.84599901735152
2024-04-14 11:16:37,0.115051418,0.0287916548374571,1.35692478,196.06786491652335,195.84750649485096
2024-04-14 11:16:41,0.115051719,0.0287921674719016,1.35694894,196.06608796199063,195.84520275407036
2024-04-14 11:16:45,0.115052323,0.0287922954183296,1.35695497,196.06673699854088,195.84532500629848
2024-04-14 11:16:49,0.115057753,0.0287925517355519,1.35696705,196.07307191597127,195.8511331413332
2024-04-14 11:16:53,0.115053228,0.0287932566079131,1.35700027,196.063920318292,195.84145476318548
2024-04-14 11:16:58,0.115054133,0.0287908218064847,1.35688552,196.07859857644803,195.8554745484671
2024-04-14 11:17:02,0.115057149,0.0287915907581515,1.35692176,196.0790503495583,195.8553995454476
2024-04-14 11:17:06,0.115060769,0.0287924876562463,1.35696403,196.0796243323167,195.85544675400573
2024-04-14 11:17:10,0.115054434,0.0287913985202348,1.3569127,196.0775373342579,195.8528329836768
2024-04-14 11:17:15,0.115059563,0.0287915907581515,1.35692176,196.08394486852353,195.85858205532023
2024-04-14 11:17:19,0.115058054,0.0287922315512072,1.35695196,196.07910631941664,195.85321673828872
2024-04-14 11:17:23,0.115057149,0.0287918470753738,1.35693384,196.080465517648,195.854049170528
2024-04-14 11:17:27,0.115060769,0.0287917829960682,1.35693082,196.0861022877714,195.85915917659253
2024-04-14 11:17:31,0.115057149,0.0287914625995404,1.35691572,196.08354461522762,195.85607474192372
2024-04-14 11:17:40,0.115065596,0.0287927439734686,1.35697611,196.08911494824974,195.8604598672393
2024-04-14 11:17:44,0.115064088,0.0287920393132905,1.3569429,196.09136616738223,195.86218433053705
2024-04-14 11:17:48,0.115065596,0.0287915266788459,1.35691874,196.0965819063057,195.86687331556277
2024-04-14 11:17:52,0.115063484,0.0287908858857903,1.35688854,196.09770052892273,195.86746518621973
2024-04-14 11:17:56,0.115060468,0.0287919752339849,1.35693988,196.08851164786472,195.8577495551401
2024-04-14 11:18:00,0.115063484,0.0287919111546793,1.35693686,196.09335210971696,195.86206326890988
2024-04-14 11:18:05,0.115065596,0.0287917829960682,1.35693082,196.09747010867522,195.8655228354931
2024-04-14 11:18:09,0.115064992,0.0287915907581515,1.35692176,196.098213423544,195.8657394066452
2024-04-14 11:18:13,0.115068914,0.0287919752339849,1.35693988,196.1018849946124,195.8688842359384
2024-04-14 11:18:17,0.115071026,0.0287935770044409,1.35701537,196.0967569403915,195.86322944188456
2024-04-14 11:18:21,0.115072534,0.0287923594976352,1.35695799,196.1056862029101,195.8716319665133
2024-04-14 11:18:25,0.115067707,0.0287923594976352,1.35695799,196.09984940737365,195.8652684350306
2024-04-14 11:18:30,0.115066501,0.0287924235769407,1.35696101,196.09858032504556,195.86334093550423
2024-04-14 11:18:34,0.115065596,0.0287908218064847,1.35688552,196.10635338085265,195.8705872597412
2024-04-14 11:18:38,0.115068612,0.028792103392596,1.35694592,196.1041037089681,195.8678108582326
2024-04-14 11:18:42,0.115071629,0.0287924876562463,1.35696403,196.10658322578797,195.86976364737532
2024-04-14 11:18:46,0.115071931,0.0287918470753738,1.35693384,196.11088323031763,195.8735369261754
2024-04-14 11:18:51,0.115071931,0.0287919111546793,1.35693686,196.11120400139447,195.87319929283024
2024-04-14 11:18:55,0.115071327,0.0287920393132905,1.3569429,196.11025918631714,195.87172775640815
2024-04-14 11:18:59,0.115072534,0.0287911422030125,1.35690062,196.1171041221438,195.87804597284003
2024-04-14 11:19:03,0.115071327,0.0287915266788459,1.35691874,196.11401369377415,195.8744288270264
2024-04-14 11:19:07,0.115073137,0.0287920393132905,1.3569429,196.11422552469995,195.8741139424597
2024-04-14 11:19:11,0.115074646,0.0287918470753738,1.35693384,196.11775452493129,195.87711622915083
2024-04-14 11:19:16,0.115072836,0.0287917189167626,1.3569278,196.1167019886361,195.87540530367687
2024-04-14 11:19:20,0.115070422,0.0287907577271791,1.3568825,196.11911086127537,195.8772874671712
2024-04-14 11:19:24,0.115071629,0.0287914625995404,1.35691572,196.1175147140063,195.87516461271187
2024-04-14 11:19:28,0.115078266,0.0287907577271791,1.3568825,196.13050575246476,195.8876289459356
2024-04-14 11:19:32,0.115077964,0.0287928080527741,1.35697913,196.1198305132311,195.87642700342337
2024-04-14 11:19:37,0.115078266,0.0287935129251354,1.35701235,196.11717317538134,195.8731112892275
2024-04-14 11:19:41,0.115075852,0.0287908858857903,1.35688854,196.1283595897097,195.88377100468148
2024-04-14 11:19:45,0.115070724,0.0287907577271791,1.3568825,196.12280090395788,195.877685622014
2024-04-14 11:19:49,0.115071026,0.0287912062823181,1.35690364,196.12136219164077,195.8757202147407
2024-04-14 11:19:53,0.115076154,0.0287908858857903,1.35688854,196.13033782764808,195.88416915775196
2024-04-14 11:19:58,0.115078567,0.0287914625995404,1.35691572,196.13113843639428,195.8843114030108
2024-04-14 11:20:02,0.115077964,0.028791078123707,1.3568976,196.13289614509878,195.8855424231325
2024-04-14 11:20:06,0.115077059,0.0287918470753738,1.35693384,196.12817780093417,195.88029739234776
2024-04-14 11:20:10,0.115078869,0.0287913344409292,1.35690968,196.13379197129805,195.8853848780549
2024-04-14 11:20:14,0.115080377,0.0287919111546793,1.35693686,196.13326777434554,195.88433399840991
2024-04-14 11:20:18,0.115085204,0.0287922954183296,1.35695497,196.13813320156174,195.88867274489863
2024-04-14 11:20:23,0.115078266,0.028792103392596,1.35694592,196.13065683921295,195.8805380344049
2024-04-14 11:20:27,0.115083092,0.0287917829960682,1.35693082,196.13923410821917,195.88858862710765
2024-04-14 11:20:31,0.115080075,0.0287907577271791,1.3568825,196.14118607525927,195.8900139198118
2024-04-14 11:20:35,0.115079774,0.0287920393132905,1.3569429,196.1345625585753,195.8828637307601
2024-04-14 11:20:39,0.115081282,0.0287923594976352,1.35695799,196.13539012961434,195.88316463140052
2024-04-14 11:20:47,0.115083997,0.0287920393132905,1.3569429,196.1417098918695,195.88843105876865
2024-04-14 11:20:52,0.115085505,0.0287936410837465,1.35701839,196.13591612338007,195.8819789599788
2024-04-14 11:20:56,0.115087315,0.0287919752339849,1.35693988,196.14760679465144,195.89314296922868
2024-04-14 11:21:00,0.11508279,0.0287922315512072,1.35695196,196.14081733651,195.88582685103887
2024-04-14 11:21:04,0.115081282,0.0287910140444014,1.35689458,196.14577162801638,195.8902544844708
2024-04-14 11:21:08,0.115083695,0.0287924235769407,1.35696101,196.14205188178406,195.8860080821388
2024-04-14 11:21:13,0.115085505,0.0287935129251354,1.35701235,196.13935634367118,195.8826542266794
2024-04-14 11:21:17,0.115087617,0.0287929362113853,1.35698517,196.14570600630736,195.88847723766187
2024-04-14 11:21:21,0.115085204,0.0287930002906908,1.35698819,196.142713966375,195.88495854805305
2024-04-14 11:21:25,0.115087315,0.0287936410837465,1.35701839,196.1426470793087,195.8843650132884
2024-04-14 11:21:29,0.115085505,0.0287912062823181,1.35690364,196.15361764884554,195.89480893710575
2024-04-14 11:21:33,0.115086712,0.0287921674719016,1.35694894,196.1506703504185,195.8913349949389
2024-04-14 11:21:37,0.115080377,0.0287920393132905,1.3569429,196.14352068390463,195.88365868666563
2024-04-14 11:21:42,0.115084902,0.0287918470753738,1.35693384,196.15115745814762,195.8906371614956
2024-04-14 11:21:50,0.115089125,0.0287933206872187,1.35700329,196.1500128669918,195.8884392977219
2024-04-14 11:21:54,0.115086109,0.0287912062823181,1.35690364,196.1577054369887,195.8956052343852
2024-04-14 11:21:59,0.115080679,0.0287899889876954,1.35684627,196.15761993478344,195.894861443304
2024-04-14 11:22:03,0.115081282,0.0287915907581515,1.35692176,196.15050053603275,195.8872154156863
2024-04-14 11:22:07,0.115085807,0.0287901171463066,1.35685231,196.16475866804907,195.9009469208221
2024-04-14 11:22:11,0.115083394,0.0287903734635289,1.35686439,196.16075310856033,195.8964147364401
2024-04-14 11:22:15,0.115085807,0.0287911422030125,1.35690062,196.16040977136396,195.8955447763385
2024-04-14 11:22:20,0.115081282,0.0287901171463066,1.35685231,196.1605043194505,195.89498104859052
2024-04-14 11:22:24,0.115081584,0.0287903093842233,1.35686137,196.16041599934778,195.89436611005868
2024-04-14 11:22:28,0.115082187,0.028791078123707,1.3568976,196.15768644273365,195.8911099370062
2024-04-14 11:22:32,0.115084902,0.0287897967497787,1.35683721,196.16854545540002,195.9014423352257
2024-04-14 11:22:36,0.115082187,0.0287904375428344,1.35686741,196.1621154488481,195.8944857162192
2024-04-14 11:22:41,0.115082489,0.0287899889876954,1.35684627,196.16553579468572,195.8972477992916
2024-04-14 11:22:45,0.115082489,0.0287899889876954,1.35684627,196.16606240265455,195.8972477992916
2024-04-14 11:22:49,0.115084299,0.0287908218064847,1.35688552,196.16458632818635,195.89524511884952
2024-04-14 11:22:53,0.115084299,0.0287897967497787,1.35683721,196.17051512330767,195.90064730999276
2024-04-14 11:22:57,0.115082489,0.0287895404325565,1.35682513,196.17000621205156,195.89961179675527
2024-04-14 11:23:01,0.115082489,0.0287894122739453,1.35681909,196.17120825608808,195.90028724080776
2024-04-14 11:23:06,0.115087014,0.0287893481946398,1.35681607,196.17817030767293,195.90659104522277
2024-04-14 11:23:10,0.115081584,0.0287892841153342,1.35681305,196.17187533625255,195.89976947831568
2024-04-14 11:23:14,0.115087014,0.0287906936478736,1.35687948,196.1721324085221,195.89949995709856
2024-04-14 11:23:18,0.11508641,0.0287903734635289,1.35686439,196.1735501109167,195.90039106800748
2024-04-14 11:23:22,0.115083394,0.0287899889876954,1.35684627,196.17212660967854,195.89844097728536
2024-04-14 11:23:27,0.115083092,0.0287893481946398,1.35681607,196.17576387094869,195.9014200045169
2024-04-14 11:23:31,0.115083394,0.0287911422030125,1.35690062,196.16723398666818,195.8923635352595
2024-04-14 11:23:35,0.115085807,0.0287911422030125,1.35690062,196.1709418107196,195.8955447763385
2024-04-14 11:23:39,0.115082489,0.0287904375428344,1.35686741,196.17080749083817,195.89488387548997
2024-04-14 11:23:43,0.11508279,0.0287905654892624,1.35687344,196.17105663382276,195.8946064395136
2024-04-14 11:23:47,0.115083695,0.0287915907581515,1.35692176,196.16737337846675,195.8903966072036
2024-04-14 11:23:52,0.115090332,0.0287920393132905,1.3569429,196.17441769958089,195.89678270994884
2024-04-14 11:23:56,0.115086712,0.0287908218064847,1.35688552,196.17658795739806,195.89842639533077
2024-04-14 11:24:00,0.115083394,0.0287903093842233,1.35686137,196.17544057198228,195.89675243948943
2024-04-14 11:24:04,0.115085204,0.0287905014099569,1.35687042,196.17734146748307,195.89812676657527
2024-04-14 11:24:08,0.115085807,0.0287902453049177,1.35685835,196.18001275406584,195.9002714867544
2024-04-14 11:24:12,0.115085807,0.0287905654892624,1.35687344,196.17885189102256,195.8985840593198
2024-04-14 11:24:17,0.115083394,0.0287905014099569,1.35687042,196.1766664874218,195.8957404530608
2024-04-14 11:24:25,0.115088522,0.0287913344409292,1.35690968,196.1800902278419,195.89811107577435
2024-04-14 11:24:29,0.115090332,0.0287922315512072,1.35695196,196.1782753738766,195.8957696659791
2024-04-14 11:24:33,0.115091237,0.0287917189167626,1.3569278,196.18269651464047,195.89966425292965
2024-04-14 11:24:37,0.115092142,0.0287923594976352,1.35695799,196.1810404020031,195.89748158849653
2024-04-14 11:24:42,0.115092142,0.0287913344409292,1.35690968,196.18710059198565,195.90288359157285
2024-04-14 11:24:46,0.115089125,0.0287923594976352,1.35695799,196.17824776419585,195.89350421652983
2024-04-14 11:24:50,0.115089427,0.0287921674719016,1.35694894,196.18018435098304,195.89491425808416
2024-04-14 11:24:54,0.115089427,0.0287906936478736,1.35687948,196.18847790882492,195.9026812727143
2024-04-14 11:24:58,0.115090935,0.028791078123707,1.3568976,196.188966317084,195.90264313978372
2024-04-14 11:25:06,0.115091539,0.0287922954183296,1.35695497,196.18440057540192,195.8970243217917
2024-04-14 11:25:11,0.11509184,0.0287921674719016,1.35694894,196.18612980807328,195.8980953858814
2024-04-14 11:25:15,0.115093952,0.0287931925286075,1.35699725,196.18403890284597,195.89547794806757
2024-04-14 11:25:19,0.115095762,0.0287925517355519,1.35696705,196.1903283351906,195.90124084985223
2024-04-14 11:25:23,0.115094253,0.0287928080527741,1.35697913,196.18751480007876,195.89790078620783
2024-04-14 11:25:27,0.115092142,0.0287919111546793,1.35693686,196.1899848171589,195.89984427678365
2024-04-14 11:25:31,0.115092142,0.0287929362113853,1.35698517,196.18510958181713,195.89444251696676
2024-04-14 11:25:36,0.115091539,0.0287924876562463,1.35696403,196.18733650280913,195.89601128521963
2024-04-14 11:25:40,0.115085807,0.0287916548374571,1.35692478,196.18469503117808,195.89284329368215
2024-04-14 11:25:44,0.115085204,0.0287914625995404,1.35691572,196.18543962194605,195.89306136657572
2024-04-14 11:25:48,0.115089729,0.028792679894163,1.35697309,196.1855169004233,195.8926121292114
2024-04-14 11:25:53,0.115092443,0.028792679894163,1.35697309,196.18975292350507,195.8961900103512
2024-04-14 11:25:57,0.115091237,0.0287924876562463,1.35696403,196.1897025787174,195.89561315429904
2024-04-14 11:26:01,0.115086109,0.0287913985202348,1.3569127,196.18920810261366,195.8945921689666
2024-04-14 11:26:05,0.115087014,0.028792103392596,1.35694592,196.18721324271428,195.89207080187495
2024-04-14 11:26:09,0.115089729,0.0287919111546793,1.35693686,196.19233206666084,195.89666312066677
2024-04-14 11:26:14,0.11508641,0.0287930643699964,1.35699121,196.18253783259175,195.88621075802075
2024-04-14 11:26:18,0.115090634,0.0287922315512072,1.35695196,196.19302137557935,195.89616780044105
2024-04-14 11:26:22,0.115088522,0.0287914625995404,1.35691572,196.19481576284278,195.8974356891776
2024-04-14 11:26:26,0.115083092,0.0287914625995404,1.35691572,196.18818355778302,195.89027698763203
2024-04-14 11:26:30,0.115088824,0.0287924876562463,1.35696403,196.19086512647186,195.89243206187723
2024-04-14 11:26:34,0.115090935,0.028792103392596,1.35694592,196.1961995382541,195.8972399812588
2024-04-14 11:26:38,0.11509003,0.0287924235769407,1.35696101,196.19384566921002,195.8943596218579
2024-04-14 11:26:43,0.115091539,0.028792679894163,1.35697309,196.19514241959746,195.8949982621749
2024-04-14 11:26:47,0.11509003,0.0287925517355519,1.35696705,196.1943549206845,195.89368427750708
2024-04-14 11:26:51,0.115090935,0.028790629568568,1.35687646,196.20620428078104,195.9050071538955
2024-04-14 11:26:59,0.11508641,0.0287911422030125,1.35690062,196.19858984517217,195.8963397570143
2024-04-14 11:27:03,0.115088522,0.0287909499650958,1.35689156,196.20291383864006,195.90013727291975
2024-04-14 11:27:08,0.115089427,0.028791078123707,1.3568976,196.20408966575397,195.900655005964
2024-04-14 11:27:12,0.11509365,0.0287914625995404,1.35691572,196.2081574174501,195.9041962847122
2024-04-14 11:27:16,0.115088824,0.0287913985202348,1.3569127,196.20265913133912,195.8981715277057
2024-04-14 11:27:20,0.115089125,0.0287908858857903,1.35688854,196.20628404827121,195.90126997579551
2024-04-14 11:27:25,0.115087315,0.0287897967497787,1.35683721,196.21029591024745,195.90462375460768
2024-04-14 11:27:29,0.115083695,0.0287896685911676,1.35683117,196.20672502888806,195.9005264090292
2024-04-14 11:27:33,0.11508641,0.0287901171463066,1.35685231,196.20846701922935,195.90174193720756
2024-04-14 11:27:37,0.1150846,0.0287901812256122,1.35685533,196.20626940664778,195.8990178645202
2024-04-14 11:27:45,0.115090332,0.0287913344409292,1.35690968,196.208801781041,195.9004973248768
2024-04-14 11:27:49,0.11509003,0.0287913344409292,1.35690968,196.20893008439413,195.90009917430095
2024-04-14 11:27:54,0.115096063,0.0287928721320797,1.35698215,196.2094382015477,195.8999492269413
2024-04-14 11:27:58,0.115090332,0.0287909499650958,1.35689156,196.21253899537962,195.90252357148216
2024-04-14 11:28:02,0.115089729,0.0287901171463066,1.35685231,196.2166596945409,195.90611782341523
2024-04-14 11:28:06,0.115091237,0.028790629568568,1.35687646,196.21647363050937,195.90540531421917
2024-04-14 11:28:10,0.115092745,0.0287908218064847,1.35688552,196.21797506454527,195.90638030515527
2024-04-14 11:28:15,0.115094555,0.0287923594976352,1.35695799,196.21291551161028,195.9006627012502
2024-04-14 11:28:19,0.11509365,0.0287914625995404,1.35691572,196.21697553352337,195.9041962847122
2024-04-14 11:28:23,0.115094253,0.0287903093842233,1.35686137,196.22437488595298,195.91106920075836
2024-04-14 11:28:27,0.11509365,0.0287915907581515,1.35692176,196.2173529872538,195.9035208677443
2024-04-14 11:28:31,0.115100287,0.028792103392596,1.35694592,196.22392766207878,195.90956911032384
2024-04-14 11:28:36,0.115097873,0.0287917829960682,1.35693082,196.22309177214314,195.908075182993
2024-04-14 11:28:40,0.11509365,0.0287913985202348,1.3569127,196.22007701218692,195.90453399545103
2024-04-14 11:28:44,0.11509727,0.0287910140444014,1.35689458,196.22740232020408,195.91133287795492
2024-04-14 11:28:48,0.11509727,0.0287913985202348,1.3569127,196.2259023839102,195.9093065182212
2024-04-14 11:28:52,0.115096968,0.0287919752339849,1.35693988,196.22299122543225,195.9058689383777
2024-04-14 11:28:57,0.115099683,0.0287921674719016,1.35694894,196.226215429377,195.908435118534
2024-04-14 11:29:05,0.115095158,0.0287908218064847,1.35688552,196.22839475342272,195.9095616112673
2024-04-14 11:29:09,0.115094857,0.0287908858857903,1.35688854,196.22818659888958,195.9088270441949
2024-04-14 11:29:13,0.115096365,0.028791078123707,1.3568976,196.22968796875895,195.90980200360428
2024-04-14 11:29:17,0.115098778,0.0287909499650958,1.35689156,196.234071126043,195.91365875250855
2024-04-14 11:29:21,0.11509727,0.0287898608290843,1.35684023,196.2383499433185,195.91741116348533
2024-04-14 11:29:26,0.115096968,0.0287924876562463,1.35696403,196.22476522787957,195.903168443101
2024-04-14 11:29:34,0.115103907,0.0287919752339849,1.35693988,196.23766655528277,195.91501696936277
2024-04-14 11:29:38,0.115098175,0.0287914625995404,1.35691572,196.23333790826106,195.91016192489752
2024-04-14 11:29:42,0.11509727,0.0287903734635289,1.35686439,196.2384115248038,195.9147091460828
2024-04-14 11:29:47,0.11509727,0.0287909499650958,1.35689156,196.23603097982186,195.91167060983892
2024-04-14 11:29:51,0.115096365,0.0287908858857903,1.35688854,196.23570195193295,195.9108151912896
2024-04-14 11:29:55,0.115101795,0.0287922954183296,1.35695497,196.23595829102564,195.910545141811
2024-04-14 11:30:03,0.115105415,0.0287922954183296,1.35695497,196.2417834360001,195.91531751591407
2024-04-14 11:30:07,0.115101795,0.028791078123707,1.3568976,196.24395316980903,195.9169608674248
2024-04-14 11:30:12,0.115105415,0.0287913344409292,1.35690968,196.24803271853108,195.92038244121736
2024-04-14 11:30:16,0.115103605,0.028791078123707,1.3568976,196.24752381026644,195.91934715536493
2024-04-14 11:30:20,0.115098175,0.0287902453049177,1.35685835,196.24528085029092,195.9165778198968
2024-04-14 11:30:24,0.115104208,0.028790629568568,1.35687646,196.25173583575008,195.9225064319592
2024-04-14 11:30:32,0.115099382,0.0287901812256122,1.35685533,196.24878906442882,195.91850692013656
2024-04-14 11:30:37,0.115105113,0.0287919111546793,1.35693686,196.24788473471074,195.916944631868
2024-04-14 11:30:41,0.115104208,0.0287905654892624,1.35687344,196.25431066054287,195.92284419322235
2024-04-14 11:30:45,0.115103605,0.0287910140444014,1.35689458,196.2516777340317,195.9196849043344
2024-04-14 11:30:49,0.1151027,0.0287913344409292,1.35690968,196.24932223114527,195.91680304117327
2024-04-14 11:30:53,0.115101192,0.0287905014099569,1.35687042,196.25225115684304,195.91920560869937
2024-04-14 11:30:58,0.115102398,0.0287907577271791,1.3568825,196.25314809234695,195.91944459944744
2024-04-14 11:31:02,0.115105113,0.0287915266788459,1.35691874,196.253200903856,195.91897105752005
2024-04-14 11:31:06,0.115106621,0.0287905654892624,1.35687344,196.26078172532303,195.9260255276569
2024-04-14 11:31:10,0.115103605,0.028789604511862,1.35682815,196.26239719045333,195.927114643564
2024-04-14 11:31:14,0.115100588,0.0287913344409292,1.35690968,196.24982751790577,195.91401862390143
2024-04-14 11:31:19,0.115103002,0.0287902453049177,1.35685835,196.25940870288827,195.9229418779561
2024-04-14 11:31:23,0.115101795,0.0287907577271791,1.3568825,196.25564276805125,195.9186496007508
2024-04-14 11:31:27,0.1151027,0.0287909499650958,1.35689156,196.25634901308356,195.9188295055261
2024-04-14 11:31:31,0.115101493,0.0287908218064847,1.35688552,196.25595953911593,195.91791369341365
2024-04-14 11:31:35,0.115102398,0.0287903734635289,1.35686439,196.26004220298873,195.9214700212549
2024-04-14 11:31:39,0.115099985,0.0287898608290843,1.35684023,196.2600892623926,195.92099074674135
2024-04-14 11:31:48,0.115097572,0.0287893481946398,1.35681607,196.26079421438976,195.92051145515947
2024-04-14 11:31:52,0.115100588,0.0287899889876954,1.35684627,196.26191932362943,195.92111023735964
2024-04-14 11:32:00,0.115105717,0.0287912062823181,1.35690364,196.26331782559518,195.9214560916025
2024-04-14 11:32:04,0.115106018,0.0287909499650958,1.35689156,196.26559200143225,195.9232039467581
2024-04-14 11:32:09,0.115103002,0.0287917829960682,1.35693082,196.2578829980809,195.91483704553815
2024-04-14 11:32:13,0.115100287,0.0287909499650958,1.35689156,196.25922048202503,195.9156482135752
2024-04-14 11:32:17,0.115096968,0.0287897326704732,1.35683419,196.26178709237692,195.9176885101435
2024-04-14 11:32:21,0.115099382,0.0287897967497787,1.35683721,196.2651583823092,195.9205334884168
2024-04-14 11:32:25,0.115106923,0.0287903734635289,1.35686439,196.27258709054547,195.9274358871196
2024-04-14 11:32:29,0.115103907,0.0287901812256122,1.35685533,196.27015033666942,195.92447282583657
2024-04-14 11:32:33,0.115103605,0.0287912703616237,1.35690666,196.26453773358944,195.91833391747716
2024-04-14 11:32:38,0.115106621,0.0287908218064847,1.35688552,196.27153615802084,195.9246744633026
2024-04-14 11:32:42,0.115105717,0.0287903734635289,1.35686439,196.27323386371174,195.92584586850464
2024-04-14 11:32:46,0.11510994,0.0287908858857903,1.35688854,196.27662676390608,195.92871247034088
2024-04-14 11:32:50,0.115112655,0.0287931925286075,1.35699725,196.2685745542609,195.92013396446936
2024-04-14 11:32:54,0.11510451,0.0287907577271791,1.3568825,196.2711959563797,195.92222907249456
2024-04-14 11:32:58,0.11510632,0.0287913985202348,1.3569127,196.27073100099153,195.92123782514653
2024-04-14 11:33:03,0.115107225,0.0287908218064847,1.35688552,196.2756218164254,195.92547077863276
2024-04-14 11:33:07,0.115105717,0.0287911422030125,1.35690062,196.2724711687101,195.92179384376223
2024-04-14 11:33:11,0.115101795,0.0287898608290843,1.35684023,196.27458074554477,195.92337713557876
2024-04-14 11:33:15,0.115105415,0.0287901812256122,1.35685533,196.27819091443865,195.9264610215925
2024-04-14 11:33:19,0.1151027,0.0287894763532509,1.35682211,196.27885317539366,195.9265970018064
2024-04-14 11:33:24,0.115102398,0.0287899889876954,1.35684627,196.27641063707802,195.92349661557395
2024-04-14 11:33:28,0.11509908,0.0287905654892624,1.35687344,196.2695236605721,195.91608336314349
2024-04-14 11:33:32,0.115099683,0.0287899249083899,1.35684325,196.27422138247834,195.9202548112675
2024-04-14 11:33:36,0.115098477,0.0287901171463066,1.35685231,196.27214433681183,195.91765149396207
2024-04-14 11:33:40,0.115101795,0.0287896685911676,1.35683117,196.2794095690938,195.9243904567495
2024-04-14 11:33:44,0.115104208,0.028790053067001,1.35684929,196.28109059869155,195.92554521899808
2024-04-14 11:33:49,0.11510089,0.0287894763532509,1.35682211,196.28041379196088,195.92421058109943
2024-04-14 11:33:53,0.115101795,0.028790053067001,1.35684929,196.27909330132013,195.92236382794027
2024-04-14 11:33:57,0.115102097,0.0287901812256122,1.35685533,196.2793421973061,195.92208646355655
2024-04-14 11:34:01,0.115102398,0.028790053067001,1.35684929,196.28094083806477,195.9231588460952
2024-04-14 11:34:05,0.115100588,0.0287897967497787,1.35683721,196.2804317869217,195.92212353888283
2024-04-14 11:34:10,0.115101493,0.0287898608290843,1.35684023,196.28194502972298,195.92297896462352
2024-04-14 11:34:14,0.115102097,0.0287901171463066,1.35685231,196.28191654547078,195.9224242291449
2024-04-14 11:34:18,0.115107828,0.0287904375428344,1.35686741,196.28830984929937,195.9282912839011
2024-04-14 11:34:22,0.115108431,0.0287915907581515,1.35692176,196.28355247234188,195.92300766002631
2024-04-14 11:34:26,0.115107225,0.028790629568568,1.35687646,196.287555137037,195.9264840799602
2024-04-14 11:34:30,0.115104812,0.0287912703616237,1.35690666,196.28152250462347,195.9199252049426
2024-04-14 11:34:35,0.115109336,0.0287913344409292,1.35690968,196.28780690670686,195.9255518068059
2024-04-14 11:34:39,0.115107225,0.0287912703616237,1.35690666,196.28588779913892,195.9231064614912
2024-04-14 11:34:43,0.115105717,0.0287917829960682,1.35693082,196.28172396305183,195.91841638981776
2024-04-14 11:34:47,0.115105415,0.0287915907581515,1.35692176,196.28286526984311,195.91903146318427
2024-04-14 11:34:51,0.115103303,0.0287904375428344,1.35686741,196.28668546923583,195.92232543131476
2024-04-14 11:34:56,0.115100287,0.0287908218064847,1.35688552,196.28134152351532,195.9163236995591
2024-04-14 11:35:00,0.11510632,0.0287906936478736,1.35687948,196.29049720179296,195.924953151444
2024-04-14 11:35:04,0.115106018,0.0287905014099569,1.35687042,196.29163856630558,195.92556829172983
2024-04-14 11:35:08,0.115104208,0.0287897326704732,1.35683419,196.2938306046209,195.9272341079853
2024-04-14 11:35:12,0.115106923,0.0287899889876954,1.35684627,196.29658527763723,195.9294625611098
2024-04-14 11:35:16,0.115112956,0.0287915907581515,1.35692176,196.29662220790735,195.92897327365708
2024-04-14 11:35:21,0.115110845,0.0287915266788459,1.35691874,196.29483466107908,195.9265279577271
2024-04-14 11:35:25,0.115106018,0.028790629568568,1.35687646,196.29372567326803,195.92489275707743
2024-04-14 11:35:29,0.115105717,0.0287894763532509,1.35682211,196.29993393599625,195.93057480913944
2024-04-14 11:35:33,0.115112956,0.0287905014099569,1.35687042,196.3046008079468,195.93471547259725
2024-04-14 11:35:37,0.115112353,0.0287915266788459,1.35691874,196.29892760224064,195.9285160605729
2024-04-14 11:35:41,0.115109638,0.0287909499650958,1.35689156,196.29891428969322,195.92797654388283
2024-04-14 11:35:46,0.115108733,0.028791078123707,1.3568976,196.2977033629927,195.92610786506503
2024-04-14 11:35:50,0.115112956,0.028790629568568,1.35687646,196.30616159439842,195.93403989722705
2024-04-14 11:35:54,0.115110845,0.028790629568568,1.35687646,196.30390462443293,195.9312567301968
2024-04-14 11:35:58,0.115113861,0.0287912703616237,1.35690666,196.30502933571628,195.9318552465955
2024-04-14 11:36:03,0.115113861,0.0287912062823181,1.35690364,196.30602485080786,195.9321930211485
2024-04-14 11:36:07,0.115111448,0.0287905654892624,1.35687344,196.30674753457566,195.93238951494052
2024-04-14 11:36:11,0.115104208,0.0287892841153342,1.35681305,196.30448282314822,195.9295986157209
2024-04-14 11:36:15,0.115105113,0.0287887076137672,1.35678588,196.3092413220523,195.9338309290173
2024-04-14 11:36:24,0.11511175,0.0287896685911676,1.35683117,196.31410998565522,195.93751568299564
2024-04-14 11:36:28,0.115109035,0.0287896685911676,1.35683117,196.3110565569978,195.9339360758376
2024-04-14 11:36:32,0.115106923,0.0287898608290843,1.35684023,196.30778478860734,195.93013813113555
2024-04-14 11:36:36,0.115108733,0.0287899889876954,1.35684627,196.3100217709173,195.9318489393241
2024-04-14 11:36:40,0.115108431,0.0287910140444014,1.35689458,196.30474647759843,195.926047474075
2024-04-14 11:36:44,0.115107828,0.0287893481946398,1.35681607,196.3132588603125,195.93403368705103
2024-04-14 11:36:48,0.115109638,0.0287901812256122,1.35685533,196.31178010157456,195.93202876076845
2024-04-14 11:36:53,0.115104812,0.0287880668207116,1.35675568,196.3172212567934,195.93681220964237
2024-04-14 11:37:01,0.115115973,0.028790629568568,1.35687646,196.3194789153939,195.9380175452281
2024-04-14 11:37:05,0.115111448,0.0287912062823181,1.35690364,196.31099928589643,195.9290117575195
2024-04-14 11:37:10,0.115119593,0.0287915907581515,1.35692176,196.32036850281978,195.93772327977135
2024-04-14 11:37:14,0.115113861,0.0287899249083899,1.35684325,196.32211908571566,195.9389477094052
2024-04-14 11:37:18,0.115109638,0.028791078123707,1.3568976,196.3109985364062,195.92730100903515
2024-04-14 11:37:22,0.115114766,0.0287906936478736,1.35687948,196.32031210783373,195.9360884316045
2024-04-14 11:37:26,0.115115671,0.0287906936478736,1.35687948,196.32203141439192,195.93728159150805
2024-04-14 11:37:31,0.115111146,0.0287902453049177,1.35685835,196.31908666898744,195.9336791658856
2024-04-14 11:37:39,0.11511175,0.0287903093842233,1.35686137,196.32059749053403,195.9341377062537
2024-04-14 11:37:43,0.115113258,0.0287914625995404,1.35691572,196.317032874282,195.93004695272407
2024-04-14 11:37:47,0.115113258,0.0287906936478736,1.35687948,196.32161232786117,195.93410027123485
2024-04-14 11:37:51,0.11511537,0.0287908858857903,1.35688854,196.3239095714459,195.93587138196145
2024-04-14 11:37:55,0.11511537,0.0287901812256122,1.35685533,196.3281503342637,195.9395860141325
2024-04-14 11:38:00,0.115110241,0.0287901171463066,1.35685231,196.32238354519941,195.9331615648712
2024-04-14 11:38:04,0.115111448,0.0287905014099569,1.35687042,196.32247540494777,195.9327272989524
2024-04-14 11:38:08,0.115112051,0.0287910140444014,1.35689458,196.3210942900252,195.9308200605776
2024-04-14 11:38:12,0.115112051,0.0287909499650958,1.35689156,196.32195818651755,195.9311578358337
2024-04-14 11:38:16,0.11511356,0.0287910140444014,1.35689458,196.32413598691923,195.9328095172163
2024-04-14 11:38:21,0.115111146,0.0287910140444014,1.35689458,196.32161102930928,195.92962691395192
2024-04-14 11:38:25,0.115113861,0.0287912062823181,1.35690364,196.32470325053248,195.9321930211485
2024-04-14 11:38:29,0.115113258,0.0287907577271791,1.3568825,196.32679882761255,195.9337624864226
2024-04-14 11:38:33,0.115112655,0.0287919752339849,1.35693988,196.32011234635922,195.92654989558508
2024-04-14 11:38:37,0.115113861,0.0287920393132905,1.3569429,196.32189062736757,195.9278020692321
2024-04-14 11:38:42,0.115113258,0.0287909499650958,1.35689156,196.32749533021718,195.9327491410076
2024-04-14 11:38:46,0.115113861,0.0287916548374571,1.35692478,196.32510092241674,195.9298286308513
2024-04-14 11:38:50,0.115109336,0.0287910140444014,1.35689458,196.32303901239555,195.92724062070067
2024-04-14 11:38:54,0.115110241,0.0287908218064847,1.35688552,196.32577157126875,195.92944708167195
2024-04-14 11:38:58,0.115109638,0.0287899889876954,1.35684627,196.3298927137013,195.93304212843128
2024-04-14 11:39:02,0.115110845,0.0287917829960682,1.35693082,196.3225536127176,195.9251769340041
2024-04-14 11:39:06,0.115114766,0.0287910140444014,1.35689458,196.3323022703806,195.93439950045445
2024-04-14 11:39:11,0.115111448,0.0287905014099569,1.35687042,196.33128767975546,195.9327272989524
2024-04-14 11:39:15,0.115109336,0.0287910140444014,1.35689458,196.32632708769287,195.92724062070067
2024-04-14 11:39:19,0.115112051,0.0287912062823181,1.35690364,196.3294192947773,195.92980674383043
2024-04-14 11:39:23,0.115110543,0.0287901812256122,1.35685533,196.33336057457439,195.9332219419084
2024-04-14 11:39:27,0.115106923,0.0287916548374571,1.35692478,196.32134652857908,195.92068181643072
2024-04-14 11:39:32,0.115111448,0.0287912062823181,1.35690364,196.33033406587384,195.9290117575195
2024-04-14 11:39:36,0.115106621,0.0287906936478736,1.35687948,196.3271983752728,195.92534999247272
2024-04-14 11:39:40,0.115108733,0.0287898608290843,1.35684023,196.33489897497844,195.9325245199729
2024-04-14 11:39:44,0.115110241,0.028791078123707,1.3568976,196.3309965238544,195.92809599888483
2024-04-14 11:39:49,0.115106923,0.0287894763532509,1.35682211,196.33572298657197,195.9321648773011
2024-04-14 11:39:53,0.115104812,0.028790053067001,1.35684929,196.33042572977865,195.92634155559108
2024-04-14 11:39:57,0.115106923,0.0287892841153342,1.35681305,196.33778850754314,195.93317827068392
2024-04-14 11:40:01,0.115109035,0.0287905014099569,1.35687042,196.3346822547217,195.9295459574371
2024-04-14 11:40:05,0.115106621,0.0287903093842233,1.35686137,196.33303785307007,195.92737549760733
2024-04-14 11:40:10,0.115106923,0.0287920393132905,1.3569429,196.32497530197733,195.91865537695395
2024-04-14 11:40:14,0.115108733,0.028791078123707,1.3568976,196.33295384320596,195.92610786506503
2024-04-14 11:40:18,0.115109035,0.0287915907581515,1.35692176,196.33117598309636,195.92380395408884
2024-04-14 11:40:26,0.115107225,0.0287913344409292,1.35690968,196.33119283189657,195.9227687079134
2024-04-14 11:40:30,0.11510813,0.0287904375428344,1.35686741,196.33763961497044,195.9286894468804
2024-04-14 11:40:35,0.115109638,0.0287907577271791,1.3568825,196.3385975774826,195.9289898574309
2024-04-14 11:40:39,0.115108733,0.028790629568568,1.35687646,196.33860600383696,195.9284722447549
2024-04-14 11:40:43,0.115106923,0.0287906936478736,1.35687948,196.3364079477646,195.9257481519101
2024-04-14 11:40:47,0.115106923,0.0287912062823181,1.35690364,196.334231894592,195.92304606422437
2024-04-14 11:40:51,0.115109638,0.0287898608290843,1.35684023,196.34542957701203,195.93371771439155
2024-04-14 11:40:56,0.115106621,0.0287901812256122,1.35685533,196.34042045058064,195.9280510508244
2024-04-14 11:41:00,0.115103605,0.0287887714808897,1.35678889,196.3444013738717,195.93150594695248
2024-04-14 11:41:04,0.1151027,0.0287893481946398,1.35681607,196.34069402292351,195.92727257110528
2024-04-14 11:41:08,0.115107828,0.0287909499650958,1.35689156,196.33953771977247,195.92559024532048
2024-04-14 11:41:12,0.115107828,0.0287915266788459,1.35691874,196.3370239284844,195.92255043366487
2024-04-14 11:41:17,0.11510994,0.0287917189167626,1.3569278,196.3394525873546,195.9243215702644
2024-04-14 11:41:21,0.115107828,0.0287913344409292,1.35690968,196.33922072304006,195.92356369068565
2024-04-14 11:41:25,0.115110845,0.0287924235769407,1.35696101,196.3379836436201,195.9218005982716
2024-04-14 11:41:33,0.115111146,0.0287913985202348,1.3569127,196.3448353744446,195.92760030992244
2024-04-14 11:41:37,0.115107526,0.0287899889876954,1.35684627,196.34801865173364,195.93025758103423
2024-04-14 11:41:42,0.11510632,0.0287914625995404,1.35691572,196.33931865245324,195.92090007723112
2024-04-14 11:41:46,0.115108431,0.0287911422030125,1.35690062,196.34431652559752,195.9253719493177
2024-04-14 11:41:50,0.115111146,0.0287911422030125,1.35690062,196.34842194832174,195.92895137326136
2024-04-14 11:41:54,0.115107828,0.0287910140444014,1.35689458,196.3452490540185,195.925252482456
2024-04-14 11:41:58,0.115106621,0.0287903734635289,1.35686439,196.3475602890394,195.9270377232542
2024-04-14 11:42:03,0.115107526,0.0287911422030125,1.35690062,196.34535886335942,195.9241788080032
2024-04-14 11:42:07,0.115098778,0.0287889637188064,1.35679795,196.34583424977168,195.92412820532596
2024-04-14 11:42:11,0.115098175,0.0287890918774175,1.35680399,196.34488962755603,195.922657596304
2024-04-14 11:42:15,0.11509727,0.0287894122739453,1.35681909,196.34253352342205,195.91977550764815
2024-04-14 11:42:19,0.11509365,0.0287890277981119,1.35680097,196.34031322923144,195.91702923122128
2024-04-14 11:42:24,0.115096365,0.0287896685911676,1.35683117,196.34117271502296,195.9172312424334
2024-04-14 11:42:28,0.115098477,0.0287894763532509,1.35682211,196.34549657599078,195.9210291263117
2024-04-14 11:42:32,0.115103907,0.0287894122739453,1.35681909,196.35351960035132,195.9285261758722
2024-04-14 11:42:36,0.115099985,0.0287901171463066,1.35685231,196.3451590911319,195.9196396941432
2024-04-14 11:42:40,0.115102398,0.0287899249083899,1.35684325,196.34987975376282,195.92383438655628
2024-04-14 11:42:44,0.115099985,0.0287895404325565,1.35682513,196.34925093145114,195.92267959631957
2024-04-14 11:42:53,0.1151027,0.0287910140444014,1.35689458,196.3462465122822,195.91849175770875
2024-04-14 11:42:57,0.115106018,0.028790629568568,1.35687646,196.35317347211605,195.92489275707743
2024-04-14 11:43:01,0.115106923,0.0287913985202348,1.3569127,196.35083947935536,195.92203280614945
2024-04-14 11:43:05,0.115103605,0.0287916548374571,1.35692478,196.34564011136723,195.91630748229304
2024-04-14 11:43:09,0.1151027,0.028791078123707,1.3568976,196.34801259403713,195.91815401139485
2024-04-14 11:43:14,0.115104812,0.0287897967497787,1.35683721,196.35820869222945,195.92769267086345
2024-04-14 11:43:18,0.115106621,0.0287910140444014,1.35689458,196.3547031505782,195.92366118082376
2024-04-14 11:43:22,0.115101493,0.0287903734635289,1.35686439,196.35184476392084,195.920276848082
2024-04-14 11:43:26,0.115098175,0.0287888996395008,1.35679493,196.35576479935392,195.92367093973587
2024-04-14 11:43:30,0.115098175,0.0287891559567231,1.35680701,196.35493961925835,195.9223198181674
2024-04-14 11:43:35,0.115099985,0.0287897326704732,1.35683419,196.35494350674875,195.92166628206184
2024-04-14 11:43:39,0.115093952,0.028788451296545,1.3567738,196.35426942906935,195.92046626810324
2024-04-14 11:43:43,0.115094857,0.028788451296545,1.3567738,196.355988615878,195.9216595209428
2024-04-14 11:43:47,0.11509365,0.0287883872172394,1.35677078,196.3552608856382,195.9204058590453
2024-04-14 11:43:52,0.11509546,0.0287902453049177,1.35685835,196.3485107223566,195.91299828444383
2024-04-14 11:43:56,0.115097873,0.028790629568568,1.35687646,196.35019265841058,195.91415429404512
2024-04-14 11:44:00,0.115097572,0.0287896685911676,1.35683117,196.35538690693627,195.9188226184333
2024-04-14 11:44:04,0.115096365,0.0287897326704732,1.35683419,196.3539836934649,195.9168934831409
2024-04-14 11:44:08,0.115097873,0.0287895404325565,1.35682513,196.35751113536529,195.91989500553785
2024-04-14 11:44:12,0.115100588,0.0287898608290843,1.35684023,196.3599278172169,195.92178577020485
2024-04-14 11:44:17,0.11510089,0.0287894122739453,1.35681909,196.3633477999156,195.9245483596854
2024-04-14 11:44:21,0.115100588,0.0287889637188064,1.35679795,196.36584002072013,195.92651466852695
2024-04-14 11:44:25,0.115099683,0.0287908858857903,1.35688854,196.3550409040911,195.9151896422577
2024-04-14 11:44:29,0.115102097,0.0287903734635289,1.35686439,196.36145034496272,195.9210731758129
2024-04-14 11:44:33,0.115103605,0.0287908858857903,1.35688854,196.3612634809248,195.92036040678363
2024-04-14 11:44:37,0.115098477,0.0287896685911676,1.35683117,196.36144479762555,195.92001582081932
2024-04-14 11:44:41,0.11509908,0.0287896685911676,1.35683117,196.36276572673526,195.92081084959148
2024-04-14 11:44:46,0.115103303,0.0287890918774175,1.35680399,196.3720310217368,195.92941877244587
2024-04-14 11:44:50,0.115095158,0.0287891559567231,1.35680701,196.36148011095233,195.91834196656504
2024-04-14 11:44:54,0.115098175,0.0287903093842233,1.35686137,196.35990410597682,195.9162400688245
2024-04-14 11:44:58,0.1151027,0.0287908858857903,1.35688854,196.36335718243157,195.91916725484683
2024-04-14 11:45:03,0.115100588,0.0287909499650958,1.35689156,196.3608923384142,195.91604505107097
2024-04-14 11:45:07,0.11509908,0.0287899889876954,1.35684627,196.36449520085105,195.91912202832805
2024-04-14 11:45:11,0.115097873,0.0287909499650958,1.35689156,196.35836465859367,195.91246560322745
2024-04-14 11:45:15,0.115106621,0.0287913344409292,1.35690968,196.3683973426336,195.92197240676185
2024-04-14 11:45:19,0.115104208,0.0287922315512072,1.35695196,196.36101370303206,195.91406288899364
2024-04-14 11:45:23,0.115102097,0.0287913985202348,1.3569127,196.36314701123845,195.9156703213735
2024-04-14 11:45:32,0.115103002,0.0287917189167626,1.3569278,196.36383467811345,195.91517477620116
2024-04-14 11:45:36,0.115105415,0.0287912703616237,1.35690666,196.36990595960924,195.9207201894842
2024-04-14 11:45:40,0.115104812,0.0287918470753738,1.35693384,196.36659717657994,195.91688554058743
2024-04-14 11:45:44,0.11509908,0.0287912703616237,1.35690666,196.36260573697308,195.91236823745956
2024-04-14 11:45:48,0.115098778,0.0287908858857903,1.35688854,196.36475985100776,195.91399649032093
2024-04-14 11:45:53,0.115103907,0.0287910140444014,1.35689458,196.3715037431911,195.92008305934093
2024-04-14 11:45:57,0.115100588,0.0287920393132905,1.3569429,196.3622501877223,195.91030364798564
2024-04-14 11:46:01,0.115098778,0.0287911422030125,1.35690062,196.36511794136345,195.91264554809192
2024-04-14 11:46:05,0.115100287,0.0287915907581515,1.35692176,196.3652691183122,195.91227087385863
2024-04-14 11:46:09,0.1151027,0.0287905654892624,1.35687344,196.37438011728395,195.92085602400255
2024-04-14 11:46:14,0.115102097,0.0287910140444014,1.35689458,196.3718781670936,195.91769676608965
2024-04-14 11:46:18,0.115100588,0.0287905654892624,1.35687344,196.37277877689388,195.91807153236323
2024-04-14 11:46:22,0.115100588,0.0287910140444014,1.35689458,196.37094039515011,195.9157073094509
2024-04-14 11:46:26,0.115099985,0.0287909499650958,1.35689156,196.371008982191,195.91525005768253
2024-04-14 11:46:30,0.115103303,0.0287919752339849,1.35693988,196.3705054468908,195.9142206859336
2024-04-14 11:46:35,0.115103605,0.0287925517355519,1.35696705,196.36852251544767,195.9115804622509
2024-04-14 11:46:39,0.115096667,0.0287912062823181,1.35690364,196.36699258934203,195.90952470501216
2024-04-14 11:46:43,0.115097873,0.0287909499650958,1.35689156,196.37045931632576,195.91246560322745
2024-04-14 11:46:47,0.115099382,0.0287901812256122,1.35685533,196.37702645963768,195.91850692013656
2024-04-14 11:46:51,0.115098778,0.0287903734635289,1.35686439,196.37574269210006,195.9166973285632
2024-04-14 11:46:55,0.115094555,0.0287902453049177,1.35685835,196.37137629116398,195.9118051059596
2024-04-14 11:47:00,0.115096667,0.0287913985202348,1.3569127,196.36873999617492,195.90851153721832
2024-04-14 11:47:04,0.11510451,0.0287912062823181,1.35690364,196.3806190758864,195.9198648005953
2024-04-14 11:47:08,0.1151027,0.0287916548374571,1.35692478,196.37639445147565,195.9151143622223
2024-04-14 11:47:12,0.11509908,0.0287915907581515,1.35692176,196.37248550494337,195.91067960410123
2024-04-14 11:47:16,0.11510089,0.0287904375428344,1.35686741,196.38147579279828,195.91914408274212
2024-04-14 11:47:21,0.115101795,0.0287924235769407,1.35696101,196.37285868435237,195.90986971612
2024-04-14 11:47:29,0.11510632,0.0287912703616237,1.35690666,196.38595389907402,195.9219133254877
2024-04-14 11:47:33,0.115099683,0.0287914625995404,1.35691572,196.37671640486207,195.9121500321681
2024-04-14 11:47:38,0.115103002,0.0287905014099569,1.35687042,196.38681556266988,195.9215919444402
2024-04-14 11:47:42,0.115101493,0.0287908858857903,1.35688854,196.38332535810895,195.9175759461312
2024-04-14 11:47:46,0.115099985,0.0287907577271791,1.3568825,196.38253848959667,195.91626328625492
2024-04-14 11:47:50,0.115099683,0.0287913985202348,1.3569127,196.3792887529295,195.9124877606091
2024-04-14 11:47:54,0.115099985,0.0287899889876954,1.35684627,196.38764199634778,195.9203152174352
2024-04-14 11:47:58,0.11509727,0.0287909499650958,1.35689156,196.37952317295586,195.91167060983892
2024-04-14 11:48:03,0.115098778,0.028789604511862,1.35682815,196.38926023386736,195.92075044385476
2024-04-14 11:48:07,0.11509546,0.0287892841153342,1.35681305,196.38710018028186,195.91806461144208
2024-04-14 11:48:11,0.115097873,0.0287892200360286,1.35681003,196.39114520699192,195.92158386171675
2024-04-14 11:48:15,0.115097572,0.0287897967497787,1.35683721,196.3882342135853,195.9181470942679
2024-04-14 11:48:19,0.11509908,0.0287890277981119,1.35680097,196.39480149585407,195.92418860488883
2024-04-14 11:48:23,0.115096968,0.0287901171463066,1.35685231,196.38680063556316,195.91566197534576
2024-04-14 11:48:28,0.115100588,0.0287901171463066,1.35685231,196.39223057894048,195.92043471052864
2024-04-14 11:48:32,0.11510451,0.0287901171463066,1.35685231,196.397927245391,195.9256056131217
2024-04-14 11:48:36,0.115100588,0.0287903734635289,1.35686439,196.39193106863604,195.91908367490907
2024-04-14 11:48:40,0.115099382,0.0287904375428344,1.35686741,196.39052905747056,195.9171559046869
