time,voltage,current,shunt_voltage,temperature,seconds_combined,temperature_corr_err,temperature_uncorr
2024-05-10 01:05:01,0.149305441,0.054369192070292,2.56237109,148.59180186726027,14395.0,14.245917742714706,148.59857352457317
2024-05-10 01:05:05,0.150465623,0.0543482406835691,2.56138367,149.43531505301738,14399.0,14.245917742714706,149.44252272762694
2024-05-10 01:05:09,0.151170601,0.0543341449338094,2.56071935,149.9506991208514,14403.0,14.245917742714706,149.95834287604364
2024-05-10 01:05:14,0.151963664,0.0543253671298624,2.56030566,150.51705439632954,14408.0,14.245917742714706,150.52524334119948
2024-05-10 01:05:18,0.152201673,0.0543190879944662,2.56000973,150.6938802648541,14412.0,14.245917742714706,150.7025054325881
2024-05-10 01:05:22,0.152387193,0.0543128731505587,2.55971683,150.83421532540447,14416.0,14.245917742714706,150.84327677918867
2024-05-10 01:05:26,0.152538325,0.0543071066496071,2.55944506,150.9498539737708,14420.0,14.245917742714706,150.95935177676054
2024-05-10 01:05:30,0.152649637,0.0543055689584566,2.55937259,151.02964196437176,14424.0,14.245917742714706,151.03957617969164
2024-05-10 01:05:35,0.15274828,0.0543038390293894,2.55929106,151.10091129967896,14429.0,14.245917742714706,151.11139111913332
2024-05-10 01:05:39,0.152830633,0.0543024294968501,2.55922463,151.16036638264342,14433.0,14.245917742714706,151.17128275634525
2024-05-10 01:05:43,0.152900316,0.0542989696387157,2.55906157,151.21503969273178,14437.0,14.245917742714706,151.22639268370534
2024-05-10 01:05:47,0.152966078,0.054298777400799,2.55905251,151.26061139017125,14441.0,14.245917742714706,151.27240106140985
2024-05-10 01:05:51,0.153027918,0.0542986492421879,2.55904647,151.30333678863568,14445.0,14.245917742714706,151.3155632031017
2024-05-10 01:05:56,0.153123242,0.0542972397096486,2.55898004,151.3716962578168,14450.0,14.245917742714706,151.38446868981083
2024-05-10 01:06:00,0.153163061,0.054296727075204,2.55895588,151.3998949314254,14454.0,14.245917742714706,151.41310424819903
2024-05-10 01:06:04,0.153198959,0.0542949330668313,2.55887133,151.42788221269612,14458.0,14.245917742714706,151.4415284771111
2024-05-10 01:06:08,0.153236365,0.0542946128824866,2.55885624,151.4540312417557,14462.0,14.245917742714706,151.46811451664277
2024-05-10 01:06:13,0.153269849,0.0542933312963752,2.55879584,151.47923299031783,14467.0,14.245917742714706,151.49386261660342
2024-05-10 01:06:17,0.153300015,0.0542921780810582,2.55874149,151.50199097167186,14471.0,14.245917742714706,151.51705774968516
2024-05-10 01:06:21,0.153331689,0.0542916654466136,2.55871733,151.52454091647803,14475.0,14.245917742714706,151.5400449089488
2024-05-10 01:06:25,0.153359743,0.0542910248657411,2.55868714,151.54482974940555,14479.0,14.245917742714706,151.5607710190325
2024-05-10 01:06:29,0.153411327,0.0542906403899077,2.55866902,151.5809477340666,14483.0,14.245917742714706,151.59732634351732
2024-05-10 01:06:34,0.153432443,0.0542888463815349,2.55858447,151.598575499023,14488.0,14.245917742714706,151.61550087133224
2024-05-10 01:06:38,0.153452051,0.0542897432796297,2.55862674,151.60998782245264,14492.0,14.245917742714706,151.62735067547382
2024-05-10 01:06:42,0.153471659,0.0542880774298681,2.55854823,151.62642797307146,14496.0,14.245917742714706,151.64422836937084
2024-05-10 01:06:46,0.153493982,0.0542880774298681,2.55854823,151.6414844176335,14500.0,14.245917742714706,151.65972241974617
2024-05-10 01:06:50,0.153509668,0.054285770999234,2.55843953,151.65646111813487,14504.0,14.245917742714706,151.67513678856466
2024-05-10 01:06:54,0.153529879,0.0542863475008009,2.5584667,151.66892045531037,14508.0,14.245917742714706,151.6880338565299
2024-05-10 01:06:58,0.153549185,0.0542848098096505,2.55839423,151.6849021716928,14512.0,14.245917742714706,151.7044533661435
2024-05-10 01:07:03,0.153569396,0.0542840410701668,2.558358,151.69989354223904,14517.0,14.245917742714706,151.71999206598915
2024-05-10 01:07:07,0.153585686,0.0542847457303449,2.55839121,151.7093793080031,14521.0,14.245917742714706,151.72991576536296
2024-05-10 01:07:11,0.153616455,0.0542860271042731,2.5584516,151.72778220395622,14525.0,14.245917742714706,151.74875665726546
2024-05-10 01:07:15,0.153633348,0.0542862834214954,2.55846368,151.73856643785845,14529.0,14.245917742714706,151.75997894942532
2024-05-10 01:07:19,0.153647526,0.0542855787613173,2.55843047,151.7493539193676,14533.0,14.245917742714706,151.77120455146894
2024-05-10 01:07:23,0.153664118,0.054285322444095,2.55841839,151.7609363386338,14537.0,14.245917742714706,151.7832251535152
2024-05-10 01:07:28,0.153680105,0.0542846816510393,2.55838819,151.77274481932383,14542.0,14.245917742714706,151.79558145016512
2024-05-10 01:07:32,0.153697602,0.0542858991578451,2.55844557,151.7820591424139,14546.0,14.245917742714706,151.80533409597274
2024-05-10 01:07:36,0.153708763,0.0542832721185,2.55832176,151.7945313771266,14550.0,14.245917742714706,151.8182447155463
2024-05-10 01:07:40,0.153718416,0.0542833361978056,2.55832478,151.80066772149766,14554.0,14.245917742714706,151.82481950689012
2024-05-10 01:07:44,0.153731689,0.0542835284357223,2.55833384,151.80906490784903,14558.0,14.245917742714706,151.83365520229466
2024-05-10 01:07:49,0.153750392,0.0542841692287779,2.55836404,151.8202396952844,14563.0,14.245917742714706,151.845378213299
2024-05-10 01:07:53,0.153763665,0.0542832721185,2.55832176,151.8307785176668,14567.0,14.245917742714706,151.85635568430018
2024-05-10 01:07:57,0.153778145,0.0542830158012777,2.55830968,151.84089540463427,14571.0,14.245917742714706,151.86691128186436
2024-05-10 01:08:01,0.153792323,0.0542832721185,2.55832176,151.8497944927989,14575.0,14.245917742714706,151.87624914257202
2024-05-10 01:08:05,0.153803786,0.0542841692287779,2.55836404,151.85554847428585,14579.0,14.245917742714706,151.88244195851678
2024-05-10 01:08:10,0.153817059,0.0542824392997108,2.55828251,151.8676161349189,14584.0,14.245917742714706,151.89505824924146
2024-05-10 01:08:14,0.153827014,0.0542832721185,2.55832176,151.87244942903644,14588.0,14.245917742714706,151.90033051700937
2024-05-10 01:08:18,0.153835158,0.0542823752204052,2.55827949,151.8794281777813,14592.0,14.245917742714706,151.9077483012165
2024-05-10 01:08:22,0.153841795,0.0542816703480439,2.55824627,151.8849831566679,14596.0,14.245917742714706,151.91374237734556
2024-05-10 01:08:26,0.15384813,0.0542832080391944,2.55831874,151.88591635760648,14600.0,14.245917742714706,151.9151147372752
2024-05-10 01:08:30,0.153868341,0.0542829517219722,2.55830666,151.90001142691838,14604.0,14.245917742714706,151.92964902729503
2024-05-10 01:08:35,0.153881614,0.054280645291338,2.55819796,151.9132150392084,14609.0,14.245917742714706,151.94340175221086
2024-05-10 01:08:39,0.153891267,0.0542816062687384,2.55824325,151.91758554167592,14613.0,14.245917742714706,151.94821161413313
2024-05-10 01:08:43,0.153903032,0.0542805812120324,2.55819494,151.92733095584947,14617.0,14.245917742714706,151.95839644937507
2024-05-10 01:08:47,0.153906048,0.0542796200224489,2.55814964,151.9308772122193,14621.0,14.245917742714706,151.9623821883951
2024-05-10 01:08:51,0.153911478,0.05427917146731,2.5581285,151.9350902915168,14625.0,14.245917742714706,151.9670348118929
2024-05-10 01:08:55,0.153909065,0.0542784668071318,2.55809529,151.93436264698263,14629.0,14.245917742714706,151.96674677307715
2024-05-10 01:09:00,0.153913288,0.0542788512829652,2.55811341,151.9359879510799,14634.0,14.245917742714706,151.9689216707839
2024-05-10 01:09:04,0.15391721,0.0542782745692151,2.55808623,151.9394063374432,14638.0,14.245917742714706,151.9727798011651
2024-05-10 01:09:08,0.153932594,0.0542787231243541,2.55810737,151.94876360844282,14642.0,14.245917742714706,151.9825768775972
2024-05-10 01:09:12,0.15395552,0.0542783386485207,2.55808925,151.9649968772014,14646.0,14.245917742714706,151.99925001317098
2024-05-10 01:09:16,0.153963967,0.0542778260140762,2.55806509,151.9714307633931,14650.0,14.245917742714706,152.0061238275286
2024-05-10 01:09:21,0.153969397,0.054278146410604,2.55808019,151.9740195783072,14655.0,14.245917742714706,152.0092626388759
2024-05-10 01:09:25,0.153972715,0.0542784668071318,2.55809529,151.97525204305128,14659.0,14.245917742714706,152.01093516970823
2024-05-10 01:09:29,0.15397362,0.0542780182519929,2.55807415,151.97632359225878,14663.0,14.245917742714706,152.01244684625084
2024-05-10 01:09:33,0.153976938,0.0542773133796316,2.55804093,151.97957516143327,14667.0,14.245917742714706,152.0161386039753
2024-05-10 01:09:37,0.153989005,0.0542763524022313,2.55799564,151.98940537165385,14671.0,14.245917742714706,152.0264090639286
2024-05-10 01:09:41,0.153999261,0.0542763524022313,2.55799564,151.99608550524698,14675.0,14.245917742714706,152.0335295084052
2024-05-10 01:09:45,0.154014344,0.0542773133796316,2.55804093,152.004223674059,14679.0,14.245917742714706,152.04210804921934
2024-05-10 01:09:49,0.1540246,0.0542773774589372,2.55804395,152.01077731547068,14683.0,14.245917742714706,152.04910212371976
2024-05-10 01:09:54,0.154042097,0.0542770572745925,2.55802886,152.0230050815967,14688.0,14.245917742714706,152.0618805170608
2024-05-10 01:09:58,0.154045717,0.0542775696968539,2.55805301,152.02406807786997,14692.0,14.245917742714706,152.06338408375024
2024-05-10 01:10:02,0.154057481,0.0542768650366758,2.5580198,152.03318330489435,14696.0,14.245917742714706,152.07293994217292
2024-05-10 01:10:06,0.154065626,0.0542771213538981,2.55803188,152.03789231746933,14700.0,14.245917742714706,152.0780896470962
2024-05-10 01:10:10,0.154071659,0.0542771854332036,2.5580349,152.04151378815652,14704.0,14.245917742714706,152.08215187104952
2024-05-10 01:10:14,0.154072866,0.0542757116091756,2.55796544,152.0448155889509,14708.0,14.245917742714706,152.08589448599565
2024-05-10 01:10:19,0.154081312,0.0542750069489975,2.55793223,152.0515172983821,14713.0,14.245917742714706,152.09314729868782
2024-05-10 01:10:23,0.154087044,0.0542749428696919,2.55792921,152.05518234350646,14717.0,14.245917742714706,152.0972532948387
2024-05-10 01:10:27,0.154087647,0.054274045759414,2.55788693,152.05692832765627,14721.0,14.245917742714706,152.09944029079588
2024-05-10 01:10:31,0.154087949,0.0542746224731641,2.55791411,152.05556013862676,14725.0,14.245917742714706,152.09851317432228
2024-05-10 01:10:35,0.154104239,0.0542755193712589,2.55795638,152.0646611096423,14729.0,14.245917742714706,152.10805527860995
2024-05-10 01:10:39,0.154111177,0.0542755834505645,2.5579594,152.0689105864999,14733.0,14.245917742714706,152.11274594942364
2024-05-10 01:10:44,0.154116305,0.0542747506317752,2.55792015,152.0735612174008,14738.0,14.245917742714706,152.11794815805712
2024-05-10 01:10:48,0.154125355,0.0542738535214973,2.55787787,152.08117211049264,14742.0,14.245917742714706,152.12600038152556
2024-05-10 01:10:52,0.154131991,0.0542735974164581,2.5578658,152.0858431646901,14746.0,14.245917742714706,152.1311128266784
2024-05-10 01:10:56,0.154136214,0.0542744302352474,2.55790505,152.08669164402102,14750.0,14.245917742714706,152.1324027575111
2024-05-10 01:11:00,0.154138929,0.054273020702708,2.55783862,152.09091459156522,14754.0,14.245917742714706,152.13706721707098
2024-05-10 01:11:04,0.154139533,0.0542746224731641,2.55791411,152.08773390077874,14758.0,14.245917742714706,152.13432809878174
2024-05-10 01:11:09,0.154141343,0.054274045759414,2.55788693,152.08957573772722,14763.0,14.245917742714706,152.13672198635444
2024-05-10 01:11:13,0.154148281,0.0542742379973307,2.55789599,152.09357206987522,14767.0,14.245917742714706,152.14116002696443
2024-05-10 01:11:17,0.154165475,0.0542739816801084,2.55788391,152.10557376525477,14771.0,14.245917742714706,152.15360349118194
2024-05-10 01:11:21,0.154176033,0.0542732129406247,2.55784768,152.1139787679558,14775.0,14.245917742714706,152.1624503230644
2024-05-10 01:11:25,0.15418267,0.0542743661559418,2.55790203,152.11587047047348,14779.0,14.245917742714706,152.16478391507448
2024-05-10 01:11:29,0.154181765,0.0542720595131245,2.55779332,152.11934995909849,14783.0,14.245917742714706,152.16870535347027
2024-05-10 01:11:33,0.154184782,0.0542726362268746,2.5578205,152.119865164985,14787.0,14.245917742714706,152.16966256937343
2024-05-10 01:11:38,0.154184782,0.0542721235924301,2.55779634,152.12032377611985,14792.0,14.245917742714706,152.17067377770013
2024-05-10 01:11:42,0.1541881,0.054273020702708,2.55783862,152.1204158110689,14796.0,14.245917742714706,152.17120795809984
2024-05-10 01:11:46,0.15419534,0.0542710985357242,2.55774803,152.1287924619203,14800.0,14.245917742714706,152.18002681454178
2024-05-10 01:11:50,0.154205294,0.0542719315666965,2.55778729,152.13361830379836,14804.0,14.245917742714706,152.18529492211763
2024-05-10 01:11:54,0.154211931,0.0542708422185019,2.55773595,152.139933604414,14808.0,14.245917742714706,152.19205254850567
2024-05-10 01:11:58,0.154221886,0.0542710985357242,2.55774803,152.14589778558528,14812.0,14.245917742714706,152.19845911549123
2024-05-10 01:12:03,0.154222187,0.0542704577426685,2.55771783,152.14681811094437,14817.0,14.245917742714706,152.19993250750235
2024-05-10 01:12:07,0.154223092,0.0542710985357242,2.55774803,152.1457395881443,14821.0,14.245917742714706,152.19929650549142
2024-05-10 01:12:11,0.154224902,0.0542707140598908,2.55772991,152.14731244095975,14825.0,14.245917742714706,152.2013119390316
2024-05-10 01:12:15,0.154229729,0.0542704577426685,2.55771783,152.15072727977235,14829.0,14.245917742714706,152.20516941847174
2024-05-10 01:12:19,0.154236365,0.0542702657169349,2.55770878,152.15527133695886,14833.0,14.245917742714706,152.21015617615592
2024-05-10 01:12:23,0.154241795,0.0542700734790182,2.55769972,152.15897837652287,14837.0,14.245917742714706,152.2143059760549
2024-05-10 01:12:28,0.154247225,0.0542691763687403,2.55765744,152.16396580198108,14842.0,14.245917742714706,152.2198469360281
2024-05-10 01:12:32,0.154256878,0.0542701375583238,2.55770274,152.168328678203,14846.0,14.245917742714706,152.22465270709904
2024-05-10 01:12:36,0.154263213,0.0542704577426685,2.55771783,152.17165259981903,14850.0,14.245917742714706,152.22841958329468
2024-05-10 01:12:40,0.154259291,0.0542702016376294,2.55770576,152.16899175204375,14854.0,14.245917742714706,152.22620174979687
2024-05-10 01:12:44,0.154267436,0.0542707140598908,2.55772991,152.17319290866806,14858.0,14.245917742714706,152.23084598036354
2024-05-10 01:12:48,0.154274073,0.0542715470908631,2.55776917,152.17571401055565,14862.0,14.245917742714706,152.23381021582549
2024-05-10 01:12:53,0.154278598,0.0542700093997127,2.5576967,152.18133720764294,14867.0,14.245917742714706,152.23998741368814
2024-05-10 01:12:57,0.154282218,0.0542691763687403,2.55765744,152.18505199980035,14871.0,14.245917742714706,152.24414547347163
2024-05-10 01:13:01,0.154291569,0.0542704577426685,2.55771783,152.18857223635234,14875.0,14.245917742714706,152.2481090371747
2024-05-10 01:13:05,0.154302127,0.0542705218219741,2.55772085,152.19533350138644,14879.0,14.245917742714706,152.2553136888519
2024-05-10 01:13:09,0.154303937,0.0542706499805852,2.55772689,152.1958938482073,14883.0,14.245917742714706,152.25631748177494
2024-05-10 01:13:13,0.154303635,0.0542705218219741,2.55772085,152.19549366057058,14887.0,14.245917742714706,152.25636079966642
2024-05-10 01:13:18,0.154305144,0.054269817161796,2.55768764,152.19737821157005,14892.0,14.245917742714706,152.2587998160938
2024-05-10 01:13:22,0.154312685,0.0542687278136013,2.5576363,152.20432176624377,14896.0,14.245917742714706,152.2661870098836
2024-05-10 01:13:26,0.154317813,0.0542696249238793,2.55767858,152.20566754188317,14900.0,14.245917742714706,152.2679764839578
2024-05-10 01:13:30,0.154325656,0.0542694967652681,2.55767254,152.2109228854966,14904.0,14.245917742714706,152.2736755852916
2024-05-10 01:13:34,0.154329276,0.0542693045273514,2.55766348,152.21337234306176,14908.0,14.245917742714706,152.2765688598297
2024-05-10 01:13:39,0.1543335,0.0542686637342958,2.55763328,152.21701598172103,14913.0,14.245917742714706,152.2807673529786
2024-05-10 01:13:43,0.154335611,0.0542704577426685,2.55771783,152.21449520679744,14917.0,14.245917742714706,152.27869052822504
2024-05-10 01:13:47,0.154335008,0.0542698812411015,2.55769066,152.21477089939722,14921.0,14.245917742714706,152.27941023013972
2024-05-10 01:13:51,0.154336516,0.0542697530824904,2.55768462,152.2156270325382,14925.0,14.245917742714706,152.2807104317073
2024-05-10 01:13:55,0.154345868,0.0542703295840574,2.55771179,152.22053825721426,14929.0,14.245917742714706,152.2860657838885
2024-05-10 01:13:59,0.154361252,0.0542704577426685,2.55771783,152.23052319172325,14933.0,14.245917742714706,152.2964949049479
2024-05-10 01:14:03,0.154364571,0.0542706499805852,2.55772689,152.23200388850466,14937.0,14.245917742714706,152.29841984729194
2024-05-10 01:14:08,0.154370302,0.0542695608445737,2.55767556,152.23757915488272,14942.0,14.245917742714706,152.3045505035584
2024-05-10 01:14:12,0.154372414,0.0542693045273514,2.55766348,152.23910760910852,14946.0,14.245917742714706,152.30652333600256
2024-05-10 01:14:16,0.154370905,0.0542694326859626,2.55766952,152.23736219499915,14950.0,14.245917742714706,152.30522235901557
2024-05-10 01:14:20,0.154372715,0.0542685355756846,2.55762724,152.2399465753401,14954.0,14.245917742714706,152.3082512353498
2024-05-10 01:14:25,0.154374827,0.0542680872327288,2.55760611,152.24174307808252,14959.0,14.245917742714706,152.31060344081996
2024-05-10 01:14:29,0.15438086,0.0542671901224508,2.55756383,152.24726001810149,14963.0,14.245917742714706,152.3165650091696
2024-05-10 01:14:33,0.154390212,0.054267318281062,2.55756987,152.25305633763128,14967.0,14.245917742714706,152.3228060157926
2024-05-10 01:14:37,0.154395641,0.0542682153913399,2.55761215,152.25460920514362,14971.0,14.245917742714706,152.3248036291273
2024-05-10 01:14:41,0.154397753,0.0542670619638397,2.55755779,152.25790979267572,14975.0,14.245917742714706,152.3285490211775
2024-05-10 01:14:46,0.15440258,0.0542680872327288,2.55760611,152.25867999327014,14980.0,14.245917742714706,152.3298753099096
2024-05-10 01:14:50,0.154401071,0.0542677027568954,2.55758799,152.25794680910528,14984.0,14.245917742714706,152.32958706220626
2024-05-10 01:14:54,0.154403786,0.0542672542017564,2.55756685,152.26027338479065,14988.0,14.245917742714706,152.33235863294036
2024-05-10 01:14:58,0.154409216,0.0542677027568954,2.55758799,152.2627127430805,14992.0,14.245917742714706,152.33524304483268
2024-05-10 01:15:03,0.154415853,0.0542688559722124,2.55764234,152.2644865510414,14997.0,14.245917742714706,152.337573252087
2024-05-10 01:15:07,0.154420076,0.0542681513120343,2.55760913,152.26836614668872,15001.0,14.245917742714706,152.34189803296044
2024-05-10 01:15:11,0.154424299,0.0542682153913399,2.55761215,152.2707267593396,15005.0,14.245917742714706,152.34470388928247
2024-05-10 01:15:15,0.154426712,0.0542670619638397,2.55755779,152.27423629264538,15009.0,14.245917742714706,152.34865872467083
2024-05-10 01:15:19,0.154428221,0.0542661009864393,2.5575125,152.27673785978976,15013.0,14.245917742714706,152.35160565227574
2024-05-10 01:15:23,0.154432444,0.0542661009864393,2.5575125,152.27922504884594,15017.0,14.245917742714706,152.35453826013688
2024-05-10 01:15:28,0.154435461,0.0542657805899115,2.5574974,152.28139651120628,15022.0,14.245917742714706,152.35726657799913
2024-05-10 01:15:32,0.154438779,0.0542655883519948,2.55748834,152.2836350495772,15026.0,14.245917742714706,152.35995066632722
2024-05-10 01:15:36,0.15444451,0.0542661009864393,2.5575125,152.28615611320834,15030.0,14.245917742714706,152.36291733815077
2024-05-10 01:15:40,0.154449638,0.054266293224356,2.55752156,152.28889156827717,15034.0,14.245917742714706,152.36609845961374
2024-05-10 01:15:44,0.15444994,0.0542650118504278,2.55746117,152.29118821252612,15038.0,14.245917742714706,152.36884082842488
2024-05-10 01:15:49,0.154458085,0.0542648836918167,2.55745513,152.2965406055871,15043.0,14.245917742714706,152.37475045893612
2024-05-10 01:15:53,0.154458688,0.054265267955467,2.55747324,152.2957539447729,15047.0,14.245917742714706,152.3744096534392
2024-05-10 01:15:57,0.154465626,0.0542671901224508,2.55756383,152.29632662080346,15051.0,14.245917742714706,152.37542824284566
2024-05-10 01:16:01,0.154466531,0.0542658446692171,2.55750042,152.29916860624942,15055.0,14.245917742714706,152.37871619969255
2024-05-10 01:16:05,0.154476185,0.0542678309155065,2.55759403,152.30150037121138,15059.0,14.245917742714706,152.38149399404665
2024-05-10 01:16:10,0.154480408,0.0542672542017564,2.55756685,152.30501529381706,15064.0,14.245917742714706,152.38556653489135
2024-05-10 01:16:14,0.154477693,0.0542653961140781,2.55747928,152.30635687684438,15068.0,14.245917742714706,152.38735427766778
2024-05-10 01:16:18,0.154483123,0.0542659728278282,2.55750646,152.30854137705404,15072.0,14.245917742714706,152.3899849955082
2024-05-10 01:16:22,0.154485234,0.0542658446692171,2.55750042,152.30981442413463,15076.0,14.245917742714706,152.39170431806735
2024-05-10 01:16:26,0.154484933,0.0542655883519948,2.55748834,152.3096657916614,15080.0,14.245917742714706,152.3920020188867
2024-05-10 01:16:30,0.154496999,0.054268343549951,2.55761819,152.31215148337847,15084.0,14.245917742714706,152.3949341016766
2024-05-10 01:16:35,0.154498809,0.0542670619638397,2.55755779,152.3153839714992,15089.0,14.245917742714706,152.3987246598402
2024-05-10 01:16:39,0.154503636,0.0542671260431453,2.55756081,152.3181627623014,15093.0,14.245917742714706,152.401949971597
2024-05-10 01:16:43,0.154508764,0.0542671901224508,2.55756383,152.32115051984184,15097.0,14.245917742714706,152.4053843077623
2024-05-10 01:16:47,0.154510875,0.0542680231534232,2.55760309,152.32052278379533,15101.0,14.245917742714706,152.40520320797697
2024-05-10 01:16:51,0.154514194,0.0542669978845341,2.55755477,152.32440803548533,15105.0,14.245917742714706,152.40953515353064
2024-05-10 01:16:55,0.15451721,0.0542676386775898,2.55758497,152.32478866934673,15109.0,14.245917742714706,152.4103625388243
2024-05-10 01:17:00,0.154516305,0.0542657805899115,2.5574974,152.32727568871456,15114.0,14.245917742714706,152.41340807838654
2024-05-10 01:17:04,0.154519925,0.0542659728278282,2.55750646,152.32896257095805,15118.0,14.245917742714706,152.41554184146747
2024-05-10 01:17:08,0.154530483,0.0542688559722124,2.55764234,152.33014636072113,15122.0,14.245917742714706,152.41717256952626
2024-05-10 01:17:12,0.154527165,0.0542669338052286,2.55755175,152.3311961199223,15126.0,14.245917742714706,152.41866932444748
2024-05-10 01:17:16,0.154534405,0.0542656524313004,2.55749136,152.33831074328285,15130.0,14.245917742714706,152.42623100091836
2024-05-10 01:17:21,0.154534706,0.0542666777001894,2.55753968,152.33593333146658,15135.0,14.245917742714706,152.42441248614335
2024-05-10 01:17:25,0.154538628,0.0542656524313004,2.55749136,152.34023731727888,15139.0,14.245917742714706,152.42916365406984
2024-05-10 01:17:29,0.154542248,0.0542662291450505,2.55751854,152.34116342065323,15143.0,14.245917742714706,152.43053699683816
2024-05-10 01:17:33,0.154543756,0.0542666777001894,2.55753968,152.3408762473673,15147.0,14.245917742714706,152.4306971201919
2024-05-10 01:17:37,0.154546169,0.0542651397968558,2.5574672,152.3451461341349,15151.0,14.245917742714706,152.4354143608108
2024-05-10 01:17:41,0.154549488,0.0542668056466174,2.55754571,152.34370894003197,15155.0,14.245917742714706,152.4344245777367
2024-05-10 01:17:45,0.154551901,0.0542644351366777,2.55743399,152.34962560986656,15159.0,14.245917742714706,152.44078871574357
2024-05-10 01:17:50,0.154555219,0.0542652038761614,2.55747022,152.34984990863717,15164.0,14.245917742714706,152.4415724300356
2024-05-10 01:17:54,0.154559744,0.0542652038761614,2.55747022,152.35254471438535,15168.0,14.245917742714706,152.4447148324041
2024-05-10 01:17:58,0.154561252,0.0542661009864393,2.5575125,152.35136985780068,15172.0,14.245917742714706,152.4439876294723
2024-05-10 01:18:02,0.154567286,0.0542645632952889,2.55744003,152.35815404964526,15176.0,14.245917742714706,152.45121953196818
2024-05-10 01:18:06,0.154562459,0.0542647555332055,2.55744909,152.35397385256388,15180.0,14.245917742714706,152.44748710250224
2024-05-10 01:18:11,0.154569096,0.0542656524313004,2.55749136,152.35624905310584,15185.0,14.245917742714706,152.45032209261734
2024-05-10 01:18:15,0.154574827,0.0542655883519948,2.55748834,152.3599078243184,15189.0,14.245917742714706,152.45442875948976
2024-05-10 01:18:19,0.154576034,0.0542647555332055,2.55744909,152.36194554946158,15193.0,14.245917742714706,152.45691443714588
2024-05-10 01:18:23,0.154576034,0.0542646273745944,2.55744305,152.36175106644484,15197.0,14.245917742714706,152.45716796346085
2024-05-10 01:18:27,0.154579955,0.0542648836918167,2.55745513,152.36351893693205,15201.0,14.245917742714706,152.45938390006432
2024-05-10 01:18:32,0.154583575,0.0542647555332055,2.55744909,152.36572626675093,15206.0,14.245917742714706,152.46215139232953
2024-05-10 01:18:36,0.154590212,0.0542641147401499,2.55741889,152.37115499228446,15210.0,14.245917742714706,152.4680283116192
2024-05-10 01:18:40,0.154588402,0.0542653320347725,2.55747626,152.36704147656434,15214.0,14.245917742714706,152.4643630463284
2024-05-10 01:18:44,0.154592927,0.0542659728278282,2.55750646,152.36846786179902,15218.0,14.245917742714706,152.4662377386311
2024-05-10 01:18:48,0.15459534,0.0542660369071338,2.55750948,152.36956843000635,15222.0,14.245917742714706,152.467786670511
2024-05-10 01:18:52,0.154597452,0.0542651397968558,2.5574672,152.37236155513673,15226.0,14.245917742714706,152.47102821588402
2024-05-10 01:18:57,0.154601373,0.0542644992159833,2.55743701,152.37579133909534,15231.0,14.245917742714706,152.47501860464536
2024-05-10 01:19:01,0.154604088,0.0542641788194554,2.55742191,152.37786221019238,15235.0,14.245917742714706,152.47753802314213
2024-05-10 01:19:05,0.154607708,0.0542639865815387,2.55741285,152.3803079697004,15239.0,14.245917742714706,152.48043238650837
2024-05-10 01:19:09,0.154611328,0.054263794343622,2.55740379,152.3827536932919,15243.0,14.245917742714706,152.48332677038204
2024-05-10 01:19:13,0.154611026,0.0542641147401499,2.55741889,152.3814612682052,15247.0,14.245917742714706,152.48248306196706
2024-05-10 01:19:18,0.154611328,0.0542637302643165,2.55740077,152.38187079797825,15252.0,14.245917742714706,152.48345356682518
2024-05-10 01:19:22,0.154613741,0.054263794343622,2.55740379,152.3829709301187,15256.0,14.245917742714706,152.48500254238795
2024-05-10 01:19:26,0.154618266,0.0542635380263998,2.55739171,152.38617174730666,15260.0,14.245917742714706,152.48865225927588
2024-05-10 01:19:30,0.154623998,0.0542643069780666,2.55742795,152.38818187694602,15264.0,14.245917742714706,152.4911113448583
2024-05-10 01:19:34,0.154627618,0.0542638584229276,2.55740681,152.39113450442747,15268.0,14.245917742714706,152.4945129844914
2024-05-10 01:19:39,0.154624299,0.0542630256041384,2.55736756,152.38991628678784,15273.0,14.245917742714706,152.4938561110322
2024-05-10 01:19:43,0.154629729,0.0542637302643165,2.55740077,152.39184368286553,15277.0,14.245917742714706,152.49623264560472
2024-05-10 01:19:47,0.154633952,0.054263794343622,2.55740379,152.39420045136998,15281.0,14.245917742714706,152.49903860870046
2024-05-10 01:19:51,0.154634556,0.0542634739470942,2.55738869,152.39480474569493,15285.0,14.245917742714706,152.5000921536785
2024-05-10 01:19:55,0.154634857,0.0542623848110827,2.55733736,152.39672000850692,15289.0,14.245917742714706,152.50245672317087
2024-05-10 01:19:59,0.154644209,0.0542639225022332,2.55740983,152.39972217424483,15293.0,14.245917742714706,152.5059082515819
2024-05-10 01:20:04,0.154646622,0.0542645632952889,2.55744003,152.3995679317797,15298.0,14.245917742714706,152.5063157911451
2024-05-10 01:20:08,0.154648734,0.0542650118504278,2.55746117,152.3996974048862,15302.0,14.245917742714706,152.50689475278173
2024-05-10 01:20:12,0.154651147,0.0542643069780666,2.55742795,152.4023186908996,15306.0,14.245917742714706,152.50996558320537
2024-05-10 01:20:16,0.15465356,0.0542643710573721,2.55743097,152.40341802956362,15310.0,14.245917742714706,152.51151452212525
2024-05-10 01:20:21,0.154649639,0.0542645632952889,2.55744003,152.39975244100896,15315.0,14.245917742714706,152.50841101237037
2024-05-10 01:20:25,0.154654465,0.0542627052076105,2.55735246,152.40633198239823,15319.0,14.245917742714706,152.51544027954117
2024-05-10 01:20:29,0.154660498,0.0542635380263998,2.55739171,152.40842358357412,15323.0,14.245917742714706,152.51798166223145
2024-05-10 01:20:33,0.154662007,0.0542636661850109,2.55739775,152.40876804468056,15327.0,14.245917742714706,152.5187759605504
2024-05-10 01:20:37,0.154667135,0.0542644992159833,2.55743701,152.41023052063116,15331.0,14.245917742714706,152.52068832937698
2024-05-10 01:20:41,0.154674073,0.0542651397968558,2.5574672,152.4133308040396,15335.0,14.245917742714706,152.52423856129008
2024-05-10 01:20:46,0.154674073,0.0542641788194554,2.55742191,152.41467053948554,15340.0,14.245917742714706,152.52614081054173
2024-05-10 01:20:50,0.154677995,0.0542651397968558,2.5574672,152.41504190590123,15344.0,14.245917742714706,152.5269622504995
2024-05-10 01:20:54,0.154674073,0.0542628974455272,2.55736152,152.41630691404296,15348.0,14.245917742714706,152.5286773876991
2024-05-10 01:20:58,0.15467709,0.0542639225022332,2.55740983,152.41592278816728,15352.0,14.245917742714706,152.52874344636217
2024-05-10 01:21:02,0.154676486,0.0542625770489994,2.55734642,152.41771657917647,15356.0,14.245917742714706,152.53098747735623
2024-05-10 01:21:06,0.154686743,0.0542637302643165,2.55740077,152.42210664431738,15360.0,14.245917742714706,152.53582783789332
2024-05-10 01:21:11,0.154691569,0.0542639225022332,2.55740983,152.42451468066741,15365.0,14.245917742714706,152.5387988213576
2024-05-10 01:21:15,0.154693078,0.0542648196125111,2.55745211,152.4233361692313,15369.0,14.245917742714706,152.53807072986567
2024-05-10 01:21:19,0.154694284,0.0542638584229276,2.55740681,152.42562616329488,15373.0,14.245917742714706,152.54081119917151
2024-05-10 01:21:23,0.154696698,0.0542633457884831,2.55738265,152.42786705425786,15377.0,14.245917742714706,152.5435026206399
2024-05-10 01:21:27,0.154692776,0.0542625129696938,2.5573434,152.42634155375256,15381.0,14.245917742714706,152.54242770586825
2024-05-10 01:21:31,0.154689759,0.0542620003352493,2.55731924,152.42481056215885,15385.0,14.245917742714706,152.54134735520165
2024-05-10 01:21:36,0.154695491,0.0542631537627495,2.5573736,152.42594438890768,15390.0,14.245917742714706,152.54304456067177
2024-05-10 01:21:40,0.154696094,0.0542621284938604,2.55732528,152.42794235507571,15394.0,14.245917742714706,152.54549329182424
2024-05-10 01:21:44,0.154704842,0.0542630896834439,2.55737058,152.43166385478344,15398.0,14.245917742714706,152.54966561159625
2024-05-10 01:21:48,0.154704239,0.054262192573166,2.5573283,152.43257051230933,15402.0,14.245917742714706,152.55102314423135
2024-05-10 01:21:52,0.154705446,0.054262192573166,2.5573283,152.43295785222094,15406.0,14.245917742714706,152.55186141426202
2024-05-10 01:21:57,0.154706652,0.0542618721766382,2.5573132,152.43386611044818,15411.0,14.245917742714706,152.55333341244256
2024-05-10 01:22:01,0.15471178,0.0542623848110827,2.55733736,152.4359614036557,15415.0,14.245917742714706,152.55587975941353
2024-05-10 01:22:05,0.154709971,0.054262192573166,2.5573283,152.4346345943259,15419.0,14.245917742714706,152.55500405874332
2024-05-10 01:22:09,0.15471178,0.0542603985647933,2.55724375,152.4389923550482,15423.0,14.245917742714706,152.5598129829864
2024-05-10 01:22:13,0.154714495,0.0542609752785434,2.55727093,152.43928471042213,15427.0,14.245917742714706,152.5605565567071
2024-05-10 01:22:17,0.15471721,0.0542612315957656,2.55728301,152.44021147613265,15431.0,14.245917742714706,152.56193459555547
2024-05-10 01:22:21,0.15471721,0.0542608471199322,2.55726489,152.44052153524987,15435.0,14.245917742714706,152.56269598256648
2024-05-10 01:22:26,0.154721735,0.0542607189613211,2.55725885,152.44335382633278,15440.0,14.245917742714706,152.56609251046373
2024-05-10 01:22:30,0.154722339,0.0542613597543768,2.55728905,152.4420528486082,15444.0,14.245917742714706,152.56524298370556
2024-05-10 01:22:34,0.154721735,0.054260142247571,2.55723167,152.443593009304,15448.0,14.245917742714706,152.5672346500097
2024-05-10 01:22:38,0.154721132,0.0542609111992378,2.55726791,152.44119980410468,15452.0,14.245917742714706,152.56529300502547
2024-05-10 01:22:43,0.154726562,0.0542596939046151,2.55721054,152.44681738939548,15457.0,14.245917742714706,152.57147511732228
2024-05-10 01:22:47,0.154727165,0.054259117190865,2.55718336,152.44792673627643,15461.0,14.245917742714706,152.57303614715505
2024-05-10 01:22:51,0.154733802,0.0542604626440988,2.55724677,152.44941986069557,15465.0,14.245917742714706,152.5749810090185
2024-05-10 01:22:55,0.154737723,0.0542613597543768,2.55728905,152.44991450419582,15469.0,14.245917742714706,152.57592744442047
2024-05-10 01:22:59,0.154737422,0.0542612315957656,2.55728301,152.44950743446387,15473.0,14.245917742714706,152.57597222101234
2024-05-10 01:23:04,0.154736215,0.0542602704061821,2.55723771,152.4500079867825,15478.0,14.245917742714706,152.57703765771328
2024-05-10 01:23:08,0.154732897,0.0542599500096543,2.55722261,152.44788613729463,15482.0,14.245917742714706,152.57536777687034
2024-05-10 01:23:12,0.15473169,0.0542600781682654,2.55722865,152.44634198065032,15486.0,14.245917742714706,152.57427564317868
2024-05-10 01:23:16,0.154733802,0.05426059080271,2.55725281,152.4463414415814,15490.0,14.245917742714706,152.57472718133482
2024-05-10 01:23:20,0.154741645,0.0542593094287817,2.55719242,152.45387452901724,15494.0,14.245917742714706,152.5827124002329
2024-05-10 01:23:24,0.154745265,0.0542599500096543,2.55722261,152.45466773841437,15498.0,14.245917742714706,152.58395779529422
2024-05-10 01:23:28,0.154747075,0.0542604626440988,2.55724677,152.45445719851114,15502.0,14.245917742714706,152.5841994952218
2024-05-10 01:23:32,0.154749186,0.0542608471199322,2.55726489,152.4547095005491,15506.0,14.245917742714706,152.58490409122194
2024-05-10 01:23:37,0.154741343,0.054260142247571,2.55723167,152.4500930249778,15511.0,14.245917742714706,152.58085305917172
2024-05-10 01:23:41,0.154738025,0.054260142247571,2.55723167,152.44733614782334,15515.0,14.245917742714706,152.5785485976458
2024-05-10 01:23:45,0.154737723,0.0542604626440988,2.55724677,152.4460393385831,15519.0,14.245917742714706,152.5777042580506
2024-05-10 01:23:49,0.154746773,0.054259117190865,2.55718336,152.4545373705006,15523.0,14.245917742714706,152.58665481359438
2024-05-10 01:23:53,0.154753108,0.0542598859303487,2.55721959,152.4569619512104,15527.0,14.245917742714706,152.58953197187623
2024-05-10 01:23:58,0.154757331,0.0542595016666984,2.55720148,152.46009038336942,15532.0,14.245917742714706,152.5932262018078
2024-05-10 01:24:02,0.154765476,0.0542600140889599,2.55722563,152.46427959814648,15536.0,14.245917742714706,152.59786811540567
2024-05-10 01:24:06,0.154766984,0.0542590531115595,2.55718034,152.46677797531424,15540.0,14.245917742714706,152.60081924522507
2024-05-10 01:24:10,0.154768794,0.0542598218510432,2.55721657,152.46605934616812,15544.0,14.245917742714706,152.60055342252593
2024-05-10 01:24:14,0.154775129,0.0542584763978094,2.55715316,152.47267204876582,15548.0,14.245917742714706,152.60761898533065
2024-05-10 01:24:18,0.154773922,0.0542586045564205,2.5571592,152.471126887452,15552.0,14.245917742714706,152.60652673794834
2024-05-10 01:24:22,0.154779051,0.054259565746004,2.5572045,152.4723319285388,15556.0,14.245917742714706,152.60818474665578
2024-05-10 01:24:27,0.154781464,0.054259565746004,2.5572045,152.47344158230106,15561.0,14.245917742714706,152.60986068539
2024-05-10 01:24:31,0.154785385,0.0542588608736428,2.55717128,152.47710840294127,15565.0,14.245917742714706,152.61398059432156
2024-05-10 01:24:35,0.154787195,0.0542600140889599,2.55722563,152.47562747988894,15569.0,14.245917742714706,152.61295281313443
2024-05-10 01:24:39,0.15478629,0.0542587967943372,2.55716826,152.47695760343316,15573.0,14.245917742714706,152.61473613208204
2024-05-10 01:24:43,0.154785989,0.0542587327150316,2.55716524,152.4764222591179,15577.0,14.245917742714706,152.61465403667293
2024-05-10 01:24:48,0.15478448,0.0542596298253096,2.55720752,152.4730300606313,15582.0,14.245917742714706,152.61182847450323
2024-05-10 01:24:52,0.154784782,0.0542589249529483,2.5571743,152.47418303058976,15586.0,14.245917742714706,152.61343481361916
2024-05-10 01:24:56,0.1547881,0.0542598859303487,2.55721959,152.4741300901882,15590.0,14.245917742714706,152.61383529576233
2024-05-10 01:25:00,0.154789307,0.0542589249529483,2.5571743,152.4764189884827,15594.0,14.245917742714706,152.61657766995324
2024-05-10 01:25:04,0.154799563,0.0542586045564205,2.5571592,152.48372368861803,15598.0,14.245917742714706,152.62433589930112
2024-05-10 01:25:08,0.154796245,0.0542587967943372,2.55716826,152.48058463917232,15602.0,14.245917742714706,152.62165043234847
2024-05-10 01:25:13,0.154796245,0.0542594375873929,2.55719846,152.47874786050946,15607.0,14.245917742714706,152.62038070667342
2024-05-10 01:25:17,0.15479353,0.0542590531115595,2.55718034,152.47717028072515,15611.0,14.245917742714706,152.61925682913315
2024-05-10 01:25:21,0.154794133,0.0542595016666984,2.55720148,152.4762465497227,15615.0,14.245917742714706,152.61878685353955
2024-05-10 01:25:25,0.154798658,0.0542599500096543,2.55722261,152.47804718266275,15619.0,14.245917742714706,152.62104129501762
2024-05-10 01:25:29,0.154806803,0.0542596298253096,2.55720752,152.48388482549854,15623.0,14.245917742714706,152.62733279948486
2024-05-10 01:25:33,0.15481163,0.0542587967943372,2.55716826,152.48843428044827,15627.0,14.245917742714706,152.63233616912385
2024-05-10 01:25:38,0.15481163,0.0542584763978094,2.55715316,152.4885017497119,15632.0,14.245917742714706,152.6329711063073
2024-05-10 01:25:42,0.154814948,0.054258091921976,2.55713504,152.49111421546684,15636.0,14.245917742714706,152.63603760600114
2024-05-10 01:25:46,0.154820076,0.0542595016666984,2.55720148,152.49142799607003,15640.0,14.245917742714706,152.63680547348514
2024-05-10 01:25:50,0.154826109,0.054260142247571,2.55723167,152.49389453820316,15644.0,14.245917742714706,152.63972615540516
2024-05-10 01:25:54,0.154828824,0.0542593735080873,2.55719544,152.49684955202184,15648.0,14.245917742714706,152.64313536188115
2024-05-10 01:25:58,0.154828221,0.0542586686357261,2.55716222,152.49737348570454,15652.0,14.245917742714706,152.64411354105584
2024-05-10 01:26:03,0.154828824,0.0542576435790201,2.55711391,152.49925606266146,15657.0,14.245917742714706,152.646563999122
2024-05-10 01:26:07,0.154828523,0.0542578998962424,2.55712599,152.498084611396,15661.0,14.245917742714706,152.6458469120958
2024-05-10 01:26:11,0.154830031,0.0542583482391982,2.55714712,152.4977889875229,15665.0,14.245917742714706,152.64600570518047
2024-05-10 01:26:15,0.154833953,0.0542576435790201,2.55711391,152.5014552637452,15669.0,14.245917742714706,152.65012645104315
2024-05-10 01:26:19,0.154832444,0.0542587327150316,2.55716524,152.49779394217737,15673.0,14.245917742714706,152.64691965176252
2024-05-10 01:26:24,0.154833953,0.0542593094287817,2.55719242,152.49713076533618,15678.0,14.245917742714706,152.64682470176052
2024-05-10 01:26:28,0.154832746,0.0542599500096543,2.55722261,152.49456822357052,15682.0,14.245917742714706,152.64471680060666
2024-05-10 01:26:32,0.154839382,0.0542588608736428,2.55717128,152.50088120529253,15686.0,14.245917742714706,152.6514844754709
2024-05-10 01:26:36,0.154844209,0.0542599500096543,2.55722261,152.50162032484016,15690.0,14.245917742714706,152.65267834065543
2024-05-10 01:26:40,0.154844209,0.0542582200805871,2.55714108,152.50459445647684,15694.0,14.245917742714706,152.65610727038774
2024-05-10 01:26:44,0.15485175,0.0542594375873929,2.55719846,152.50696395569517,15698.0,14.245917742714706,152.6589316201246
2024-05-10 01:26:49,0.154848432,0.0542599500096543,2.55722261,152.50307510615667,15703.0,14.245917742714706,152.6556114073993
2024-05-10 01:26:53,0.154847527,0.0542597579839207,2.55721356,152.5023721896229,15707.0,14.245917742714706,152.65536345920435
2024-05-10 01:26:57,0.154837874,0.0542571309445756,2.55708975,152.50041971631762,15711.0,14.245917742714706,152.65386600654426
2024-05-10 01:27:01,0.154837572,0.0542577717376313,2.55711995,152.49848472789733,15715.0,14.245917742714706,152.65238609103943
2024-05-10 01:27:05,0.154843907,0.0542584123185038,2.55715014,152.50115997361033,15719.0,14.245917742714706,152.65551646190232
2024-05-10 01:27:09,0.154855069,0.0542576435790201,2.55711391,152.5099814371042,15723.0,14.245917742714706,152.66479310274457
2024-05-10 01:27:13,0.154862007,0.0542574513411034,2.55710485,152.51472627523398,15727.0,14.245917742714706,152.66999317038528
2024-05-10 01:27:18,0.154865023,0.0542591812701706,2.55718638,152.51282252370345,15732.0,14.245917742714706,152.66865852904223
2024-05-10 01:27:22,0.154866532,0.0542591812701706,2.55718638,152.51341526135886,15736.0,14.245917742714706,152.66970661344283
2024-05-10 01:27:26,0.15487166,0.0542587327150316,2.55716524,152.5174107963217,15740.0,14.245917742714706,152.6741575471965
2024-05-10 01:27:30,0.15487166,0.0542573872617979,2.55710183,152.51962277097542,15744.0,14.245917742714706,152.6768249726507
2024-05-10 01:27:34,0.154872867,0.0542583482391982,2.55714712,152.51810041247492,15748.0,14.245917742714706,152.67575811692438
2024-05-10 01:27:39,0.154879503,0.0542584763978094,2.55715316,152.52188601255014,15753.0,14.245917742714706,152.68011316850038
2024-05-10 01:27:43,0.154879503,0.0542574513411034,2.55710485,152.52346272708084,15757.0,14.245917742714706,152.68214550261428
2024-05-10 01:27:47,0.154881011,0.0542574513411034,2.55710485,152.52405447888077,15761.0,14.245917742714706,152.68319292585397
2024-05-10 01:27:51,0.154879503,0.0542577076583257,2.55711693,152.52204313648065,15765.0,14.245917742714706,152.68163730671415
2024-05-10 01:27:55,0.154878296,0.0542574513411034,2.55710485,152.52125720199763,15769.0,14.245917742714706,152.6813071472759
2024-05-10 01:27:59,0.154878296,0.054258091921976,2.55713504,152.5195313250386,15773.0,14.245917742714706,152.68003709711007
2024-05-10 01:28:03,0.15488071,0.0542571309445756,2.55708975,152.52265746395372,15777.0,14.245917742714706,152.68361911453064
2024-05-10 01:28:07,0.154886441,0.054258091921976,2.55713504,152.52427678529412,15781.0,14.245917742714706,152.68569436605276
2024-05-10 01:28:12,0.154892776,0.0542577076583257,2.55711693,152.52886882747308,15786.0,14.245917742714706,152.6908563935736
2024-05-10 01:28:16,0.154895491,0.0542580280548535,2.55713203,152.52966324712344,15790.0,14.245917742714706,152.69210685954522
2024-05-10 01:28:20,0.154899413,0.054258091921976,2.55713504,152.53180461188637,15794.0,14.245917742714706,152.69470432218827
2024-05-10 01:28:24,0.154895491,0.0542571309445756,2.55708975,152.53052986910234,15798.0,14.245917742714706,152.69388572880712
2024-05-10 01:28:29,0.154896094,0.054258091921976,2.55713504,152.52847292701188,15803.0,14.245917742714706,152.69239904586897
2024-05-10 01:28:33,0.154896094,0.0542582200805871,2.55714108,152.52776254204574,15807.0,14.245917742714706,152.69214492609964
2024-05-10 01:28:37,0.154899413,0.0542585404771149,2.55715618,152.52897618853396,15811.0,14.245917742714706,152.69381488918992
2024-05-10 01:28:41,0.154902731,0.0542568746273533,2.55707767,152.53412771567224,15815.0,14.245917742714706,152.6994227842993
2024-05-10 01:28:45,0.154906049,0.0542577717376313,2.55711995,152.5341969225014,15819.0,14.245917742714706,152.6999484104324
2024-05-10 01:28:49,0.154908462,0.0542582841598927,2.5571441,152.5344003182043,15823.0,14.245917742714706,152.70060827673595
2024-05-10 01:28:53,0.154910574,0.0542578998962424,2.55712599,152.5361727496657,15827.0,14.245917742714706,152.7028372300584
2024-05-10 01:28:58,0.154911479,0.0542582200805871,2.55714108,152.53559566892497,15832.0,14.245917742714706,152.70283087367392
2024-05-10 01:29:02,0.154910272,0.0542578358169368,2.55712297,152.53506269976936,15836.0,14.245917742714706,152.70275454158298
2024-05-10 01:29:06,0.154907256,0.0542586045564205,2.5571592,152.5309867559846,15840.0,14.245917742714706,152.69913528600557
2024-05-10 01:29:10,0.15491902,0.0542583482391982,2.55714712,152.53920922058023,15844.0,14.245917742714706,152.707814489915
2024-05-10 01:29:14,0.154921434,0.0542591812701706,2.55718638,152.53877710168305,15848.0,14.245917742714706,152.70783916140186
2024-05-10 01:29:19,0.154922942,0.054258091921976,2.55713504,152.54141380902743,15853.0,14.245917742714706,152.71104692848843
2024-05-10 01:29:23,0.154923847,0.0542576435790201,2.55711391,152.5424746674216,15857.0,14.245917742714706,152.7125646920419
2024-05-10 01:29:27,0.154918115,0.0542557854913418,2.55702634,152.54172143915986,15861.0,14.245917742714706,152.7122684198917
2024-05-10 01:29:31,0.154920227,0.0542565542308255,2.55706257,152.5412067779619,15865.0,14.245917742714706,152.7122107657213
2024-05-10 01:29:35,0.154918719,0.0542559777292585,2.5570354,152.54084564504495,15869.0,14.245917742714706,152.71230669071156
2024-05-10 01:29:40,0.154918115,0.0542559777292585,2.5570354,152.53985471179578,15874.0,14.245917742714706,152.71188715134053
2024-05-10 01:29:44,0.154921434,0.0542557854913418,2.55702634,152.54208419899734,15878.0,14.245917742714706,152.7145738107957
2024-05-10 01:29:48,0.154935008,0.0542568746273533,2.55707767,152.54889523081138,15882.0,14.245917742714706,152.72184206562486
2024-05-10 01:29:52,0.154934405,0.0542568746273533,2.55707767,152.54801911922536,15886.0,14.245917742714706,152.7214232277792
2024-05-10 01:29:56,0.154938628,0.0542573231824923,2.55709881,152.54960534440303,15890.0,14.245917742714706,152.72346677738605
2024-05-10 01:30:00,0.154937422,0.0542573231824923,2.55709881,152.5483103005553,15894.0,14.245917742714706,152.72262910862
2024-05-10 01:30:05,0.154936818,0.0542586045564205,2.5571592,152.54477750031126,15899.0,14.245917742714706,152.71966809840262
2024-05-10 01:30:09,0.154940438,0.0542583482391982,2.55714712,152.5473427301738,15903.0,14.245917742714706,152.72269081718176
2024-05-10 01:30:13,0.154944963,0.0542576435790201,2.55711391,152.5514258228081,15907.0,14.245917742714706,152.72723144926692
2024-05-10 01:30:17,0.154944662,0.0542566183101311,2.55706559,152.5527928512603,15911.0,14.245917742714706,152.72905606766773
2024-05-10 01:30:21,0.154948281,0.0542567464687422,2.55707163,152.55459472336543,15915.0,14.245917742714706,152.7313155801828
2024-05-10 01:30:25,0.154948583,0.0542559777292585,2.5570354,152.5558717254688,15919.0,14.245917742714706,152.73305027312102
2024-05-10 01:30:30,0.15495341,0.0542567464687422,2.55707163,152.55712740930085,15924.0,14.245917742714706,152.73487814135115
2024-05-10 01:30:34,0.154951901,0.0542573872617979,2.55710183,152.55435034936636,15928.0,14.245917742714706,152.73255888557424
2024-05-10 01:30:38,0.154950996,0.0542571950238812,2.55709277,152.55364522643873,15932.0,14.245917742714706,152.73231161711067
2024-05-10 01:30:42,0.154952203,0.0542578998962424,2.55712599,152.5526274805983,15936.0,14.245917742714706,152.7317517760042
2024-05-10 01:30:46,0.154958236,0.0542570027859645,2.55708371,152.55813951973002,15940.0,14.245917742714706,152.73772177010335
2024-05-10 01:30:51,0.154961856,0.0542576435790201,2.55711391,152.55881022929515,15945.0,14.245917742714706,152.738964993963
2024-05-10 01:30:55,0.154969398,0.0542578998962424,2.55712599,152.56308219499732,15949.0,14.245917742714706,152.74369502752444
2024-05-10 01:30:59,0.154970001,0.054258091921976,2.55713504,152.56266196136465,15953.0,14.245917742714706,152.74373291186592
2024-05-10 01:31:03,0.154973017,0.0542576435790201,2.55711391,152.5651880859316,15957.0,14.245917742714706,152.74671720448526
2024-05-10 01:31:07,0.154971509,0.0542580280548535,2.55713203,152.56291969580155,15961.0,14.245917742714706,152.74490703244942
2024-05-10 01:31:11,0.154973922,0.0542577717376313,2.55711995,152.5646459414091,15965.0,14.245917742714706,152.74709154615638
2024-05-10 01:31:15,0.154976034,0.0542587327150316,2.55716524,152.56374810554024,15969.0,14.245917742714706,152.74665202835558
2024-05-10 01:31:20,0.154979352,0.0542571309445756,2.55708975,152.5686575568992,15974.0,14.245917742714706,152.75213444751236
2024-05-10 01:31:24,0.154984782,0.0542584763978094,2.55715316,152.56930132279936,15978.0,14.245917742714706,152.7532366437764
2024-05-10 01:31:28,0.154987497,0.0542577076583257,2.55711693,152.57225383559046,15982.0,14.245917742714706,152.75664763678122
2024-05-10 01:31:32,0.154988704,0.0542586686357261,2.55716222,152.5707270270278,15986.0,14.245917742714706,152.7555793582455
2024-05-10 01:31:37,0.154987195,0.0542576435790201,2.55711391,152.57113944722377,15991.0,14.245917742714706,152.7565650109692
2024-05-10 01:31:41,0.154989005,0.0542573872617979,2.55710183,152.57244656833177,15995.0,14.245917742714706,152.75833077405008
2024-05-10 01:31:45,0.154991419,0.0542572591031867,2.55709579,152.5739189010774,15999.0,14.245917742714706,152.7602617984628
2024-05-10 01:31:49,0.15499172,0.0542578998962424,2.55712599,152.57239780282896,16003.0,14.245917742714706,152.7591994415391
2024-05-10 01:31:53,0.154997754,0.0542571309445756,2.55708975,152.57765589696038,16007.0,14.245917742714706,152.76491632661623
2024-05-10 01:31:58,0.154997452,0.05425706686527,2.55708673,152.57699972162993,16012.0,14.245917742714706,152.76483370969157
2024-05-10 01:32:02,0.155001072,0.054258091921976,2.55713504,152.57702125716844,16016.0,14.245917742714706,152.76531414768897
2024-05-10 01:32:06,0.155006502,0.0542584763978094,2.55715316,152.57957096203327,16020.0,14.245917742714706,152.76832280451458
2024-05-10 01:32:10,0.155004088,0.0542582841598927,2.5571441,152.57781670522564,16024.0,14.245917742714706,152.76702754913288
2024-05-10 01:32:14,0.155007105,0.0542588608736428,2.55717128,152.57830883600843,16028.0,14.245917742714706,152.76797873077007
2024-05-10 01:32:18,0.155008312,0.054258091921976,2.55713504,152.58021390856092,16032.0,14.245917742714706,152.7703429035688
2024-05-10 01:32:23,0.15500982,0.0542581560012815,2.55713806,152.58056023464698,16037.0,14.245917742714706,152.77126317436395
2024-05-10 01:32:27,0.155016758,0.0542590531115595,2.55718034,152.5831397902832,16041.0,14.245917742714706,152.77430194124372
2024-05-10 01:32:31,0.155018568,0.0542577076583257,2.55711693,152.58660765907882,16045.0,14.245917742714706,152.7782290705554
2024-05-10 01:32:35,0.15501887,0.0542585404771149,2.55715618,152.58470542140677,16049.0,14.245917742714706,152.77678614263516
2024-05-10 01:32:39,0.15501706,0.05425706686527,2.55708673,152.5859132024646,16053.0,14.245917742714706,152.77845328264382
2024-05-10 01:32:43,0.155019171,0.0542571309445756,2.55708975,152.5867929118359,16057.0,14.245917742714706,152.77979240012826
2024-05-10 01:32:48,0.155018568,0.0542581560012815,2.55713806,152.58376553150404,16062.0,14.245917742714706,152.77733934901624
2024-05-10 01:32:52,0.15501887,0.0542570027859645,2.55708371,152.5858043269416,16066.0,14.245917742714706,152.77983766304766
2024-05-10 01:32:56,0.155020378,0.0542562981257864,2.5570505,152.58779066311746,16070.0,14.245917742714706,152.7822835668602
2024-05-10 01:33:00,0.155024601,0.0542566183101311,2.55706559,152.58962889853044,16074.0,14.245917742714706,152.78458141891582
2024-05-10 01:33:05,0.155031539,0.0542565542308255,2.55706257,152.59400061278885,16079.0,14.245917742714706,152.78952772283623
2024-05-10 01:33:09,0.155029729,0.0542571309445756,2.55708975,152.59113906399276,16083.0,14.245917742714706,152.78712590081182
2024-05-10 01:33:13,0.155033349,0.0542562340464808,2.55704748,152.59497382664296,16087.0,14.245917742714706,152.7914204391201
2024-05-10 01:33:17,0.155035461,0.0542574513411034,2.55710485,152.59356496381926,16091.0,14.245917742714706,152.7904714008041
2024-05-10 01:33:21,0.155035461,0.0542567464687422,2.55707163,152.59450408141237,16095.0,14.245917742714706,152.79187039171774
2024-05-10 01:33:25,0.155036064,0.054255913649953,2.55703238,152.59611598621007,16099.0,14.245917742714706,152.79394221861182
2024-05-10 01:33:30,0.155036366,0.0542560418085641,2.55703842,152.59549641251573,16104.0,14.245917742714706,152.79389761607308
2024-05-10 01:33:34,0.155037573,0.0542562981257864,2.5570505,152.59536602167344,16108.0,14.245917742714706,152.79422725693843
2024-05-10 01:33:38,0.155042399,0.0542570027859645,2.55708371,152.59685943750773,16112.0,14.245917742714706,152.79618075313647
2024-05-10 01:33:42,0.155042097,0.0542562340464808,2.55704748,152.59771538440097,16116.0,14.245917742714706,152.7974968290128
2024-05-10 01:33:46,0.155040288,0.0542565542308255,2.55706257,152.59536314929215,16120.0,14.245917742714706,152.79560477146953
2024-05-10 01:33:50,0.155043002,0.0542538633243579,2.55693575,152.60212947720524,16124.0,14.245917742714706,152.80283132549368
2024-05-10 01:33:55,0.155041192,0.0542546320638416,2.55697198,152.5987708518059,16129.0,14.245917742714706,152.80004805094424
2024-05-10 01:33:59,0.155048131,0.0542557854913418,2.55702634,152.60084092514995,16133.0,14.245917742714706,152.80257845949194
2024-05-10 01:34:03,0.155046321,0.0542548243017583,2.55698104,152.6010312784797,16137.0,14.245917742714706,152.803229196451
2024-05-10 01:34:07,0.155046924,0.0542540555622746,2.55694481,152.60251573030848,16141.0,14.245917742714706,152.80517408029783
2024-05-10 01:34:12,0.155052354,0.0542546320638416,2.55697198,152.60456754001936,16146.0,14.245917742714706,152.80780149802163
2024-05-10 01:34:16,0.155052354,0.0542553369362028,2.5570052,152.60270773677982,16150.0,14.245917742714706,152.80640223553974
2024-05-10 01:34:20,0.155052354,0.0542545041174136,2.55696595,152.60390040428376,16154.0,14.245917742714706,152.80805549206997
2024-05-10 01:34:24,0.155051449,0.0542540555622746,2.55694481,152.60370158414,16158.0,14.245917742714706,152.80831730918425
2024-05-10 01:34:28,0.155051751,0.0542537351657468,2.55692971,152.60408673028886,16162.0,14.245917742714706,152.80916314078587
2024-05-10 01:34:32,0.155055069,0.054253414769219,2.55691461,152.60656688584803,16166.0,14.245917742714706,152.81210402995566
2024-05-10 01:34:37,0.155057482,0.0542540555622746,2.55694481,152.60639492070095,16171.0,14.245917742714706,152.8125080494874
2024-05-10 01:34:41,0.155064722,0.0542541837208858,2.55695085,152.61070880532307,16175.0,14.245917742714706,152.81728277594
2024-05-10 01:34:45,0.155065024,0.054254440038108,2.55696293,152.6099488181811,16179.0,14.245917742714706,152.81698367866608
2024-05-10 01:34:49,0.155067739,0.0542536070071357,2.55692367,152.6130277007948,16183.0,14.245917742714706,152.82052349914844
2024-05-10 01:34:53,0.155069548,0.0542550806189806,2.55699312,152.61089761934656,16187.0,14.245917742714706,152.81885440353253
2024-05-10 01:34:58,0.155069247,0.054254440038108,2.55696293,152.6113840227579,16192.0,14.245917742714706,152.8199171066267
